0 0.250522 0.429928 0.973718 0.059375 0.0525641
0 0.274577 0.632332 0.483974 0.183413 0.209615
0 0.298177 0.981611 0.546635 0.0367788 0.131731
0 0.493018 0.518029 0.889263 0.0701923 0.154808
0 0.507589 0.233654 0.421154 0.0442308 0.0551282
0 0.515258 0.321274 0.799038 0.059375 0.075641
0 0.516983 0.225721 0.750962 0.0346154 0.0570513
0 0.550957 0.796154 0.923237 0.0783654 0.153526
0 0.5682 0.385697 0.737981 0.0737981 0.163141
0 0.573072 0.327885 0.202564 0.0567308 0.0557692
0 0.585764 0.473558 0.752885 0.0423077 0.0724359
0 0.681624 0.364303 0.0544872 0.0935096 0.108974
0 0.704645 0.671034 0.807051 0.167067 0.166667
0 0.707681 0.963101 0.961218 0.0723558 0.0775641
0 0.72327 0.442308 0.347436 0.0625 0.0544872
0 0.770862 0.654808 0.651763 0.0889423 0.108654
0 0.842795 0.855409 0.281731 0.123798 0.176282
