0 0.274055 0.686178 0.563942 0.0819712 0.233654
0 0.276976 0.908413 0.248558 0.0586538 0.0900641
0 0.328177 0.576803 0.0546474 0.114183 0.109295
0 0.330305 0.387139 0.356731 0.0137019 0.0403846
0 0.330463 0.0719952 0.292788 0.0372596 0.0471154
0 0.340075 0.156731 0.290545 0.0413462 0.0483974
0 0.340264 0.541827 0.564904 0.115385 0.229808
0 0.362304 0.780769 0.437179 0.1125 0.188462
0 0.37921 0.138822 0.0541667 0.0680288 0.105128
0 0.391281 0.680409 0.535417 0.0622596 0.127244
0 0.39307 0.104327 0.404647 0.0432692 0.0958333
0 0.404036 0.122476 0.336538 0.0314904 0.0615385
0 0.437397 0.465625 0.178526 0.0519231 0.0858974
0 0.480071 0.425962 0.550801 0.0519231 0.0900641
0 0.483391 0.929928 0.63109 0.0617788 0.104487
0 0.49918 0.837139 0.249038 0.0747596 0.149359
0 0.502298 0.902524 0.411378 0.0646635 0.119551
0 0.519427 0.944471 0.735256 0.0894231 0.14359
0 0.536479 0.799279 0.79359 0.0769231 0.0935897
0 0.557738 0.664784 0.289904 0.0521635 0.128526
0 0.588621 0.69387 0.642788 0.0805288 0.174679
0 0.589966 0.594111 0.202244 0.0685096 0.108333
0 0.61222 0.540144 0.164263 0.0432692 0.0900641
0 0.613875 0.250962 0.471955 0.0605769 0.115705
0 0.639607 0.401923 0.6875 0.0451923 0.0807692
0 0.682493 0.903125 0.528045 0.0793269 0.104808
0 0.688616 0.126442 0.538942 0.0451923 0.0791667
0 0.69032 0.157091 0.39391 0.0536058 0.0935897
0 0.708966 0.773918 0.0822115 0.0560096 0.0932692
0 0.713453 0.341466 0.720833 0.0627404 0.099359
0 0.801318 0.0366587 0.533333 0.0733173 0.141026
