0 0.250931 0.582572 0.36266 0.0209135 0.0387821
0 0.256141 0.698918 0.351763 0.0223558 0.0592949
0 0.257605 0.123918 0.390064 0.0175481 0.0352564
0 0.27774 0.447957 0.36891 0.0189904 0.0346154
0 0.284839 0.303606 0.382692 0.0346154 0.0397436
0 0.304142 0.519351 0.519872 0.0262019 0.0576923
0 0.314993 0.504207 0.410417 0.0199519 0.0336538
0 0.316954 0.425962 0.261378 0.0375 0.0330128
0 0.332932 0.453125 0.515865 0.0346154 0.0554487
0 0.336139 0.26863 0.611699 0.0300481 0.0375
0 0.341311 0.265024 0.158974 0.0454327 0.0544872
0 0.350312 0.307091 0.186699 0.0348558 0.0695513
0 0.355759 0.357572 0.151442 0.0314904 0.0528846
0 0.378485 0.346514 0.449679 0.0377404 0.0628205
0 0.448404 0.0236779 0.775801 0.0473558 0.0650641
0 0.479451 0.515986 0.372115 0.0271635 0.0435897
0 0.494691 0.293389 0.0330128 0.0550481 0.0647436
0 0.538794 0.205529 0.18766 0.0807692 0.0727564
0 0.560692 0.376923 0.338942 0.0490385 0.063141
0 0.603906 0.595312 0.482051 0.0228365 0.0378205
0 0.619233 0.620192 0.180288 0.0697115 0.0753205
