0 0.25305 0.811418 0.0564103 0.0175481 0.0435897
0 0.274422 0.687139 0.293109 0.0632212 0.0477564
0 0.28236 0.524639 0.55625 0.0358173 0.063141
0 0.302904 0.733173 0.669231 0.0466346 0.075
0 0.333015 0.588221 0.352564 0.0346154 0.0326923
0 0.34388 0.853846 0.0623397 0.0394231 0.0503205
0 0.3514 0.328486 0.0230769 0.0401442 0.0448718
0 0.41764 0.526803 0.622115 0.0584135 0.0628205
0 0.428267 0.376563 0.344231 0.0223558 0.050641
0 0.428743 0.557332 0.387019 0.0463942 0.0342949
0 0.451932 0.588702 0.746314 0.0423077 0.0689103
0 0.510219 0.411418 0.398077 0.0334135 0.0455128
0 0.620241 0.263702 0.0270833 0.0389423 0.0541667
0 0.633931 0.259255 0.109295 0.0295673 0.0717949
0 0.670158 0.640264 0.555128 0.0449519 0.0730769
