0 0.25268 0.796635 0.475801 0.0495192 0.0817308
0 0.256324 0.304808 0.834776 0.0254808 0.0554487
0 0.256785 0.659615 0.676603 0.0605769 0.0788462
0 0.274757 0.253365 0.212821 0.0519231 0.0974359
0 0.280068 0.565024 0.586699 0.021875 0.0503205
0 0.285097 0.191106 0.65625 0.0509615 0.0913462
0 0.288853 0.167067 0.973397 0.0620192 0.0532051
0 0.289798 0.35625 0.250481 0.0302885 0.0419872
0 0.32149 0.646995 0.441667 0.040625 0.0615385
0 0.32686 0.452885 0.989904 0.0269231 0.0201923
0 0.328766 0.0143029 0.590705 0.028125 0.0564103
0 0.331317 0.309135 0.303045 0.0403846 0.0740385
0 0.331525 0.205048 0.629647 0.0451923 0.0637821
0 0.34076 0.591827 0.650321 0.0447115 0.0551282
0 0.357121 0.660577 0.590705 0.0341346 0.0551282
0 0.35899 0.910096 0.140385 0.0557692 0.101923
0 0.361742 0.0180288 0.927885 0.0341346 0.0570513
0 0.36717 0.852284 0.391026 0.0598558 0.0826923
0 0.368619 0.655529 0.973558 0.0370192 0.0528846
0 0.371526 0.333894 0.884936 0.0298077 0.0942308
0 0.389963 0.015024 0.803045 0.028125 0.0451923
0 0.393126 0.190385 0.68109 0.0403846 0.0525641
0 0.410715 0.385096 0.876763 0.0519231 0.139423
0 0.420825 0.0711538 0.805449 0.0346154 0.0538462
0 0.422386 0.263221 0.63734 0.0418269 0.0516026
0 0.428857 0.0370192 0.338462 0.0649038 0.0891026
0 0.434473 0.204567 0.0222756 0.0600962 0.0445513
0 0.436211 0.415264 0.254487 0.034375 0.0480769
0 0.438241 0.381971 0.504647 0.0254808 0.0522436
0 0.472459 0.351322 0.309295 0.0790865 0.0788462
0 0.486419 0.650962 0.37484 0.0677885 0.0759615
0 0.513766 0.481611 0.799679 0.0286058 0.0416667
0 0.524559 0.370913 0.446635 0.0490385 0.0458333
0 0.534102 0.46238 0.241987 0.0574519 0.0967949
0 0.538779 0.61887 0.522756 0.0449519 0.0724359
0 0.569672 0.0411058 0.109936 0.0403846 0.0647436
0 0.577248 0.316587 0.540705 0.0836538 0.0974359
0 0.587294 0.498197 0.963301 0.0329327 0.0708333
0 0.605215 0.0954327 0.280929 0.0471154 0.0798077
0 0.611571 0.733173 0.762821 0.121154 0.107692
0 0.621496 0.356851 0.656891 0.0608173 0.0733974
0 0.629195 0.282332 0.408654 0.084375 0.105128
0 0.691179 0.564303 0.145833 0.0449519 0.0679487
0 0.692241 0.139904 0.673558 0.0480769 0.088782
0 0.703515 0.657212 0.105929 0.0807692 0.086859
0 0.705414 0.505168 0.724199 0.0555288 0.0605769
0 0.716735 0.754687 0.90016 0.0521635 0.0682692
0 0.79937 0.748918 0.119712 0.0795673 0.152244
