0 0.264933 0.405168 0.721474 0.0252404 0.0339744
0 0.269928 0.104447 0.615705 0.0262019 0.0410256
0 0.287713 0.367788 0.182853 0.0322115 0.0432692
0 0.298406 0.601923 0.588301 0.123558 0.106731
0 0.298781 0.550721 0.791186 0.05 0.128526
0 0.309749 0.987139 0.649519 0.0257212 0.101603
0 0.320412 0.721635 0.521795 0.0346154 0.0583333
0 0.347182 0.290986 0.682051 0.0233173 0.0307692
0 0.35291 0.850361 0.958173 0.0473558 0.0836538
0 0.393361 0.337139 0.639263 0.0430288 0.0413462
0 0.401956 0.456611 0.293109 0.0444712 0.0778846
0 0.404457 0.395072 0.247756 0.0444712 0.0448718
0 0.417024 0.449279 0.741506 0.0423077 0.101603
0 0.451356 0.251923 0.741346 0.0288462 0.0480769
0 0.476715 0.417428 0.315545 0.0300481 0.088141
0 0.521302 0.383534 0.781731 0.0483173 0.0801282
0 0.55952 0.423077 0.494872 0.0490385 0.0801282
0 0.575119 0.466346 0.639744 0.0331731 0.0621795
