0 0.254032 0.703726 0.491346 0.101683 0.0685897
0 0.255719 0.853966 0.229968 0.0271635 0.0400641
0 0.26706 0.378125 0.450321 0.0269231 0.0288462
0 0.276471 0.322476 0.493269 0.046875 0.0532051
0 0.280421 0.47488 0.142468 0.0372596 0.0407051
0 0.281715 0.669351 0.0195513 0.0310096 0.0365385
0 0.307615 0.635697 0.458654 0.0584135 0.0653846
0 0.326865 0.848678 0.690705 0.0483173 0.0371795
0 0.339581 0.551442 0.123397 0.0375 0.0455128
0 0.348814 0.646755 0.123237 0.0233173 0.0407051
0 0.495264 0.809976 0.258333 0.0689904 0.0647436
0 0.506996 0.69375 0.423718 0.128365 0.203846
0 0.507756 0.857212 0.0753205 0.0346154 0.0403846
0 0.533617 0.488822 0.15016 0.0603365 0.063141
0 0.536686 0.205769 0.635417 0.0519231 0.0483974
0 0.569817 0.801442 0.155769 0.0413462 0.0673077
0 0.596633 0.538462 0.67484 0.0403846 0.0650641
0 0.688494 0.947476 0.151763 0.0483173 0.0862179
