0 0.259139 0.542909 0.747596 0.028125 0.0407051
0 0.262566 0.509495 0.0158654 0.0276442 0.0317308
0 0.281249 0.226803 0.479968 0.0588942 0.0458333
0 0.329729 0.264183 0.94391 0.0245192 0.0378205
0 0.346792 0.104207 0.0261218 0.0213942 0.0477564
0 0.349011 0.361178 0.629968 0.034375 0.061859
0 0.353041 0.989303 0.507692 0.0209135 0.0608974
0 0.36197 0.0408654 0.804006 0.0557692 0.0458333
0 0.384643 0.413462 0.441186 0.0644231 0.0528846
0 0.416782 0.214303 0.479327 0.0358173 0.0349359
0 0.418459 0.457452 0.0788462 0.0197115 0.0378205
0 0.438767 0.141106 0.78109 0.0528846 0.0852564
0 0.532914 0.190264 0.517308 0.0377404 0.0455128
0 0.560825 0.0435096 0.661378 0.0620192 0.0695513
0 0.571485 0.0155048 0.391026 0.0310096 0.0615385
0 0.578386 0.864904 0.714904 0.0524038 0.0900641
0 0.600907 0.271394 0.418269 0.0461538 0.0692308
0 0.681634 0.0270433 0.321154 0.0540865 0.0570513
