0 0.27278 0.519351 0.603205 0.0233173 0.0435897
0 0.276708 0.339543 0.81266 0.0391827 0.0285256
0 0.281896 0.0144231 0.87468 0.0278846 0.0705128
0 0.297963 0.0365385 0.935417 0.0658654 0.0862179
0 0.309346 0.0403846 0.8125 0.0600962 0.0692308
0 0.310375 0.289904 0.38109 0.0336538 0.0602564
0 0.312398 0.142668 0.757212 0.0415865 0.0766026
0 0.341622 0.314423 0.58141 0.0427885 0.0461538
0 0.345909 0.247957 0.342949 0.0204327 0.0378205
0 0.407303 0.140865 0.96234 0.0889423 0.0708333
0 0.418035 0.0864183 0.961218 0.0569712 0.0615385
0 0.43994 0.24363 0.861218 0.0252404 0.0365385
0 0.460717 0.223558 0.0716346 0.0201923 0.0355769
0 0.472459 0.235096 0.328526 0.0307692 0.0391026
0 0.476516 0.0579327 0.74359 0.0576923 0.05
0 0.529904 0.207692 0.864423 0.0245192 0.0474359
0 0.551987 0.653005 0.721795 0.0435096 0.0724359
0 0.563663 0.384615 0.0543269 0.0288462 0.0509615
0 0.591024 0.549159 0.559295 0.0752404 0.139103
0 0.631298 0.290024 0.0608974 0.0295673 0.0423077
0 0.638908 0.404447 0.618429 0.0459135 0.0560897
