0 0.265689 0.204087 0.74984 0.0346154 0.0535256
0 0.330824 0.442548 0.396955 0.0336538 0.0644231
0 0.413597 0.655769 0.936058 0.0399038 0.0721154
0 0.432857 0.45601 0.356891 0.0697115 0.0432692
0 0.446352 0.58726 0.888782 0.0605769 0.0621795
0 0.484575 0.291587 0.742147 0.0918269 0.0522436
0 0.575592 0.242788 0.810737 0.0725962 0.0804487
0 0.575987 0.847115 0.41859 0.241827 0.308974
0 0.58714 0.703365 0.409135 0.119231 0.213782
0 0.628371 0.935457 0.294071 0.125721 0.0958333
0 0.665544 0.790865 0.75032 0.0673077 0.0596154
0 0.679836 0.733654 0.750641 0.0725962 0.0884615
0 0.681127 0.54351 0.836058 0.0841346 0.109295
0 0.784675 0.0334135 0.959936 0.0668269 0.0801282
0 0.801006 0.184976 0.652724 0.133413 0.183654
