0 0.251471 0.250962 0.541827 0.0163462 0.0336538
0 0.270124 0.249519 0.75641 0.0466346 0.0717949
0 0.272117 0.23726 0.440705 0.0230769 0.0474359
0 0.276327 0.777284 0.790385 0.0507212 0.0480769
0 0.279595 0.399038 0.441987 0.0201923 0.0358974
0 0.291672 0.539663 0.770192 0.0442308 0.0641026
0 0.315886 0.375962 0.389423 0.0216346 0.0435897
0 0.322892 0.309375 0.169391 0.0158654 0.0400641
0 0.330795 0.38726 0.326923 0.0278846 0.0339744
0 0.33563 0.298678 0.15609 0.0353365 0.0647436
0 0.347495 0.54976 0.215705 0.025 0.0358974
0 0.372179 0.272476 0.115224 0.0247596 0.0522436
0 0.377229 0.463822 0.705929 0.0516827 0.124038
0 0.387361 0.309736 0.677083 0.0420673 0.0798077
0 0.396398 0.835577 0.671154 0.0307692 0.0551282
0 0.402248 0.336418 0.313782 0.0430288 0.0570513
0 0.412912 0.930649 0.0828526 0.0401442 0.0477564
0 0.416337 0.380048 0.633494 0.0259615 0.0483974
0 0.441924 0.713221 0.183494 0.0480769 0.124679
0 0.472495 0.896154 0.269712 0.0432692 0.0753205
0 0.486631 0.416947 0.225 0.0286058 0.0455128
0 0.498134 0.815385 0.876603 0.0423077 0.0826923
0 0.53036 0.01875 0.603846 0.0365385 0.0923077
0 0.538944 0.579447 0.505609 0.0915865 0.0695513
0 0.583878 0.539784 0.170994 0.0324519 0.0509615
0 0.587382 0.78101 0.333974 0.0201923 0.0589744
0 0.65342 0.965986 0.775641 0.0382212 0.0807692
