0 0.274868 0.915024 0.550962 0.0824519 0.0858974
0 0.314542 0.556611 0.177564 0.0189904 0.0358974
0 0.323621 0.394712 0.0421474 0.0572115 0.0592949
0 0.32723 0.20649 0.88734 0.0399038 0.0439103
0 0.36811 0.267308 0.875641 0.0528846 0.0429487
0 0.381869 0.577885 0.197917 0.0182692 0.0471154
0 0.401611 0.573197 0.0653846 0.0411058 0.0782051
0 0.437387 0.016226 0.517788 0.0324519 0.0695513
0 0.456263 0.533293 0.0719551 0.0353365 0.0342949
0 0.456405 0.55024 0.289423 0.0322115 0.0903846
0 0.499089 0.133173 0.65016 0.0826923 0.0605769
0 0.53053 0.0155048 0.441186 0.0310096 0.0592949
0 0.548866 0.859856 0.0365385 0.0668269 0.0692308
0 0.563737 0.0442308 0.223878 0.0451923 0.0522436
0 0.569861 0.379447 0.370673 0.0377404 0.0753205
0 0.624605 0.390385 0.798077 0.0581731 0.0826923
0 0.64874 0.660937 0.317468 0.0555288 0.0541667
0 0.655849 0.317668 0.784455 0.0526442 0.0573718
0 0.659244 0.259375 0.958494 0.0432692 0.0791667
0 0.679233 0.438942 0.719551 0.0442308 0.0596154
