0 0.267161 0.531731 0.516506 0.124038 0.102885
0 0.271773 0.471755 0.525641 0.0560096 0.0794872
0 0.274369 0.195433 0.478045 0.0591346 0.109936
0 0.280105 0.0667067 0.646314 0.0617788 0.0426282
0 0.326568 0.205769 0.539423 0.0350962 0.0519231
0 0.338109 0.571995 0.558173 0.0925481 0.154167
0 0.37654 0.559976 0.603045 0.0588942 0.0740385
0 0.382277 0.350361 0.315385 0.015625 0.0371795
0 0.406268 0.442548 0.547596 0.0471154 0.0605769
0 0.426599 0.786538 0.537981 0.0302885 0.0516026
0 0.444101 0.302163 0.508013 0.0360577 0.075641
0 0.447349 0.233173 0.0991987 0.0567308 0.0900641
0 0.449715 0.501082 0.53109 0.0689904 0.0820513
0 0.452111 0.250962 0.492468 0.0317308 0.0644231
0 0.46737 0.103125 0.507853 0.0442308 0.0503205
0 0.497034 0.163822 0.596795 0.0603365 0.107051
0 0.525591 0.571154 0.498397 0.0884615 0.110897
0 0.557165 0.206611 0.402885 0.0420673 0.073718
0 0.560127 0.318269 0.388141 0.0629808 0.0942308
0 0.616337 0.686058 0.25016 0.0451923 0.0791667
0 0.621345 0.662139 0.396635 0.0300481 0.0528846
0 0.621448 0.40637 0.379327 0.0358173 0.0721154
0 0.623471 0.93738 0.927724 0.117548 0.0945513
0 0.627899 0.401563 0.525801 0.0560096 0.0522436
0 0.679668 0.807813 0.814263 0.0699519 0.0516026
0 0.725791 0.238221 0.368429 0.0408654 0.0939103
0 0.751337 0.690986 0.579006 0.0670673 0.0983974
0 0.786844 0.429327 0.617468 0.0567308 0.0541667
