0 0.25154 0.784495 0.367308 0.0497596 0.0423077
0 0.255715 0.439784 0.795833 0.0367788 0.0576923
0 0.256457 0.583293 0.34359 0.0411058 0.0391026
0 0.261936 0.468149 0.573397 0.0290865 0.0544872
0 0.269271 0.657572 0.0487179 0.0478365 0.0782051
0 0.272781 0.53137 0.880609 0.0512019 0.0445513
0 0.273404 0.778005 0.655128 0.0641827 0.105128
0 0.298375 0.809255 0.422276 0.0372596 0.0580128
0 0.312586 0.816827 0.327564 0.0365385 0.0621795
0 0.318871 0.722596 0.807692 0.0557692 0.0378205
0 0.325728 0.765865 0.0945513 0.0379808 0.0544872
0 0.337525 0.735937 0.392788 0.0478365 0.0548077
0 0.356552 0.585697 0.36859 0.0603365 0.0916667
0 0.360916 0.515385 0.842788 0.0581731 0.129167
0 0.364362 0.697716 0.532853 0.0247596 0.0330128
0 0.428723 0.708774 0.714423 0.0209135 0.0423077
0 0.432134 0.904688 0.025641 0.0757212 0.0512821
0 0.447637 0.538341 0.440705 0.0266827 0.0442308
0 0.447935 0.448077 0.905288 0.0524038 0.100962
0 0.449969 0.726202 0.527083 0.0317308 0.0451923
0 0.467911 0.663462 0.280929 0.0581731 0.0727564
0 0.470863 0.673437 0.56875 0.0338942 0.0522436
0 0.476662 0.540024 0.809455 0.0324519 0.0375
0 0.511557 0.814904 0.108494 0.0427885 0.0721154
0 0.563006 0.83726 0.715224 0.0798077 0.0612179
0 0.577733 0.745433 0.210096 0.0557692 0.0644231
0 0.584081 0.149159 0.82516 0.0396635 0.0503205
0 0.59824 0.780889 0.787821 0.0512019 0.0429487
0 0.632466 0.856971 0.0810897 0.0418269 0.0961538
0 0.687981 0.596034 0.633814 0.0819712 0.101603
0 0.704734 0.689062 0.138942 0.0478365 0.0682692
0 0.732756 0.812139 0.240865 0.0848558 0.0964744
