0 0.263267 0.877043 0.080609 0.0459135 0.0528846
0 0.264088 0.837861 0.0299679 0.0310096 0.0599359
0 0.268437 0.598197 0.755929 0.0588942 0.0586538
0 0.282616 0.205409 0.0282051 0.0492788 0.0544872
0 0.300577 0.0872596 0.0293269 0.0423077 0.0586538
0 0.383341 0.818269 0.215064 0.0418269 0.0788462
0 0.384172 0.764904 0.215545 0.0375 0.0676282
0 0.391849 0.290745 0.201763 0.0435096 0.0541667
0 0.392414 0.0969952 0.212019 0.0512019 0.134936
0 0.408232 0.0438702 0.288141 0.0834135 0.110897
0 0.576296 0.466226 0.208173 0.0473558 0.0939103
0 0.589964 0.203966 0.213141 0.0608173 0.121795
0 0.606332 0.653606 0.325321 0.0879808 0.0705128
0 0.625648 0.371154 0.304647 0.0389423 0.0855769
0 0.626908 0.715024 0.158494 0.0401442 0.0778846
0 0.649051 0.825962 0.815865 0.0769231 0.197115
0 0.748289 0.684615 0.597596 0.0860577 0.181731
0 0.78072 0.841106 0.377244 0.0625 0.122436
