0 0.304368 0.464183 0.514583 0.0264423 0.0266026
0 0.373007 0.326562 0.505128 0.0204327 0.0346154
0 0.420465 0.244471 0.619231 0.0278846 0.0307692
0 0.450571 0.278486 0.615064 0.0439904 0.0365385
0 0.485017 0.885697 0.976442 0.0584135 0.0471154
0 0.518205 0.578726 0.88141 0.0430288 0.110256
0 0.604204 0.533053 0.555288 0.0444712 0.0695513
0 0.625156 0.36238 0.478045 0.0367788 0.0432692
0 0.690338 0.485337 0.565705 0.05 0.0826923
0 0.699184 0.627524 0.673397 0.0838942 0.049359
0 0.713353 0.498558 0.424519 0.0427885 0.0695513
0 0.74949 0.654928 0.73734 0.0574519 0.0727564
0 0.766276 0.912981 0.808173 0.0865385 0.108654
0 0.768201 0.453486 0.471314 0.0771635 0.0708333
0 0.817193 0.725 0.075 0.148077 0.15
0 0.817823 0.582933 0.729487 0.100481 0.0929487
