0 0.265987 0.627163 0.228526 0.0298077 0.0371795
0 0.276919 0.0938702 0.502244 0.0324519 0.0455128
0 0.317798 0.506611 0.415064 0.0266827 0.0455128
0 0.318596 0.722596 0.173878 0.0451923 0.0625
0 0.32106 0.858053 0.73109 0.0497596 0.0692308
0 0.340011 0.230409 0.592147 0.0305288 0.0336538
0 0.356622 0.322476 0.709455 0.0512019 0.0862179
0 0.36491 0.0588942 0.26859 0.0557692 0.0596154
0 0.385699 0.352644 0.534776 0.0403846 0.0759615
0 0.435105 0.347115 0.138301 0.0394231 0.0432692
0 0.501194 0.978245 0.248397 0.0425481 0.0602564
0 0.591022 0.0336538 0.752404 0.0649038 0.0528846
0 0.661305 0.260817 0.885897 0.0600962 0.0660256
0 0.673953 0.350361 0.209295 0.0382212 0.0467949
