0 0.253469 0.390986 0.760897 0.0233173 0.025641
0 0.265997 0.845553 0.0464744 0.155048 0.0929487
0 0.283324 0.730529 0.464263 0.0528846 0.0823718
0 0.283515 0.276082 0.980769 0.0473558 0.0384615
0 0.294723 0.330288 0.0495192 0.0629808 0.0766026
0 0.306278 0.656731 0.0258013 0.0485577 0.0516026
0 0.322151 0.957692 0.966506 0.0846154 0.0669872
0 0.323223 0.20601 0.184135 0.0326923 0.0503205
0 0.343915 0.359976 0.0623397 0.0963942 0.0804487
0 0.375315 0.372596 0.0705128 0.0586538 0.0564103
0 0.385233 0.569231 0.621955 0.0399038 0.0753205
0 0.386 0.41226 0.0980769 0.0355769 0.0538462
0 0.419592 0.240505 0.978205 0.101202 0.0435897
0 0.421474 0.369351 0.963141 0.0550481 0.0448718
0 0.429786 0.31226 0.903846 0.0302885 0.0410256
0 0.434247 0.865625 0.670994 0.0600962 0.0939103
0 0.445189 0.877524 0.224199 0.0646635 0.0483974
0 0.447229 0.623197 0.751282 0.0877404 0.119231
0 0.524419 0.69363 0.481891 0.0223558 0.063141
0 0.551482 0.51851 0.0355769 0.0519231 0.0711538
0 0.608265 0.226202 0.265385 0.0971154 0.0967949
0 0.649712 0.364062 0.200801 0.0963942 0.0637821
0 0.713668 0.610337 0.564583 0.0610577 0.0894231
0 0.721137 0.352163 0.691987 0.0567308 0.0775641
0 0.739415 0.779928 0.225641 0.0483173 0.0974359
0 0.752964 0.557933 0.682853 0.0552885 0.0605769
0 0.753894 0.528005 0.763942 0.0540865 0.0695513
0 0.768454 0.451803 0.544071 0.0689904 0.0548077
0 0.771417 0.71262 0.598878 0.0723558 0.0727564
0 0.776258 0.762139 0.0942308 0.106971 0.0935897
0 0.802587 0.298077 0.346635 0.115865 0.115064
0 0.815142 0.43762 0.479647 0.0848558 0.0817308
