0 0.267675 0.538822 0.393269 0.0492788 0.0442308
0 0.289549 0.646514 0.26891 0.0415865 0.0461538
0 0.321803 0.730889 0.172276 0.0473558 0.0817308
0 0.358668 0.267428 0.404167 0.0680288 0.102564
0 0.364086 0.758293 0.627724 0.0569712 0.13109
0 0.364537 0.507812 0.483173 0.0334135 0.0951923
0 0.435657 0.545072 0.207051 0.0396635 0.0865385
0 0.442009 0.563221 0.455288 0.0384615 0.0875
0 0.452083 0.301442 0.555449 0.0206731 0.0608974
0 0.464208 0.0986779 0.491667 0.0540865 0.0673077
0 0.472858 0.793029 0.421314 0.0408654 0.0778846
0 0.493162 0.238702 0.479006 0.0451923 0.0701923
0 0.59314 0.088101 0.41891 0.0396635 0.0544872
0 0.631844 0.342788 0.589583 0.124519 0.1375
0 0.649668 0.63101 0.767468 0.0572115 0.129808
0 0.730335 0.187019 0.404487 0.0653846 0.099359
0 0.744932 0.545192 0.626282 0.0634615 0.113462
