0 0.264765 0.395192 0.233494 0.0355769 0.0586538
0 0.284383 0.65613 0.0637821 0.0199519 0.075
0 0.312055 0.383413 0.49984 0.0331731 0.0375
0 0.416691 0.0365385 0.238622 0.0346154 0.0375
0 0.419432 0.50613 0.0190705 0.0463942 0.038141
0 0.430129 0.346755 0.187821 0.0512019 0.075641
0 0.442942 0.652524 0.611699 0.0463942 0.0804487
0 0.537435 0.788942 0.345353 0.0456731 0.088141
0 0.573055 0.721274 0.112179 0.0473558 0.121154
0 0.599974 0.570793 0.043109 0.0617788 0.0849359
0 0.710689 0.270673 0.175321 0.0427885 0.0685897
