0 0.275021 0.432692 0.602724 0.0336538 0.0676282
0 0.278382 0.803245 0.883654 0.132933 0.0608974
0 0.281453 0.390745 0.664103 0.0401442 0.0442308
0 0.292965 0.648317 0.40641 0.0158654 0.0307692
0 0.305546 0.745793 0.671314 0.0358173 0.0304487
0 0.331486 0.356731 0.608974 0.0177885 0.0544872
0 0.377568 0.285337 0.569712 0.0298077 0.0753205
0 0.431919 0.842308 0.211058 0.0620192 0.11891
0 0.467621 0.398918 0.59343 0.0401442 0.0503205
0 0.504287 0.878846 0.590865 0.0572115 0.0810897
0 0.566344 0.785216 0.0222756 0.0473558 0.0407051
0 0.567142 0.277404 0.495513 0.0870192 0.0653846
0 0.572506 0.971514 0.480128 0.0463942 0.0544872
0 0.654413 0.463462 0.457372 0.0389423 0.0525641
0 0.686063 0.890385 0.349519 0.0442308 0.0503205
0 0.733519 0.753486 0.579167 0.0487981 0.075641
0 0.736601 0.463942 0.289744 0.0567308 0.0839744
