0 0.279184 0.7125 0.220353 0.0355769 0.0477564
0 0.280325 0.677163 0.190064 0.0341346 0.0711538
0 0.285389 0.383774 0.644071 0.0516827 0.1125
0 0.31822 0.461779 0.0195513 0.0586538 0.0384615
0 0.326202 0.48774 0.0200321 0.0576923 0.038141
0 0.356755 0.415024 0.0475962 0.0242788 0.0657051
0 0.400848 0.984135 0.0258013 0.0317308 0.0471154
0 0.42342 0.942187 0.0533654 0.0391827 0.0862179
0 0.48547 0.446755 0.397115 0.0348558 0.0371795
0 0.51401 0.296635 0.101923 0.0418269 0.0679487
0 0.524909 0.25613 0.0613782 0.0560096 0.0400641
0 0.525484 0.429567 0.528045 0.0533654 0.0503205
0 0.541476 0.056851 0.307692 0.0439904 0.0576923
0 0.559284 0.378606 0.614263 0.0451923 0.0541667
0 0.568416 0.146755 0.666346 0.0425481 0.0461538
0 0.575452 0.474279 0.250481 0.0341346 0.0432692
0 0.601093 0.342909 0.0951923 0.0579327 0.0679487
