0 0.251855 0.255288 0.663622 0.0471154 0.0625
0 0.359562 0.467668 0.982372 0.0411058 0.0352564
0 0.383054 0.244471 0.855609 0.05625 0.0650641
0 0.43579 0.913462 0.561378 0.0480769 0.135577
0 0.466081 0.735697 0.395032 0.0435096 0.0746795
0 0.469216 0.68149 0.567949 0.0269231 0.0455128
0 0.471776 0.551082 0.850801 0.0290865 0.0592949
0 0.52926 0.136418 0.392949 0.107933 0.123718
0 0.533622 0.882452 0.760417 0.0307692 0.0644231
0 0.534374 0.55649 0.453526 0.0355769 0.0846154
0 0.539149 0.514183 0.66234 0.0495192 0.088141
0 0.569777 0.841827 0.285897 0.0783654 0.0589744
0 0.601442 0.542548 0.972596 0.0519231 0.0548077
0 0.603423 0.361298 0.919872 0.0524038 0.148077
0 0.649455 0.3375 0.680128 0.0557692 0.0647436
0 0.666431 0.870793 0.929968 0.0637019 0.106731
0 0.763017 0.784736 0.854808 0.0473558 0.138462
