0 0.259975 0.984615 0.391827 0.0307692 0.0836538
0 0.265639 0.526803 0.0216346 0.0439904 0.0432692
0 0.271552 0.641827 0.431731 0.0610577 0.0788462
0 0.278376 0.35613 0.93125 0.0771635 0.0541667
0 0.278856 0.912019 0.829968 0.0384615 0.0586538
0 0.332368 0.399038 0.977404 0.0711538 0.0426282
0 0.338393 0.922476 0.144712 0.0411058 0.0445513
0 0.352693 0.663101 0.967788 0.0915865 0.0592949
0 0.357249 0.629327 0.0179487 0.0870192 0.0358974
0 0.402936 0.348798 0.179808 0.0293269 0.0679487
0 0.408079 0.481851 0.867628 0.0439904 0.0435897
0 0.41767 0.952644 0.783974 0.0846154 0.0967949
0 0.44801 0.223438 0.297115 0.0425481 0.0852564
0 0.453076 0.527644 0.930929 0.0850962 0.0644231
0 0.456334 0.678125 0.038141 0.0634615 0.0724359
0 0.504436 0.704087 0.455449 0.0442308 0.0833333
0 0.513361 0.501322 0.0447115 0.0699519 0.0855769
0 0.575405 0.867548 0.357372 0.0793269 0.127564
0 0.678578 0.727043 0.746955 0.0584135 0.0560897
0 0.696729 0.510096 0.577885 0.0889423 0.120513
0 0.764289 0.56274 0.786058 0.0908654 0.122756
