0 0.254631 0.984736 0.335577 0.0300481 0.0788462
0 0.256579 0.36875 0.377244 0.0966346 0.124359
0 0.263946 0.252885 0.247276 0.0822115 0.111859
0 0.299876 0.695673 0.191667 0.0730769 0.0576923
0 0.303177 0.291947 0.395994 0.0290865 0.0259615
0 0.305625 0.382572 0.233974 0.0237981 0.0410256
0 0.316252 0.467308 0.434776 0.0471154 0.0798077
0 0.316921 0.361298 0.0879808 0.0259615 0.0727564
0 0.335077 0.389663 0.759135 0.0600962 0.100321
0 0.349807 0.546755 0.446955 0.0420673 0.0483974
0 0.380154 0.965986 0.198878 0.0632212 0.0714744
0 0.403631 0.422115 0.258814 0.0336538 0.0471154
0 0.404982 0.961178 0.492788 0.0237981 0.0644231
0 0.407554 0.120913 0.232051 0.0533654 0.0852564
0 0.414884 0.594111 0.164263 0.034375 0.0644231
0 0.425939 0.920553 0.872276 0.0829327 0.105449
0 0.442465 0.320312 0.163782 0.0401442 0.0858974
0 0.453558 0.890986 0.545032 0.0396635 0.0650641
0 0.460879 0.181731 0.299679 0.0163462 0.0576923
0 0.467509 0.950721 0.408013 0.0490385 0.0666667
0 0.470548 0.985937 0.443269 0.0262019 0.0551282
0 0.480696 0.353966 0.185897 0.0175481 0.0519231
0 0.490315 0.620913 0.653526 0.0653846 0.164103
0 0.498366 0.578486 0.723718 0.046875 0.0878205
0 0.503039 0.602284 0.345032 0.0266827 0.115705
0 0.506518 0.442788 0.119391 0.0418269 0.0990385
0 0.537751 0.768269 0.716186 0.05625 0.110577
0 0.558003 0.152043 0.889583 0.0483173 0.0746795
0 0.578848 0.594591 0.504167 0.0579327 0.141667
0 0.583619 0.825601 0.895032 0.0632212 0.108013
0 0.60696 0.145313 0.782853 0.0579327 0.0554487
0 0.608921 0.0691106 0.490865 0.0824519 0.154808
0 0.6344 0.363582 0.742308 0.0665865 0.132051
0 0.635252 0.756731 0.836378 0.0350962 0.0682692
0 0.660793 0.565986 0.373558 0.0387019 0.0977564
0 0.664456 0.483894 0.34375 0.0865385 0.174038
0 0.691163 0.804207 0.8 0.0372596 0.0871795
0 0.739377 0.526803 0.68141 0.0694712 0.0955128
0 0.767357 0.195192 0.739744 0.101442 0.0961538
0 0.79178 0.434495 0.683013 0.0891827 0.137179
