0 0.256818 0.299038 0.370994 0.0384615 0.0528846
0 0.268051 0.644591 0.541346 0.0334135 0.0467949
0 0.26845 0.253005 0.182372 0.0266827 0.0647436
0 0.269289 0.619832 0.713782 0.059375 0.0487179
0 0.271537 0.259736 0.972756 0.0651442 0.0532051
0 0.276726 0.185337 0.265224 0.0427885 0.0509615
0 0.280769 0.678966 0.528526 0.0161058 0.0307692
0 0.282173 0.769471 0.729327 0.0197115 0.0323718
0 0.294444 0.79387 0.77516 0.0305288 0.0432692
0 0.29517 0.661058 0.617147 0.0418269 0.0663462
0 0.297686 0.740024 0.0320513 0.0233173 0.0544872
0 0.301459 0.0908654 0.367628 0.0735577 0.0608974
0 0.319869 0.565865 0.297436 0.0269231 0.0403846
0 0.356113 0.0908654 0.861859 0.0548077 0.0487179
0 0.378394 0.983894 0.421795 0.0322115 0.0525641
0 0.379119 0.195072 0.958494 0.0997596 0.0830128
0 0.383885 0.279687 0.45609 0.0463942 0.0474359
0 0.388423 0.745072 0.874359 0.053125 0.0858974
0 0.390961 0.984375 0.743429 0.0298077 0.0804487
0 0.411433 0.0262019 0.369872 0.0504808 0.049359
0 0.415499 0.557212 0.669872 0.0341346 0.0576923
0 0.419893 0.18774 0.795833 0.0504808 0.0564103
0 0.420266 0.291587 0.595032 0.0413462 0.0733974
0 0.421582 0.673678 0.0402244 0.0367788 0.0580128
0 0.425628 0.265625 0.430609 0.0384615 0.0522436
0 0.431037 0.898678 0.745833 0.0290865 0.049359
0 0.43338 0.743149 0.440064 0.0425481 0.0621795
0 0.433495 0.275481 0.978045 0.0427885 0.0439103
0 0.435807 0.0477163 0.474038 0.0555288 0.0532051
0 0.441908 0.353125 0.043109 0.0557692 0.0567308
0 0.453157 0.622356 0.266026 0.0288462 0.0538462
0 0.471995 0.758173 0.1 0.0370192 0.0576923
0 0.473407 0.417548 0.213462 0.0225962 0.0480769
0 0.477546 0.726082 0.660737 0.0377404 0.0464744
0 0.490224 0.42512 0.704167 0.0372596 0.0634615
0 0.490683 0.746154 0.575801 0.05625 0.0503205
0 0.503424 0.70625 0.226122 0.0456731 0.0605769
0 0.505019 0.478125 0.514744 0.0307692 0.0557692
0 0.506866 0.450841 0.628045 0.0430288 0.0522436
0 0.51881 0.153365 0.548878 0.10625 0.0785256
0 0.52222 0.363341 0.555929 0.0372596 0.0778846
0 0.530182 0.602885 0.125801 0.0379808 0.0605769
0 0.539201 0.39351 0.972436 0.0379808 0.0551282
0 0.552323 0.782812 0.252083 0.0396635 0.0842949
0 0.558238 0.853726 0.873237 0.0348558 0.0496795
0 0.570498 0.358293 0.252083 0.0415865 0.0560897
0 0.580814 0.125601 0.0636218 0.0699519 0.0785256
0 0.588891 0.75637 0.178686 0.0612981 0.0548077
0 0.596535 0.438702 0.498237 0.0490385 0.0644231
0 0.600054 0.534495 0.0934295 0.0516827 0.100962
0 0.60912 0.336659 0.104647 0.0502404 0.0766026
0 0.627969 0.849639 0.0434295 0.0617788 0.0766026
0 0.636195 0.406851 0.569071 0.040625 0.0516026
0 0.681224 0.233293 0.568429 0.0483173 0.101603
0 0.723932 0.411779 0.0895833 0.0442308 0.104167
