0 0.25708 0.765745 0.0692308 0.0237981 0.0326923
0 0.270577 0.559856 0.303846 0.0322115 0.0346154
0 0.312672 0.754087 0.162981 0.03125 0.0330128
0 0.335118 0.409495 0.545994 0.0247596 0.0317308
0 0.353756 0.740144 0.0844551 0.0317308 0.0317308
0 0.503237 0.671995 0.252885 0.0603365 0.0461538
0 0.51939 0.636659 0.265865 0.0338942 0.0567308
0 0.539701 0.533293 0.286218 0.0329327 0.0429487
0 0.616793 0.400962 0.504006 0.0471154 0.0548077
0 0.629246 0.481971 0.244391 0.0591346 0.0791667
0 0.709049 0.478966 0.566346 0.0555288 0.0621795
