0 0.252394 0.209014 0.28734 0.0497596 0.0605769
0 0.275167 0.074399 0.555128 0.145913 0.117949
0 0.294654 0.177764 0.405929 0.0425481 0.0490385
0 0.297607 0.511298 0.270833 0.0509615 0.0576923
0 0.30041 0.580288 0.621635 0.0480769 0.0490385
0 0.335778 0.244351 0.01875 0.0675481 0.036218
0 0.359533 0.379327 0.245994 0.0485577 0.0663462
0 0.379286 0.0544471 0.292468 0.108894 0.122115
0 0.404993 0.470313 0.717949 0.0439904 0.0525641
0 0.410075 0.0282452 0.409455 0.0564904 0.0522436
0 0.429527 0.383894 0.142788 0.0572115 0.0862179
0 0.43693 0.601322 0.480449 0.034375 0.050641
0 0.461819 0.180529 0.337179 0.08125 0.0705128
0 0.499218 0.416827 0.656731 0.0735577 0.0416667
0 0.508249 0.102043 0.0738782 0.130048 0.123397
0 0.57407 0.515986 0.308173 0.0252404 0.0560897
0 0.604402 0.575841 0.532532 0.0382212 0.0503205
0 0.609611 0.12524 0.975801 0.0346154 0.0483974
0 0.621788 0.616707 0.210737 0.0574519 0.0637821
0 0.633487 0.215144 0.18125 0.144712 0.113141
0 0.63355 0.509375 0.252244 0.0653846 0.05
0 0.64388 0.187861 0.888301 0.0925481 0.0721154
0 0.670134 0.506611 0.0365385 0.078125 0.0717949
0 0.692177 0.559856 0.391026 0.0634615 0.0583333
