0 0.27326 0.433293 0.341667 0.040625 0.0397436
0 0.27464 0.385457 0.419712 0.0213942 0.0291667
0 0.313505 0.591346 0.175641 0.0384615 0.0487179
0 0.33914 0.536779 0.59375 0.0211538 0.0336538
0 0.3447 0.395793 0.374038 0.0353365 0.0833333
0 0.353712 0.640385 0.106571 0.0274038 0.0522436
0 0.381728 0.308654 0.0876603 0.0269231 0.0432692
0 0.429051 0.655889 0.924199 0.0310096 0.0528846
0 0.447662 0.574038 0.860897 0.0456731 0.0448718
0 0.460269 0.48101 0.404006 0.05625 0.0939103
0 0.476712 0.559375 0.28109 0.0495192 0.0955128
0 0.496938 0.392428 0.572436 0.115625 0.101282
0 0.545852 0.233534 0.107853 0.0415865 0.0573718
