0 0.262749 0.547356 0.71234 0.0240385 0.0919872
0 0.266857 0.712019 0.491026 0.0225962 0.0435897
0 0.275207 0.978846 0.585897 0.0341346 0.0429487
0 0.279109 0.571755 0.631571 0.0286058 0.0753205
0 0.287397 0.342187 0.971474 0.059375 0.0570513
0 0.293084 0.955048 0.107692 0.0399038 0.0429487
0 0.301419 0.307813 0.90625 0.0209135 0.0407051
0 0.32309 0.602043 0.49375 0.0329327 0.0419872
0 0.354208 0.513702 0.556571 0.0456731 0.0439103
0 0.356462 0.290385 0.443429 0.0230769 0.0413462
0 0.361101 0.455649 0.637179 0.0526442 0.108333
0 0.365005 0.768149 0.0916667 0.0362981 0.0467949
0 0.400004 0.782452 0.167468 0.0298077 0.038141
0 0.410429 0.417788 0.833333 0.0413462 0.0423077
0 0.418556 0.55012 0.284615 0.0247596 0.0647436
0 0.435309 0.802163 0.109776 0.0336538 0.0490385
0 0.445793 0.779087 0.245994 0.0283654 0.0496795
0 0.449814 0.979928 0.121314 0.0401442 0.0413462
0 0.494962 0.251683 0.878846 0.0389423 0.0557692
0 0.497695 0.12476 0.561538 0.0379808 0.0455128
0 0.507444 0.94363 0.250641 0.0449519 0.0846154
0 0.52385 0.0348558 0.972917 0.0519231 0.0541667
0 0.533098 0.140865 0.715224 0.0442308 0.122115
0 0.535812 0.136298 0.138622 0.0456731 0.0778846
0 0.569183 0.591226 0.220994 0.0329327 0.0573718
0 0.573503 0.207452 0.825 0.0572115 0.110897
0 0.575742 0.964663 0.611859 0.0600962 0.0653846
0 0.600182 0.638942 0.063141 0.0240385 0.0794872
0 0.646371 0.724399 0.513301 0.0502404 0.088782
0 0.655909 0.530889 0.607212 0.0305288 0.0708333
0 0.656089 0.816827 0.58766 0.0375 0.0483974
0 0.742833 0.835216 0.0548077 0.0483173 0.0608974
