0 0.261581 0.202163 0.794391 0.0480769 0.0528846
0 0.268665 0.322115 0.450641 0.0341346 0.075
0 0.277763 0.344471 0.302244 0.0490385 0.0576923
0 0.306438 0.0627404 0.807051 0.0610577 0.073718
0 0.317953 0.0467548 0.970192 0.0935096 0.0564103
0 0.318323 0.26863 0.322917 0.11899 0.10609
0 0.320988 0.141466 0.953686 0.0521635 0.0778846
0 0.322746 0.246154 0.290865 0.0269231 0.0400641
0 0.352607 0.766226 0.0184295 0.0622596 0.0349359
0 0.363881 0.567909 0.523718 0.0271635 0.0346154
0 0.364707 0.248197 0.791827 0.0305288 0.0471154
0 0.365309 0.555649 0.0165064 0.0334135 0.0330128
0 0.379427 0.519111 0.173558 0.021875 0.0528846
0 0.397545 0.212139 0.891667 0.0430288 0.0589744
0 0.398006 0.602524 0.461058 0.0449519 0.0413462
0 0.416123 0.208774 0.974679 0.0411058 0.0474359
0 0.418797 0.433413 0.110417 0.0197115 0.036218
0 0.460513 0.603365 0.403045 0.0360577 0.0445513
0 0.496728 0.400601 0.191987 0.0295673 0.0487179
0 0.51618 0.988221 0.607532 0.0225962 0.0778846
0 0.546042 0.47524 0.241827 0.0206731 0.0432692
0 0.558803 0.147957 0.875641 0.0584135 0.0608974
0 0.57646 0.104567 0.127885 0.0423077 0.0705128
0 0.624007 0.380409 0.249679 0.0266827 0.0346154
0 0.647768 0.638341 0.179808 0.0877404 0.149359
0 0.654845 0.450361 0.473077 0.0262019 0.0474359
0 0.661595 0.0540865 0.710417 0.0264423 0.0458333
0 0.669909 0.279567 0.496314 0.0302885 0.0682692
0 0.704758 0.744712 0.0616987 0.0322115 0.0375
