0 0.251798 0.532332 0.221795 0.034375 0.0666667
0 0.253879 0.0305288 0.0508013 0.0610577 0.101603
0 0.270622 0.139183 0.637019 0.0326923 0.0657051
0 0.28485 0.52524 0.261058 0.0274038 0.0342949
0 0.300915 0.155409 0.393109 0.0545673 0.0522436
0 0.308136 0.0370192 0.576282 0.0740385 0.15
0 0.317553 0.446755 0.438141 0.0425481 0.0711538
0 0.353948 0.120072 0.46234 0.0324519 0.0599359
0 0.399209 0.241466 0.438141 0.0362981 0.0461538
0 0.426826 0.144111 0.414423 0.0521635 0.0910256
0 0.43647 0.43137 0.227244 0.0271635 0.0416667
0 0.437029 0.752524 0.0423077 0.0478365 0.0846154
0 0.456819 0.743269 0.627083 0.0331731 0.0490385
0 0.49047 0.427163 0.0254808 0.0480769 0.0477564
0 0.521584 0.431971 0.356891 0.0302885 0.0407051
0 0.543101 0.365505 0.130769 0.0348558 0.0717949
0 0.555368 0.928726 0.240865 0.0550481 0.0926282
0 0.556271 0.551562 0.350962 0.0487981 0.0801282
0 0.601234 0.671394 0.923878 0.0413462 0.0605769
