0 0.250312 0.885577 0.183013 0.0432692 0.05
0 0.253274 0.554327 0.175 0.0557692 0.0602564
0 0.262521 0.419591 0.692308 0.0391827 0.0557692
0 0.283337 0.730889 0.264744 0.0247596 0.0352564
0 0.293446 0.0182692 0.592788 0.0346154 0.11891
0 0.314796 0.600841 0.23766 0.0223558 0.0387821
0 0.326798 0.103125 0.209455 0.0442308 0.0727564
0 0.340731 0.442187 0.546795 0.0463942 0.0551282
0 0.354354 0.650962 0.617147 0.0663462 0.0541667
0 0.409213 0.719471 0.313942 0.0408654 0.0669872
0 0.430737 0.685457 0.0283654 0.0411058 0.0490385
0 0.449339 0.861779 0.678686 0.0677885 0.0701923
0 0.475923 0.734495 0.580449 0.0512019 0.0897436
0 0.500817 0.354327 0.42516 0.0471154 0.0464744
0 0.503295 0.951322 0.385256 0.0699519 0.0814103
0 0.525848 0.461058 0.528526 0.05 0.0448718
0 0.55405 0.580649 0.410417 0.0512019 0.0458333
0 0.634024 0.630409 0.472436 0.0247596 0.050641
0 0.635063 0.696394 0.662179 0.0442308 0.0814103
