0 0.265238 0.961178 0.671314 0.0747596 0.115705
0 0.286578 0.90625 0.0355769 0.0408654 0.0711538
0 0.300647 0.434856 0.727404 0.0466346 0.0407051
0 0.301787 0.870192 0.312821 0.0543269 0.0865385
0 0.328879 0.901683 0.269712 0.0447115 0.0625
0 0.361817 0.500361 0.553205 0.0507212 0.0801282
0 0.386725 0.868149 0.0259615 0.0319712 0.0480769
0 0.398211 0.894351 0.0237179 0.040625 0.0442308
0 0.447999 0.828486 0.0703526 0.0516827 0.0721154
0 0.610188 0.789303 0.204327 0.0680288 0.0586538
0 0.618798 0.674639 0.679487 0.0612981 0.0621795
0 0.67536 0.959014 0.250641 0.0387019 0.0564103
0 0.682412 0.867668 0.672917 0.071875 0.0791667
