0 0.252185 0.634495 0.303526 0.0516827 0.0474359
0 0.271324 0.296034 0.342308 0.0290865 0.0294872
0 0.274808 0.5875 0.228686 0.0240385 0.0599359
0 0.275965 0.878726 0.372276 0.0473558 0.0496795
0 0.285303 0.177284 0.209135 0.0334135 0.0516026
0 0.332439 0.60637 0.705128 0.0324519 0.0442308
0 0.335493 0.621755 0.296474 0.0257212 0.0583333
0 0.347466 0.128365 0.149199 0.0326923 0.0407051
0 0.454027 0.0486779 0.280288 0.0372596 0.0285256
0 0.466578 0.465144 0.913301 0.0538462 0.0419872
0 0.517932 0.215024 0.965224 0.0776442 0.0657051
0 0.524556 0.404327 0.0423077 0.0206731 0.0352564
0 0.730079 0.529808 0.817147 0.0480769 0.0599359
