0 0.256743 0.536659 0.3875 0.0334135 0.0403846
0 0.274384 0.090024 0.0331731 0.0665865 0.0644231
0 0.292393 0.53149 0.160256 0.0831731 0.0641026
0 0.300053 0.396514 0.319872 0.0439904 0.0692308
0 0.30281 0.755889 0.172596 0.0411058 0.0554487
0 0.311906 0.566947 0.142468 0.0396635 0.0496795
0 0.314553 0.526923 0.29391 0.0322115 0.0410256
0 0.326838 0.361298 0.505769 0.0326923 0.0339744
0 0.327823 0.390865 0.740064 0.04375 0.0551282
0 0.346171 0.792308 0.889103 0.0403846 0.0525641
0 0.369324 0.132692 0.653205 0.0394231 0.0634615
0 0.370463 0.923197 0.853365 0.0334135 0.0483974
0 0.376999 0.365144 0.41875 0.0548077 0.0580128
0 0.384093 0.940986 0.751923 0.0487981 0.0525641
0 0.396992 0.83125 0.593269 0.0370192 0.0570513
0 0.403094 0.574639 0.807532 0.0286058 0.0387821
0 0.405961 0.090024 0.438301 0.0305288 0.0375
0 0.427029 0.302524 0.414904 0.0665865 0.0612179
0 0.44568 0.336779 0.338622 0.0504808 0.0669872
0 0.46167 0.844351 0.516827 0.0622596 0.0439103
0 0.469385 0.853005 0.454487 0.0425481 0.050641
0 0.469435 0.564303 0.0886218 0.0415865 0.0432692
0 0.47889 0.452043 0.0459936 0.0387019 0.0894231
0 0.495932 0.3125 0.0741987 0.0264423 0.0669872
0 0.542058 0.291587 0.558013 0.0451923 0.0596154
0 0.547028 0.517067 0.545353 0.0581731 0.0676282
0 0.547172 0.584135 0.401442 0.0644231 0.0875
0 0.548312 0.0234375 0.488942 0.0425481 0.0669872
0 0.551196 0.466106 0.397917 0.06875 0.0682692
0 0.554426 0.579087 0.55641 0.0379808 0.0410256
0 0.578939 0.249159 0.117147 0.0588942 0.0945513
0 0.585739 0.964904 0.135417 0.0701923 0.101603
0 0.614359 0.271995 0.272276 0.0362981 0.0637821
0 0.66029 0.164423 0.0352564 0.0596154 0.0685897
0 0.714874 0.702644 0.211538 0.0519231 0.109615
