0 0.25482 0.615986 0.229647 0.0449519 0.110577
0 0.264092 0.915264 0.71891 0.0497596 0.0705128
0 0.276656 0.238822 0.785096 0.0819712 0.135577
0 0.276765 0.817428 0.410897 0.0401442 0.0679487
0 0.301598 0.673918 0.335577 0.0435096 0.0826923
0 0.316724 0.663582 0.438462 0.0415865 0.098718
0 0.318691 0.732933 0.691827 0.160577 0.349038
0 0.348165 0.238341 0.671154 0.0723558 0.0788462
0 0.349542 0.63101 0.90609 0.0370192 0.0724359
0 0.352882 0.90613 0.623718 0.0617788 0.0692308
0 0.422409 0.300841 0.0235577 0.0257212 0.0471154
0 0.438583 0.268269 0.539583 0.0495192 0.0650641
0 0.439819 0.422356 0.354968 0.0336538 0.0810897
0 0.44376 0.134135 0.620353 0.0629808 0.0951923
0 0.482246 0.279567 0.557372 0.0230769 0.049359
0 0.510864 0.591226 0.488782 0.0555288 0.0576923
0 0.525777 0.545673 0.0419872 0.0288462 0.0423077
0 0.528322 0.132812 0.424038 0.0377404 0.0602564
0 0.555577 0.804327 0.342308 0.0778846 0.0762821
0 0.587068 0.395553 0.412179 0.0675481 0.0730769
0 0.593989 0.299639 0.320994 0.084375 0.0682692
0 0.648597 0.612139 0.394071 0.0641827 0.0567308
0 0.685883 0.536538 0.463782 0.0605769 0.113462
0 0.745883 0.336178 0.449519 0.0819712 0.0971154
