0 0.280574 0.0128606 0.392308 0.0257212 0.0929487
0 0.297218 0.510817 0.476122 0.0192308 0.0278846
0 0.301123 0.455649 0.69359 0.0295673 0.0538462
0 0.3377 0.364303 0.370032 0.0439904 0.0560897
0 0.40524 0.166707 0.770513 0.0391827 0.0564103
0 0.506106 0.559736 0.877564 0.034375 0.0891026
0 0.525771 0.416947 0.90641 0.0896635 0.176923
0 0.543907 0.338462 0.0366987 0.0350962 0.0560897
0 0.666389 0.660457 0.55 0.0401442 0.0455128
0 0.667597 0.0354567 0.610577 0.0709135 0.134615
0 0.675348 0.203846 0.675 0.0480769 0.126282
0 0.700573 0.506851 0.65657 0.0228365 0.0464744
0 0.742847 0.107332 0.885737 0.0588942 0.133013
0 0.804876 0.341587 0.175321 0.0639423 0.110256
