0 0.250203 0.64375 0.341987 0.0240385 0.0416667
0 0.253423 0.395913 0.0850962 0.0331731 0.0573718
0 0.266228 0.735457 0.213301 0.0242788 0.0278846
0 0.268641 0.779087 0.0559295 0.0360577 0.0714744
0 0.349402 0.786298 0.145353 0.0331731 0.0644231
0 0.390825 0.83149 0.0802885 0.0399038 0.0644231
0 0.402931 0.746274 0.0971154 0.0463942 0.0685897
0 0.430476 0.648798 0.50609 0.0283654 0.0410256
0 0.502522 0.784014 0.254487 0.021875 0.0621795
0 0.536795 0.688462 0.221314 0.0754808 0.0778846
0 0.628495 0.870553 0.0344551 0.0415865 0.0682692
0 0.637643 0.668149 0.0469551 0.0358173 0.0586538
0 0.677131 0.4875 0.547917 0.0658654 0.0996795
0 0.738819 0.445913 0.468109 0.0504808 0.0727564
