0 0.252617 0.580529 0.345994 0.0451923 0.0548077
0 0.257633 0.786779 0.974359 0.0552885 0.0487179
0 0.258579 0.445913 0.102404 0.0278846 0.0439103
0 0.31381 0.776923 0.598237 0.0197115 0.0560897
0 0.321477 0.741106 0.538942 0.0350962 0.0471154
0 0.327842 0.576442 0.573558 0.0581731 0.0503205
0 0.359219 0.570433 0.1375 0.0274038 0.0519231
0 0.361325 0.64976 0.128846 0.0552885 0.0583333
0 0.388106 0.481851 0.87484 0.0757212 0.0900641
0 0.393608 0.390865 0.0727564 0.0379808 0.0532051
0 0.404422 0.970913 0.819391 0.0408654 0.0573718
0 0.41041 0.703846 0.545353 0.0269231 0.0746795
0 0.452432 0.615385 0.247917 0.0264423 0.036859
0 0.487663 0.515745 0.378686 0.0420673 0.0676282
0 0.490877 0.743149 0.182372 0.034375 0.0608974
0 0.491545 0.751322 0.558173 0.0338942 0.0407051
0 0.494877 0.852644 0.607692 0.0653846 0.0653846
0 0.507094 0.779567 0.945192 0.0509615 0.0538462
0 0.523265 0.859135 0.883013 0.0350962 0.0448718
0 0.524912 0.748798 0.470673 0.0466346 0.0586538
0 0.531777 0.500361 0.758173 0.0603365 0.1125
0 0.560009 0.708534 0.682853 0.0627404 0.0586538
0 0.562789 0.942308 0.375 0.0826923 0.0673077
0 0.601315 0.791346 0.497276 0.0278846 0.0522436
0 0.605901 0.523438 0.514583 0.0362981 0.063141
0 0.63512 0.603846 0.394071 0.0610577 0.0528846
0 0.645209 0.498077 0.920353 0.0596154 0.0560897
0 0.655447 0.868149 0.325321 0.0348558 0.0448718
0 0.65646 0.445793 0.638301 0.0444712 0.0625
0 0.694939 0.523077 0.104808 0.0625 0.103205
0 0.696639 0.617668 0.889744 0.0795673 0.0967949
0 0.703607 0.838702 0.696154 0.0543269 0.0929487
0 0.73324 0.41887 0.455288 0.0637019 0.0798077
0 0.781364 0.15601 0.699038 0.0754808 0.074359
0 0.782044 0.471635 0.842788 0.0817308 0.0644231
