0 0.251494 0.384375 0.8875 0.0413462 0.0525641
0 0.262253 0.91887 0.980929 0.0483173 0.038141
0 0.266981 0.897115 0.870994 0.0245192 0.036218
0 0.273802 0.903365 0.349519 0.0427885 0.0612179
0 0.275639 0.0127404 0.552724 0.0245192 0.0419872
0 0.278189 0.590385 0.434936 0.0610577 0.0769231
0 0.28147 0.970553 0.208974 0.0579327 0.0653846
0 0.293505 0.591827 0.756731 0.0552885 0.049359
0 0.307545 0.197115 0.975 0.0403846 0.0442308
0 0.311629 0.353245 0.871795 0.0329327 0.0467949
0 0.324837 0.679207 0.771955 0.0387019 0.0721154
0 0.325682 0.243389 0.975801 0.0473558 0.0483974
0 0.326898 0.272356 0.409936 0.0350962 0.0371795
0 0.374209 0.618029 0.895513 0.0360577 0.0455128
0 0.380405 0.890625 0.910737 0.0346154 0.0516026
0 0.382632 0.697957 0.9625 0.0454327 0.075
0 0.395097 0.0356971 0.704808 0.0555288 0.0474359
0 0.405724 0.508654 0.876442 0.0322115 0.0483974
0 0.408423 0.444712 0.0179487 0.0668269 0.0358974
0 0.411969 0.877524 0.284135 0.065625 0.0810897
0 0.431688 0.443149 0.603205 0.0463942 0.0967949
0 0.555574 0.39363 0.610417 0.0526442 0.110577
0 0.562849 0.722476 0.794391 0.0391827 0.0400641
0 0.579014 0.529087 0.510577 0.0466346 0.05
0 0.596826 0.213101 0.0349359 0.0507212 0.0685897
0 0.61382 0.357812 0.0932692 0.0334135 0.0557692
0 0.614412 0.429688 0.465224 0.0396635 0.0900641
0 0.647795 0.0620192 0.807692 0.0456731 0.0461538
0 0.655389 0.52488 0.0245192 0.0367788 0.0458333
0 0.672215 0.323197 0.570353 0.040625 0.0516026
0 0.675472 0.494952 0.424519 0.0610577 0.0798077
0 0.696912 0.522356 0.604327 0.0485577 0.0964744
0 0.781124 0.457091 0.752564 0.0737981 0.114103
