0 0.255805 0.269111 0.635577 0.0353365 0.0711538
0 0.259097 0.18137 0.818429 0.0444712 0.0573718
0 0.266918 0.459976 0.746474 0.0449519 0.0955128
0 0.267268 0.0139423 0.147436 0.0278846 0.108974
0 0.269056 0.0169471 0.455449 0.0314904 0.0512821
0 0.269231 0.0798077 0.75641 0.0697115 0.0647436
0 0.278267 0.98101 0.56266 0.0379808 0.0740385
0 0.282778 0.391466 0.539583 0.0377404 0.0894231
0 0.302207 0.128365 0.850481 0.0201923 0.0400641
0 0.320192 0.252284 0.0219551 0.0516827 0.0432692
0 0.32468 0.704687 0.857853 0.0286058 0.0490385
0 0.333167 0.630649 0.755929 0.0324519 0.0330128
0 0.344223 0.915505 0.413622 0.0353365 0.0458333
0 0.355708 0.967909 0.709615 0.0641827 0.104487
0 0.35861 0.264543 0.104327 0.0391827 0.0548077
0 0.361295 0.316707 0.977564 0.0338942 0.0448718
0 0.36595 0.191827 0.827083 0.0245192 0.0451923
0 0.380658 0.982572 0.478526 0.0348558 0.110256
0 0.398868 0.840144 0.883333 0.0759615 0.0948718
0 0.399791 0.027524 0.587821 0.0257212 0.0525641
0 0.403428 0.304808 0.127404 0.0288462 0.0740385
0 0.413825 0.221514 0.427885 0.0425481 0.0538462
0 0.426739 0.167308 0.726442 0.0399038 0.0599359
0 0.439461 0.31863 0.0586538 0.0348558 0.050641
0 0.449877 0.254327 0.136058 0.0461538 0.0535256
0 0.453732 0.39988 0.509936 0.0420673 0.125641
0 0.459235 0.748197 0.903045 0.0560096 0.0708333
0 0.470897 0.0457933 0.299199 0.0463942 0.0894231
0 0.473202 0.787139 0.518429 0.0290865 0.0663462
0 0.488678 0.0853365 0.222917 0.0192308 0.0477564
0 0.502319 0.918389 0.907853 0.0622596 0.115705
0 0.504483 0.944591 0.315385 0.0550481 0.0794872
0 0.505719 0.148438 0.461859 0.0319712 0.0570513
0 0.521195 0.223558 0.0607372 0.0504808 0.0580128
0 0.561498 0.22524 0.873397 0.0254808 0.0532051
0 0.565259 0.135337 0.176442 0.0269231 0.0817308
0 0.581113 0.494712 0.475 0.0384615 0.0698718
0 0.598325 0.275481 0.814263 0.0326923 0.0772436
0 0.602636 0.384856 0.0785256 0.0610577 0.0865385
0 0.608906 0.06875 0.176122 0.0269231 0.0432692
0 0.625706 0.667668 0.710577 0.0271635 0.0474359
0 0.647986 0.723918 0.776923 0.119952 0.098718
0 0.67162 0.229808 0.486538 0.05 0.0711538
0 0.687198 0.353606 0.48734 0.0490385 0.0810897
0 0.71884 0.879327 0.737179 0.0875 0.0724359
