0 0.276163 0.274038 0.930128 0.0548077 0.073718
0 0.291436 0.582212 0.176603 0.0216346 0.0666667
0 0.297793 0.445673 0.477404 0.0182692 0.0657051
0 0.319417 0.331731 0.11859 0.0721154 0.0903846
0 0.334978 0.0298077 0.844231 0.0533654 0.108333
0 0.356098 0.439063 0.385577 0.0526442 0.0576923
0 0.35745 0.483774 0.469551 0.0425481 0.0410256
0 0.386184 0.58113 0.257051 0.0516827 0.0423077
0 0.400116 0.769471 0.519712 0.0240385 0.0407051
0 0.453695 0.341587 0.312019 0.0543269 0.0875
0 0.456987 0.602764 0.479968 0.0290865 0.0394231
0 0.458767 0.0620192 0.927083 0.0966346 0.138141
0 0.53974 0.501082 0.720353 0.0233173 0.0759615
0 0.546017 0.463822 0.440545 0.0516827 0.124038
0 0.565659 0.387861 0.408494 0.0439904 0.0785256
0 0.575837 0.83149 0.503686 0.0466346 0.100962
0 0.577011 0.660577 0.0177885 0.0235577 0.0355769
0 0.601633 0.510096 0.370353 0.0543269 0.11891
0 0.619821 0.384615 0.232853 0.0923077 0.203526
0 0.657209 0.664904 0.34375 0.0274038 0.0810897
0 0.671586 0.674399 0.458333 0.0348558 0.0871795
0 0.71963 0.387981 0.620833 0.0346154 0.110897
0 0.753171 0.670913 0.582212 0.0375 0.1125
