0 0.260248 0.335817 0.62484 0.0567308 0.108013
0 0.291133 0.439423 0.315705 0.0235577 0.0628205
0 0.350264 0.94351 0.251923 0.0341346 0.0538462
0 0.372905 0.334495 0.655288 0.0387019 0.0592949
0 0.386974 0.982091 0.286058 0.0358173 0.0548077
0 0.392991 0.630529 0.683974 0.0591346 0.0410256
0 0.400961 0.363702 0.583654 0.0524038 0.0448718
0 0.4036 0.622596 0.362981 0.0384615 0.063141
0 0.408486 0.567428 0.545673 0.0396635 0.0483974
0 0.449345 0.530889 0.093109 0.0483173 0.0650641
0 0.449895 0.853486 0.26859 0.0362981 0.0724359
0 0.45098 0.519591 0.812019 0.0314904 0.0951923
0 0.45174 0.465986 0.458654 0.0675481 0.0512821
0 0.459585 0.833894 0.0184295 0.0480769 0.036859
0 0.471044 0.908173 0.545353 0.0466346 0.0426282
0 0.47982 0.314303 0.528205 0.0430288 0.0397436
0 0.497769 0.636538 0.345994 0.0701923 0.0932692
0 0.504896 0.725 0.282372 0.0350962 0.0788462
0 0.512242 0.426683 0.314263 0.0480769 0.0701923
0 0.5454 0.50625 0.566506 0.0557692 0.0407051
0 0.553314 0.773438 0.551603 0.0401442 0.0391026
0 0.556446 0.760938 0.0801282 0.0579327 0.0673077
0 0.566483 0.528005 0.415705 0.0199519 0.0596154
0 0.567238 0.755649 0.627885 0.0617788 0.0403846
0 0.573377 0.501082 0.197436 0.106971 0.125
0 0.575036 0.671274 0.574359 0.021875 0.0371795
0 0.577898 0.466226 0.802244 0.0987981 0.105128
0 0.592929 0.869231 0.668269 0.0759615 0.112821
0 0.606175 0.805769 0.291186 0.0490385 0.0740385
0 0.608272 0.393149 0.485417 0.0439904 0.0977564
0 0.615341 0.496755 0.327244 0.0396635 0.0410256
0 0.617496 0.134976 0.390224 0.0411058 0.0592949
0 0.624943 0.412981 0.0237179 0.0360577 0.0474359
0 0.648547 0.594712 0.715064 0.0298077 0.0730769
0 0.650834 0.435096 0.166186 0.0538462 0.140705
0 0.671719 0.561779 0.78766 0.0413462 0.0907051
0 0.739059 0.264543 0.475 0.0569712 0.0532051
0 0.743549 0.570913 0.396154 0.0471154 0.0608974
0 0.745423 0.815264 0.15625 0.10649 0.102885
0 0.746378 0.188582 0.682692 0.0637019 0.0807692
0 0.748246 0.861779 0.411699 0.122596 0.147115
0 0.753928 0.415144 0.759776 0.0860577 0.120192
0 0.762808 0.339183 0.3625 0.0822115 0.123718
0 0.79009 0.031851 0.43766 0.0637019 0.109936
0 0.822714 0.894351 0.056891 0.084375 0.0740385
