0 0.254612 0.592308 0.0629808 0.0485577 0.0612179
0 0.257872 0.965745 0.960737 0.0661058 0.0785256
0 0.271946 0.428966 0.253686 0.0425481 0.0464744
0 0.277489 0.983894 0.311538 0.0322115 0.0589744
0 0.301448 0.79399 0.641667 0.0442308 0.105128
0 0.337317 0.916346 0.0376603 0.0389423 0.0663462
0 0.350114 0.75 0.625 0.0860577 0.133974
0 0.363557 0.862019 0.641987 0.0427885 0.0769231
0 0.366047 0.207091 0.10609 0.0632212 0.0762821
0 0.370661 0.753365 0.381571 0.0528846 0.0689103
0 0.378825 0.830769 0.0392628 0.0514423 0.0721154
0 0.400011 0.666947 0.355128 0.0896635 0.10641
0 0.4105 0.128726 0.0682692 0.0584135 0.0666667
0 0.43887 0.668029 0.611859 0.0346154 0.0679487
0 0.439638 0.05625 0.15 0.0620192 0.0583333
0 0.525943 0.153726 0.660737 0.0574519 0.0605769
0 0.55043 0.822957 0.555769 0.0704327 0.0583333
0 0.576111 0.244111 0.632532 0.0439904 0.0695513
0 0.586159 0.379207 0.614583 0.0795673 0.132372
