0 0.253534 0.0789663 0.0261218 0.0425481 0.0522436
0 0.294603 0.246875 0.47516 0.0682692 0.0983974
0 0.298185 0.533413 0.486859 0.0403846 0.0583333
0 0.335729 0.280769 0.0940705 0.0307692 0.0464744
0 0.360414 0.491106 0.482372 0.0235577 0.0442308
0 0.36401 0.188582 0.163782 0.0266827 0.049359
0 0.367018 0.702404 0.948718 0.0413462 0.102564
0 0.388486 0.869231 0.969872 0.0740385 0.0602564
0 0.396921 0.492308 0.658974 0.0302885 0.0487179
0 0.402992 0.399279 0.4125 0.0211538 0.0525641
0 0.406853 0.836779 0.219872 0.0307692 0.0512821
0 0.472499 0.530048 0.658814 0.0254808 0.0464744
0 0.481132 0.704207 0.206571 0.0415865 0.086859
0 0.543888 0.167788 0.109615 0.0418269 0.0576923
0 0.56724 0.223678 0.124199 0.0338942 0.0939103
