0 0.261579 0.351562 0.361538 0.0271635 0.0512821
0 0.31159 0.932452 0.792468 0.0495192 0.0804487
0 0.31427 0.628486 0.627083 0.165144 0.165705
0 0.36735 0.383534 0.863782 0.0555288 0.075641
0 0.443012 0.461298 0.0224359 0.0408654 0.0448718
0 0.485679 0.416827 0.575 0.0759615 0.0544872
0 0.49913 0.352524 0.0911859 0.0367788 0.0445513
0 0.506448 0.400721 0.182372 0.0413462 0.0589744
0 0.527205 0.60625 0.483173 0.0947115 0.063141
0 0.52846 0.583894 0.198077 0.0394231 0.0621795
0 0.552018 0.676082 0.418109 0.104087 0.115064
0 0.562296 0.220913 0.541026 0.0485577 0.0512821
0 0.562489 0.265144 0.573397 0.0365385 0.0423077
0 0.572848 0.288462 0.489103 0.0826923 0.0666667
0 0.666857 0.29399 0.401442 0.1 0.0932692
0 0.705954 0.934976 0.139263 0.123798 0.190064
0 0.707011 0.757452 0.294712 0.0389423 0.061859
0 0.710529 0.331611 0.642147 0.101202 0.0971154
0 0.726471 0.234495 0.341827 0.0516827 0.0875
0 0.730295 0.562019 0.254968 0.0918269 0.0983974
0 0.731459 0.739062 0.583654 0.100721 0.101282
0 0.756651 0.808173 0.241186 0.0774038 0.111859
0 0.784497 0.0456731 0.349679 0.0913462 0.138462
0 0.793938 0.284856 0.835417 0.128846 0.136218
