0 0.251823 0.305889 0.693109 0.0329327 0.0317308
0 0.265184 0.303245 0.717468 0.046875 0.0701923
0 0.298572 0.63113 0.0498397 0.0252404 0.0426282
0 0.299735 0.335216 0.881731 0.0598558 0.0679487
0 0.302902 0.371755 0.927564 0.0266827 0.0480769
0 0.394027 0.397115 0.955288 0.0427885 0.0650641
0 0.411699 0.575481 0.536218 0.0764423 0.0762821
0 0.471784 0.442428 0.850481 0.0579327 0.0554487
0 0.541608 0.239063 0.861859 0.0574519 0.0628205
0 0.631315 0.637019 0.170353 0.0490385 0.0439103
0 0.64688 0.591587 0.853205 0.0384615 0.0583333
0 0.670179 0.602043 0.428846 0.0536058 0.102564
0 0.725214 0.93774 0.433013 0.0836538 0.10641
0 0.732066 0.656971 0.341026 0.0475962 0.0852564
0 0.736692 0.114663 0.101763 0.0725962 0.116987
0 0.75251 0.176923 0.492308 0.0591346 0.0647436
