0 0.260646 0.561298 0.159776 0.0307692 0.0817308
0 0.280714 0.299639 0.589263 0.0603365 0.0830128
0 0.285458 0.455048 0.666186 0.0298077 0.0567308
0 0.334785 0.119952 0.585096 0.0442308 0.0426282
0 0.346931 0.615264 0.190064 0.0223558 0.0557692
0 0.347521 0.633774 0.308333 0.102163 0.123718
0 0.385852 0.907692 0.964904 0.0519231 0.0701923
0 0.386542 0.670313 0.0846154 0.0329327 0.0474359
0 0.400131 0.655769 0.182532 0.0370192 0.0375
0 0.400674 0.41863 0.658974 0.0387019 0.0653846
0 0.412054 0.328245 0.969712 0.0415865 0.0605769
0 0.470406 0.670192 0.144071 0.0456731 0.0413462
0 0.471414 0.0828125 0.664904 0.0737981 0.086859
0 0.474121 0.530529 0.834455 0.0524038 0.134295
0 0.478131 0.624519 0.266506 0.0908654 0.0958333
0 0.478762 0.829567 0.185096 0.0644231 0.0900641
0 0.492613 0.0183894 0.426442 0.0367788 0.0926282
0 0.500924 0.186418 0.701442 0.0786058 0.0573718
0 0.576099 0.143029 0.608974 0.0370192 0.0916667
0 0.608799 0.371034 0.645192 0.0391827 0.0974359
0 0.686926 0.566466 0.465705 0.0401442 0.0891026
0 0.71154 0.116707 0.770833 0.0627404 0.0608974
0 0.720959 0.646875 0.365064 0.0932692 0.0634615
0 0.765959 0.254808 0.186218 0.0283654 0.0525641
