0 0.260868 0.788101 0.538301 0.0435096 0.0432692
0 0.265225 0.795072 0.253365 0.0329327 0.0387821
0 0.272177 0.595312 0.51234 0.0588942 0.0727564
0 0.277812 0.755048 0.563622 0.0254808 0.0272436
0 0.281933 0.709856 0.403045 0.0269231 0.0439103
0 0.282756 0.659856 0.539904 0.0399038 0.0554487
0 0.290262 0.625721 0.450641 0.0432692 0.0435897
0 0.304541 0.534375 0.740224 0.0389423 0.0323718
0 0.304706 0.854928 0.56891 0.0242788 0.0423077
0 0.314222 0.504207 0.478526 0.0348558 0.0775641
0 0.326913 0.0889423 0.025 0.0706731 0.0442308
0 0.33958 0.134856 0.240224 0.0509615 0.0810897
0 0.357515 0.669591 0.663782 0.0204327 0.0365385
0 0.372588 0.533654 0.786058 0.0322115 0.0323718
0 0.375086 0.478125 0.413141 0.04375 0.0858974
0 0.38524 0.232091 0.131731 0.034375 0.0615385
0 0.409808 0.355409 0.415865 0.0612981 0.141987
0 0.438267 0.222716 0.197436 0.0319712 0.0384615
0 0.445653 0.0856971 0.201763 0.0829327 0.0682692
0 0.455557 0.333173 0.364904 0.0254808 0.0516026
0 0.45861 0.33113 0.736859 0.0151442 0.0474359
0 0.472806 0.469952 0.521955 0.0807692 0.102244
0 0.479611 0.883774 0.770994 0.0689904 0.0727564
0 0.52153 0.768269 0.816186 0.0423077 0.0701923
0 0.525943 0.0179087 0.153365 0.0358173 0.13109
0 0.535942 0.138221 0.0447115 0.0480769 0.0817308
0 0.53712 0.644952 0.589583 0.0240385 0.0375
0 0.544306 0.722596 0.777404 0.0418269 0.0695513
0 0.551565 0.609375 0.344551 0.0596154 0.0711538
0 0.553476 0.890144 0.684135 0.0235577 0.0413462
0 0.55547 0.18137 0.471635 0.0526442 0.0464744
0 0.591791 0.815865 0.790224 0.0649038 0.0516026
0 0.596441 0.618149 0.403045 0.040625 0.0387821
0 0.638301 0.041226 0.732532 0.0771635 0.0721154
0 0.638486 0.239423 0.446154 0.05 0.107051
0 0.654957 0.0859375 0.0927885 0.107452 0.0746795
0 0.700482 0.485697 0.759295 0.0463942 0.0467949
0 0.724041 0.532332 0.360737 0.0358173 0.0785256
0 0.738985 0.036899 0.282212 0.0574519 0.0637821
0 0.824115 0.292668 0.472917 0.059375 0.165705
