0 0.258263 0.949279 0.0206731 0.0375 0.0413462
0 0.290623 0.452524 0.859776 0.0487981 0.0740385
0 0.302516 0.229447 0.706891 0.0752404 0.0842949
0 0.329431 0.290024 0.186218 0.0435096 0.0589744
0 0.354757 0.955769 0.167308 0.0591346 0.0961538
0 0.387576 0.569111 0.889904 0.0276442 0.0548077
0 0.415122 0.776322 0.0508013 0.0391827 0.0983974
0 0.433827 0.811058 0.0589744 0.0764423 0.0724359
0 0.473519 0.358534 0.641987 0.0622596 0.128846
0 0.492039 0.971875 0.261058 0.05625 0.108654
0 0.506797 0.0751202 0.449679 0.0512019 0.0820513
0 0.541787 0.242788 0.759135 0.0860577 0.0663462
0 0.557138 0.414062 0.561218 0.0497596 0.0685897
0 0.579514 0.682813 0.564103 0.0978365 0.153205
0 0.706187 0.908654 0.489744 0.0701923 0.099359
