0 0.294498 0.149159 0.423558 0.0387019 0.0503205
0 0.347175 0.432692 0.263462 0.0331731 0.0416667
0 0.351345 0.898197 0.352885 0.0478365 0.0512821
0 0.367554 0.948438 0.288942 0.0199519 0.0509615
0 0.379913 0.182212 0.81859 0.0721154 0.0551282
0 0.405792 0.319351 0.604006 0.0502404 0.036218
0 0.416214 0.523197 0.568269 0.071875 0.0717949
0 0.434326 0.665144 0.109455 0.0245192 0.0471154
0 0.456417 0.196995 0.252244 0.0622596 0.0583333
0 0.481604 0.267188 0.178526 0.0314904 0.0467949
0 0.522029 0.79399 0.127885 0.0586538 0.0596154
0 0.535578 0.28125 0.287821 0.0480769 0.0621795
0 0.539173 0.908654 0.779006 0.04375 0.0907051
0 0.566454 0.607692 0.275481 0.0596154 0.0798077
0 0.700006 0.525721 0.411859 0.0716346 0.0974359
0 0.716725 0.480168 0.625 0.0526442 0.0820513
