0 0.251824 0.595553 0.428686 0.0310096 0.0810897
0 0.257088 0.0265625 0.227404 0.053125 0.1625
0 0.257315 0.385096 0.452564 0.0432692 0.0923077
0 0.261926 0.732933 0.152244 0.0379808 0.0532051
0 0.262479 0.629808 0.194872 0.0605769 0.0615385
0 0.286255 0.207452 0.374679 0.0274038 0.074359
0 0.286831 0.544351 0.0634615 0.0661058 0.099359
0 0.314192 0.379087 0.671314 0.0326923 0.0451923
0 0.33996 0.717308 0.150321 0.0533654 0.0730769
0 0.343113 0.0313702 0.460897 0.0569712 0.0916667
0 0.352684 0.468389 0.217788 0.0262019 0.0342949
0 0.368473 0.527043 0.575 0.0608173 0.0910256
0 0.497523 0.55625 0.330769 0.0264423 0.0538462
0 0.554807 0.639784 0.271474 0.0180288 0.0487179
0 0.577368 0.31262 0.139263 0.0411058 0.0644231
0 0.636048 0.387019 0.0511218 0.0245192 0.0509615
0 0.833558 0.113942 0.163942 0.0793269 0.166987
