0 0.259039 0.980649 0.348718 0.0382212 0.0846154
0 0.260533 0.987861 0.60625 0.0242788 0.108013
0 0.263997 0.350962 0.715064 0.03125 0.0467949
0 0.302341 0.502163 0.760256 0.05625 0.0794872
0 0.329171 0.394952 0.485737 0.0355769 0.0439103
0 0.330545 0.477764 0.350641 0.0435096 0.0538462
0 0.333722 0.430889 0.481731 0.0459135 0.0769231
0 0.342034 0.228125 0.54391 0.0355769 0.0487179
0 0.343905 0.532091 0.351923 0.0632212 0.0544872
0 0.351418 0.479928 0.42484 0.040625 0.0509615
0 0.39886 0.315745 0.737179 0.0266827 0.0448718
0 0.404511 0.410337 0.252885 0.0889423 0.0589744
0 0.421285 0.379207 0.744712 0.0641827 0.0817308
0 0.425047 0.450601 0.729487 0.053125 0.0762821
0 0.426852 0.788582 0.0461538 0.0430288 0.0583333
0 0.458541 0.430048 0.873397 0.0442308 0.0621795
0 0.4644 0.290144 0.422756 0.0283654 0.0442308
0 0.479613 0.681731 0.467308 0.0471154 0.0717949
0 0.491754 0.591106 0.732692 0.0730769 0.0724359
0 0.498825 0.842188 0.513942 0.0372596 0.0496795
0 0.499434 0.557692 0.250962 0.0379808 0.0666667
0 0.525039 0.783534 0.171955 0.0627404 0.088782
0 0.52521 0.779087 0.516827 0.0451923 0.0580128
0 0.540416 0.806731 0.633173 0.0423077 0.0766026
0 0.569289 0.320913 0.0645833 0.0403846 0.0612179
0 0.569398 0.508654 0.251603 0.0677885 0.0596154
0 0.585861 0.320433 0.820513 0.0432692 0.0403846
0 0.604957 0.298798 0.121154 0.0432692 0.0782051
0 0.635638 0.367668 0.525962 0.0550481 0.0673077
0 0.691401 0.229687 0.0711538 0.0358173 0.05
0 0.738624 0.311058 0.531731 0.0745192 0.1
