0 0.282019 0.420673 0.15609 0.0158654 0.0429487
0 0.287057 0.275481 0.10641 0.0384615 0.073718
0 0.28934 0.759976 0.655609 0.0348558 0.0496795
0 0.300313 0.891827 0.868429 0.0682692 0.0682692
0 0.327645 0.273317 0.64984 0.0360577 0.0676282
0 0.333581 0.415264 0.0501603 0.0449519 0.0432692
0 0.340721 0.810697 0.315545 0.0502404 0.0900641
0 0.378295 0.282933 0.789583 0.0432692 0.0509615
0 0.381813 0.317187 0.0762821 0.0382212 0.0647436
0 0.396343 0.259736 0.872276 0.0521635 0.0759615
0 0.398608 0.303486 0.571474 0.0550481 0.0839744
0 0.411009 0.0612981 0.710256 0.0567308 0.0474359
0 0.428545 0.75024 0.314744 0.0528846 0.0666667
0 0.436096 0.831971 0.411538 0.0307692 0.0935897
0 0.439094 0.40601 0.836218 0.0475962 0.0416667
0 0.441256 0.15024 0.643429 0.0346154 0.0516026
0 0.474919 0.446274 0.574199 0.0512019 0.150321
0 0.503817 0.876803 0.379167 0.0425481 0.0762821
0 0.528262 0.603245 0.123237 0.0382212 0.063141
0 0.585139 0.865264 0.511218 0.0415865 0.0711538
