0 0.252875 0.572356 0.570353 0.0423077 0.0804487
0 0.320274 0.0836538 0.0836538 0.0461538 0.050641
0 0.336052 0.563462 0.29359 0.0528846 0.074359
0 0.360267 0.377284 0.279808 0.0502404 0.0544872
0 0.381956 0.359135 0.678686 0.0908654 0.0964744
0 0.440173 0.41899 0.258974 0.0288462 0.0294872
0 0.450387 0.444231 0.197756 0.0394231 0.0487179
0 0.455536 0.461418 0.847596 0.128125 0.126603
0 0.554193 0.289303 0.279808 0.0425481 0.0807692
0 0.558158 0.501562 0.303526 0.0747596 0.0948718
0 0.569489 0.60637 0.180128 0.0463942 0.05
0 0.581421 0.603245 0.111538 0.0334135 0.0480769
0 0.603683 0.436418 0.661699 0.0670673 0.0804487
0 0.655372 0.700721 0.88109 0.0461538 0.0692308
