0 0.290906 0.420553 0.215865 0.0699519 0.0541667
0 0.311572 0.266587 0.0442308 0.0528846 0.0794872
0 0.348333 0.322476 0.708974 0.0584135 0.0461538
0 0.395052 0.496394 0.518109 0.0341346 0.0387821
0 0.400328 0.315385 0.0469551 0.0634615 0.0746795
0 0.40164 0.022476 0.905288 0.0430288 0.0669872
0 0.422389 0.497716 0.626603 0.0473558 0.0621795
0 0.500455 0.132452 0.448718 0.0581731 0.0769231
0 0.524733 0.789423 0.111859 0.0538462 0.0839744
0 0.529408 0.533894 0.117147 0.0413462 0.0740385
0 0.539944 0.0334135 0.385256 0.0370192 0.0615385
0 0.559586 0.386538 0.025641 0.05625 0.0512821
0 0.576791 0.027524 0.491506 0.0550481 0.104808
0 0.620927 0.386058 0.414423 0.0375 0.0544872
0 0.646867 0.0862981 0.39375 0.0504808 0.0650641
0 0.719116 0.0430288 0.766346 0.075 0.0929487
