0 0.257 0.849279 0.450641 0.0302885 0.050641
0 0.295559 0.402644 0.580769 0.0394231 0.0858974
0 0.355809 0.441827 0.307532 0.0480769 0.0612179
0 0.383026 0.801442 0.159615 0.0528846 0.0525641
0 0.389848 0.68149 0.248558 0.0283654 0.0817308
0 0.422022 0.569591 0.366667 0.0670673 0.116667
0 0.477149 0.70637 0.766026 0.0598558 0.0980769
0 0.502522 0.50024 0.472436 0.0269231 0.0596154
0 0.509528 0.729567 0.044391 0.0788462 0.0849359
0 0.563084 0.142909 0.43125 0.0411058 0.0951923
0 0.579733 0.826923 0.380288 0.0341346 0.0746795
0 0.616706 0.0375 0.96859 0.075 0.0628205
0 0.660156 0.377764 0.176122 0.0454327 0.0509615
0 0.747016 0.251923 0.94984 0.102885 0.100321
0 0.774205 0.30012 0.0480769 0.0564904 0.0961538
