0 0.284487 0.738221 0.248397 0.0346154 0.0320513
0 0.303532 0.316707 0.323718 0.0526442 0.101282
0 0.373476 0.474279 0.0647436 0.0504808 0.11859
0 0.376977 0.596034 0.372596 0.0223558 0.0612179
0 0.388721 0.604087 0.574519 0.0427885 0.0445513
0 0.409047 0.367067 0.337179 0.0697115 0.0711538
0 0.456728 0.329688 0.329327 0.11899 0.106731
0 0.477889 0.685817 0.587821 0.0490385 0.0833333
0 0.48806 0.259976 0.409615 0.0810096 0.0589744
0 0.489089 0.376923 0.239904 0.05 0.0625
0 0.522256 0.427043 0.0434295 0.0262019 0.086859
0 0.534456 0.615144 0.520353 0.0480769 0.0772436
0 0.559444 0.313822 0.0682692 0.0449519 0.0519231
0 0.575086 0.388942 0.110256 0.0668269 0.0519231
0 0.584354 0.676442 0.423397 0.0524038 0.0814103
0 0.587229 0.453486 0.331731 0.0790865 0.0769231
0 0.626001 0.977163 0.763782 0.0456731 0.0974359
0 0.638916 0.80625 0.139904 0.0447115 0.0746795
0 0.780344 0.326082 0.487821 0.241106 0.183974
0 0.841599 0.892548 0.616186 0.146154 0.14391
