0 0.250366 0.353966 0.527564 0.0603365 0.0519231
0 0.254903 0.751683 0.546635 0.0399038 0.0394231
0 0.27471 0.229447 0.817788 0.0502404 0.0400641
0 0.304991 0.90024 0.676763 0.0341346 0.0669872
0 0.335131 0.0897837 0.25609 0.0377404 0.0641026
0 0.366131 0.970793 0.152724 0.0536058 0.0644231
0 0.378151 0.384014 0.623558 0.0367788 0.0509615
0 0.541207 0.276082 0.481571 0.0319712 0.0676282
0 0.599135 0.251322 0.753205 0.0502404 0.050641
0 0.605824 0.924038 0.203045 0.0432692 0.0432692
0 0.6062 0.659856 0.817308 0.0653846 0.138462
