0 0.299777 0.355409 0.753686 0.0622596 0.0772436
0 0.31424 0.731611 0.623718 0.0584135 0.0884615
0 0.31881 0.719591 0.546474 0.0574519 0.0929487
0 0.341076 0.503486 0.727564 0.0387019 0.0461538
0 0.347204 0.468389 0.932372 0.0411058 0.0711538
0 0.355101 0.127284 0.970673 0.0675481 0.0580128
0 0.362827 0.815505 0.706571 0.0939904 0.126603
0 0.4464 0.766106 0.734615 0.0485577 0.0871795
0 0.470098 0.493149 0.7125 0.0473558 0.0576923
0 0.48762 0.0663462 0.83141 0.102885 0.0679487
0 0.503244 0.505409 0.629006 0.0800481 0.0548077
0 0.518899 0.220192 0.389904 0.0663462 0.0798077
0 0.539644 0.112981 0.757212 0.0793269 0.0689103
0 0.539848 0.570433 0.251282 0.0610577 0.0634615
0 0.541454 0.0344952 0.700962 0.0670673 0.173718
0 0.584768 0.784255 0.819551 0.101202 0.0551282
0 0.59665 0.837139 0.914423 0.0492788 0.0865385
0 0.609933 0.768389 0.171955 0.0632212 0.0798077
0 0.615553 0.758654 0.44359 0.0451923 0.0769231
0 0.777758 0.5 0.362981 0.237981 0.238782
