0 0.259869 0.595793 0.253846 0.0367788 0.0461538
0 0.285682 0.155889 0.167788 0.0305288 0.0407051
0 0.286962 0.246274 0.187821 0.0180288 0.0384615
0 0.301134 0.157091 0.481571 0.0569712 0.0919872
0 0.341219 0.277644 0.0432692 0.0471154 0.0698718
0 0.367959 0.352163 0.0738782 0.0509615 0.0753205
0 0.370108 0.264784 0.0483974 0.0295673 0.049359
0 0.411084 0.162861 0.249359 0.0257212 0.0711538
0 0.542571 0.129688 0.493269 0.0795673 0.0807692
0 0.565107 0.743269 0.371795 0.0475962 0.0589744
0 0.578561 0.18762 0.0453526 0.0492788 0.0599359
0 0.587938 0.400361 0.0416667 0.046875 0.0589744
0 0.623883 0.300721 0.509615 0.0283654 0.0730769
0 0.660975 0.200841 0.350962 0.0454327 0.0589744
