0 0.250144 0.543029 0.760417 0.0235577 0.0483974
0 0.28327 0.665986 0.397917 0.0209135 0.0483974
0 0.283553 0.959014 0.497596 0.0295673 0.0419872
0 0.3465 0.0366587 0.96234 0.0704327 0.0753205
0 0.347489 0.685817 0.665224 0.0495192 0.0932692
0 0.378314 0.98113 0.462981 0.0377404 0.0663462
0 0.386769 0.664784 0.586859 0.0372596 0.0384615
0 0.395898 0.552885 0.548878 0.0432692 0.0490385
0 0.415805 0.827284 0.206891 0.0478365 0.113141
0 0.472553 0.529688 0.576923 0.0276442 0.024359
0 0.477434 0.690505 0.533814 0.0401442 0.0586538
0 0.480562 0.612861 0.104808 0.0516827 0.0589744
0 0.490328 0.649279 0.677724 0.0389423 0.0740385
0 0.502071 0.608053 0.85625 0.0641827 0.0785256
0 0.512608 0.907572 0.0839744 0.0521635 0.0442308
0 0.542119 0.790865 0.961378 0.0432692 0.0759615
0 0.545135 0.542188 0.114583 0.0545673 0.0490385
0 0.547021 0.627644 0.725 0.0485577 0.0448718
0 0.54763 0.750601 0.884135 0.0459135 0.0522436
0 0.564212 0.492909 0.61266 0.0367788 0.0394231
0 0.587156 0.768389 0.373077 0.0353365 0.0557692
0 0.645376 0.47488 0.221795 0.0334135 0.0391026
0 0.708037 0.881611 0.374038 0.0492788 0.0647436
