0 0.256502 0.409495 0.686859 0.0396635 0.0480769
0 0.268375 0.517067 0.292788 0.0201923 0.0599359
0 0.273549 0.346274 0.408494 0.0555288 0.0849359
0 0.27475 0.298918 0.83125 0.0233173 0.0567308
0 0.320146 0.480409 0.623718 0.0858173 0.0897436
0 0.331129 0.560817 0.0485577 0.0177885 0.0483974
0 0.336166 0.887019 0.497436 0.0384615 0.0416667
0 0.338518 0.26262 0.578686 0.114183 0.061859
0 0.34471 0.378125 0.965705 0.0206731 0.0397436
0 0.388079 0.50024 0.270513 0.0471154 0.0794872
0 0.462706 0.601442 0.0516026 0.0379808 0.0564103
0 0.473367 0.436298 0.246795 0.0485577 0.0352564
0 0.48231 0.225962 0.590545 0.0475962 0.038141
0 0.502243 0.696875 0.397596 0.0317308 0.0701923
0 0.520211 0.258173 0.69375 0.0399038 0.0817308
0 0.546665 0.220673 0.711378 0.0355769 0.0932692
0 0.55381 0.559976 0.227885 0.0516827 0.0583333
0 0.593749 0.677644 0.325321 0.0399038 0.0551282
0 0.599491 0.716707 0.489583 0.0939904 0.0926282
0 0.6184 0.877043 0.0991987 0.134856 0.100962
0 0.618828 0.408894 0.933974 0.0519231 0.0666667
0 0.629806 0.396875 0.798718 0.0716346 0.074359
0 0.63004 0.467308 0.600801 0.0783654 0.0855769
0 0.672314 0.395192 0.56234 0.0278846 0.0708333
0 0.680468 0.266226 0.209295 0.0401442 0.0839744
0 0.698246 0.970673 0.803045 0.0552885 0.109295
0 0.70209 0.430769 0.308013 0.0581731 0.0692308
0 0.705641 0.929808 0.91266 0.0350962 0.0516026
0 0.709611 0.927764 0.447917 0.0362981 0.0554487
0 0.733283 0.509856 0.657051 0.0706731 0.049359
0 0.785199 0.93738 0.547436 0.0882212 0.0929487
0 0.799534 0.338822 0.36266 0.0762019 0.179167
0 0.812522 0.0292067 0.442147 0.0584135 0.0753205
