0 0.250817 0.897236 0.0604167 0.0540865 0.0810897
0 0.280222 0.0882212 0.173397 0.075 0.135256
0 0.282868 0.0157452 0.103846 0.0286058 0.0916667
0 0.302196 0.16238 0.249519 0.0401442 0.0862179
0 0.318265 0.0866587 0.298878 0.0848558 0.0791667
0 0.335007 0.463462 0.0371795 0.05625 0.0576923
0 0.349188 0.0106971 0.226122 0.0180288 0.134295
0 0.376457 0.0364183 0.104968 0.0612981 0.0817308
0 0.381061 0.588582 0.665064 0.0483173 0.0455128
0 0.396658 0.0302885 0.392949 0.0528846 0.073718
0 0.426021 0.574159 0.474359 0.0569712 0.103205
0 0.462602 0.656971 0.642628 0.0379808 0.0615385
0 0.486993 0.367428 0.352885 0.0401442 0.0544872
0 0.513973 0.414663 0.425801 0.0336538 0.0823718
0 0.520382 0.391947 0.292308 0.0396635 0.0814103
0 0.554817 0.509375 0.561859 0.0663462 0.104487
0 0.599819 0.676442 0.277885 0.120192 0.151282
0 0.638194 0.0998798 0.0581731 0.0362981 0.0439103
0 0.67557 0.453125 0.478205 0.0423077 0.0615385
0 0.683685 0.417067 0.113782 0.04375 0.0403846
0 0.690935 0.380048 0.0551282 0.03125 0.0852564
0 0.759263 0.605529 0.582372 0.0543269 0.0910256
