0 0.273537 0.210697 0.753045 0.0651442 0.0894231
0 0.284031 0.415505 0.151923 0.0401442 0.0833333
0 0.286639 0.696274 0.0363782 0.0305288 0.0458333
0 0.302351 0.328125 0.613622 0.0298077 0.0342949
0 0.318003 0.0704327 0.247436 0.0302885 0.0448718
0 0.327649 0.205889 0.548397 0.0680288 0.0538462
0 0.333638 0.768029 0.0169872 0.0485577 0.0339744
0 0.34039 0.718389 0.185577 0.0439904 0.0583333
0 0.350822 0.213702 0.472917 0.0355769 0.036218
0 0.353621 0.449519 0.251923 0.0634615 0.105128
0 0.399987 0.891346 0.0272436 0.0485577 0.0532051
0 0.407093 0.842188 0.280449 0.0382212 0.0557692
0 0.411973 0.647837 0.455128 0.0307692 0.0384615
0 0.413146 0.52512 0.627885 0.0300481 0.0435897
0 0.419752 0.416827 0.326282 0.0451923 0.0557692
0 0.423455 0.920913 0.0628205 0.0701923 0.0634615
0 0.427368 0.847476 0.0748397 0.0401442 0.0958333
0 0.431408 0.760577 0.777404 0.0600962 0.102244
0 0.432902 0.625962 0.740545 0.0442308 0.0785256
0 0.439627 0.807452 0.969551 0.101923 0.0608974
0 0.467219 0.0564904 0.379487 0.0514423 0.0762821
0 0.468778 0.682452 0.65 0.0274038 0.0384615
0 0.477088 0.759856 0.408814 0.0865385 0.0759615
0 0.521975 0.530409 0.532051 0.0372596 0.0602564
0 0.52362 0.678846 0.529487 0.0557692 0.0602564
0 0.531022 0.453846 0.417949 0.0990385 0.110897
0 0.537745 0.325361 0.421154 0.0300481 0.0660256
0 0.545516 0.954928 0.688942 0.0742788 0.061859
0 0.550092 0.842548 0.676442 0.0701923 0.0958333
0 0.583962 0.951322 0.165385 0.0867788 0.102564
0 0.608239 0.729567 0.0400641 0.0346154 0.0519231
0 0.638872 0.822837 0.355288 0.0620192 0.106731
0 0.647264 0.855769 0.889744 0.0480769 0.0717949
0 0.649347 0.0346154 0.541506 0.0581731 0.0426282
0 0.65394 0.887861 0.300481 0.0492788 0.0650641
0 0.685789 0.666947 0.587019 0.0411058 0.0471154
0 0.703176 0.919471 0.591026 0.0966346 0.0788462
0 0.769352 0.689784 0.829327 0.0545673 0.0983974
