0 0.259658 0.534135 0.980769 0.0725962 0.0378205
0 0.262227 0.890505 0.957692 0.0526442 0.0846154
0 0.26389 0.625361 0.470192 0.0391827 0.0384615
0 0.273636 0.609736 0.555609 0.0401442 0.0548077
0 0.274536 0.523918 0.0408654 0.0550481 0.0605769
0 0.277048 0.688582 0.880609 0.0353365 0.0701923
0 0.292192 0.421635 0.375641 0.0278846 0.0403846
0 0.329386 0.347476 0.596795 0.0487981 0.0512821
0 0.344106 0.83726 0.733814 0.0331731 0.0682692
0 0.352617 0.675962 0.473718 0.0942308 0.110256
0 0.388924 0.611779 0.974359 0.0466346 0.0391026
0 0.419741 0.563822 0.917468 0.0439904 0.0708333
0 0.484034 0.496034 0.947917 0.0425481 0.0894231
0 0.510545 0.67512 0.353686 0.0473558 0.0875
0 0.519351 0.7375 0.461058 0.0384615 0.088141
0 0.526291 0.48125 0.553205 0.0326923 0.0410256
0 0.605196 0.603125 0.354647 0.0519231 0.124679
0 0.610668 0.491106 0.395032 0.0889423 0.100962
0 0.629037 0.180649 0.3375 0.0699519 0.0878205
0 0.658152 0.89363 0.172436 0.0670673 0.0794872
0 0.66871 0.0439904 0.701763 0.0865385 0.130449
0 0.710057 0.638822 0.868269 0.0685096 0.0788462
