0 0.259977 0.476683 0.234615 0.0216346 0.0365385
0 0.311628 0.787139 0.806891 0.0439904 0.0772436
0 0.312288 0.550361 0.64359 0.0310096 0.0602564
0 0.326517 0.940264 0.914423 0.0266827 0.0371795
0 0.340028 0.884736 0.298077 0.0411058 0.0589744
0 0.355569 0.742067 0.0955128 0.0264423 0.0692308
0 0.380092 0.804447 0.227724 0.0747596 0.0759615
0 0.390769 0.4625 0.173237 0.0177885 0.0445513
0 0.405319 0.309375 0.235417 0.0504808 0.088141
0 0.434964 0.367067 0.651122 0.0322115 0.0945513
0 0.471285 0.123918 0.525801 0.0444712 0.0862179
0 0.479535 0.258053 0.232372 0.0588942 0.0705128
0 0.509076 0.795072 0.0959936 0.0473558 0.100321
0 0.536922 0.973558 0.0873397 0.0528846 0.111218
0 0.552329 0.445072 0.271635 0.0430288 0.0862179
0 0.605234 0.658053 0.682372 0.0290865 0.0557692
0 0.634558 0.415144 0.735577 0.0735577 0.0884615
0 0.654444 0.934135 0.154006 0.0504808 0.063141
0 0.693754 0.73125 0.439583 0.0365385 0.0548077
0 0.709873 0.672716 0.198397 0.0252404 0.0512821
