0 0.29794 0.172716 0.944551 0.0507212 0.0608974
0 0.335823 0.141947 0.551122 0.0713942 0.100962
0 0.336954 0.638341 0.858974 0.053125 0.127564
0 0.345859 0.495673 0.620192 0.0576923 0.0782051
0 0.372115 0.232332 0.758013 0.0752404 0.141026
0 0.373403 0.526082 0.525641 0.0550481 0.117949
0 0.405565 0.0317308 0.461699 0.0634615 0.127885
0 0.454115 0.221995 0.461859 0.131971 0.199359
0 0.467159 0.101923 0.952404 0.0600962 0.0951923
0 0.507002 0.426322 0.50641 0.0920673 0.100641
0 0.524776 0.110337 0.843269 0.0668269 0.0878205
0 0.537144 0.813341 0.947115 0.0387019 0.0782051
0 0.579185 0.857212 0.652404 0.119231 0.108013
0 0.588423 0.0379808 0.961218 0.0759615 0.0775641
0 0.612033 0.319952 0.598558 0.0894231 0.189423
0 0.640409 0.620313 0.524359 0.0766827 0.139103
0 0.661612 0.449159 0.817788 0.0430288 0.118269
0 0.672436 0.171995 0.810577 0.0675481 0.135897
0 0.732383 0.970793 0.204808 0.0584135 0.144872
0 0.747618 0.311779 0.846314 0.0600962 0.111218
