0 0.271325 0.888702 0.298077 0.0552885 0.0487179
0 0.271468 0.237861 0.241987 0.0310096 0.0474359
0 0.281538 0.821034 0.833333 0.0449519 0.0583333
0 0.293279 0.485337 0.195673 0.0173077 0.0400641
0 0.297104 0.0314904 0.208494 0.0302885 0.0535256
0 0.314276 0.398558 0.107853 0.0197115 0.0375
0 0.31635 0.546034 0.49359 0.0459135 0.05
0 0.340764 0.384375 0.0677885 0.0504808 0.0387821
0 0.356081 0.502644 0.221474 0.0230769 0.0557692
0 0.367046 0.701442 0.539904 0.0274038 0.0509615
0 0.379282 0.24399 0.254808 0.0408654 0.0884615
0 0.38291 0.0228365 0.0440705 0.0447115 0.0842949
0 0.386739 0.419231 0.228205 0.03125 0.0762821
0 0.387169 0.441947 0.0467949 0.0372596 0.0589744
0 0.40335 0.91262 0.245032 0.0487981 0.0625
0 0.413493 0.339663 0.666987 0.0625 0.112179
0 0.426614 0.839904 0.945513 0.0269231 0.0339744
0 0.450414 0.460697 0.218429 0.0271635 0.0548077
0 0.470589 0.531851 0.0857372 0.0536058 0.0464744
0 0.475034 0.334736 0.115224 0.0502404 0.0836538
0 0.482536 0.378726 0.16859 0.0391827 0.0384615
0 0.513647 0.930168 0.802244 0.0286058 0.0564103
0 0.525325 0.279207 0.110577 0.0213942 0.0474359
0 0.55468 0.234495 0.629808 0.0377404 0.0589744
0 0.571449 0.838702 0.419391 0.0399038 0.0650641
0 0.668148 0.865024 0.230449 0.0425481 0.050641
