0 0.267344 0.931731 0.139583 0.0408654 0.0342949
0 0.287277 0.404808 0.0445513 0.0240385 0.0788462
0 0.298991 0.983293 0.148397 0.0324519 0.0814103
0 0.305462 0.803005 0.368269 0.0507212 0.0730769
0 0.307945 0.0169471 0.529006 0.0319712 0.0599359
0 0.320553 0.327524 0.150801 0.0536058 0.0907051
0 0.321407 0.647716 0.20609 0.0612981 0.167949
0 0.348615 0.503125 0.396474 0.0375 0.0416667
0 0.428261 0.105769 0.457212 0.0745192 0.100962
0 0.435049 0.714663 0.65593 0.0274038 0.0516026
0 0.458823 0.134856 0.24984 0.0355769 0.0708333
0 0.458901 0.488221 0.120192 0.0360577 0.0525641
0 0.462724 0.0766827 0.21891 0.0591346 0.0660256
0 0.463029 0.0573317 0.168429 0.0512019 0.0586538
0 0.472225 0.184976 0.291186 0.0579327 0.0426282
0 0.493515 0.282212 0.0775641 0.0177885 0.0448718
0 0.503739 0.224519 0.188301 0.0490385 0.0586538
0 0.541349 0.352885 0.152724 0.112019 0.0798077
0 0.558471 0.814062 0.533013 0.0348558 0.0865385
0 0.561681 0.0955529 0.363141 0.0805288 0.108974
0 0.563877 0.857091 0.424679 0.0463942 0.100641
0 0.567832 0.139904 0.877724 0.0927885 0.124038
0 0.570225 0.189784 0.570513 0.0454327 0.0371795
0 0.583329 0.374639 0.0793269 0.0401442 0.0548077
0 0.585129 0.50012 0.0421474 0.0641827 0.0842949
0 0.60937 0.794712 0.602564 0.0254808 0.0679487
0 0.614889 0.0328125 0.442308 0.046875 0.0903846
0 0.623802 0.688101 0.445032 0.0978365 0.109936
0 0.636121 0.0508413 0.888782 0.0560096 0.0782051
0 0.651037 0.529808 0.678526 0.0389423 0.125
0 0.685469 0.248437 0.254167 0.0473558 0.075641
0 0.721486 0.185337 0.400641 0.0774038 0.107051
0 0.824033 0.450601 0.514263 0.0713942 0.108654
