0 0.26565 0.843029 0.0158654 0.0591346 0.0317308
0 0.307744 0.39387 0.323718 0.0617788 0.101923
0 0.31361 0.0942308 0.489904 0.0552885 0.111218
0 0.319953 0.141466 0.312179 0.0569712 0.0628205
0 0.336043 0.585096 0.0479167 0.127404 0.0958333
0 0.359145 0.241827 0.0197115 0.103846 0.0394231
0 0.364265 0.396875 0.613141 0.0336538 0.0596154
0 0.378289 0.0739183 0.441987 0.096875 0.135897
0 0.379551 0.122356 0.328686 0.0971154 0.088141
0 0.398642 0.520553 0.389103 0.0324519 0.05
0 0.425978 0.603365 0.73766 0.0600962 0.0862179
0 0.484121 0.61875 0.677724 0.0375 0.0458333
0 0.559033 0.222476 0.204647 0.0430288 0.0823718
0 0.562779 0.708534 0.548718 0.0555288 0.0455128
0 0.570055 0.0239183 0.257212 0.0338942 0.0496795
0 0.581399 0.415745 0.237821 0.0963942 0.154487
0 0.585272 0.348798 0.172756 0.0552885 0.0788462
0 0.607682 0.808774 0.883654 0.0901442 0.0724359
0 0.635203 0.309255 0.940865 0.0757212 0.0804487
0 0.654207 0.887861 0.494551 0.0305288 0.0570513
0 0.668786 0.458413 0.590705 0.0524038 0.0833333
0 0.671075 0.136779 0.105769 0.102404 0.142308
0 0.679089 0.210577 0.866346 0.114904 0.101923
0 0.679347 0.96226 0.848558 0.0682692 0.0759615
0 0.681051 0.705889 0.733013 0.0675481 0.0916667
0 0.747952 0.394832 0.474679 0.0391827 0.0512821
0 0.752664 0.507933 0.71266 0.08125 0.148397
