0 0.250209 0.381611 0.696314 0.0439904 0.0490385
0 0.255592 0.0439904 0.286538 0.0875 0.0942308
0 0.264421 0.114663 0.464263 0.0451923 0.0721154
0 0.302305 0.75625 0.043109 0.0322115 0.0669872
0 0.321993 0.943149 0.0616987 0.0579327 0.0663462
0 0.33958 0.889543 0.056891 0.0276442 0.0349359
0 0.346594 0.201322 0.455929 0.0555288 0.0766026
0 0.348699 0.734495 0.630929 0.0305288 0.0451923
0 0.361334 0.34375 0.336859 0.0278846 0.0480769
0 0.442374 0.0334135 0.179006 0.0668269 0.322756
0 0.521926 0.146995 0.166827 0.0454327 0.129167
0 0.53749 0.728606 0.0697115 0.0471154 0.0785256
0 0.585014 0.0512019 0.666987 0.0610577 0.0583333
0 0.607283 0.740505 0.152083 0.0396635 0.0958333
0 0.637354 0.293029 0.0238782 0.0269231 0.0407051
0 0.695969 0.809135 0.155449 0.0850962 0.14359
0 0.696452 0.0611779 0.0862179 0.0492788 0.0980769
