0 0.287901 0.982692 0.804327 0.0346154 0.102885
0 0.321178 0.56262 0.618109 0.0444712 0.104167
0 0.327946 0.380048 0.247917 0.0384615 0.0900641
0 0.339414 0.816707 0.960897 0.110817 0.0782051
0 0.358975 0.793029 0.68766 0.0596154 0.153526
0 0.368087 0.808413 0.361699 0.0322115 0.0766026
0 0.453558 0.430409 0.212019 0.0353365 0.0842949
0 0.500921 0.0572115 0.171314 0.0274038 0.0612179
0 0.513247 0.76863 0.577564 0.0420673 0.123718
0 0.520249 0.912139 0.957853 0.0959135 0.0810897
0 0.546557 0.955048 0.730288 0.0841346 0.124038
0 0.547222 0.243389 0.281731 0.0415865 0.112821
0 0.549321 0.346514 0.29375 0.0435096 0.0560897
0 0.561745 0.889183 0.633333 0.0543269 0.0775641
0 0.571333 0.871274 0.251122 0.0300481 0.0637821
0 0.58455 0.410337 0.502244 0.0418269 0.0807692
0 0.61183 0.149279 0.293429 0.0711538 0.123397
0 0.667364 0.83726 0.713462 0.0629808 0.115385
0 0.721478 0.484736 0.59984 0.0608173 0.145833
0 0.731129 0.491707 0.1875 0.0540865 0.0807692
0 0.744917 0.326923 0.606731 0.0903846 0.107051
