0 0.266296 0.452284 0.501763 0.0334135 0.0490385
0 0.271398 0.984375 0.967468 0.03125 0.0650641
0 0.296237 0.734736 0.658173 0.040625 0.0573718
0 0.30623 0.339663 0.398558 0.0538462 0.0842949
0 0.320345 0.397476 0.657853 0.0338942 0.0496795
0 0.334762 0.694231 0.646955 0.0413462 0.0605769
0 0.342239 0.659976 0.926923 0.0949519 0.119231
0 0.36209 0.935817 0.629968 0.0533654 0.063141
0 0.371705 0.702043 0.148558 0.0387019 0.0753205
0 0.38153 0.218029 0.611859 0.0413462 0.0685897
0 0.392744 0.411899 0.450481 0.0545673 0.123397
0 0.395896 0.584736 0.0929487 0.0550481 0.0833333
0 0.425421 0.765505 0.0883013 0.0762019 0.133654
0 0.426968 0.625962 0.339744 0.0769231 0.112179
0 0.45858 0.528726 0.772596 0.0487981 0.0682692
0 0.472463 0.505649 0.135897 0.130529 0.137179
0 0.518429 0.308293 0.588782 0.0382212 0.0583333
0 0.562583 0.473317 0.565705 0.0682692 0.113462
0 0.609186 0.684255 0.0698718 0.0435096 0.105769
0 0.639843 0.211298 0.749359 0.0586538 0.0852564
0 0.643849 0.221875 0.140705 0.0567308 0.075641
0 0.644865 0.356971 0.715545 0.0783654 0.0900641
