0 0.2589 0.453365 0.742147 0.0427885 0.0375
0 0.269389 0.570793 0.852724 0.0401442 0.0477564
0 0.272814 0.459495 0.451282 0.0300481 0.0320513
0 0.317055 0.39387 0.588782 0.0334135 0.0467949
0 0.329784 0.517548 0.693109 0.0475962 0.0522436
0 0.340574 0.615505 0.564423 0.0319712 0.0570513
0 0.346299 0.271274 0.235577 0.0103365 0.0288462
0 0.37664 0.528606 0.810096 0.05 0.0625
0 0.385156 0.362861 0.976282 0.0709135 0.0474359
0 0.387578 0.610697 0.658333 0.0396635 0.0775641
0 0.391004 0.601562 0.945353 0.0314904 0.0503205
0 0.393364 0.384976 0.665545 0.0329327 0.0528846
0 0.399785 0.407452 0.627404 0.0326923 0.0330128
0 0.413876 0.427163 0.504167 0.0514423 0.0429487
0 0.414966 0.495553 0.160577 0.078125 0.073718
0 0.430623 0.972837 0.412019 0.0543269 0.0939103
0 0.472003 0.355769 0.601923 0.0360577 0.0487179
0 0.523677 0.666346 0.595513 0.05625 0.0833333
0 0.530716 0.363101 0.130288 0.053125 0.0483974
0 0.635246 0.603846 0.889744 0.0451923 0.05
0 0.644314 0.463462 0.642147 0.0615385 0.0612179
0 0.648367 0.547957 0.471474 0.0266827 0.0378205
0 0.721223 0.777524 0.318269 0.0622596 0.0717949
