0 0.289826 0.559255 0.0479167 0.034375 0.0554487
0 0.31693 0.364303 0.405128 0.0444712 0.0679487
0 0.318609 0.504567 0.423077 0.0543269 0.0852564
0 0.328104 0.526923 0.0828526 0.0302885 0.0753205
0 0.32962 0.68137 0.0240385 0.0435096 0.0467949
0 0.332697 0.478245 0.0488782 0.0444712 0.0945513
0 0.335261 0.645072 0.0517628 0.040625 0.0701923
0 0.368667 0.135096 0.232853 0.0394231 0.0785256
0 0.399825 0.522716 0.155929 0.0560096 0.0977564
0 0.439921 0.548558 0.5625 0.0442308 0.0564103
0 0.443057 0.608293 0.214263 0.0223558 0.0554487
0 0.459822 0.501683 0.303686 0.0495192 0.0464744
0 0.583398 0.604567 0.0530449 0.0394231 0.0714744
0 0.61238 0.448438 0.350481 0.0622596 0.0637821
