0 0.252194 0.49351 0.516827 0.0427885 0.0708333
0 0.25969 0.719952 0.100801 0.075 0.0439103
0 0.268452 0.534255 0.344551 0.0310096 0.0775641
0 0.293454 0.163341 0.208974 0.0401442 0.0403846
0 0.298508 0.394351 0.0652244 0.0439904 0.0464744
0 0.300907 0.435337 0.691026 0.0802885 0.0602564
0 0.318092 0.347356 0.269231 0.0355769 0.0544872
0 0.319239 0.271514 0.445673 0.0473558 0.0471154
0 0.323995 0.184976 0.259135 0.0382212 0.0695513
0 0.329765 0.537861 0.538301 0.0209135 0.0445513
0 0.331114 0.611418 0.0251603 0.0713942 0.0503205
0 0.334079 0.0127404 0.0564103 0.025 0.109615
0 0.363039 0.408774 0.0788462 0.0762019 0.115385
0 0.380564 0.283654 0.856731 0.0572115 0.0564103
0 0.395706 0.704928 0.596154 0.0603365 0.0948718
0 0.419647 0.193389 0.0530449 0.0286058 0.036859
0 0.421947 0.614183 0.568109 0.0552885 0.0701923
0 0.424575 0.185697 0.788141 0.0627404 0.0717949
0 0.428613 0.55012 0.0448718 0.0665865 0.0788462
0 0.438173 0.39399 0.500962 0.03125 0.0384615
0 0.477343 0.396755 0.177404 0.0545673 0.0548077
0 0.48134 0.356971 0.573878 0.0461538 0.0439103
0 0.491551 0.608053 0.641506 0.0387019 0.0471154
0 0.49361 0.934615 0.68718 0.05625 0.0660256
0 0.543006 0.982813 0.63141 0.0319712 0.0929487
0 0.548592 0.232572 0.404167 0.0362981 0.0397436
0 0.558498 0.300962 0.951923 0.102404 0.0935897
0 0.580188 0.296274 0.202564 0.040625 0.0660256
0 0.600703 0.0171875 0.656731 0.034375 0.0692308
0 0.612003 0.245913 0.536218 0.0336538 0.0698718
0 0.62892 0.445312 0.316026 0.0329327 0.0461538
0 0.640823 0.259375 0.793269 0.0826923 0.0833333
0 0.726224 0.444351 0.235096 0.0877404 0.132372
