0 0.264416 0.781851 0.397436 0.0310096 0.0448718
0 0.269712 0.870433 0.366186 0.0394231 0.0663462
0 0.288272 0.982933 0.203205 0.0341346 0.0666667
0 0.293775 0.958894 0.567308 0.0778846 0.0884615
0 0.30509 0.989303 0.326282 0.0213942 0.107051
0 0.307986 0.500601 0.883654 0.0382212 0.0410256
0 0.324332 0.84351 0.344231 0.0331731 0.0532051
0 0.338952 0.812019 0.435577 0.0307692 0.0557692
0 0.3642 0.0418269 0.948397 0.0836538 0.103205
0 0.365904 0.763341 0.791026 0.0257212 0.0608974
0 0.393025 0.85625 0.457372 0.0408654 0.0891026
0 0.401955 0.124639 0.454647 0.0334135 0.0541667
0 0.411504 0.65601 0.0326923 0.0293269 0.0653846
0 0.423607 0.182572 0.0573718 0.0372596 0.0673077
0 0.439386 0.428606 0.914263 0.05 0.109295
0 0.470754 0.357452 0.903846 0.0576923 0.0769231
0 0.471928 0.520673 0.0748397 0.0173077 0.0419872
0 0.480915 0.815385 0.290385 0.0442308 0.0525641
0 0.487234 0.633053 0.383814 0.0396635 0.0394231
0 0.519995 0.488462 0.195192 0.0302885 0.0416667
0 0.574492 0.377885 0.372917 0.0711538 0.0945513
0 0.608489 0.85637 0.120513 0.0492788 0.0525641
0 0.623817 0.963702 0.686699 0.0567308 0.108654
0 0.649018 0.882812 0.551122 0.0728365 0.104808
0 0.663482 0.691226 0.880128 0.0439904 0.0846154
0 0.668596 0.875601 0.702885 0.0848558 0.103205
0 0.674316 0.689062 0.801282 0.0694712 0.0666667
0 0.712118 0.285216 0.922756 0.0709135 0.128205
0 0.762257 0.798678 0.719712 0.0459135 0.116987
