0 0.254654 0.178846 0.775962 0.0225962 0.0378205
0 0.260966 0.186178 0.645994 0.0627404 0.0516026
0 0.267277 0.303125 0.281891 0.0278846 0.0785256
0 0.280203 0.403606 0.566186 0.0379808 0.0375
0 0.280652 0.611538 0.796474 0.0317308 0.074359
0 0.291959 0.43137 0.735256 0.0430288 0.0397436
0 0.300724 0.16899 0.78093 0.0399038 0.0471154
0 0.377702 0.326683 0.145192 0.0379808 0.0467949
0 0.380697 0.158774 0.784776 0.0262019 0.0387821
0 0.411836 0.29387 0.195994 0.0526442 0.0458333
0 0.415929 0.708413 0.969712 0.0605769 0.0605769
0 0.42571 0.34976 0.93782 0.0384615 0.0467949
0 0.439117 0.185817 0.985096 0.0423077 0.0298077
0 0.443765 0.215024 0.909455 0.0276442 0.036218
0 0.452133 0.464904 0.392147 0.0326923 0.0592949
0 0.453152 0.620673 0.326122 0.0442308 0.0701923
0 0.470927 0.515986 0.385897 0.0713942 0.075641
0 0.482124 0.597476 0.191026 0.0430288 0.0839744
0 0.528598 0.235457 0.123077 0.0430288 0.0923077
0 0.535069 0.435577 0.535577 0.0552885 0.0653846
0 0.53758 0.409856 0.465865 0.0350962 0.0753205
0 0.561247 0.371875 0.462821 0.0394231 0.0589744
0 0.590084 0.321635 0.515705 0.0451923 0.0397436
0 0.614758 0.659495 0.829487 0.0637019 0.0858974
0 0.66713 0.660697 0.378526 0.0588942 0.0769231
