0 0.272567 0.0313702 0.129647 0.0555288 0.0522436
0 0.28112 0.724279 0.782372 0.0370192 0.0666667
0 0.295664 0.0957933 0.403526 0.0401442 0.0371795
0 0.29615 0.525 0.0360577 0.0370192 0.0432692
0 0.312868 0.489904 0.164103 0.0235577 0.0346154
0 0.346033 0.53774 0.257853 0.0302885 0.038141
0 0.346172 0.927404 0.850641 0.0326923 0.0673077
0 0.402384 0.0300481 0.666667 0.0533654 0.0551282
0 0.41046 0.285817 0.122756 0.0283654 0.0602564
0 0.505441 0.148438 0.751282 0.0329327 0.050641
0 0.514206 0.390865 0.101282 0.0533654 0.0814103
0 0.618609 0.192188 0.744071 0.0377404 0.0682692
