0 0.259839 0.609856 0.699679 0.0197115 0.0326923
0 0.273238 0.13726 0.654808 0.0596154 0.073718
0 0.29694 0.0144231 0.403045 0.0288462 0.100321
0 0.376068 0.223197 0.941346 0.040625 0.0448718
0 0.436782 0.161298 0.191346 0.0442308 0.0846154
0 0.475201 0.478245 0.410577 0.0353365 0.049359
0 0.530576 0.37488 0.353846 0.0146635 0.0429487
0 0.599478 0.791587 0.925962 0.05 0.0487179
0 0.654503 0.425962 0.428045 0.0620192 0.108654
0 0.65588 0.238582 0.708654 0.0901442 0.128205
0 0.672828 0.580889 0.570032 0.0310096 0.100962
0 0.725559 0.805889 0.796314 0.0579327 0.0951923
0 0.733713 0.347476 0.720833 0.108894 0.159615
0 0.787545 0.530288 0.349038 0.102404 0.150641
0 0.811671 0.38113 0.540705 0.0449519 0.0711538
