0 0.258175 0.31238 0.408814 0.0112981 0.0355769
0 0.262528 0.483534 0.0208333 0.0463942 0.0416667
0 0.262769 0.527524 0.389904 0.0896635 0.088141
0 0.269934 0.510457 0.64375 0.0637019 0.0701923
0 0.276919 0.704928 0.605449 0.0747596 0.0884615
0 0.282129 0.417909 0.620353 0.0435096 0.0413462
0 0.315668 0.888582 0.636218 0.0430288 0.0692308
0 0.323151 0.405168 0.0370192 0.0290865 0.036859
0 0.327372 0.454087 0.828846 0.0221154 0.0474359
0 0.368737 0.864423 0.631891 0.0798077 0.0605769
0 0.445381 0.341827 0.559455 0.0432692 0.0387821
0 0.466563 0.628245 0.538622 0.0319712 0.0644231
0 0.471999 0.401683 0.327885 0.0317308 0.0378205
0 0.475045 0.398918 0.652885 0.0425481 0.0583333
0 0.488957 0.666947 0.388141 0.0449519 0.0397436
0 0.490629 0.301923 0.143269 0.0259615 0.0391026
0 0.491468 0.151803 0.352564 0.0314904 0.0557692
0 0.521417 0.317067 0.484295 0.0365385 0.0467949
0 0.551346 0.630168 0.405609 0.0319712 0.0522436
0 0.586985 0.330769 0.276442 0.0341346 0.0599359
0 0.605245 0.490865 0.536859 0.0427885 0.0461538
0 0.62914 0.117067 0.230449 0.109135 0.0576923
0 0.744637 0.564183 0.270353 0.0658654 0.0823718
