0 0.285303 0.577524 0.418269 0.0790865 0.0948718
0 0.298035 0.853726 0.888622 0.0189904 0.0426282
0 0.30823 0.957572 0.977404 0.0762019 0.0419872
0 0.384197 0.657091 0.819231 0.0367788 0.0801282
0 0.414176 0.881731 0.735897 0.0524038 0.0865385
0 0.427341 0.457692 0.504006 0.0418269 0.0733974
0 0.503391 0.507212 0.511538 0.0682692 0.0608974
0 0.545918 0.0778846 0.828686 0.0576923 0.0753205
0 0.611429 0.905048 0.927724 0.0682692 0.0592949
0 0.651218 0.0521635 0.959776 0.101923 0.0804487
0 0.686574 0.347236 0.715224 0.0665865 0.0798077
0 0.721665 0.23726 0.661859 0.0466346 0.119231
0 0.761847 0.649038 0.370833 0.247115 0.196154
0 0.765682 0.564904 0.584295 0.0721154 0.112179
0 0.779946 0.28774 0.527404 0.1 0.108013
