0 0.269473 0.241827 0.324359 0.0322115 0.0705128
0 0.283703 0.561418 0.369071 0.106971 0.0990385
0 0.295641 0.423317 0.394872 0.0427885 0.0532051
0 0.308287 0.613582 0.656891 0.182933 0.154167
0 0.322211 0.559856 0.327564 0.160577 0.116667
0 0.40938 0.452284 0.303526 0.0459135 0.0608974
0 0.447135 0.529207 0.744551 0.356971 0.328846
0 0.457089 0.249639 0.383013 0.046875 0.0948718
0 0.470372 0.340625 0.436538 0.0519231 0.075641
0 0.48199 0.586418 0.265865 0.0752404 0.0836538
0 0.492053 0.555168 0.399519 0.0670673 0.0560897
0 0.502126 0.579327 0.945673 0.0615385 0.0836538
0 0.510913 0.56226 0.0988782 0.0932692 0.0682692
0 0.515788 0.64363 0.116346 0.0651442 0.074359
0 0.516197 0.383053 0.337981 0.034375 0.0772436
0 0.565212 0.838101 0.680929 0.225721 0.143269
0 0.577984 0.465024 0.606891 0.0766827 0.0849359
0 0.607231 0.494952 0.466506 0.114904 0.0900641
0 0.619623 0.442428 0.901763 0.0521635 0.0560897
0 0.737671 0.753245 0.55016 0.053125 0.0990385
0 0.798748 0.716346 0.386378 0.0793269 0.117628
