0 0.282353 0.682212 0.885737 0.0706731 0.0689103
0 0.283648 0.578245 0.861058 0.115625 0.0650641
0 0.302273 0.844351 0.0277244 0.0257212 0.0509615
0 0.326792 0.392428 0.508974 0.171394 0.125641
0 0.366885 0.465865 0.574038 0.133173 0.136538
0 0.385975 0.891466 0.952083 0.0579327 0.086859
0 0.490396 0.30012 0.229647 0.0435096 0.0791667
0 0.492918 0.352764 0.715545 0.142548 0.104167
0 0.518066 0.30601 0.736859 0.0538462 0.0596154
0 0.534382 0.518389 0.558654 0.0555288 0.100641
0 0.558643 0.674159 0.96266 0.0713942 0.0746795
0 0.560093 0.806971 0.679327 0.0451923 0.0580128
0 0.580883 0.583534 0.496154 0.0992788 0.0942308
0 0.615987 0.514543 0.553846 0.0699519 0.178846
0 0.648488 0.977524 0.483173 0.0449519 0.100962
0 0.663061 0.970553 0.666667 0.0564904 0.0923077
0 0.713799 0.43137 0.585256 0.0862981 0.0967949
0 0.718751 0.281731 0.159936 0.1 0.0794872
0 0.805141 0.498558 0.212019 0.124038 0.114423
0 0.841438 0.313101 0.082532 0.103125 0.109295
