0 0.255505 0.375361 0.0240385 0.0545673 0.0480769
0 0.263088 0.459375 0.233013 0.0480769 0.0564103
0 0.338888 0.767548 0.0461538 0.0456731 0.050641
0 0.341971 0.789303 0.147436 0.0704327 0.0705128
0 0.345904 0.899639 0.0375 0.034375 0.0602564
0 0.357045 0.415505 0.0847756 0.0497596 0.0753205
0 0.390731 0.793029 0.0240385 0.05 0.0410256
0 0.408176 0.496274 0.0435897 0.040625 0.0807692
0 0.459713 0.853125 0.371635 0.0668269 0.061859
0 0.58736 0.461779 0.214583 0.0615385 0.0996795
0 0.601708 0.18125 0.333333 0.3625 0.664744
0 0.616882 0.50637 0.463782 0.0685096 0.0532051
