0 0.25799 0.33113 0.0216346 0.0545673 0.0432692
0 0.270613 0.046875 0.295994 0.0644231 0.0785256
0 0.272063 0.491466 0.772596 0.0324519 0.0471154
0 0.346962 0.688221 0.652244 0.0524038 0.0801282
0 0.356099 0.782452 0.417308 0.0600962 0.0775641
0 0.444405 0.664543 0.957532 0.0228365 0.0650641
0 0.480185 0.47512 0.515385 0.0382212 0.0525641
0 0.514155 0.971034 0.58766 0.0555288 0.0586538
0 0.519463 0.175481 0.324038 0.0240385 0.0448718
0 0.5458 0.627764 0.615545 0.132933 0.0939103
0 0.554302 0.35024 0.221474 0.0408654 0.0820513
0 0.559318 0.191106 0.270513 0.0432692 0.0666667
0 0.604809 0.793389 0.528045 0.0420673 0.0817308
0 0.634569 0.0969952 0.383974 0.0415865 0.0544872
0 0.63986 0.396995 0.0589744 0.104567 0.117949
0 0.708143 0.869471 0.333173 0.0663462 0.0862179
0 0.719937 0.852284 0.484776 0.0463942 0.0644231
