0 0.271666 0.729447 0.485096 0.111779 0.131731
0 0.271728 0.975601 0.752724 0.0396635 0.0516026
0 0.281754 0.613221 0.962179 0.0644231 0.075
0 0.286431 0.51262 0.595192 0.034375 0.0826923
0 0.341346 0.500721 0.324519 0.0605769 0.0733974
0 0.387132 0.769351 0.211058 0.0622596 0.0701923
0 0.45989 0.498678 0.107212 0.0502404 0.134295
0 0.462434 0.952043 0.184455 0.0444712 0.0875
0 0.473517 0.186779 0.257212 0.0980769 0.0907051
0 0.485546 0.582212 0.710256 0.0572115 0.0596154
0 0.486449 0.46274 0.0317308 0.0519231 0.0634615
0 0.487425 0.276923 0.736218 0.0322115 0.0435897
0 0.491403 0.323678 0.124038 0.0420673 0.0961538
0 0.500211 0.868269 0.366987 0.0567308 0.150641
0 0.54597 0.650361 0.508494 0.0334135 0.0855769
0 0.551268 0.976442 0.809936 0.0418269 0.0673077
0 0.561535 0.975601 0.111699 0.0483173 0.0958333
0 0.564688 0.533534 0.327404 0.0516827 0.0939103
0 0.581614 0.965264 0.972436 0.0670673 0.0551282
0 0.622766 0.489904 0.662821 0.0413462 0.075
0 0.623305 0.648438 0.378686 0.0367788 0.101603
0 0.625083 0.435817 0.492468 0.0456731 0.0580128
0 0.636425 0.559255 0.527083 0.0579327 0.0900641
0 0.643205 0.585096 0.770513 0.0620192 0.0461538
0 0.651619 0.489183 0.321314 0.0298077 0.0560897
0 0.65442 0.586418 0.0629808 0.071875 0.125962
0 0.748211 0.390505 0.550962 0.0877404 0.111538
0 0.78579 0.474279 0.544872 0.0538462 0.098718
