0 0.259954 0.5875 0.772115 0.0432692 0.0467949
0 0.260975 0.51226 0.490064 0.0788462 0.0448718
0 0.263109 0.57512 0.0796474 0.0295673 0.0496795
0 0.264259 0.582812 0.0913462 0.0449519 0.0660256
0 0.308357 0.179087 0.193429 0.0610577 0.0740385
0 0.316745 0.605769 0.408013 0.0336538 0.0576923
0 0.321168 0.622236 0.0520833 0.0382212 0.0432692
0 0.351016 0.240144 0.611859 0.0581731 0.0852564
0 0.37221 0.548197 0.525481 0.0574519 0.0766026
0 0.372982 0.411058 0.486699 0.0653846 0.0528846
0 0.403685 0.311538 0.464423 0.0605769 0.0602564
0 0.438501 0.583654 0.442468 0.0375 0.0612179
0 0.451559 0.175481 0.177083 0.0697115 0.147756
0 0.485987 0.514663 0.191987 0.0375 0.0570513
0 0.494757 0.210337 0.23734 0.0259615 0.0464744
0 0.519736 0.446154 0.288622 0.0240385 0.088141
0 0.522899 0.24387 0.666667 0.0391827 0.075
0 0.527685 0.0504808 0.188782 0.0855769 0.0903846
0 0.539577 0.50637 0.44391 0.0550481 0.050641
0 0.555998 0.599279 0.107692 0.0307692 0.0602564
0 0.593344 0.305769 0.0485577 0.0649038 0.0971154
0 0.595574 0.382933 0.303045 0.107212 0.0682692
0 0.620391 0.383293 0.0665064 0.0680288 0.120192
0 0.623563 0.226683 0.188301 0.0596154 0.0772436
0 0.671519 0.700601 0.655288 0.172837 0.152885
0 0.726296 0.727284 0.970032 0.0617788 0.0599359
0 0.730938 0.161779 0.553526 0.0774038 0.0935897
