0 0.254947 0.245673 0.397276 0.0418269 0.038141
0 0.264541 0.455168 0.658814 0.0247596 0.0477564
0 0.266018 0.524038 0.821154 0.0514423 0.0660256
0 0.271249 0.364423 0.685577 0.0293269 0.0512821
0 0.272209 0.543029 0.846795 0.0355769 0.0788462
0 0.277769 0.436058 0.361218 0.0543269 0.049359
0 0.28391 0.529327 0.727564 0.0456731 0.0980769
0 0.316848 0.424279 0.0272436 0.03125 0.0519231
0 0.321548 0.0921875 0.0179487 0.0473558 0.0358974
0 0.325379 0.478245 0.0394231 0.0305288 0.0435897
0 0.328672 0.453365 0.220192 0.0466346 0.0474359
0 0.346505 0.596274 0.435897 0.102163 0.073718
0 0.350883 0.505889 0.0192308 0.0483173 0.0384615
0 0.350916 0.228966 0.398237 0.0459135 0.0407051
0 0.357388 0.233534 0.0548077 0.0338942 0.050641
0 0.378651 0.295553 0.972436 0.0540865 0.0512821
0 0.379523 0.505529 0.816506 0.0278846 0.0355769
0 0.394055 0.241346 0.475962 0.0538462 0.0615385
0 0.403591 0.643269 0.535096 0.0375 0.0477564
0 0.441449 0.245433 0.651603 0.0341346 0.0429487
0 0.45738 0.708774 0.34391 0.0637019 0.123077
0 0.464084 0.419591 0.977724 0.0545673 0.0445513
0 0.465472 0.451683 0.417949 0.05 0.075641
0 0.499655 0.441346 0.0876603 0.0370192 0.0490385
0 0.503446 0.684856 0.558494 0.0403846 0.0753205
0 0.508525 0.934255 0.387019 0.0588942 0.0625
0 0.525564 0.386538 0.472756 0.0634615 0.0602564
0 0.531657 0.746274 0.475641 0.0324519 0.050641
0 0.532586 0.782572 0.373718 0.0454327 0.0532051
0 0.545171 0.621755 0.341506 0.0444712 0.0528846
0 0.570091 0.770072 0.0330128 0.0574519 0.0653846
0 0.577156 0.40625 0.745994 0.0403846 0.0663462
0 0.579835 0.447356 0.812019 0.0360577 0.0509615
0 0.597963 0.703125 0.0567308 0.0350962 0.0467949
0 0.598454 0.662019 0.682853 0.0447115 0.0823718
0 0.622106 0.809135 0.229006 0.119712 0.0721154
0 0.63534 0.368149 0.733333 0.0223558 0.0378205
0 0.637723 0.358293 0.0838141 0.0425481 0.0419872
0 0.651431 0.49375 0.148718 0.0466346 0.0628205
0 0.6599 0.344952 0.179487 0.0653846 0.0884615
0 0.664738 0.133293 0.107853 0.0396635 0.0932692
0 0.669042 0.215986 0.256891 0.065625 0.113782
0 0.669701 0.330168 0.339904 0.0834135 0.10609
0 0.683522 0.257332 0.926122 0.0286058 0.0573718
0 0.715806 0.63137 0.790705 0.0584135 0.099359
