0 0.252276 0.159856 0.78125 0.0528846 0.0451923
0 0.252864 0.183534 0.430769 0.0237981 0.0262821
0 0.264626 0.490385 0.62484 0.0288462 0.0310897
0 0.269529 0.708894 0.644391 0.0298077 0.0682692
0 0.278084 0.917308 0.558013 0.0591346 0.209615
0 0.289545 0.564303 0.726923 0.0415865 0.0442308
0 0.29272 0.0942308 0.85016 0.0370192 0.0394231
0 0.293787 0.947356 0.282212 0.0173077 0.0560897
0 0.29507 0.41851 0.870032 0.0649038 0.0990385
0 0.296721 0.235697 0.723718 0.0185096 0.0583333
0 0.298997 0.263702 0.575641 0.0423077 0.0525641
0 0.300467 0.972115 0.423077 0.0389423 0.0358974
0 0.313513 0.472356 0.692788 0.0293269 0.0490385
0 0.316103 0.340144 0.209936 0.0269231 0.0391026
0 0.330066 0.470433 0.0366987 0.0274038 0.0407051
0 0.331579 0.299038 0.520353 0.0394231 0.036859
0 0.335661 0.50649 0.396314 0.0283654 0.0259615
0 0.34458 0.269471 0.236058 0.0211538 0.0387821
0 0.356877 0.649519 0.537179 0.0197115 0.0358974
0 0.366203 0.380529 0.279487 0.0740385 0.0570513
0 0.398695 0.544471 0.402885 0.025 0.0423077
0 0.439209 0.983774 0.475801 0.0310096 0.061859
0 0.459087 0.75649 0.536058 0.0427885 0.0548077
0 0.461049 0.490986 0.429006 0.0247596 0.0375
0 0.519269 0.170192 0.152885 0.0629808 0.0480769
0 0.531194 0.570793 0.531891 0.0228365 0.0483974
0 0.546387 0.443269 0.774519 0.0480769 0.0567308
0 0.562882 0.336538 0.620833 0.0346154 0.0711538
0 0.619414 0.52524 0.504808 0.0557692 0.0564103
0 0.625341 0.432692 0.358494 0.0360577 0.0445513
0 0.638246 0.467909 0.469231 0.0242788 0.0467949
0 0.647999 0.570433 0.764423 0.0418269 0.0551282
0 0.652563 0.528486 0.151923 0.0396635 0.0775641
0 0.696822 0.619591 0.855929 0.0473558 0.0535256
