0 0.267272 0.689543 0.730769 0.0228365 0.0583333
0 0.281864 0.190505 0.845833 0.0295673 0.0346154
0 0.319606 0.154928 0.550481 0.0228365 0.038141
0 0.333314 0.40613 0.0735577 0.0324519 0.0349359
0 0.33492 0.142548 0.401122 0.0153846 0.0432692
0 0.345323 0.347837 0.222115 0.0288462 0.0333333
0 0.395396 0.108413 0.126122 0.0259615 0.0522436
0 0.395885 0.121635 0.43125 0.0240385 0.0375
0 0.400861 0.204688 0.627244 0.0242788 0.0294872
0 0.454886 0.377764 0.533814 0.0324519 0.0355769
0 0.486302 0.130168 0.681571 0.0473558 0.0503205
0 0.493499 0.0299279 0.521795 0.0425481 0.0525641
0 0.529521 0.445072 0.746955 0.0237981 0.0496795
0 0.53381 0.43726 0.449519 0.0235577 0.0509615
0 0.534662 0.495793 0.884776 0.0382212 0.0477564
0 0.545691 0.546034 0.280929 0.0439904 0.0689103
0 0.554499 0.735937 0.303686 0.0223558 0.0503205
0 0.588814 0.36875 0.031891 0.0341346 0.0503205
0 0.639264 0.0566106 0.267788 0.0362981 0.0387821
0 0.671395 0.415865 0.689423 0.0524038 0.0410256
0 0.673847 0.101683 0.514103 0.0264423 0.0544872
