0 0.253825 0.715144 0.714583 0.0399038 0.0349359
0 0.315231 0.604808 0.0754808 0.0346154 0.0400641
0 0.377027 0.326803 0.52516 0.0752404 0.0958333
0 0.416017 0.945192 0.124199 0.0475962 0.0996795
0 0.45755 0.918269 0.772596 0.0461538 0.0560897
0 0.492196 0.305769 0.402404 0.0682692 0.0996795
0 0.548607 0.442187 0.671795 0.021875 0.0391026
0 0.556043 0.595192 0.328526 0.0298077 0.0602564
0 0.567822 0.977885 0.708013 0.0442308 0.0878205
0 0.570756 0.665865 0.302083 0.0548077 0.0413462
0 0.621076 0.85012 0.770673 0.0661058 0.0932692
0 0.769347 0.272596 0.185417 0.1 0.117628
