0 0.259528 0.184856 0.961218 0.0899038 0.0711538
0 0.282613 0.0217548 0.946314 0.0401442 0.104167
0 0.300439 0.0389423 0.829808 0.0336538 0.0294872
0 0.310484 0.219832 0.944231 0.078125 0.105128
0 0.317334 0.379447 0.178205 0.0151442 0.0320513
0 0.321017 0.442187 0.514583 0.0237981 0.0798077
0 0.340858 0.339063 0.0232372 0.0463942 0.0439103
0 0.344573 0.406731 0.849199 0.0802885 0.129167
0 0.360237 0.163462 0.945513 0.0581731 0.0583333
0 0.37279 0.709736 0.661538 0.034375 0.0467949
0 0.3792 0.233413 0.907532 0.0745192 0.139423
0 0.382177 0.208293 0.970192 0.0728365 0.0596154
0 0.436945 0.156611 0.302404 0.109856 0.141346
0 0.445773 0.360697 0.0775641 0.0425481 0.0878205
0 0.464357 0.0455529 0.724038 0.0348558 0.105769
0 0.51766 0.156971 0.870673 0.0379808 0.0791667
0 0.522953 0.199279 0.29359 0.04375 0.104487
0 0.538991 0.602163 0.485096 0.0394231 0.0516026
0 0.587485 0.512019 0.935096 0.0682692 0.0977564
0 0.642864 0.148317 0.155929 0.0663462 0.1375
0 0.663012 0.460817 0.623718 0.0586538 0.107051
0 0.666482 0.71238 0.105769 0.0560096 0.185256
0 0.686177 0.374639 0.896314 0.0694712 0.088141
0 0.713613 0.43101 0.435577 0.0350962 0.0730769
0 0.735446 0.417668 0.813942 0.0694712 0.0977564
0 0.795745 0.59399 0.398397 0.0923077 0.127564
0 0.856945 0.633534 0.566987 0.0689904 0.185897
