0 0.289567 0.236659 0.855769 0.0473558 0.117949
0 0.321242 0.315024 0.173558 0.0252404 0.0689103
0 0.331571 0.26887 0.792147 0.0262019 0.0625
0 0.341629 0.177524 0.278365 0.0492788 0.0637821
0 0.403408 0.202043 0.820833 0.0362981 0.0692308
0 0.423124 0.489303 0.766346 0.0353365 0.0673077
0 0.428387 0.532572 0.0344551 0.0483173 0.0689103
0 0.482643 0.747837 0.780769 0.0778846 0.0814103
0 0.494073 0.111418 0.71875 0.0334135 0.0535256
0 0.532745 0.43113 0.123397 0.0276442 0.0769231
0 0.565279 0.5625 0.17516 0.0302885 0.0785256
0 0.602668 0.201923 0.210256 0.0355769 0.0615385
0 0.62291 0.869231 0.312179 0.0240385 0.0608974
0 0.657479 0.820553 0.408013 0.0415865 0.0487179
0 0.677619 0.539183 0.308494 0.0365385 0.0785256
0 0.678957 0.0679087 0.175 0.0612981 0.0782051
0 0.681214 0.228846 0.086859 0.0283654 0.0660256
