0 0.26531 0.598077 0.415385 0.0538462 0.0673077
0 0.275665 0.526322 0.111538 0.0252404 0.0346154
0 0.276968 0.573317 0.456891 0.025 0.0394231
0 0.290207 0.592308 0.590064 0.0504808 0.0608974
0 0.301386 0.835216 0.260577 0.0334135 0.0679487
0 0.314595 0.49399 0.970673 0.0610577 0.0586538
0 0.365646 0.586058 0.322756 0.0201923 0.0371795
0 0.383664 0.742188 0.248558 0.0314904 0.0407051
0 0.450804 0.474639 0.0248397 0.059375 0.0483974
0 0.452033 0.685096 0.338301 0.170673 0.0772436
0 0.484339 0.559495 0.725801 0.0834135 0.0772436
0 0.583585 0.953606 0.126603 0.025 0.0371795
0 0.594837 0.603005 0.202244 0.0435096 0.0794872
0 0.70143 0.550962 0.186378 0.0423077 0.0573718
0 0.714472 0.567067 0.101282 0.0346154 0.0589744
