0 0.25519 0.404808 0.491186 0.0264423 0.0375
0 0.284349 0.366947 0.41891 0.0603365 0.0570513
0 0.301885 0.651322 0.366346 0.0372596 0.0717949
0 0.315335 0.667308 0.0336538 0.0432692 0.0673077
0 0.345265 0.463341 0.114263 0.0757212 0.0740385
0 0.356933 0.392067 0.0197115 0.0677885 0.0394231
0 0.376651 0.859615 0.347596 0.0711538 0.0695513
0 0.453129 0.966226 0.753205 0.0675481 0.0871795
0 0.489434 0.733053 0.0600962 0.0915865 0.120192
0 0.537829 0.602885 0.102244 0.0677885 0.0730769
0 0.54486 0.694351 0.234776 0.0439904 0.107372
0 0.546386 0.599519 0.366186 0.0653846 0.125321
0 0.594192 0.499038 0.347756 0.0432692 0.049359
0 0.617907 0.393269 0.156891 0.0225962 0.0413462
0 0.68109 0.537861 0.166186 0.0425481 0.0727564
0 0.685401 0.533293 0.271955 0.0973558 0.110577
