0 0.258233 0.526322 0.350321 0.0175481 0.0461538
0 0.259764 0.484615 0.347436 0.0269231 0.0391026
0 0.271656 0.711058 0.0753205 0.0509615 0.103205
0 0.284682 0.952404 0.0224359 0.0557692 0.0448718
0 0.309142 0.833413 0.018109 0.0538462 0.036218
0 0.338497 0.412981 0.55609 0.0605769 0.0955128
0 0.346399 0.155769 0.289904 0.0259615 0.0439103
0 0.349444 0.41875 0.341667 0.0370192 0.0660256
0 0.349653 0.249399 0.186538 0.028125 0.0653846
0 0.364154 0.522716 0.168269 0.0257212 0.0455128
0 0.390766 0.0965144 0.56282 0.0478365 0.0480769
0 0.423424 0.847115 0.819872 0.0557692 0.0961538
0 0.42671 0.343149 0.579968 0.0286058 0.0419872
0 0.432931 0.984135 0.114744 0.0307692 0.098718
0 0.453733 0.519591 0.579006 0.0262019 0.0464744
0 0.485473 0.43125 0.433013 0.0524038 0.0615385
0 0.485846 0.255409 0.094391 0.0435096 0.063141
0 0.490303 0.496635 0.490224 0.0543269 0.0599359
0 0.50633 0.114543 0.388141 0.053125 0.0865385
0 0.527562 0.0772837 0.152244 0.053125 0.0551282
0 0.531119 0.116346 0.517628 0.0538462 0.074359
0 0.545891 0.206851 0.526122 0.0473558 0.0560897
0 0.562016 0.911899 0.115545 0.0805288 0.110577
0 0.573803 0.0341346 0.670353 0.0682692 0.145833
0 0.601847 0.033774 0.459135 0.0627404 0.0778846
0 0.607997 0.367428 0.471955 0.0579327 0.0817308
0 0.659503 0.0600962 0.216667 0.0490385 0.0525641
0 0.666195 0.624399 0.440545 0.0497596 0.100962
