0 0.269581 0.249038 0.471474 0.0528846 0.0474359
0 0.270784 0.217909 0.970994 0.0954327 0.0580128
0 0.277809 0.945553 0.0195513 0.0920673 0.0378205
0 0.280078 0.573798 0.754808 0.0331731 0.0512821
0 0.282545 0.571394 0.664904 0.0274038 0.0323718
0 0.299765 0.0971154 0.195513 0.0240385 0.0294872
0 0.306573 0.142909 0.520032 0.0305288 0.0323718
0 0.324459 0.612981 0.651122 0.0504808 0.0625
0 0.327968 0.98101 0.0426282 0.0379808 0.0653846
0 0.32916 0.647716 0.491186 0.0305288 0.0394231
0 0.34733 0.534856 0.754647 0.0370192 0.036218
0 0.427127 0.0975962 0.495673 0.0370192 0.0509615
0 0.428552 0.494231 0.809776 0.0447115 0.0714744
0 0.445067 0.808293 0.235417 0.0454327 0.0580128
0 0.445134 0.348437 0.63734 0.0372596 0.0528846
0 0.460302 0.73101 0.274519 0.0644231 0.0785256
0 0.4661 0.450361 0.761699 0.0415865 0.0330128
0 0.471664 0.250721 0.647917 0.0225962 0.0266026
0 0.474411 0.621274 0.813141 0.0608173 0.0724359
0 0.487425 0.448798 0.578526 0.0375 0.0532051
0 0.508601 0.176322 0.347115 0.0617788 0.0826923
0 0.511494 0.091226 0.404968 0.090625 0.0875
0 0.512662 0.239423 0.890545 0.0254808 0.0516026
0 0.537569 0.279567 0.055609 0.0639423 0.0663462
0 0.552634 0.065024 0.531891 0.0358173 0.0560897
0 0.563373 0.34387 0.760737 0.0588942 0.0849359
0 0.581029 0.374159 0.688141 0.0550481 0.0423077
0 0.582615 0.446755 0.850641 0.0387019 0.0820513
0 0.590151 0.433894 0.66859 0.0336538 0.0679487
0 0.626123 0.175721 0.190545 0.0302885 0.0407051
0 0.636199 0.254567 0.743269 0.0394231 0.0544872
0 0.656843 0.667428 0.641026 0.0680288 0.100641
0 0.691281 0.649519 0.177564 0.0471154 0.0846154
0 0.704125 0.820913 0.751442 0.0370192 0.0733974
0 0.710378 0.427524 0.93718 0.0411058 0.0724359
