0 0.28229 0.377163 0.607372 0.0475962 0.0576923
0 0.316394 0.703005 0.972596 0.0478365 0.0548077
0 0.330216 0.916827 0.577083 0.0341346 0.0509615
0 0.351614 0.576082 0.103365 0.0334135 0.0612179
0 0.353009 0.681851 0.182212 0.0617788 0.0849359
0 0.357813 0.435096 0.520513 0.0504808 0.0564103
0 0.360083 0.184736 0.730769 0.0617788 0.0839744
0 0.361692 0.78125 0.135096 0.0355769 0.0926282
0 0.380633 0.859014 0.745032 0.046875 0.102244
0 0.405215 0.766106 0.424359 0.0466346 0.0775641
0 0.437076 0.438462 0.0883013 0.0418269 0.0560897
0 0.446727 0.504567 0.379327 0.0480769 0.0592949
0 0.475605 0.985096 0.600801 0.0293269 0.0996795
0 0.517929 0.38762 0.461378 0.0430288 0.0798077
0 0.527404 0.68738 0.298878 0.0382212 0.0708333
0 0.542693 0.723678 0.204006 0.0545673 0.0990385
0 0.623531 0.723798 0.336218 0.0557692 0.0525641
0 0.632565 0.438822 0.908173 0.0454327 0.0791667
0 0.649585 0.497236 0.148878 0.0439904 0.0637821
0 0.669045 0.557813 0.173237 0.0430288 0.0894231
0 0.710047 0.955529 0.837821 0.0625 0.10641
0 0.777055 0.557212 0.568269 0.13125 0.128846
