0 0.287242 0.330048 0.806571 0.0365385 0.0977564
0 0.308593 0.393149 0.664904 0.0314904 0.0342949
0 0.373601 0.116707 0.192788 0.221875 0.141346
0 0.552414 0.381851 0.825481 0.0487981 0.0509615
0 0.554842 0.385337 0.423237 0.0826923 0.163141
0 0.720965 0.579207 0.47484 0.186779 0.284295
0 0.723022 0.137019 0.554808 0.0528846 0.132051
0 0.75155 0.109375 0.396795 0.124519 0.0692308
0 0.775886 0.0407452 0.937981 0.0814904 0.124038
0 0.778034 0.301683 0.427885 0.0899038 0.137179
0 0.814371 0.32524 0.551923 0.123558 0.151923
