0 0.252026 0.397476 0.671955 0.0608173 0.0605769
0 0.256544 0.20024 0.203205 0.0235577 0.0576923
0 0.270779 0.399639 0.295994 0.015625 0.0400641
0 0.364532 0.448678 0.496955 0.0329327 0.0464744
0 0.385467 0.549279 0.374199 0.0350962 0.0522436
0 0.471022 0.552284 0.570032 0.021875 0.0522436
0 0.535278 0.247115 0.201122 0.0230769 0.0439103
0 0.569893 0.458413 0.214263 0.0504808 0.0689103
0 0.575016 0.49375 0.374519 0.0211538 0.0471154
0 0.648283 0.028726 0.344712 0.0574519 0.0753205
0 0.691577 0.609495 0.387981 0.0550481 0.0849359
