0 0.300575 0.840264 0.753686 0.0310096 0.0330128
0 0.322395 0.344471 0.024359 0.0788462 0.0487179
0 0.330513 0.433293 0.207853 0.0204327 0.0426282
0 0.443105 0.983894 0.361859 0.0322115 0.0673077
0 0.466983 0.856731 0.960577 0.0379808 0.0423077
0 0.553086 0.522115 0.223237 0.0408654 0.0599359
0 0.55568 0.884135 0.0328526 0.0745192 0.0625
0 0.638503 0.545313 0.316827 0.0362981 0.0823718
0 0.660082 0.763702 0.713141 0.0504808 0.0820513
0 0.662901 0.786899 0.505769 0.0622596 0.0935897
0 0.678147 0.950361 0.639263 0.0540865 0.0778846
0 0.705796 0.91875 0.538141 0.0822115 0.0923077
0 0.717107 0.43125 0.468429 0.03125 0.0560897
0 0.735716 0.7375 0.478045 0.0567308 0.116346
0 0.752404 0.465625 0.254647 0.0793269 0.0753205
0 0.784461 0.894712 0.421154 0.0899038 0.116026
0 0.799501 0.940024 0.263782 0.0819712 0.123718
0 0.799883 0.584615 0.480769 0.0504808 0.158974
0 0.818978 0.514784 0.476442 0.0747596 0.166987
