0 0.253614 0.607091 0.019391 0.0387019 0.0387821
0 0.26299 0.54399 0.547276 0.0225962 0.036218
0 0.265084 0.57512 0.65593 0.0444712 0.0375
0 0.282597 0.693029 0.0128205 0.0451923 0.024359
0 0.283048 0.772837 0.829808 0.0552885 0.0480769
0 0.286641 0.567187 0.753846 0.0459135 0.0346154
0 0.29322 0.846995 0.184455 0.0401442 0.0426282
0 0.293467 0.60024 0.445513 0.0399038 0.0429487
0 0.344856 0.582692 0.715545 0.0466346 0.0394231
0 0.34757 0.73726 0.939263 0.0634615 0.0541667
0 0.370243 0.897236 0.364583 0.0555288 0.0592949
0 0.380316 0.735216 0.125962 0.0401442 0.0423077
0 0.410942 0.864062 0.907692 0.0584135 0.0467949
0 0.422629 0.33149 0.290385 0.05 0.0653846
0 0.432423 0.750721 0.886058 0.0552885 0.0464744
0 0.438529 0.813462 0.945673 0.0524038 0.0637821
0 0.438589 0.388942 0.106731 0.0831731 0.0833333
0 0.448356 0.377524 0.730929 0.0391827 0.0733974
0 0.459359 0.570192 0.0777244 0.0375 0.0330128
0 0.48038 0.757812 0.499359 0.0795673 0.0525641
0 0.481599 0.758654 0.189423 0.0221154 0.0429487
0 0.521661 0.138462 0.528045 0.0673077 0.127244
0 0.533607 0.372837 0.173718 0.0331731 0.0371795
0 0.576657 0.836298 0.817628 0.0548077 0.0679487
0 0.670276 0.690264 0.658333 0.0401442 0.0589744
