0 0.259636 0.016226 0.240064 0.0324519 0.0544872
0 0.284484 0.400601 0.979167 0.0742788 0.0416667
0 0.316461 0.402404 0.180609 0.0413462 0.0477564
0 0.317773 0.242788 0.521154 0.0370192 0.0858974
0 0.334687 0.307813 0.541506 0.0632212 0.0535256
0 0.361182 0.0776442 0.272436 0.0591346 0.0442308
0 0.369849 0.220673 0.265385 0.0346154 0.0423077
0 0.40572 0.557452 0.200962 0.05625 0.0679487
0 0.457628 0.486538 0.741827 0.0697115 0.0592949
0 0.490885 0.188101 0.538942 0.0401442 0.0753205
0 0.491955 0.596274 0.145833 0.0641827 0.0474359
0 0.537815 0.425361 0.907372 0.0425481 0.0532051
0 0.604683 0.455288 0.829808 0.0596154 0.0628205
