0 0.255424 0.226202 0.138622 0.0798077 0.148397
0 0.27001 0.440745 0.713141 0.0473558 0.0448718
0 0.277222 0.907812 0.320833 0.0290865 0.0474359
0 0.281917 0.11238 0.709295 0.0598558 0.0346154
0 0.290229 0.467548 0.440865 0.0538462 0.0798077
0 0.323053 0.927885 0.233173 0.0278846 0.0317308
0 0.339834 0.551923 0.45609 0.0524038 0.0384615
0 0.353444 0.391707 0.683173 0.0295673 0.0650641
0 0.364001 0.183534 0.241506 0.0492788 0.0663462
0 0.366916 0.714543 0.638782 0.046875 0.0416667
0 0.380592 0.390865 0.220192 0.0216346 0.0525641
0 0.390634 0.178005 0.189904 0.0401442 0.0548077
0 0.39466 0.135337 0.187821 0.0389423 0.0564103
0 0.395845 0.369952 0.667949 0.0322115 0.0564103
0 0.40201 0.604207 0.721955 0.028125 0.0464744
0 0.412478 0.582692 0.0125 0.0197115 0.024359
0 0.415354 0.774159 0.0230769 0.0180288 0.0346154
0 0.42116 0.660937 0.323397 0.0415865 0.0474359
0 0.427177 0.641707 0.186378 0.0324519 0.0733974
0 0.444741 0.513582 0.418429 0.0449519 0.0708333
0 0.46485 0.726683 0.194712 0.0221154 0.0599359
0 0.471086 0.68101 0.669551 0.0432692 0.0339744
0 0.473008 0.413341 0.354487 0.0516827 0.0685897
0 0.510919 0.176923 0.673077 0.0466346 0.0717949
0 0.523594 0.821755 0.184776 0.0300481 0.0522436
0 0.544596 0.570192 0.377885 0.0336538 0.074359
0 0.629004 0.459135 0.665385 0.0764423 0.160256
0 0.641205 0.386178 0.484615 0.0766827 0.0801282
0 0.737511 0.679087 0.554006 0.0403846 0.0458333
0 0.752862 0.352764 0.255929 0.0564904 0.0496795
