0 0.252757 0.11226 0.331731 0.102404 0.0903846
0 0.264463 0.868149 0.526122 0.0704327 0.0983974
0 0.286186 0.783534 0.213462 0.0358173 0.0333333
0 0.287624 0.034976 0.944231 0.0608173 0.0705128
0 0.28813 0.419231 0.0137821 0.0475962 0.0275641
0 0.310419 0.377163 0.321154 0.0447115 0.0429487
0 0.315 0.454928 0.782372 0.0435096 0.0532051
0 0.316133 0.0322115 0.666026 0.05 0.0467949
0 0.324558 0.729447 0.43109 0.10601 0.0820513
0 0.334756 0.197957 0.558013 0.034375 0.0352564
0 0.338707 0.176683 0.87484 0.0625 0.0496795
0 0.359405 0.423798 0.447115 0.0375 0.0634615
0 0.375729 0.580889 0.474199 0.0237981 0.0298077
0 0.393075 0.552404 0.517308 0.05625 0.0589744
0 0.396315 0.412019 0.710256 0.0798077 0.0570513
0 0.411283 0.502885 0.0491987 0.0475962 0.088782
0 0.412425 0.277524 0.153365 0.0492788 0.0701923
0 0.450715 0.962019 0.075 0.0668269 0.0884615
0 0.470846 0.659736 0.78109 0.0646635 0.0698718
0 0.484554 0.483774 0.475641 0.0752404 0.0647436
0 0.485043 0.206971 0.925641 0.0567308 0.0891026
0 0.504952 0.366466 0.417147 0.0314904 0.0676282
0 0.53857 0.557332 0.834936 0.126202 0.205769
0 0.545982 0.129327 0.924679 0.0557692 0.05
0 0.55512 0.479207 0.306731 0.0516827 0.0974359
0 0.562745 0.0984375 0.0253205 0.0603365 0.050641
0 0.571337 0.213582 0.826442 0.0463942 0.0708333
0 0.574889 0.332692 0.695192 0.0471154 0.0602564
0 0.58887 0.0284856 0.0277244 0.0550481 0.0522436
0 0.592676 0.232572 0.15016 0.0286058 0.0330128
0 0.596942 0.774639 0.561699 0.059375 0.0766026
0 0.598344 0.589663 0.135897 0.0764423 0.0807692
0 0.676051 0.0241587 0.372917 0.0483173 0.0625
0 0.687874 0.390986 0.0778846 0.0497596 0.0474359
0 0.691348 0.461178 0.0919872 0.0435096 0.0641026
0 0.705859 0.716947 0.150641 0.0396635 0.0833333
0 0.735923 0.582572 0.246635 0.0617788 0.0650641
