0 0.284943 0.696635 0.853526 0.0485577 0.0435897
0 0.285268 0.441827 0.460577 0.0331731 0.0673077
0 0.286454 0.831731 0.564423 0.0389423 0.0724359
0 0.311323 0.488582 0.0339744 0.0338942 0.0660256
0 0.330135 0.671875 0.489423 0.0413462 0.0621795
0 0.35938 0.782933 0.785096 0.0485577 0.0644231
0 0.36755 0.673077 0.686218 0.0490385 0.0660256
0 0.375324 0.594952 0.614263 0.0697115 0.0804487
0 0.392648 0.513221 0.358974 0.0317308 0.0519231
0 0.408679 0.694832 0.37516 0.0463942 0.0458333
0 0.423391 0.892308 0.448397 0.0668269 0.0576923
0 0.427001 0.533053 0.0354167 0.053125 0.0708333
0 0.457833 0.58137 0.258333 0.0512019 0.0544872
0 0.474579 0.96863 0.685737 0.0627404 0.0573718
0 0.504413 0.424519 0.635417 0.0677885 0.0842949
0 0.506495 0.569952 0.0894231 0.0605769 0.0974359
0 0.509445 0.430048 0.0378205 0.0543269 0.075
0 0.521041 0.714423 0.754968 0.0634615 0.0778846
0 0.527323 0.64375 0.286538 0.0418269 0.0884615
0 0.550514 0.617668 0.751603 0.0487981 0.0685897
0 0.600357 0.452644 0.773718 0.0668269 0.0628205
0 0.603615 0.544712 0.769551 0.0625 0.0660256
0 0.630412 0.534856 0.6625 0.0490385 0.0794872
0 0.63946 0.352043 0.309295 0.071875 0.117949
0 0.644783 0.382812 0.0543269 0.0401442 0.0522436
0 0.668436 0.255409 0.243109 0.0612981 0.0932692
0 0.669011 0.404207 0.23734 0.0632212 0.0894231
0 0.6705 0.440264 0.850641 0.0454327 0.0596154
0 0.698416 0.401442 0.548077 0.0490385 0.0724359
0 0.702733 0.403966 0.910577 0.103606 0.0846154
0 0.712019 0.491827 0.636538 0.0596154 0.102564
0 0.748285 0.459976 0.111538 0.0776442 0.0903846
