0 0.25186 0.852885 0.111058 0.0514423 0.0541667
0 0.279433 0.442067 0.817628 0.0591346 0.0564103
0 0.286431 0.372476 0.145833 0.0521635 0.150641
0 0.288061 0.0145433 0.340385 0.028125 0.0384615
0 0.322222 0.919111 0.765224 0.034375 0.0528846
0 0.322327 0.978846 0.74359 0.0418269 0.108974
0 0.323928 0.258774 0.220994 0.0223558 0.0471154
0 0.345217 0.682692 0.957051 0.0788462 0.0820513
0 0.353524 0.969471 0.972276 0.0610577 0.0554487
0 0.357378 0.876202 0.0245192 0.123077 0.0432692
0 0.368142 0.495793 0.563301 0.034375 0.0304487
0 0.372266 0.921995 0.645032 0.0387019 0.0471154
0 0.377307 0.417188 0.186699 0.0521635 0.0810897
0 0.388851 0.573918 0.233654 0.0694712 0.0692308
0 0.396811 0.241587 0.6625 0.0504808 0.0544872
0 0.410814 0.367067 0.111378 0.0466346 0.0849359
0 0.45509 0.11238 0.731731 0.0545673 0.0775641
0 0.460689 0.52524 0.0373397 0.0875 0.0657051
0 0.46084 0.462981 0.043109 0.0182692 0.0432692
0 0.462055 0.878365 0.103686 0.102404 0.0759615
0 0.465471 0.0862981 0.43125 0.0600962 0.0548077
0 0.486619 0.189303 0.573558 0.090625 0.0676282
0 0.489171 0.239423 0.470513 0.0211538 0.0429487
0 0.509408 0.542788 0.909615 0.0495192 0.0923077
0 0.520253 0.277764 0.583333 0.0689904 0.0673077
0 0.53893 0.0564904 0.747276 0.0725962 0.104167
0 0.542502 0.0557692 0.637179 0.0408654 0.0673077
0 0.569918 0.130889 0.499359 0.0521635 0.0826923
0 0.576216 0.0691106 0.580609 0.0641827 0.0689103
0 0.584539 0.163101 0.273718 0.0622596 0.075641
0 0.618422 0.58774 0.900962 0.0384615 0.0839744
0 0.624942 0.324038 0.361218 0.0480769 0.0884615
0 0.666601 0.255048 0.29391 0.0596154 0.0884615
