0 0.267137 0.572115 0.835096 0.0418269 0.036859
0 0.268239 0.974159 0.537821 0.0512019 0.0532051
0 0.272399 0.171635 0.150801 0.0240385 0.038141
0 0.282522 0.366707 0.308974 0.0387019 0.0352564
0 0.320514 0.683053 0.385737 0.0540865 0.0676282
0 0.323803 0.276683 0.0472756 0.0240385 0.0323718
0 0.330654 0.410577 0.116506 0.0129808 0.0394231
0 0.357885 0.381611 0.809295 0.028125 0.0346154
0 0.378978 0.330649 0.906891 0.0838942 0.0855769
0 0.409397 0.345072 0.343429 0.0242788 0.036218
0 0.410529 0.171755 0.209295 0.0252404 0.0429487
0 0.428067 0.268269 0.571635 0.0403846 0.0445513
0 0.432944 0.291106 0.467949 0.0274038 0.0371795
0 0.439437 0.294591 0.140224 0.0242788 0.0445513
0 0.451647 0.496755 0.622115 0.0574519 0.099359
0 0.458821 0.314423 0.190064 0.025 0.0365385
0 0.468352 0.462861 0.323077 0.0271635 0.0532051
0 0.556556 0.340264 0.457692 0.0348558 0.0698718
0 0.629633 0.417428 0.224038 0.0358173 0.0448718
