0 0.266883 0.927764 0.279647 0.0338942 0.0458333
0 0.270365 0.915144 0.389583 0.0442308 0.0650641
0 0.293198 0.979207 0.546314 0.0415865 0.088782
0 0.316418 0.0340144 0.0331731 0.0487981 0.0663462
0 0.318429 0.113702 0.938301 0.0572115 0.0477564
0 0.324468 0.986779 0.221474 0.0259615 0.13141
0 0.344335 0.684976 0.0241987 0.0372596 0.0483974
0 0.354131 0.480529 0.591827 0.0278846 0.0721154
0 0.375132 0.806971 0.701763 0.0447115 0.0900641
0 0.381707 0.166587 0.490705 0.0793269 0.0455128
0 0.401943 0.0723558 0.142949 0.0331731 0.0775641
0 0.401956 0.310817 0.635256 0.0341346 0.0544872
0 0.413239 0.0871394 0.326122 0.0622596 0.0612179
0 0.499344 0.9125 0.543429 0.0538462 0.0516026
0 0.510935 0.310337 0.205449 0.0283654 0.0621795
0 0.541184 0.264663 0.689423 0.0293269 0.0371795
0 0.545594 0.460697 0.441667 0.0612981 0.117949
0 0.560325 0.38113 0.73734 0.0603365 0.0894231
0 0.566758 0.575962 0.713622 0.0745192 0.10609
0 0.582444 0.372837 0.0733974 0.0528846 0.0628205
