0 0.252407 0.438101 0.467628 0.0300481 0.0326923
0 0.256022 0.339543 0.586538 0.0223558 0.0397436
0 0.257438 0.878245 0.338782 0.0699519 0.0820513
0 0.265637 0.654567 0.0588141 0.0384615 0.0810897
0 0.299325 0.784615 0.724199 0.0293269 0.0612179
0 0.305397 0.640625 0.292949 0.0307692 0.0365385
0 0.307943 0.366346 0.941026 0.0269231 0.049359
0 0.313532 0.61274 0.109135 0.0293269 0.0445513
0 0.320903 0.73113 0.757532 0.0382212 0.0554487
0 0.322345 0.986178 0.26266 0.0266827 0.0682692
0 0.326854 0.235216 0.239744 0.034375 0.0762821
0 0.333856 0.498197 0.228205 0.0300481 0.0403846
0 0.351456 0.624639 0.862019 0.028125 0.0490385
0 0.353131 0.692909 0.292308 0.0305288 0.0397436
0 0.377558 0.552043 0.475481 0.0526442 0.0477564
0 0.379687 0.563822 0.384295 0.0603365 0.0423077
0 0.380135 0.554928 0.205128 0.0439904 0.0666667
0 0.387426 0.680649 0.515545 0.0560096 0.0932692
0 0.396982 0.83125 0.255769 0.0504808 0.0794872
0 0.42837 0.602284 0.785737 0.0223558 0.0477564
0 0.432712 0.714303 0.278205 0.0209135 0.0519231
0 0.436874 0.310697 0.232212 0.0425481 0.0516026
0 0.440067 0.659495 0.803686 0.0569712 0.0657051
0 0.448825 0.171154 0.353846 0.0413462 0.0705128
0 0.458244 0.707452 0.604327 0.0413462 0.0676282
0 0.465299 0.618149 0.621474 0.0257212 0.0371795
0 0.467172 0.555288 0.536378 0.0269231 0.0451923
0 0.47695 0.274519 0.0471154 0.0375 0.0653846
0 0.514889 0.554207 0.0961538 0.0295673 0.0371795
0 0.550575 0.435337 0.0274038 0.0543269 0.0541667
0 0.570548 0.401563 0.722917 0.0300481 0.0875
0 0.600052 0.696995 0.389103 0.0324519 0.0544872
0 0.608228 0.176803 0.892468 0.0492788 0.0471154
0 0.617842 0.286178 0.539904 0.0310096 0.0708333
0 0.63134 0.87488 0.0815705 0.0420673 0.0592949
0 0.648836 0.534495 0.90609 0.0266827 0.0538462
0 0.698451 0.603966 0.972596 0.0555288 0.0458333
