0 0.263492 0.172115 0.632372 0.0427885 0.0903846
0 0.270373 0.393029 0.284135 0.0259615 0.036218
0 0.407694 0.0140625 0.138622 0.028125 0.0650641
0 0.443407 0.208894 0.69375 0.0841346 0.10609
0 0.446556 0.976082 0.957532 0.0478365 0.0849359
0 0.453737 0.159976 0.5375 0.0516827 0.0519231
0 0.54818 0.329207 0.467147 0.0237981 0.0387821
0 0.588942 0.331851 0.0440705 0.0377404 0.0407051
0 0.590038 0.337861 0.297596 0.0800481 0.0977564
0 0.613426 0.682572 0.513301 0.0665865 0.110577
0 0.624685 0.155649 0.480128 0.0295673 0.0538462
