0 0.252661 0.685457 0.697756 0.0430288 0.0557692
0 0.269546 0.33774 0.834936 0.0259615 0.0333333
0 0.269949 0.982933 0.220032 0.0288462 0.0753205
0 0.280466 0.927163 0.110577 0.0653846 0.0833333
0 0.281049 0.218149 0.765865 0.0314904 0.0336538
0 0.286844 0.215144 0.685096 0.0278846 0.0516026
0 0.291423 0.765986 0.117468 0.0290865 0.0426282
0 0.291552 0.942909 0.0924679 0.0444712 0.0798077
0 0.30093 0.986899 0.846635 0.0247596 0.0817308
0 0.328382 0.596274 0.0525641 0.0161058 0.0320513
0 0.339307 0.983413 0.326603 0.0331731 0.0628205
0 0.354118 0.789543 0.382212 0.0435096 0.0746795
0 0.368891 0.342788 0.449199 0.0394231 0.111859
0 0.369811 0.833413 0.0668269 0.0322115 0.0560897
0 0.384755 0.140385 0.676603 0.0432692 0.0775641
0 0.387353 0.719832 0.358814 0.0170673 0.0323718
0 0.398499 0.979567 0.476763 0.0389423 0.0586538
0 0.405028 0.190505 0.569551 0.0314904 0.0423077
0 0.406004 0.56899 0.61266 0.0245192 0.0291667
0 0.408169 0.412019 0.362179 0.0235577 0.0403846
0 0.419767 0.314904 0.0817308 0.0576923 0.0685897
0 0.431277 0.454087 0.74375 0.0331731 0.0560897
0 0.483751 0.486538 0.365224 0.0302885 0.0503205
0 0.485342 0.620913 0.710737 0.0264423 0.0528846
0 0.488501 0.206851 0.262981 0.0367788 0.0490385
0 0.49148 0.808173 0.480609 0.0403846 0.0528846
0 0.516792 0.912019 0.126923 0.0399038 0.0583333
0 0.526267 0.240625 0.401603 0.0447115 0.075641
0 0.565537 0.356971 0.874038 0.0355769 0.0346154
0 0.616042 0.271875 0.180769 0.0307692 0.0589744
0 0.626292 0.322596 0.743429 0.0288462 0.0413462
0 0.703854 0.137861 0.468109 0.0507212 0.0810897
