0 0.250435 0.0841346 0.975321 0.0543269 0.0480769
0 0.251881 0.261298 0.237019 0.0139423 0.0432692
0 0.256169 0.530168 0.436218 0.0271635 0.0333333
0 0.275483 0.253365 0.677724 0.0288462 0.0426282
0 0.279686 0.0383413 0.969391 0.0622596 0.0586538
0 0.281825 0.0652644 0.970833 0.0603365 0.0525641
0 0.285258 0.271394 0.338782 0.0235577 0.0352564
0 0.300584 0.344952 0.0461538 0.0581731 0.0923077
0 0.312367 0.271394 0.753365 0.025 0.0413462
0 0.32945 0.505649 0.061859 0.046875 0.0955128
0 0.335156 0.201803 0.960256 0.0459135 0.0730769
0 0.346953 0.149519 0.606731 0.0264423 0.0339744
0 0.393968 0.166947 0.884295 0.0367788 0.0884615
0 0.418329 0.114063 0.978045 0.0382212 0.0439103
0 0.440114 0.345793 0.923718 0.0314904 0.0474359
0 0.461804 0.563341 0.393109 0.0362981 0.0535256
0 0.467335 0.0239183 0.585096 0.0459135 0.0971154
0 0.483356 0.253606 0.876442 0.0413462 0.0676282
0 0.488297 0.844952 0.0241987 0.0259615 0.0483974
0 0.533491 0.324159 0.403365 0.0497596 0.0727564
0 0.544241 0.617909 0.103686 0.0670673 0.133013
0 0.585072 0.384014 0.616667 0.0276442 0.0429487
0 0.585889 0.531731 0.519231 0.0375 0.0429487
0 0.588047 0.50601 0.650962 0.0432692 0.0916667
0 0.591865 0.708534 0.0416667 0.0502404 0.0730769
0 0.602626 0.318389 0.74968 0.0444712 0.0814103
0 0.614266 0.105168 0.724199 0.0641827 0.100321
0 0.66591 0.661058 0.230449 0.0586538 0.189744
0 0.666314 0.105168 0.417628 0.0569712 0.0628205
0 0.666785 0.319231 0.617308 0.0629808 0.0583333
0 0.716877 0.367308 0.7125 0.0447115 0.105769
0 0.727973 0.174399 0.280929 0.065625 0.0663462
0 0.728481 0.0905048 0.547917 0.0762019 0.088782
