0 0.251062 0.0615355 0.424126 0.0320216 0.0365226
0 0.254792 0.201968 0.182613 0.023534 0.0380658
0 0.283513 0.353202 0.299126 0.0304784 0.034465
0 0.309541 0.267747 0.359825 0.0316358 0.0282922
0 0.346682 0.533179 0.967593 0.0470679 0.0524691
0 0.36005 0.314429 0.462449 0.0246914 0.0308642
0 0.370725 0.122106 0.409979 0.0358796 0.0308642
0 0.401715 0.29321 0.281893 0.0208333 0.0298354
0 0.418094 0.298804 0.344907 0.0165895 0.0365226
0 0.436112 0.359182 0.391204 0.0316358 0.0406379
0 0.500725 0.585648 0.927984 0.0223765 0.0833333
0 0.525472 0.256173 0.410751 0.0239198 0.0262346
0 0.602973 0.315201 0.21785 0.0555556 0.0704733
