0 0.285502 0.986625 0.7875 0.02475 0.0403333
0 0.29776 0.8025 0.654333 0.0325 0.0406667
0 0.303252 0.4355 0.473667 0.02 0.0386667
0 0.363761 0.454625 0.518667 0.04425 0.074
0 0.377012 0.88375 0.784 0.0285 0.0353333
0 0.397571 0.480625 0.228167 0.01825 0.0376667
0 0.418388 0.857875 0.569167 0.02025 0.0363333
0 0.430496 0.7015 0.867333 0.015 0.0413333
0 0.446626 0.176875 0.528 0.03825 0.046
0 0.457816 0.4275 0.179667 0.041 0.0793333
0 0.465055 0.40525 0.555333 0.057 0.0826667
0 0.473919 0.53625 0.605333 0.042 0.0466667
0 0.495723 0.2115 0.375 0.0225 0.0413333
0 0.504768 0.49475 0.467 0.0255 0.042
0 0.513047 0.471625 0.653 0.05125 0.0926667
0 0.513669 0.511 0.693167 0.033 0.0963333
0 0.608597 0.596 0.191167 0.0125 0.0403333
0 0.622451 0.520125 0.233667 0.04825 0.0793333
0 0.634778 0.565 0.269333 0.0465 0.06
0 0.637153 0.582625 0.664 0.02925 0.066
0 0.637166 0.5915 0.503833 0.025 0.0463333
0 0.686186 0.496625 0.337833 0.05475 0.083
0 0.687613 0.545875 0.426667 0.05625 0.068
0 0.697254 0.744125 0.161 0.03825 0.054
0 0.711055 0.7215 0.207667 0.0355 0.052
0 0.711803 0.404375 0.138167 0.07375 0.075
0 0.762873 0.51 0.122167 0.076 0.100333
0 0.766445 0.36825 0.214833 0.035 0.0623333
0 0.768406 0.29675 0.440333 0.038 0.056
0 0.769609 0.26225 0.552 0.042 0.066
0 0.773187 0.57275 0.9135 0.0425 0.059
0 0.778671 0.37825 0.409667 0.0705 0.115333
0 0.784523 0.3475 0.624 0.0445 0.086
0 0.785853 0.4455 0.277667 0.0575 0.0846667
0 0.808146 0.42825 0.7535 0.0805 0.115667
