0 0.25971 0.366375 0.948167 0.02725 0.043
0 0.26904 0.061625 0.801667 0.04025 0.0346667
0 0.275457 0.399875 0.382667 0.06025 0.0686667
0 0.282314 0.4415 0.981667 0.035 0.0366667
0 0.282452 0.253875 0.494667 0.01575 0.032
0 0.285276 0.581125 0.745333 0.03625 0.0353333
0 0.308795 0.064625 0.638833 0.02625 0.037
0 0.314419 0.401 0.0783333 0.017 0.0366667
0 0.323493 0.449375 0.924667 0.02025 0.0346667
0 0.324599 0.032875 0.759833 0.06125 0.061
0 0.339506 0.566875 0.928667 0.02125 0.0726667
0 0.340531 0.494125 0.869667 0.02025 0.0406667
0 0.342637 0.7105 0.856167 0.047 0.0656667
0 0.356418 0.13925 0.920833 0.0285 0.033
0 0.360716 0.537875 0.920333 0.02475 0.0433333
0 0.379451 0.79375 0.957 0.051 0.0753333
0 0.403833 0.16275 0.986667 0.0215 0.0266667
0 0.417089 0.166 0.419167 0.038 0.0596667
0 0.41721 0.0575 0.499833 0.0925 0.0863333
0 0.447517 0.0305 0.629 0.044 0.0593333
0 0.496082 0.136375 0.863667 0.01575 0.0453333
0 0.507357 0.643375 0.8545 0.04375 0.069
0 0.5471 0.80825 0.776667 0.0475 0.0506667
0 0.557405 0.075 0.574833 0.0345 0.0536667
0 0.768518 0.29325 0.743833 0.045 0.055
