0 0.25361 0.6225 0.977 0.0455 0.046
0 0.260557 0.12825 0.361833 0.038 0.0443333
0 0.261167 0.799625 0.418833 0.02125 0.0363333
0 0.263822 0.411125 0.882167 0.02925 0.0556667
0 0.26842 0.5635 0.932667 0.0315 0.026
0 0.271036 0.4525 0.534833 0.0555 0.0523333
0 0.271335 0.878625 0.614 0.03125 0.07
0 0.272669 0.627625 0.945833 0.02425 0.0456667
0 0.274272 0.956625 0.0808333 0.03775 0.049
0 0.275812 0.308 0.561333 0.0255 0.044
0 0.276112 0.383875 0.601 0.01375 0.0306667
0 0.276495 0.4125 0.119333 0.0195 0.036
0 0.277075 0.91325 0.102833 0.022 0.031
0 0.280132 0.415125 0.9595 0.03075 0.0503333
0 0.284554 0.127875 0.220167 0.02625 0.0316667
0 0.286333 0.36775 0.0923333 0.03 0.036
0 0.28792 0.201875 0.368833 0.02575 0.043
0 0.290728 0.2875 0.416333 0.018 0.038
0 0.292493 0.461875 0.892 0.03225 0.0306667
0 0.295283 0.560875 0.1885 0.02625 0.0283333
0 0.301058 0.3525 0.1285 0.02 0.0336667
0 0.301609 0.904125 0.9145 0.02325 0.029
0 0.302191 0.496625 0.9515 0.02225 0.0323333
0 0.304818 0.333625 0.433833 0.01275 0.031
0 0.31729 0.390625 0.692833 0.01375 0.0296667
0 0.317705 0.379125 0.406167 0.01825 0.0256667
0 0.319541 0.85475 0.454 0.0415 0.0573333
0 0.322759 0.615625 0.5975 0.02525 0.0243333
0 0.325468 0.558 0.6235 0.0455 0.041
0 0.327708 0.1535 0.169333 0.0335 0.064
0 0.330494 0.460875 0.298167 0.02375 0.039
0 0.335349 0.97175 0.0768333 0.0455 0.0536667
0 0.33752 0.609625 0.899833 0.03825 0.035
0 0.338695 0.5125 0.374 0.0135 0.0246667
0 0.33968 0.166 0.524333 0.018 0.054
0 0.348627 0.946375 0.0915 0.02425 0.0423333
0 0.350942 0.55925 0.458167 0.02 0.0283333
0 0.351161 0.44125 0.471667 0.032 0.0286667
0 0.351225 0.806625 0.425667 0.03275 0.0433333
0 0.352063 0.579875 0.416167 0.01625 0.0363333
0 0.352089 0.262125 0.618167 0.02325 0.0356667
0 0.353021 0.227625 0.329833 0.03125 0.0363333
0 0.353308 0.507375 0.473333 0.02625 0.0293333
0 0.357405 0.736 0.197167 0.018 0.0556667
0 0.35796 0.569375 0.6285 0.03125 0.0423333
0 0.363014 0.45975 0.656167 0.0165 0.033
0 0.369448 0.5775 0.0828333 0.014 0.0323333
0 0.372426 0.49675 0.847167 0.0245 0.0556667
0 0.379555 0.46425 0.962833 0.018 0.0316667
0 0.390375 0.353375 0.432333 0.01375 0.0353333
0 0.392565 0.468375 0.341333 0.01925 0.0306667
0 0.394367 0.30525 0.116667 0.021 0.0386667
0 0.408367 0.442375 0.013 0.02075 0.026
0 0.409413 0.251625 0.229 0.01775 0.0406667
0 0.412258 0.97925 0.373833 0.0375 0.0836667
0 0.412753 0.415375 0.895833 0.02175 0.0396667
0 0.414091 0.377125 0.653333 0.02075 0.0293333
0 0.419171 0.5035 0.0676667 0.04 0.0446667
0 0.419628 0.3015 0.576833 0.024 0.0416667
0 0.420908 0.513625 0.979667 0.03275 0.0406667
0 0.422056 0.5695 0.276333 0.021 0.0306667
0 0.424414 0.312125 0.251333 0.02325 0.0393333
0 0.428781 0.184875 0.665333 0.02175 0.036
0 0.429872 0.71875 0.889333 0.047 0.044
0 0.434998 0.425375 0.229167 0.02025 0.0456667
0 0.440295 0.049875 0.2585 0.01675 0.0403333
0 0.456406 0.348 0.560167 0.0365 0.0676667
0 0.460443 0.401625 0.854333 0.03875 0.0426667
0 0.46759 0.983 0.151333 0.0335 0.0426667
0 0.476687 0.3895 0.1325 0.0195 0.0376667
0 0.481044 0.68975 0.7575 0.0315 0.043
0 0.485142 0.458875 0.1665 0.01425 0.035
0 0.485342 0.124375 0.674167 0.02725 0.049
0 0.498844 0.932875 0.4065 0.03425 0.0383333
0 0.499114 0.628 0.138833 0.032 0.063
0 0.501295 0.61475 0.299333 0.039 0.0486667
0 0.514145 0.106625 0.4315 0.02775 0.0403333
0 0.520611 0.553875 0.118667 0.03475 0.032
0 0.525704 0.439375 0.528833 0.03475 0.045
0 0.527251 0.824625 0.886667 0.03075 0.0366667
0 0.529998 0.2695 0.267833 0.0245 0.0316667
0 0.549451 0.708 0.707667 0.024 0.034
0 0.556448 0.944875 0.479833 0.05775 0.057
0 0.570099 0.941125 0.947333 0.02675 0.0413333
0 0.571504 0.872625 0.965333 0.02675 0.0586667
0 0.579624 0.903875 0.845167 0.05175 0.0456667
0 0.606379 0.391875 0.524833 0.02275 0.0363333
0 0.614906 0.252 0.155333 0.04 0.0706667
0 0.616912 0.707875 0.1955 0.02175 0.0476667
0 0.621409 0.982625 0.5615 0.03475 0.065
0 0.627091 0.471875 0.544333 0.02925 0.0446667
0 0.644104 0.553375 0.5425 0.04325 0.051
0 0.660763 0.90575 0.345167 0.0475 0.045
0 0.670243 0.751375 0.749167 0.02875 0.057
0 0.67633 0.88025 0.274167 0.0315 0.0623333
0 0.690657 0.237625 0.507833 0.03575 0.0736667
0 0.721905 0.772375 0.288833 0.02275 0.0703333
