0 0.264611 0.70375 0.0653333 0.022 0.0346667
0 0.286914 0.536625 0.652833 0.01125 0.0276667
0 0.291303 0.577375 0.097 0.01825 0.03
0 0.30307 0.565625 0.1665 0.02425 0.0363333
0 0.30439 0.057875 0.406 0.04025 0.06
0 0.321412 0.555625 0.0646667 0.02675 0.034
0 0.341047 0.6005 0.094 0.0155 0.0553333
0 0.344199 0.152125 0.897833 0.02425 0.0576667
0 0.350933 0.571 0.382 0.022 0.0566667
0 0.358733 0.521375 0.0886667 0.03275 0.032
0 0.379624 0.501125 0.6045 0.03075 0.0516667
0 0.474182 0.50375 0.418333 0.0345 0.0406667
0 0.521011 0.381 0.0536667 0.016 0.044
0 0.540331 0.538625 0.725167 0.02175 0.0376667
0 0.630608 0.77 0.0315 0.036 0.051
0 0.680713 0.3425 0.462833 0.072 0.061
