0 0.26352 0.57875 0.955833 0.0215 0.0323333
0 0.276113 0.50075 0.118167 0.0135 0.0316667
0 0.284018 0.68225 0.0713333 0.022 0.04
0 0.295703 0.145125 0.861833 0.05175 0.0463333
0 0.327762 0.534625 0.450333 0.05675 0.0433333
0 0.335738 0.146625 0.753667 0.07725 0.0506667
0 0.376081 0.274875 0.975333 0.03875 0.044
0 0.380064 0.273375 0.078 0.03575 0.042
0 0.395954 0.300625 0.7665 0.02175 0.0483333
0 0.397878 0.251625 0.856167 0.03325 0.0843333
0 0.400307 0.442375 0.672667 0.02375 0.0286667
0 0.40076 0.013875 0.808833 0.02775 0.0596667
0 0.425223 0.3685 0.722667 0.0175 0.052
0 0.429043 0.37275 0.799667 0.0385 0.0453333
0 0.439885 0.490875 0.804333 0.02475 0.042
0 0.455819 0.381875 0.788167 0.05575 0.0723333
0 0.480428 0.126375 0.5865 0.02525 0.037
0 0.495615 0.595375 0.899667 0.04575 0.0453333
0 0.509776 0.3985 0.482667 0.0225 0.048
0 0.513042 0.913875 0.021 0.03525 0.042
0 0.515821 0.06475 0.906667 0.0345 0.0406667
0 0.548775 0.915375 0.208 0.02975 0.0433333
0 0.573119 0.9295 0.125833 0.0445 0.0676667
0 0.597377 0.8585 0.861167 0.0255 0.043
0 0.622435 0.110625 0.932667 0.04325 0.0733333
