0 0.254572 0.853 0.255833 0.0245 0.0303333
0 0.255654 0.34025 0.679667 0.022 0.028
0 0.257821 0.639625 0.4915 0.03425 0.057
0 0.272242 0.73425 0.327167 0.0525 0.0443333
0 0.278634 0.452625 0.205667 0.02725 0.032
0 0.287916 0.444625 0.834167 0.02425 0.035
0 0.293403 0.3885 0.728333 0.038 0.0766667
0 0.297802 0.375375 0.518833 0.04025 0.087
0 0.306461 0.32975 0.795167 0.0305 0.0523333
0 0.312565 0.85525 0.973 0.057 0.0513333
0 0.321878 0.915125 0.312 0.02125 0.038
0 0.343364 0.255875 0.478333 0.01625 0.0386667
0 0.354419 0.535125 0.942333 0.04225 0.0353333
0 0.362867 0.635125 0.473167 0.02025 0.035
0 0.393125 0.219375 0.4975 0.02575 0.047
0 0.393316 0.7545 0.0203333 0.043 0.0406667
0 0.394838 0.977875 0.821167 0.04425 0.0523333
0 0.39812 0.541625 0.598667 0.02775 0.0473333
0 0.399691 0.38275 0.617 0.028 0.07
0 0.403734 0.803 0.704167 0.02 0.0436667
0 0.413728 0.485375 0.260167 0.03725 0.0423333
0 0.443545 0.713375 0.380833 0.02875 0.037
0 0.44612 0.322 0.621667 0.051 0.0426667
0 0.447397 0.433875 0.826167 0.04375 0.0543333
0 0.455186 0.979125 0.349667 0.03875 0.0433333
0 0.480525 0.392375 0.916333 0.03375 0.034
0 0.482847 0.13875 0.920833 0.031 0.0496667
0 0.482853 0.579125 0.417333 0.02775 0.038
0 0.502725 0.632375 0.793833 0.04125 0.0416667
0 0.515189 0.381125 0.365167 0.02575 0.037
0 0.518588 0.53125 0.662 0.045 0.044
0 0.577593 0.87775 0.283833 0.03 0.033
0 0.608018 0.44425 0.256833 0.033 0.053
0 0.610255 0.497875 0.727667 0.02425 0.062
0 0.62758 0.507375 0.892667 0.03475 0.0453333
0 0.634718 0.425875 0.344167 0.04375 0.0636667
