0 0.252215 0.58875 0.426 0.0265 0.054
0 0.263502 0.796625 0.2285 0.03475 0.0503333
0 0.268209 0.793 0.168167 0.019 0.0336667
0 0.271497 0.015625 0.959833 0.02525 0.0456667
0 0.284248 0.97775 0.158833 0.0445 0.059
0 0.291056 0.74375 0.100667 0.0245 0.0366667
0 0.295779 0.9135 0.109667 0.0215 0.0413333
0 0.324016 0.96825 0.2275 0.0515 0.0603333
0 0.339211 0.89025 0.263667 0.0255 0.034
0 0.34902 0.54825 0.912667 0.014 0.0206667
0 0.357051 0.876375 0.903667 0.04475 0.0573333
0 0.359427 0.950875 0.018 0.04075 0.036
0 0.420032 0.551125 0.474833 0.03275 0.0503333
0 0.428319 0.646125 0.175167 0.01525 0.0336667
0 0.502635 0.896 0.379167 0.0405 0.0563333
0 0.511242 0.8795 0.0238333 0.0475 0.0476667
0 0.520234 0.919625 0.211833 0.03775 0.0776667
0 0.522556 0.526125 0.329333 0.02625 0.058
0 0.537545 0.78725 0.853167 0.0275 0.0423333
0 0.5589 0.59575 0.049 0.0465 0.0693333
0 0.568807 0.45775 0.956667 0.0315 0.044
