0 0.259191 0.98575 0.224 0.0285 0.0506667
0 0.262043 0.463875 0.778333 0.03825 0.0486667
0 0.265204 0.368125 0.311333 0.02375 0.0253333
0 0.271147 0.538375 0.987167 0.04875 0.0256667
0 0.329017 0.5985 0.600167 0.0165 0.031
0 0.356315 0.635125 0.8045 0.02125 0.0483333
0 0.363778 0.95325 0.169333 0.026 0.034
0 0.367442 0.353125 0.231833 0.03325 0.0403333
0 0.389718 0.4695 0.845833 0.027 0.035
0 0.443809 0.389125 0.724333 0.03875 0.0413333
0 0.466011 0.44875 0.979167 0.038 0.0416667
0 0.479545 0.826 0.0733333 0.038 0.0466667
0 0.510426 0.4465 0.555833 0.0225 0.035
0 0.53924 0.401375 0.638833 0.03125 0.0543333
0 0.548069 0.440125 0.367667 0.02075 0.0353333
0 0.566113 0.311375 0.647 0.03725 0.0453333
0 0.583173 0.511125 0.919333 0.03825 0.0486667
0 0.595842 0.560875 0.913167 0.02725 0.0396667
0 0.611947 0.25325 0.646833 0.034 0.0583333
