0 0.255518 0.581 0.224667 0.027 0.0413333
0 0.258425 0.889875 0.642 0.02725 0.0306667
0 0.266412 0.497625 0.0136667 0.02525 0.0273333
0 0.270468 0.755625 0.289667 0.03775 0.0606667
0 0.278309 0.4635 0.4905 0.02 0.0463333
0 0.280423 0.792125 0.134333 0.01825 0.0393333
0 0.282957 0.963 0.599833 0.027 0.029
0 0.283184 0.662375 0.861667 0.01425 0.028
0 0.286765 0.960875 0.342333 0.02675 0.0393333
0 0.296118 0.2145 0.462833 0.032 0.093
0 0.298857 0.769625 0.832167 0.03525 0.0576667
0 0.298977 0.015 0.696833 0.0285 0.0476667
0 0.304888 0.149125 0.649833 0.03425 0.079
0 0.306518 0.855875 0.280167 0.04625 0.0516667
0 0.306552 0.285 0.0493333 0.0185 0.0526667
0 0.307687 0.640875 0.859167 0.02475 0.033
0 0.309047 0.622125 0.806833 0.01925 0.045
0 0.314657 0.619875 0.3965 0.01925 0.0276667
0 0.318647 0.988125 0.8095 0.02225 0.0443333
0 0.321104 0.6185 0.905667 0.0305 0.0346667
0 0.322502 0.710125 0.170667 0.04025 0.0653333
0 0.322619 0.07775 0.2875 0.044 0.067
0 0.326257 0.311125 0.397667 0.04725 0.0473333
0 0.328075 0.034125 0.813 0.03425 0.0566667
0 0.333139 0.330125 0.502833 0.04925 0.0976667
0 0.334179 0.2585 0.863667 0.0405 0.0406667
0 0.33456 0.14975 0.5535 0.029 0.0783333
0 0.345019 0.536625 0.0503333 0.02275 0.0553333
0 0.345348 0.7095 0.0758333 0.027 0.0323333
0 0.347187 0.20875 0.0576667 0.019 0.0393333
0 0.348508 0.722125 0.6515 0.03775 0.0576667
0 0.351469 0.64225 0.345 0.0255 0.0313333
0 0.356877 0.389 0.571833 0.036 0.089
0 0.368829 0.8385 0.722833 0.0255 0.051
0 0.373998 0.216625 0.904 0.02875 0.062
0 0.376067 0.58275 0.369667 0.044 0.044
0 0.3834 0.771625 0.0381667 0.02625 0.0456667
0 0.391246 0.60575 0.775667 0.0325 0.06
0 0.399382 0.577875 0.279333 0.02975 0.0446667
0 0.399384 0.4125 0.507 0.0265 0.044
0 0.400172 0.363125 0.977 0.05525 0.046
0 0.404057 0.35875 0.369 0.024 0.0346667
0 0.404398 0.241125 0.3725 0.04775 0.0516667
0 0.406069 0.958 0.0453333 0.052 0.05
0 0.410109 0.673375 0.608833 0.01875 0.0323333
0 0.410564 0.1715 0.143667 0.023 0.0386667
0 0.417013 0.624 0.156833 0.0595 0.0596667
0 0.42168 0.061875 0.162167 0.04025 0.0463333
0 0.430436 0.86725 0.343667 0.057 0.048
0 0.431741 0.276875 0.4605 0.04075 0.0523333
0 0.436138 0.54 0.828167 0.0295 0.0723333
0 0.438413 0.60925 0.11 0.032 0.0406667
0 0.443207 0.31475 0.312333 0.0505 0.0506667
0 0.453288 0.339 0.863833 0.0245 0.0603333
0 0.45361 0.761375 0.308667 0.05475 0.0933333
0 0.455191 0.474625 0.608167 0.02675 0.049
0 0.459569 0.305375 0.966833 0.03675 0.061
0 0.45995 0.267625 0.181833 0.03125 0.0716667
0 0.461607 0.308875 0.173 0.04125 0.0866667
0 0.47391 0.480375 0.874333 0.02975 0.0453333
0 0.476093 0.42175 0.704667 0.022 0.0566667
0 0.476269 0.608375 0.6825 0.02675 0.045
0 0.489179 0.672625 0.2765 0.05625 0.0563333
0 0.497004 0.413375 0.946167 0.03075 0.0636667
0 0.499871 0.532625 0.269167 0.02525 0.0336667
0 0.502313 0.14225 0.218667 0.027 0.0506667
0 0.50299 0.26175 0.2865 0.031 0.0803333
0 0.506869 0.705875 0.3195 0.03725 0.0396667
0 0.529831 0.298 0.614 0.059 0.100667
0 0.532759 0.3055 0.777667 0.033 0.0473333
0 0.53401 0.813 0.1875 0.037 0.057
0 0.543419 0.629 0.713667 0.027 0.036
0 0.553689 0.9 0.421667 0.049 0.0493333
0 0.555955 0.692375 0.822167 0.02475 0.047
0 0.565522 0.208875 0.178 0.02025 0.0426667
0 0.566268 0.557125 0.652 0.04025 0.06
0 0.584917 0.90325 0.083 0.047 0.0546667
0 0.588703 0.9765 0.655 0.047 0.0553333
0 0.604391 0.12825 0.8635 0.0505 0.0823333
0 0.615036 0.518375 0.153 0.04425 0.102
0 0.62117 0.471375 0.7685 0.03625 0.051
0 0.628518 0.034 0.351333 0.0445 0.0673333
0 0.648724 0.778125 0.226667 0.02625 0.0486667
0 0.648939 0.10725 0.7555 0.027 0.0616667
0 0.664196 0.692875 0.702667 0.02575 0.0366667
0 0.666333 0.21 0.628833 0.0615 0.0836667
0 0.671871 0.37025 0.701 0.048 0.0566667
0 0.690466 0.578625 0.900833 0.03625 0.0783333
0 0.709994 0.73225 0.800333 0.037 0.0473333
