0 0.276699 0.75025 0.474 0.023 0.0373333
0 0.290272 0.504625 0.0631667 0.04225 0.0336667
0 0.296468 0.8165 0.145833 0.05 0.0616667
0 0.326366 0.363375 0.867167 0.02425 0.0356667
0 0.343398 0.534875 0.933333 0.03125 0.0406667
0 0.346424 0.310875 0.425 0.05625 0.05
0 0.356643 0.10825 0.783667 0.152 0.06
0 0.379577 0.74025 0.537167 0.035 0.045
0 0.380089 0.682375 0.6075 0.04125 0.0476667
0 0.392235 0.763625 0.98 0.06175 0.04
0 0.437263 0.790875 0.548167 0.03825 0.0656667
0 0.470828 0.777375 0.670167 0.03375 0.0516667
0 0.487678 0.9685 0.202167 0.034 0.0436667
0 0.494229 0.595875 0.852833 0.02525 0.0396667
0 0.49651 0.444375 0.747667 0.04775 0.054
0 0.509271 0.442875 0.970667 0.04975 0.0586667
0 0.514059 0.402375 0.925833 0.02475 0.033
0 0.520902 0.164375 0.710667 0.07125 0.160667
0 0.557445 0.305625 0.882333 0.03025 0.0653333
0 0.581375 0.144875 0.074 0.03075 0.068
0 0.591657 0.152625 0.891833 0.05825 0.075
0 0.59959 0.2465 0.782833 0.0405 0.0856667
0 0.638611 0.041625 0.875333 0.08225 0.0873333
0 0.682843 0.394875 0.887167 0.04125 0.0456667
