0 0.255114 0.892125 0.838 0.02825 0.0373333
0 0.257957 0.253375 0.932667 0.03825 0.0446667
0 0.268148 0.833625 0.267167 0.03525 0.0376667
0 0.271994 0.983 0.579167 0.034 0.0643333
0 0.281497 0.98625 0.734167 0.0275 0.0543333
0 0.291025 0.4795 0.969167 0.0755 0.0476667
0 0.311215 0.879625 0.283833 0.02525 0.033
0 0.330588 0.135375 0.961167 0.07625 0.077
0 0.372309 0.561 0.963 0.062 0.074
0 0.410649 0.944625 0.385333 0.05825 0.05
0 0.444937 0.0405 0.840167 0.0785 0.0936667
0 0.473673 0.681125 0.2415 0.03975 0.0796667
0 0.492162 0.9315 0.514167 0.052 0.0503333
0 0.509396 0.701 0.573 0.045 0.052
0 0.532991 0.78 0.7875 0.035 0.045
0 0.561167 0.552375 0.8125 0.03525 0.0656667
0 0.614285 0.8775 0.736833 0.058 0.041
0 0.666619 0.61075 0.775667 0.0335 0.0673333
0 0.675438 0.10225 0.862 0.0685 0.09
0 0.675636 0.811 0.9245 0.0485 0.0536667
0 0.681317 0.66925 0.8735 0.041 0.059
