0 0.255548 0.345875 0.448 0.02475 0.026
0 0.257548 0.794375 0.386667 0.03175 0.04
0 0.276365 0.404 0.7435 0.033 0.0383333
0 0.290956 0.246125 0.563167 0.01575 0.0283333
0 0.326253 0.26775 0.457833 0.018 0.027
0 0.35058 0.252875 0.685667 0.04025 0.042
0 0.3573 0.04475 0.972667 0.039 0.0546667
0 0.405359 0.507 0.617167 0.022 0.065
0 0.41135 0.3885 0.783667 0.0215 0.0266667
0 0.419115 0.570375 0.6345 0.02725 0.0703333
0 0.505831 0.31175 0.568833 0.016 0.0356667
0 0.533496 0.13575 0.853167 0.034 0.0463333
0 0.535795 0.25875 0.748 0.0185 0.0353333
0 0.537448 0.84325 0.365333 0.0315 0.0486667
0 0.655331 0.151125 0.9555 0.03575 0.0776667
