0 0.255205 0.89025 0.931167 0.0255 0.0436667
0 0.255271 0.552875 0.0138333 0.01525 0.025
0 0.289972 0.683625 0.314 0.02775 0.0586667
0 0.300552 0.6525 0.0553333 0.0295 0.048
0 0.301197 0.9465 0.927 0.027 0.03
0 0.305485 0.579 0.895667 0.029 0.026
0 0.321107 0.9715 0.364667 0.037 0.0386667
0 0.331057 0.8545 0.981833 0.048 0.0363333
0 0.354247 0.276875 0.397667 0.02475 0.02
0 0.396132 0.097625 0.974 0.07275 0.052
0 0.504894 0.79575 0.958167 0.0775 0.057
0 0.563118 0.597625 0.933 0.03725 0.0473333
0 0.638643 0.336625 0.901333 0.05675 0.0753333
0 0.640426 0.353125 0.4 0.03925 0.06
