0 0.267675 0.36925 0.553667 0.054 0.05
0 0.268778 0.420125 0.598667 0.04275 0.068
0 0.277636 0.4235 0.780667 0.029 0.092
0 0.287746 0.4695 0.9415 0.0455 0.0843333
0 0.29353 0.72175 0.959 0.026 0.0373333
0 0.3086 0.763875 0.956167 0.03725 0.0416667
0 0.317909 0.7235 0.111333 0.03 0.0546667
0 0.326536 0.51075 0.868333 0.0635 0.074
0 0.331347 0.30275 0.360667 0.0305 0.048
0 0.3386 0.075 0.114 0.035 0.0433333
0 0.349876 0.46325 0.639833 0.0445 0.0723333
0 0.368405 0.17225 0.490833 0.05 0.055
0 0.368954 0.583125 0.527667 0.03275 0.0486667
0 0.381612 0.0965 0.6005 0.049 0.057
0 0.38436 0.747625 0.547 0.03975 0.046
0 0.393081 0.222375 0.847833 0.04075 0.0863333
0 0.397175 0.228875 0.247167 0.02825 0.0543333
0 0.397257 0.2355 0.807667 0.0545 0.0666667
0 0.421272 0.342875 0.215333 0.06175 0.0453333
0 0.425469 0.269625 0.4135 0.02775 0.0263333
0 0.446567 0.51425 0.715333 0.0575 0.108667
0 0.463291 0.695375 0.579667 0.05525 0.044
0 0.479119 0.19525 0.593167 0.053 0.0483333
0 0.520648 0.610375 0.886667 0.05225 0.0533333
0 0.536833 0.672 0.697667 0.0365 0.042
0 0.553183 0.492625 0.134167 0.03025 0.039
0 0.579099 0.184875 0.288667 0.05825 0.046
0 0.590787 0.0505 0.705833 0.0645 0.047
0 0.594708 0.395625 0.255167 0.03275 0.0703333
0 0.604352 0.915125 0.0248333 0.03125 0.0483333
0 0.619053 0.408625 0.931 0.03875 0.0546667
0 0.625062 0.269125 0.5765 0.04675 0.053
0 0.625734 0.34375 0.3395 0.0375 0.0503333
0 0.633293 0.358125 0.854667 0.03675 0.078
0 0.650796 0.251375 0.0811667 0.03775 0.0703333
