0 0.252238 0.5055 0.0455 0.0135 0.0216667
0 0.256573 0.8875 0.402333 0.0495 0.0366667
0 0.262052 0.97775 0.776 0.0435 0.0513333
0 0.265842 0.443375 0.780167 0.02925 0.043
0 0.269608 0.57675 0.931 0.0345 0.046
0 0.275655 0.578375 0.209167 0.01525 0.0263333
0 0.277833 0.375 0.6585 0.0215 0.0383333
0 0.283327 0.6725 0.401 0.0145 0.0313333
0 0.286448 0.972125 0.471 0.05175 0.0753333
0 0.312807 0.744625 0.470667 0.04175 0.0466667
0 0.325197 0.861125 0.731333 0.02575 0.0286667
0 0.328079 0.31925 0.4995 0.0315 0.0363333
0 0.335398 0.229125 0.0483333 0.04025 0.0326667
0 0.369293 0.54925 0.0241667 0.0115 0.035
0 0.382343 0.47975 0.9825 0.0445 0.035
0 0.396701 0.055375 0.361667 0.04725 0.0426667
0 0.425134 0.644625 0.825333 0.02975 0.0593333
0 0.446983 0.874 0.790333 0.0475 0.0413333
0 0.467539 0.100125 0.0403333 0.07525 0.0606667
0 0.473786 0.647125 0.6465 0.02325 0.0343333
0 0.48854 0.61125 0.513333 0.0155 0.0433333
0 0.502463 0.464625 0.0343333 0.01925 0.0433333
0 0.558199 0.526875 0.876333 0.03925 0.0486667
0 0.600016 0.514625 0.375167 0.02925 0.0616667
0 0.657575 0.57425 0.747167 0.0425 0.0796667
0 0.76205 0.34375 0.3465 0.0515 0.059
