0 0.256488 0.73875 0.524833 0.0215 0.0456667
0 0.328445 0.274125 0.9385 0.01725 0.0396667
0 0.336047 0.5065 0.0251667 0.0275 0.0383333
0 0.341131 0.306625 0.930833 0.01875 0.0556667
0 0.350619 0.770875 0.521 0.02775 0.0326667
0 0.351302 0.535 0.450667 0.0225 0.0326667
0 0.386612 0.503125 0.415333 0.02825 0.0493333
0 0.387378 0.664625 0.461833 0.03025 0.0343333
0 0.387969 0.405375 0.9105 0.02325 0.0496667
0 0.393177 0.6905 0.2005 0.031 0.065
0 0.412874 0.36075 0.795 0.017 0.04
0 0.426172 0.50275 0.0556667 0.0245 0.0326667
0 0.434906 0.508125 0.576 0.02225 0.0353333
0 0.554582 0.423375 0.619333 0.02375 0.048
0 0.607488 0.391125 0.712333 0.02275 0.042
0 0.630682 0.72075 0.886667 0.0305 0.0426667
0 0.632345 0.50725 0.116667 0.0215 0.0606667
0 0.668798 0.45325 0.422333 0.0285 0.05
0 0.694276 0.456625 0.583167 0.02925 0.047
