0 0.346351 0.582625 0.0688333 0.03475 0.0843333
0 0.352039 0.427 0.901333 0.046 0.06
0 0.443145 0.413875 0.469 0.02675 0.04
0 0.468317 0.70775 0.853667 0.046 0.0833333
0 0.485625 0.446 0.368667 0.027 0.046
0 0.490015 0.573375 0.405 0.01425 0.0353333
0 0.492594 0.6855 0.890333 0.0315 0.0506667
0 0.496681 0.641625 0.7695 0.08425 0.0803333
0 0.502416 0.586375 0.706 0.02675 0.042
0 0.520723 0.268375 0.631667 0.03325 0.072
0 0.556855 0.438 0.171 0.027 0.0713333
0 0.625014 0.725125 0.125667 0.04225 0.074
0 0.635619 0.60375 0.153333 0.0595 0.0646667
0 0.645177 0.334125 0.635833 0.02925 0.047
0 0.715293 0.575125 0.825 0.04825 0.0593333
