0 0.253931 0.933375 0.973167 0.04125 0.0536667
0 0.253935 0.256375 0.0386667 0.03275 0.062
0 0.259405 0.378875 0.761167 0.05825 0.0436667
0 0.313858 0.3525 0.707333 0.0565 0.0466667
0 0.314882 0.92725 0.339667 0.024 0.038
0 0.319502 0.55125 0.707833 0.025 0.0343333
0 0.324682 0.554 0.202167 0.036 0.031
0 0.328813 0.389 0.604333 0.037 0.04
0 0.339269 0.209375 0.059 0.04425 0.0513333
0 0.342885 0.217875 0.6365 0.03175 0.0343333
0 0.363505 0.182875 0.523333 0.05075 0.0493333
0 0.375017 0.538875 0.814833 0.05225 0.065
0 0.39229 0.4065 0.717167 0.0315 0.037
0 0.392706 0.45575 0.154 0.029 0.042
0 0.397653 0.356125 0.0726667 0.05025 0.0673333
0 0.428512 0.564375 0.462833 0.01425 0.0336667
0 0.478603 0.758125 0.752667 0.03025 0.0453333
0 0.570033 0.3895 0.172667 0.0515 0.0513333
0 0.589353 0.292625 0.0813333 0.02475 0.062
0 0.589644 0.01625 0.0985 0.0325 0.103
0 0.595226 0.6185 0.791667 0.034 0.044
