0 0.263757 0.304125 0.0401667 0.02325 0.0363333
0 0.277188 0.243875 0.0385 0.05325 0.073
0 0.28684 0.26325 0.129667 0.047 0.0626667
0 0.290973 0.4915 0.8295 0.0305 0.0303333
0 0.297008 0.318125 0.137167 0.03425 0.0483333
0 0.298511 0.314375 0.468333 0.02875 0.076
0 0.317342 0.07775 0.3885 0.0535 0.065
0 0.33396 0.297375 0.514333 0.02125 0.0326667
0 0.346084 0.641125 0.613 0.03175 0.0293333
0 0.387026 0.228625 0.0466667 0.02475 0.0573333
0 0.397421 0.16275 0.549333 0.0405 0.05
0 0.401656 0.331875 0.588667 0.03525 0.109333
0 0.424607 0.365875 0.4975 0.04525 0.073
0 0.436587 0.46475 0.5075 0.0235 0.051
0 0.460829 0.60425 0.738833 0.0285 0.0296667
0 0.466403 0.467375 0.5765 0.01725 0.0303333
0 0.466979 0.268375 0.815167 0.02775 0.0576667
0 0.472723 0.282375 0.932167 0.04225 0.0643333
0 0.510298 0.21875 0.546 0.046 0.0793333
0 0.51261 0.212625 0.130167 0.03925 0.0803333
0 0.527672 0.439625 0.114 0.08575 0.0886667
0 0.685612 0.102625 0.609667 0.04575 0.084
0 0.802455 0.5495 0.753167 0.0685 0.153
