0 0.250793 0.977375 0.848833 0.02475 0.0523333
0 0.268772 0.651375 0.258333 0.02975 0.08
0 0.274754 0.684375 0.0893333 0.02825 0.0413333
0 0.277133 0.426625 0.913 0.01925 0.0453333
0 0.285368 0.770375 0.325667 0.02175 0.0266667
0 0.309823 0.62525 0.501833 0.018 0.035
0 0.35741 0.8645 0.694833 0.0565 0.0583333
0 0.379067 0.475375 0.444 0.05175 0.092
0 0.406654 0.925875 0.1665 0.02275 0.0443333
0 0.426536 0.671625 0.632833 0.03325 0.087
0 0.432832 0.814 0.427833 0.0215 0.0623333
0 0.469446 0.544875 0.6115 0.02175 0.029
0 0.587162 0.637375 0.708667 0.04425 0.0846667
0 0.598951 0.54325 0.6875 0.0255 0.0623333
0 0.632766 0.836375 0.751 0.03575 0.0946667
0 0.649175 0.9405 0.874167 0.06 0.083
0 0.654751 0.7675 0.734333 0.108 0.195333
0 0.6554 0.905125 0.6455 0.03975 0.0736667
