0 0.253 0.416 0.5405 0.0365 0.0543333
0 0.262975 0.820375 0.124167 0.02925 0.0423333
0 0.286168 0.991375 0.0625 0.01725 0.0563333
0 0.290289 0.858875 0.173667 0.03225 0.0346667
0 0.316249 0.953375 0.1855 0.02475 0.047
0 0.322002 0.944125 0.0943333 0.02975 0.0453333
0 0.332154 0.499125 0.0741667 0.01575 0.0316667
0 0.333094 0.59125 0.6865 0.014 0.0343333
0 0.336368 0.521 0.831833 0.026 0.029
0 0.354866 0.527125 0.349 0.04825 0.0593333
0 0.358733 0.281 0.172 0.0345 0.068
0 0.360009 0.690625 0.543667 0.02125 0.034
0 0.384335 0.123875 0.690667 0.03075 0.0393333
0 0.39408 0.457125 0.138 0.04225 0.048
0 0.411719 0.508125 0.188667 0.04225 0.048
0 0.450014 0.19125 0.7115 0.0215 0.0536667
0 0.512299 0.310625 0.125 0.04475 0.0573333
0 0.512865 0.875375 0.105667 0.03775 0.042
0 0.522809 0.238875 0.0835 0.02725 0.0536667
0 0.532758 0.556 0.5195 0.038 0.0343333
0 0.539822 0.361625 0.1245 0.05775 0.055
0 0.603504 0.11425 0.6325 0.0605 0.0583333
0 0.621283 0.52425 0.7575 0.034 0.039
0 0.638182 0.72475 0.813833 0.0285 0.057
0 0.643034 0.54075 0.618 0.0345 0.0433333
0 0.652716 0.334 0.197667 0.0605 0.0553333
0 0.760409 0.59475 0.274167 0.04 0.0596667
