0 0.250209 0.937 0.206 0.027 0.038
0 0.250222 0.9755 0.979 0.0465 0.042
0 0.25434 0.955625 0.258 0.02525 0.0273333
0 0.284056 0.51475 0.636333 0.04 0.036
0 0.286829 0.887875 0.931667 0.04425 0.0453333
0 0.288918 0.971625 0.301167 0.02375 0.0336667
0 0.293086 0.89075 0.331333 0.021 0.0433333
0 0.294722 0.847875 0.403667 0.02525 0.028
0 0.29581 0.859625 0.577667 0.04125 0.0313333
0 0.297657 0.937875 0.2425 0.02725 0.037
0 0.305581 0.53875 0.747833 0.041 0.039
0 0.318298 0.731375 0.497 0.03275 0.0373333
0 0.33167 0.781875 0.8275 0.04925 0.0403333
0 0.344959 0.672875 0.124333 0.02775 0.0453333
0 0.347586 0.487 0.6175 0.0365 0.0443333
0 0.350094 0.693 0.855667 0.0385 0.0573333
0 0.357667 0.432 0.527833 0.0915 0.057
0 0.363245 0.835375 0.829333 0.02775 0.0346667
0 0.372019 0.501375 0.354 0.01925 0.0333333
0 0.373211 0.399 0.412667 0.0325 0.04
0 0.383107 0.65725 0.781833 0.046 0.0523333
0 0.402617 0.525 0.622333 0.067 0.0513333
0 0.430353 0.757125 0.405167 0.02425 0.039
0 0.434645 0.70675 0.343833 0.049 0.0443333
0 0.4397 0.83575 0.316167 0.0275 0.0403333
0 0.44249 0.94325 0.974667 0.0465 0.0486667
0 0.457288 0.956625 0.891333 0.04275 0.0453333
0 0.465583 0.611625 0.3915 0.03475 0.045
0 0.473329 0.492875 0.5575 0.03025 0.0403333
0 0.492078 0.53425 0.838167 0.0315 0.039
0 0.49763 0.570375 0.927667 0.05325 0.0993333
0 0.542468 0.767625 0.301833 0.04125 0.0396667
0 0.546525 0.521625 0.325333 0.03275 0.0326667
0 0.551524 0.8265 0.126333 0.02 0.0473333
0 0.594497 0.585 0.791667 0.066 0.048
0 0.66948 0.927875 0.5765 0.04525 0.0416667
0 0.684696 0.516875 0.692167 0.05625 0.0563333
0 0.688827 0.806 0.530167 0.0415 0.0583333
0 0.715725 0.466875 0.7595 0.05125 0.051
0 0.725537 0.427125 0.615167 0.06125 0.0463333
0 0.727617 0.45975 0.706167 0.046 0.0583333
