0 0.260087 0.737625 0.436833 0.01875 0.0323333
0 0.260592 0.194 0.483333 0.029 0.0353333
0 0.264908 0.848625 0.689167 0.03275 0.033
0 0.270184 0.6215 0.1875 0.0145 0.031
0 0.271829 0.690125 0.173667 0.02375 0.0366667
0 0.276487 0.76775 0.697667 0.02 0.058
0 0.278321 0.754625 0.816333 0.02525 0.036
0 0.279302 0.179 0.877 0.0305 0.082
0 0.280205 0.18525 0.655167 0.0325 0.0283333
0 0.294193 0.189 0.433833 0.017 0.0336667
0 0.294244 0.418625 0.424833 0.03725 0.0383333
0 0.294883 0.386125 0.535667 0.03375 0.0473333
0 0.304686 0.928 0.249667 0.0245 0.0626667
0 0.305068 0.470625 0.493333 0.02275 0.0553333
0 0.309844 0.73525 0.388667 0.0315 0.03
0 0.314592 0.11025 0.944833 0.0255 0.047
0 0.31942 0.321125 0.461667 0.02375 0.05
0 0.321703 0.014125 0.392 0.02525 0.044
0 0.322104 0.853625 0.761833 0.03175 0.031
0 0.322877 0.607875 0.0696667 0.03825 0.0386667
0 0.330212 0.842625 0.471833 0.01775 0.037
0 0.330704 0.4925 0.191167 0.0275 0.0443333
0 0.330733 0.8815 0.455667 0.045 0.0453333
0 0.333569 0.4315 0.668167 0.0315 0.0356667
0 0.335345 0.98425 0.888 0.0315 0.048
0 0.339087 0.9105 0.5665 0.0415 0.0876667
0 0.342718 0.53475 0.0151667 0.027 0.0303333
0 0.34887 0.232 0.221667 0.033 0.0453333
0 0.350563 0.275625 0.7995 0.02425 0.035
0 0.354665 0.199625 0.555 0.02975 0.0693333
0 0.370608 0.5275 0.2035 0.028 0.0403333
0 0.378813 0.822125 0.375167 0.02325 0.0423333
0 0.390827 0.858125 0.170833 0.07125 0.075
0 0.392983 0.46025 0.62 0.0235 0.0306667
0 0.395377 0.8025 0.7475 0.0455 0.0456667
0 0.40438 0.123125 0.391833 0.05225 0.0603333
0 0.420954 0.9435 0.614833 0.037 0.049
0 0.428144 0.06625 0.9275 0.0285 0.0843333
0 0.428617 0.925125 0.173833 0.03375 0.0736667
0 0.429945 0.053 0.458833 0.044 0.0556667
0 0.446358 0.240625 0.612667 0.06175 0.0613333
0 0.451078 0.338625 0.7775 0.04725 0.0536667
0 0.45129 0.547125 0.807667 0.04275 0.0653333
0 0.452395 0.120875 0.491833 0.07425 0.0956667
0 0.453499 0.673125 0.4565 0.04225 0.0516667
0 0.454795 0.1715 0.604 0.0245 0.034
0 0.458209 0.339375 0.6345 0.03325 0.0336667
0 0.459867 0.571125 0.213833 0.02175 0.0376667
0 0.49537 0.41275 0.813 0.028 0.0526667
0 0.504473 0.718375 0.7505 0.04575 0.0376667
0 0.517731 0.593875 0.0651667 0.03775 0.0443333
0 0.532591 0.81625 0.135 0.022 0.0593333
0 0.533345 0.89575 0.0338333 0.036 0.0623333
0 0.537163 0.37875 0.764833 0.026 0.0856667
0 0.559405 0.834875 0.811 0.03425 0.054
0 0.559876 0.573375 0.311 0.02975 0.0533333
0 0.572545 0.7325 0.788667 0.0355 0.0566667
0 0.575686 0.512 0.848667 0.0435 0.0566667
0 0.674033 0.05225 0.27 0.042 0.054
0 0.684535 0.105375 0.294 0.04925 0.054
