0 0.260597 0.191 0.281167 0.0435 0.059
0 0.261363 0.478875 0.367333 0.02875 0.0373333
0 0.284221 0.9595 0.724833 0.027 0.0443333
0 0.289783 0.1605 0.525667 0.0155 0.0313333
0 0.290917 0.262875 0.418 0.01575 0.0286667
0 0.2953 0.746125 0.0936667 0.02775 0.0426667
0 0.307212 0.9885 0.8255 0.023 0.043
0 0.329499 0.237125 0.582 0.01175 0.0333333
0 0.332136 0.452125 0.132667 0.01975 0.036
0 0.332776 0.99 0.747833 0.0195 0.0476667
0 0.334715 0.81925 0.623167 0.023 0.0276667
0 0.340438 0.36625 0.314 0.013 0.0253333
0 0.34404 0.137625 0.2515 0.03075 0.0363333
0 0.380804 0.927625 0.201 0.05925 0.052
0 0.386376 0.412 0.738667 0.027 0.0673333
0 0.388002 0.135125 0.42 0.02925 0.034
0 0.392217 0.0615 0.813667 0.0405 0.0573333
0 0.409156 0.456875 0.2945 0.01925 0.045
0 0.413636 0.09675 0.400167 0.0185 0.0356667
0 0.437819 0.464375 0.728833 0.02425 0.0483333
0 0.469681 0.511375 0.677333 0.02875 0.0393333
0 0.559728 0.039 0.305833 0.037 0.0583333
0 0.567526 0.315375 0.669833 0.01825 0.0503333
