0 0.277592 0.433125 0.439333 0.03475 0.0466667
0 0.31287 0.511375 0.0575 0.02275 0.0363333
0 0.339883 0.468375 0.873833 0.03625 0.0496667
0 0.343243 0.56075 0.266167 0.0155 0.0296667
0 0.36736 0.45725 0.4875 0.0195 0.0523333
0 0.410088 0.473375 0.1285 0.02025 0.0496667
0 0.418498 0.528375 0.537 0.04175 0.0506667
0 0.539362 0.50875 0.405667 0.0345 0.0306667
0 0.589861 0.617875 0.731833 0.03475 0.0636667
0 0.633598 0.63025 0.839 0.0365 0.0786667
0 0.694857 0.643625 0.371167 0.07025 0.077
0 0.699516 0.48225 0.787333 0.0355 0.056
