0 0.279019 0.276 0.334667 0.0215 0.0433333
0 0.303975 0.554 0.984 0.0235 0.032
0 0.316062 0.635 0.949833 0.0285 0.047
0 0.338486 0.721375 0.443167 0.03575 0.0343333
0 0.346768 0.60225 0.428667 0.027 0.0353333
0 0.369303 0.48425 0.504167 0.0275 0.0383333
0 0.392091 0.57675 0.339 0.029 0.0373333
0 0.483928 0.647125 0.921333 0.03825 0.0726667
0 0.52307 0.478625 0.909833 0.06625 0.0443333
0 0.552778 0.185125 0.3555 0.02075 0.0416667
0 0.564793 0.51425 0.7865 0.0195 0.0323333
0 0.585667 0.6935 0.876333 0.028 0.0506667
0 0.597773 0.165625 0.768667 0.04775 0.0493333
0 0.598528 0.505 0.849 0.036 0.0413333
0 0.644931 0.720875 0.814833 0.02825 0.055
0 0.658821 0.253875 0.7895 0.03325 0.0543333
0 0.678562 0.905375 0.6315 0.03525 0.0483333
0 0.698679 0.809625 0.743 0.04325 0.0406667
