0 0.253864 0.69375 0.6895 0.0355 0.0643333
0 0.258906 0.20625 0.5825 0.0485 0.0583333
0 0.261276 0.853125 0.528833 0.03175 0.0403333
0 0.26401 0.7405 0.476667 0.011 0.042
0 0.266503 0.662 0.356333 0.0155 0.046
0 0.290747 0.795125 0.288 0.03175 0.048
0 0.298604 0.01175 0.479833 0.0235 0.0983333
0 0.298755 0.09175 0.412333 0.0815 0.0893333
0 0.299412 0.495625 0.200667 0.03275 0.0326667
0 0.304696 0.05025 0.549667 0.046 0.0506667
0 0.309663 0.42925 0.909833 0.0415 0.0483333
0 0.325196 0.571875 0.6685 0.03975 0.073
0 0.353059 0.79175 0.1855 0.028 0.0496667
0 0.354559 0.498625 0.849 0.06475 0.102667
0 0.360153 0.63 0.3665 0.038 0.0456667
0 0.375769 0.80425 0.6625 0.028 0.041
0 0.375845 0.2575 0.5195 0.0555 0.0683333
0 0.392466 0.399 0.6325 0.083 0.0803333
0 0.400109 0.80625 0.978 0.0505 0.0426667
0 0.421315 0.43975 0.5115 0.0275 0.0336667
0 0.42734 0.196625 0.798167 0.06675 0.104333
0 0.448465 0.914125 0.514167 0.06225 0.0676667
0 0.460378 0.1945 0.0525 0.03 0.0756667
0 0.471912 0.283 0.779167 0.051 0.0883333
0 0.4798 0.14075 0.643167 0.066 0.0516667
0 0.502572 0.93675 0.429667 0.0425 0.0713333
0 0.53739 0.2895 0.0446667 0.0465 0.064
0 0.538665 0.4975 0.668333 0.041 0.066
0 0.546344 0.265375 0.4205 0.03375 0.057
0 0.576526 0.803625 0.529833 0.02375 0.0523333
0 0.611989 0.191625 0.391333 0.05725 0.0626667
0 0.615541 0.7295 0.171167 0.0335 0.0436667
0 0.633993 0.183375 0.1515 0.02925 0.0596667
