0 0.251279 0.718625 0.929333 0.02475 0.028
0 0.264901 0.86525 0.867333 0.0275 0.0893333
0 0.289035 0.517625 0.931667 0.02825 0.088
0 0.314111 0.326875 0.567 0.05075 0.05
0 0.320754 0.35325 0.601 0.018 0.03
0 0.333394 0.64175 0.802167 0.019 0.0563333
0 0.337749 0.52425 0.2915 0.02 0.035
0 0.339126 0.24625 0.413333 0.045 0.0613333
0 0.347052 0.8615 0.887333 0.0425 0.072
0 0.367851 0.465375 0.430667 0.07025 0.062
0 0.374925 0.491375 0.824 0.02275 0.056
0 0.380173 0.249125 0.273667 0.02775 0.0406667
0 0.391448 0.16925 0.9425 0.03 0.0463333
0 0.450749 0.49725 0.771167 0.0175 0.0383333
0 0.460433 0.602375 0.977833 0.03775 0.0443333
0 0.470753 0.647375 0.901833 0.03575 0.067
0 0.512679 0.51775 0.5765 0.051 0.0756667
0 0.521015 0.6125 0.0598333 0.0275 0.0596667
0 0.524502 0.44425 0.845 0.0385 0.0713333
0 0.575463 0.478125 0.663167 0.02825 0.047
0 0.677637 0.355875 0.108833 0.04375 0.0776667
0 0.698736 0.751 0.1135 0.0465 0.0763333
0 0.744192 0.55125 0.257 0.0465 0.0486667
