0 0.269339 0.471125 0.683833 0.03575 0.0396667
0 0.276918 0.81875 0.783333 0.032 0.04
0 0.281365 0.760875 0.05 0.02125 0.0313333
0 0.289169 0.989125 0.583167 0.02075 0.051
0 0.291533 0.421125 0.442167 0.03375 0.0403333
0 0.310262 0.374625 0.0121667 0.02625 0.023
0 0.320699 0.8315 0.715833 0.052 0.0463333
0 0.33824 0.230125 0.850667 0.03425 0.0326667
0 0.338933 0.2625 0.189667 0.0275 0.0633333
0 0.347895 0.451 0.223667 0.0225 0.04
0 0.350385 0.517 0.942 0.039 0.0546667
0 0.353588 0.118875 0.834833 0.05325 0.0556667
0 0.355509 0.322 0.66 0.0445 0.048
0 0.362904 0.544875 0.877167 0.03525 0.041
0 0.372313 0.7735 0.826667 0.0685 0.0526667
0 0.375429 0.594125 0.953 0.03275 0.0473333
0 0.380508 0.574875 0.193167 0.02275 0.0296667
0 0.386582 0.04375 0.393167 0.0425 0.0436667
0 0.460338 0.107625 0.826 0.03125 0.0526667
0 0.49597 0.462 0.0895 0.02 0.041
0 0.502146 0.156375 0.808667 0.04725 0.0373333
0 0.507007 0.1645 0.7365 0.044 0.061
0 0.51966 0.45725 0.3935 0.021 0.0323333
0 0.525179 0.479125 0.54 0.02325 0.0406667
0 0.528253 0.197125 0.0216667 0.06075 0.0433333
0 0.548294 0.83975 0.1825 0.0525 0.0456667
0 0.581374 0.4135 0.086 0.0255 0.0546667
0 0.617778 0.587125 0.278167 0.02475 0.0423333
0 0.63393 0.60325 0.438833 0.0205 0.047
0 0.691891 0.790125 0.269833 0.04625 0.047
