0 0.253034 0.554875 0.644 0.01725 0.0253333
0 0.255141 0.563625 0.6795 0.02325 0.033
0 0.272743 0.801125 0.830333 0.02275 0.04
0 0.277476 0.444125 0.7215 0.03525 0.0963333
0 0.317178 0.992125 0.318833 0.01475 0.0443333
0 0.334565 0.41075 0.7805 0.0465 0.0503333
0 0.340867 0.018875 0.5905 0.03775 0.0676667
0 0.411517 0.922375 0.109333 0.04375 0.0593333
0 0.417173 0.280625 0.736667 0.04475 0.0406667
0 0.497131 0.73275 0.882667 0.0425 0.05
0 0.529604 0.78725 0.423167 0.032 0.0376667
0 0.53302 0.95325 0.237667 0.038 0.0506667
0 0.558663 0.411375 0.6635 0.04275 0.0816667
0 0.56357 0.90575 0.8445 0.043 0.0576667
0 0.579133 0.258625 0.6845 0.04375 0.0396667
0 0.58752 0.807 0.884833 0.0445 0.049
0 0.627167 0.083125 0.7195 0.05125 0.069
0 0.640473 0.484375 0.752833 0.05175 0.0616667
0 0.658212 0.2145 0.773667 0.0395 0.044
0 0.672387 0.353375 0.730333 0.03825 0.0646667
0 0.675428 0.815875 0.4655 0.03725 0.0623333
0 0.696405 0.644125 0.907833 0.03875 0.0863333
0 0.73534 0.564625 0.8945 0.08475 0.137
