0 0.250112 0.66925 0.776333 0.052 0.064
0 0.25744 0.716125 0.0626667 0.01825 0.046
0 0.257901 0.953375 0.977667 0.04325 0.0446667
0 0.296505 0.79375 0.860333 0.033 0.0873333
0 0.302729 0.97925 0.343333 0.0285 0.056
0 0.307806 0.80775 0.441333 0.0255 0.026
0 0.320183 0.103 0.691833 0.041 0.039
0 0.322686 0.83075 0.418667 0.03 0.0313333
0 0.325385 0.813375 0.204167 0.02075 0.035
0 0.357017 0.4015 0.0433333 0.0215 0.0286667
0 0.372754 0.4115 0.146833 0.0165 0.0463333
0 0.374394 0.147875 0.841333 0.04775 0.0446667
0 0.432059 0.353625 0.705167 0.04425 0.033
