0 0.254272 0.152625 0.853833 0.03625 0.069
0 0.263447 0.399 0.873167 0.0145 0.0243333
0 0.27956 0.471375 0.7985 0.04875 0.0356667
0 0.291521 0.576 0.0611667 0.024 0.033
0 0.299289 0.515125 0.1355 0.01825 0.0316667
0 0.347218 0.235875 0.8165 0.03575 0.0603333
0 0.351965 0.755625 0.249667 0.02675 0.0746667
0 0.411154 0.067375 0.9465 0.04175 0.0623333
0 0.419752 0.045125 0.82 0.04175 0.0366667
0 0.423269 0.709875 0.5965 0.02575 0.0503333
0 0.424083 0.9565 0.884833 0.0625 0.0583333
0 0.428191 0.1695 0.534333 0.0315 0.0373333
0 0.431602 0.422125 0.223167 0.02125 0.043
0 0.462875 0.314625 0.757 0.01775 0.0433333
0 0.490404 0.111 0.5335 0.0295 0.0416667
0 0.506021 0.50925 0.0155 0.019 0.031
0 0.659853 0.26325 0.8795 0.0575 0.0543333
