0 0.253103 0.140625 0.814167 0.04175 0.0483333
0 0.266044 0.77075 0.150833 0.0255 0.0303333
0 0.266212 0.601875 0.139167 0.01775 0.0403333
0 0.267743 0.256875 0.217333 0.01975 0.0346667
0 0.291961 0.01025 0.147667 0.0175 0.05
0 0.330889 0.258125 0.7945 0.03975 0.061
0 0.349975 0.289375 0.406333 0.02425 0.036
0 0.364165 0.586875 0.862833 0.03175 0.063
0 0.377602 0.949125 0.0373333 0.02725 0.0386667
0 0.386401 0.903625 0.881167 0.03475 0.0503333
0 0.397844 0.2425 0.543 0.033 0.0413333
0 0.402605 0.76175 0.202333 0.037 0.0566667
0 0.414881 0.40875 0.252667 0.052 0.0413333
0 0.422585 0.31425 0.140167 0.033 0.0403333
0 0.442195 0.85175 0.231833 0.0215 0.0456667
0 0.467732 0.626875 0.626 0.03325 0.042
0 0.47192 0.405125 0.340667 0.03125 0.036
0 0.48093 0.71525 0.0853333 0.028 0.0526667
0 0.483822 0.4725 0.0256667 0.0295 0.0426667
0 0.501504 0.670875 0.2785 0.02875 0.0396667
0 0.503734 0.655375 0.541 0.04675 0.0406667
0 0.506698 0.27775 0.721167 0.0295 0.0976667
0 0.513233 0.555125 0.490167 0.05175 0.0836667
0 0.513584 0.848875 0.158 0.03675 0.062
0 0.51719 0.319625 0.470833 0.03925 0.0516667
0 0.537675 0.950875 0.106167 0.03675 0.055
0 0.54299 0.560125 0.278667 0.03425 0.0453333
0 0.547074 0.0765 0.3445 0.035 0.0696667
0 0.552852 0.15925 0.3795 0.055 0.0443333
0 0.559251 0.030125 0.342667 0.04875 0.076
0 0.570807 0.376875 0.605833 0.02975 0.0636667
0 0.583724 0.21325 0.139667 0.028 0.058
0 0.585905 0.614125 0.301167 0.04275 0.0623333
0 0.594787 0.469125 0.872333 0.04175 0.0613333
0 0.596818 0.145625 0.0928333 0.05575 0.147
0 0.651948 0.5275 0.641833 0.0495 0.0556667
0 0.652492 0.580875 0.0985 0.02325 0.0536667
0 0.656319 0.25225 0.857667 0.047 0.104667
0 0.701114 0.558875 0.775667 0.04925 0.0626667
0 0.73872 0.03125 0.241667 0.0585 0.08
