0 0.252353 0.181375 0.441667 0.07925 0.0773333
0 0.255452 0.137125 0.519833 0.05925 0.0496667
0 0.258311 0.587125 0.524167 0.03275 0.0383333
0 0.263311 0.59875 0.475333 0.048 0.04
0 0.264998 0.92325 0.321667 0.0265 0.0773333
0 0.267984 0.741125 0.268333 0.03375 0.036
0 0.300177 0.47825 0.624167 0.0515 0.071
0 0.303796 0.4175 0.830167 0.024 0.0383333
0 0.315689 0.44675 0.84 0.024 0.036
0 0.326455 0.28425 0.857667 0.0425 0.0573333
0 0.337061 0.541 0.726 0.038 0.076
0 0.341765 0.38275 0.611 0.056 0.0493333
0 0.359757 0.77375 0.247 0.018 0.0406667
0 0.367431 0.9705 0.369167 0.0415 0.0436667
0 0.372016 0.658 0.852667 0.052 0.0433333
0 0.372057 0.700375 0.878167 0.04225 0.0783333
0 0.375837 0.407625 0.419333 0.04575 0.0586667
0 0.412235 0.530375 0.862833 0.03875 0.059
0 0.413125 0.616 0.659833 0.0435 0.059
0 0.418963 0.5975 0.407167 0.0385 0.0716667
0 0.427504 0.342 0.81 0.037 0.0586667
0 0.44687 0.311 0.797667 0.0275 0.0753333
0 0.450789 0.4565 0.898 0.0595 0.0613333
0 0.459758 0.552625 0.5045 0.02025 0.0436667
0 0.477359 0.815 0.2355 0.043 0.0656667
0 0.481649 0.267625 0.758833 0.05575 0.055
0 0.48676 0.497125 0.956833 0.06375 0.057
0 0.488103 0.266875 0.960333 0.06375 0.0793333
0 0.500387 0.87275 0.9215 0.0415 0.0863333
0 0.50763 0.648 0.973667 0.058 0.0526667
0 0.512619 0.775875 0.882667 0.07575 0.0686667
0 0.513415 0.602375 0.733167 0.02925 0.067
0 0.515227 0.810125 0.375833 0.04725 0.0643333
0 0.519053 0.376 0.808833 0.0425 0.065
0 0.568909 0.687375 0.407833 0.06625 0.079
0 0.574137 0.74625 0.408167 0.042 0.0716667
0 0.588465 0.37475 0.949333 0.041 0.0813333
0 0.599762 0.58225 0.825667 0.037 0.058
0 0.647928 0.562125 0.620833 0.04775 0.0836667
0 0.658252 0.4025 0.7275 0.087 0.087
0 0.748633 0.886 0.379667 0.0535 0.0593333
