0 0.261422 0.68075 0.493167 0.0165 0.035
0 0.273841 0.279375 0.543 0.03425 0.0386667
0 0.28014 0.654 0.970667 0.0445 0.042
0 0.296381 0.532875 0.6995 0.03725 0.057
0 0.307983 0.3825 0.0283333 0.0195 0.034
0 0.320094 0.56 0.4675 0.03 0.0403333
0 0.331655 0.09 0.706833 0.0425 0.047
0 0.346325 0.484125 0.582 0.01525 0.0353333
0 0.352411 0.558125 0.5195 0.03075 0.0343333
0 0.379705 0.842375 0.660833 0.04825 0.0543333
0 0.402138 0.234125 0.577167 0.03475 0.0483333
0 0.403829 0.445875 0.601 0.04025 0.0353333
0 0.41892 0.598125 0.544333 0.04575 0.0466667
0 0.421061 0.263375 0.879167 0.02975 0.0456667
0 0.438923 0.366875 0.661167 0.02425 0.0343333
0 0.450208 0.214375 0.931167 0.03825 0.0763333
0 0.454045 0.50875 0.532333 0.0375 0.042
0 0.457759 0.505625 0.739667 0.02975 0.0433333
0 0.47057 0.6435 0.822 0.0245 0.0553333
0 0.517787 0.492625 0.638167 0.02875 0.057
0 0.610405 0.752875 0.829 0.02775 0.05
0 0.622283 0.42825 0.775 0.0285 0.0426667
