0 0.261435 0.807 0.639333 0.046 0.056
0 0.264069 0.415375 0.291 0.01625 0.0326667
0 0.266782 0.749 0.071 0.041 0.0546667
0 0.284369 0.61225 0.978833 0.062 0.0423333
0 0.285617 0.562375 0.540333 0.02725 0.0533333
0 0.287479 0.662125 0.3825 0.03675 0.085
0 0.29095 0.636375 0.938333 0.03175 0.0386667
0 0.292149 0.142625 0.296167 0.01475 0.0436667
0 0.302073 0.694375 0.966167 0.06075 0.0616667
0 0.305746 0.445375 0.295667 0.02075 0.0313333
0 0.312013 0.737625 0.788667 0.03775 0.0533333
0 0.313792 0.5465 0.227333 0.0655 0.0426667
0 0.333074 0.716625 0.398167 0.02725 0.0556667
0 0.339077 0.70175 0.317333 0.0275 0.0586667
0 0.34621 0.67825 0.628667 0.029 0.0453333
0 0.355587 0.535 0.93 0.024 0.0466667
0 0.371929 0.742875 0.601667 0.03775 0.066
0 0.374376 0.508625 0.8015 0.02625 0.0383333
0 0.39799 0.49925 0.725167 0.0305 0.0316667
0 0.410656 0.97875 0.9595 0.0425 0.045
0 0.413939 0.729875 0.346833 0.03075 0.047
0 0.435203 0.6135 0.3965 0.038 0.041
0 0.439519 0.50875 0.353833 0.025 0.027
0 0.447834 0.930125 0.0175 0.07125 0.035
0 0.452246 0.558625 0.525 0.03125 0.048
0 0.458036 0.46525 0.347167 0.029 0.0276667
0 0.474206 0.381125 0.969833 0.04975 0.0563333
0 0.47545 0.546875 0.732 0.02375 0.054
0 0.498763 0.662125 0.355833 0.04875 0.051
0 0.503323 0.38925 0.2385 0.0405 0.0456667
0 0.509596 0.496375 0.8905 0.03325 0.053
0 0.541646 0.896875 0.872 0.06175 0.0946667
0 0.571033 0.496125 0.403833 0.02325 0.0236667
0 0.57529 0.663375 0.416833 0.03025 0.0543333
0 0.586856 0.543125 0.660333 0.04575 0.0433333
0 0.586913 0.6215 0.327 0.022 0.048
0 0.619455 0.631875 0.832833 0.06575 0.075
0 0.647912 0.45575 0.628833 0.0315 0.0543333
0 0.679102 0.715 0.0363333 0.0465 0.062
0 0.68111 0.65775 0.0411667 0.058 0.0623333
0 0.709958 0.798875 0.817833 0.07025 0.0616667
