0 0.25394 0.219 0.8785 0.055 0.0923333
0 0.268829 0.719875 0.02 0.06875 0.04
0 0.273888 0.652625 0.379667 0.04025 0.0326667
0 0.292605 0.275625 0.592 0.02525 0.0746667
0 0.295114 0.39625 0.0973333 0.0745 0.113333
0 0.296366 0.740375 0.312833 0.02775 0.0263333
0 0.298996 0.77225 0.122333 0.032 0.038
0 0.301128 0.9775 0.499833 0.0345 0.047
0 0.31936 0.24625 0.587 0.0305 0.0666667
0 0.324752 0.630125 0.122667 0.02825 0.0426667
0 0.326615 0.808125 0.216833 0.02475 0.0403333
0 0.339908 0.752 0.812 0.0665 0.0433333
0 0.346468 0.605625 0.371667 0.01575 0.0393333
0 0.356904 0.6785 0.7055 0.0415 0.0376667
0 0.357057 0.567375 0.646667 0.04525 0.046
0 0.370067 0.621125 0.684 0.03025 0.042
0 0.376123 0.7365 0.926667 0.031 0.0666667
0 0.394242 0.738125 0.406333 0.04225 0.0633333
0 0.40831 0.49575 0.4155 0.0335 0.0443333
0 0.415075 0.625625 0.952667 0.03775 0.0686667
0 0.416744 0.4605 0.3835 0.044 0.039
0 0.426837 0.613625 0.242667 0.03525 0.042
0 0.446792 0.725625 0.751667 0.03625 0.0513333
0 0.453586 0.49125 0.97 0.1195 0.06
0 0.460242 0.2605 0.585333 0.039 0.08
0 0.463481 0.664375 0.614333 0.01875 0.0513333
0 0.475819 0.5925 0.817667 0.0205 0.0553333
0 0.47811 0.523125 0.31 0.08675 0.066
0 0.481165 0.49 0.313833 0.037 0.0743333
0 0.482074 0.5805 0.0538333 0.0465 0.0983333
0 0.504916 0.555875 0.529 0.03975 0.0406667
0 0.506418 0.236 0.902 0.137 0.166
0 0.5195 0.492875 0.790667 0.04725 0.0446667
0 0.534291 0.602 0.122 0.0195 0.0366667
0 0.536682 0.362875 0.4945 0.02375 0.0483333
0 0.53926 0.526625 0.761333 0.02975 0.0566667
0 0.546294 0.65275 0.163667 0.0305 0.0406667
0 0.547747 0.353125 0.0603333 0.02725 0.0486667
0 0.551102 0.227625 0.584833 0.02925 0.061
0 0.559462 0.29925 0.611833 0.034 0.051
0 0.563385 0.69925 0.974667 0.037 0.0506667
0 0.565523 0.352 0.636333 0.0525 0.092
0 0.577081 0.723625 0.229833 0.03875 0.100333
0 0.582492 0.305625 0.535667 0.05375 0.052
0 0.585358 0.39025 0.545 0.034 0.0573333
0 0.595572 0.834125 0.701333 0.05525 0.0466667
0 0.601554 0.382625 0.929833 0.08025 0.071
0 0.611972 0.7745 0.243833 0.016 0.0376667
0 0.632994 0.272375 0.941833 0.08525 0.114333
0 0.637635 0.516 0.888833 0.076 0.0596667
0 0.645018 0.1825 0.6855 0.0605 0.105667
0 0.653803 0.718 0.140167 0.047 0.0436667
0 0.701421 0.41775 0.422667 0.055 0.0646667
0 0.728171 0.314125 0.852333 0.05225 0.107333
0 0.755197 0.378625 0.820167 0.05225 0.0796667
