0 0.273928 0.02375 0.173333 0.0385 0.0406667
0 0.277603 0.585125 0.784667 0.03875 0.062
0 0.284436 0.919 0.409833 0.044 0.047
0 0.343757 0.146875 0.142 0.04225 0.046
0 0.387958 0.51175 0.921167 0.04 0.0443333
0 0.391041 0.1005 0.555333 0.0545 0.058
0 0.393414 0.270875 0.352 0.03525 0.0573333
0 0.40141 0.421625 0.0465 0.05825 0.0496667
0 0.403049 0.339375 0.120667 0.04525 0.0793333
0 0.494949 0.220875 0.306333 0.03525 0.052
0 0.513575 0.440125 0.144333 0.03175 0.04
0 0.526896 0.702375 0.9145 0.03575 0.0656667
0 0.607826 0.204125 0.112167 0.05175 0.0456667
0 0.653354 0.530125 0.746333 0.05275 0.0573333
