0 0.284792 0.49725 0.314833 0.0375 0.122333
0 0.286371 0.20375 0.5675 0.049 0.0596667
0 0.295407 0.469 0.486667 0.0275 0.0373333
0 0.307731 0.69925 0.937667 0.0365 0.0493333
0 0.315687 0.69525 0.229 0.0245 0.064
0 0.329695 0.716125 0.174 0.05175 0.046
0 0.33104 0.751625 0.521667 0.02825 0.036
0 0.353322 0.162875 0.816 0.03425 0.0373333
0 0.369544 0.5635 0.746 0.0235 0.0433333
0 0.436677 0.897125 0.808667 0.06375 0.0566667
0 0.487452 0.495125 0.444833 0.04825 0.0663333
0 0.495156 0.86875 0.916833 0.0425 0.0763333
0 0.499994 0.6355 0.501833 0.044 0.0663333
0 0.56612 0.55325 0.5685 0.029 0.0616667
0 0.589134 0.757875 0.879833 0.03775 0.053
