0 0.267735 0.409875 0.614333 0.01275 0.0366667
0 0.268835 0.612375 0.5095 0.02525 0.029
0 0.276933 0.667375 0.197167 0.02375 0.0176667
0 0.303054 0.027125 0.343833 0.03625 0.0423333
0 0.306097 0.893875 0.448 0.03525 0.038
0 0.327034 0.84025 0.316 0.026 0.036
0 0.376527 0.683125 0.2255 0.01725 0.0396667
0 0.382649 0.769375 0.2355 0.03675 0.0863333
0 0.386393 0.52675 0.650667 0.0525 0.0493333
0 0.388564 0.92725 0.128 0.024 0.0426667
0 0.391396 0.7155 0.136667 0.018 0.04
0 0.415532 0.655625 0.555167 0.02275 0.0363333
0 0.419221 0.906125 0.3495 0.02375 0.035
0 0.42504 0.622625 0.345167 0.02625 0.0343333
0 0.429716 0.639875 0.297833 0.02375 0.0243333
0 0.435309 0.871875 0.744833 0.06275 0.0456667
0 0.457821 0.549875 0.433167 0.01875 0.0403333
0 0.470765 0.390125 0.529833 0.02325 0.0303333
0 0.484289 0.883375 0.3835 0.02575 0.0356667
0 0.491955 0.66175 0.267 0.0165 0.03
0 0.505906 0.46925 0.451167 0.032 0.0523333
0 0.507397 0.482125 0.517833 0.06625 0.041
0 0.553037 0.640625 0.384167 0.01825 0.0363333
0 0.594866 0.677875 0.314 0.02375 0.028
0 0.602419 0.814875 0.702833 0.03875 0.0396667
0 0.648843 0.393625 0.4475 0.04475 0.0463333
0 0.652511 0.85175 0.522667 0.042 0.0506667
