0 0.2548 0.32625 0.528833 0.0205 0.0236667
0 0.295885 0.5565 0.4235 0.027 0.035
0 0.364507 0.38275 0.543333 0.0295 0.08
0 0.38336 0.461125 0.409 0.02075 0.04
0 0.402302 0.49925 0.4315 0.0245 0.057
0 0.451174 0.150125 0.470667 0.04225 0.064
0 0.457589 0.34575 0.1875 0.051 0.0523333
0 0.486729 0.1755 0.417833 0.039 0.0596667
0 0.488142 0.294625 0.306833 0.02025 0.0383333
0 0.500836 0.07275 0.514 0.0325 0.0686667
0 0.502948 0.0335 0.6005 0.0655 0.0676667
0 0.617627 0.2275 0.968 0.0485 0.064
0 0.69945 0.419125 0.138167 0.02275 0.0583333
