0 0.252565 0.471375 0.916167 0.03225 0.0543333
0 0.255731 0.56375 0.0575 0.025 0.0456667
0 0.257123 0.604125 0.642667 0.02925 0.0473333
0 0.258109 0.779 0.770833 0.022 0.037
0 0.26667 0.853875 0.763667 0.02925 0.0293333
0 0.295114 0.60625 0.6405 0.0215 0.027
0 0.295463 0.273375 0.433 0.02025 0.034
0 0.303644 0.327 0.3605 0.025 0.0343333
0 0.30556 0.431125 0.864667 0.03875 0.034
0 0.317254 0.23525 0.443 0.0265 0.042
0 0.343636 0.746875 0.765167 0.01675 0.0383333
0 0.348576 0.55775 0.8745 0.0195 0.027
0 0.35134 0.984875 0.474667 0.03025 0.0426667
0 0.371221 0.8645 0.778667 0.0485 0.0626667
0 0.39356 0.821625 0.838333 0.03425 0.0353333
0 0.398722 0.7285 0.6705 0.047 0.039
0 0.42913 0.305 0.405667 0.0355 0.036
0 0.453612 0.52025 0.149667 0.043 0.0726667
0 0.463938 0.953 0.789 0.0685 0.0633333
0 0.469081 0.044625 0.668833 0.06025 0.0556667
0 0.499452 0.785875 0.451667 0.04725 0.0433333
0 0.56512 0.72125 0.774833 0.0275 0.0383333
0 0.581186 0.50725 0.7135 0.0465 0.0376667
0 0.613542 0.42825 0.226667 0.038 0.0506667
0 0.737829 0.244375 0.0845 0.03125 0.0696667
