0 0.256412 0.717375 0.782333 0.02225 0.0373333
0 0.2597 0.74975 0.928167 0.03 0.029
0 0.263288 0.48 0.144167 0.0245 0.041
0 0.264535 0.2 0.4925 0.0415 0.0436667
0 0.2712 0.511375 0.170167 0.02025 0.0383333
0 0.273405 0.881875 0.0855 0.03325 0.0456667
0 0.273562 0.461625 0.301833 0.01925 0.031
0 0.285704 0.52375 0.124 0.0345 0.0366667
0 0.290874 0.4845 0.183 0.0155 0.0273333
0 0.29492 0.509625 0.257667 0.03025 0.0573333
0 0.297446 0.434 0.171 0.02 0.0406667
0 0.327504 0.614875 0.199333 0.03175 0.036
0 0.341399 0.232875 0.7455 0.03625 0.035
0 0.361444 0.70775 0.0186667 0.0325 0.0373333
0 0.380571 0.918875 0.973 0.04675 0.0513333
0 0.38587 0.79825 0.0911667 0.025 0.0383333
0 0.408185 0.57425 0.0818333 0.017 0.0396667
0 0.408277 0.89375 0.0801667 0.0395 0.0496667
0 0.422399 0.96825 0.969333 0.059 0.0553333
0 0.435525 0.851375 0.960333 0.03675 0.0506667
0 0.454019 0.771625 0.018 0.03825 0.036
0 0.468589 0.71175 0.382833 0.0635 0.0436667
0 0.48384 0.241375 0.830667 0.04925 0.048
0 0.502804 0.411875 0.271667 0.02425 0.0333333
0 0.511996 0.62425 0.0771667 0.0245 0.047
0 0.525624 0.974875 0.874 0.04725 0.088
0 0.544838 0.381 0.833333 0.044 0.0593333
0 0.596843 0.7675 0.0755 0.027 0.0323333
