0 0.278922 0.377 0.241833 0.022 0.0323333
0 0.300394 0.92925 0.064 0.043 0.0466667
0 0.316545 0.075625 0.0245 0.03925 0.035
0 0.323033 0.49675 0.660667 0.026 0.028
0 0.350298 0.42225 0.584167 0.044 0.0403333
0 0.360482 0.504 0.188833 0.0455 0.0383333
0 0.36396 0.589375 0.101 0.02325 0.0386667
0 0.364207 0.2645 0.571167 0.0295 0.035
0 0.377449 0.050875 0.972167 0.07325 0.0556667
0 0.378739 0.639375 0.068 0.01825 0.0326667
0 0.38256 0.40525 0.271 0.0335 0.0313333
0 0.430739 0.303625 0.7895 0.04675 0.051
0 0.444995 0.4555 0.074 0.021 0.0326667
0 0.454127 0.241875 0.925 0.03125 0.05
0 0.487926 0.04225 0.0546667 0.029 0.0393333
0 0.49738 0.015 0.906667 0.03 0.048
0 0.500963 0.40975 0.648667 0.0355 0.0526667
0 0.503229 0.3765 0.597 0.0255 0.0406667
0 0.55566 0.23625 0.0848333 0.0315 0.053
0 0.56416 0.4355 0.236167 0.036 0.0356667
0 0.644814 0.188875 0.0915 0.02725 0.049
0 0.757028 0.140875 0.0416667 0.05825 0.0773333
