0 0.251135 0.272625 0.5875 0.03375 0.035
0 0.267483 0.527 0.3845 0.0325 0.061
0 0.268782 0.440375 0.834667 0.02975 0.0413333
0 0.271975 0.601625 0.707667 0.01225 0.0306667
0 0.274352 0.3505 0.9285 0.026 0.0603333
0 0.2814 0.491625 0.248833 0.03425 0.0436667
0 0.282451 0.177625 0.673833 0.03775 0.0463333
0 0.299682 0.798625 0.578333 0.02075 0.0333333
0 0.306618 0.331875 0.7875 0.01525 0.0363333
0 0.327926 0.195 0.612167 0.0445 0.0443333
0 0.33347 0.493375 0.378167 0.04375 0.0736667
0 0.333835 0.08675 0.9275 0.056 0.043
0 0.339405 0.68025 0.309333 0.044 0.0733333
0 0.345825 0.291375 0.933667 0.06825 0.0593333
0 0.350249 0.037375 0.759 0.03025 0.0373333
0 0.353332 0.639625 0.257667 0.01825 0.0346667
0 0.361855 0.408375 0.354833 0.01775 0.0563333
0 0.369441 0.364125 0.511667 0.04825 0.0946667
0 0.374191 0.214 0.791167 0.054 0.0583333
0 0.374224 0.469625 0.937 0.03825 0.076
0 0.378575 0.01325 0.227167 0.025 0.047
0 0.383952 0.51475 0.440667 0.025 0.068
0 0.387234 0.252875 0.0223333 0.04375 0.044
0 0.392476 0.01725 0.628833 0.032 0.0736667
0 0.395797 0.52225 0.532833 0.0175 0.0556667
0 0.400046 0.788125 0.1025 0.03525 0.0496667
0 0.408196 0.0455 0.4805 0.0605 0.059
0 0.415984 0.6755 0.336333 0.035 0.052
0 0.423716 0.245375 0.280667 0.02225 0.0526667
0 0.427814 0.01775 0.386833 0.032 0.0943333
0 0.428857 0.168125 0.0956667 0.03075 0.04
0 0.429 0.596375 0.0125 0.03125 0.025
0 0.429063 0.245125 0.923 0.03975 0.0586667
0 0.437051 0.54975 0.3315 0.0375 0.0556667
0 0.439727 0.306125 0.3245 0.05525 0.0716667
0 0.440081 0.6245 0.435167 0.057 0.102333
0 0.445959 0.442 0.896167 0.029 0.0603333
0 0.447746 0.069125 0.0413333 0.04925 0.0593333
0 0.450568 0.1185 0.0156667 0.034 0.0313333
0 0.451158 0.135125 0.975 0.07975 0.05
0 0.455841 0.575 0.2915 0.0225 0.0563333
0 0.457147 0.08125 0.373833 0.048 0.0643333
0 0.45819 0.01275 0.545667 0.0245 0.0773333
0 0.46616 0.141 0.179833 0.0255 0.0463333
0 0.466259 0.11 0.745333 0.027 0.0426667
0 0.470956 0.25175 0.495333 0.05 0.0546667
0 0.475965 0.29825 0.537667 0.056 0.062
0 0.476117 0.427625 0.179833 0.03275 0.0376667
0 0.492774 0.63025 0.482167 0.0405 0.0483333
0 0.499197 0.6775 0.710667 0.0525 0.056
0 0.504409 0.396375 0.561333 0.04425 0.048
0 0.506282 0.20375 0.0173333 0.0265 0.0326667
0 0.507884 0.478875 0.139667 0.02875 0.0713333
0 0.508434 0.436625 0.5195 0.03875 0.097
0 0.510148 0.021625 0.0843333 0.04175 0.114667
0 0.515295 0.051 0.670167 0.03 0.0576667
0 0.517285 0.495 0.483667 0.023 0.0426667
0 0.517355 0.151125 0.7875 0.01975 0.0523333
0 0.518622 0.240375 0.156667 0.02575 0.0513333
0 0.520569 0.122125 0.4135 0.02525 0.0463333
0 0.520997 0.017625 0.958667 0.03525 0.0773333
0 0.522474 0.2675 0.775167 0.0335 0.0536667
0 0.532322 0.675875 0.198333 0.02275 0.0513333
0 0.535097 0.405 0.259167 0.064 0.075
0 0.537105 0.989 0.633833 0.017 0.049
0 0.541023 0.515375 0.9805 0.04725 0.039
0 0.549861 0.2135 0.8415 0.059 0.125
0 0.560185 0.34525 0.2875 0.0395 0.073
0 0.564843 0.3 0.226833 0.038 0.055
0 0.568986 0.67325 0.633333 0.038 0.0646667
0 0.578639 0.30175 0.621667 0.059 0.0573333
0 0.579231 0.362375 0.0278333 0.05325 0.0543333
0 0.579367 0.379625 0.118333 0.03075 0.0986667
0 0.579421 0.339125 0.425333 0.08525 0.068
0 0.586007 0.452625 0.2315 0.02375 0.053
0 0.586303 0.045875 0.430333 0.02825 0.058
0 0.593467 0.241 0.569833 0.041 0.063
0 0.600682 0.68375 0.2835 0.0495 0.0383333
0 0.600808 0.5855 0.527167 0.032 0.0556667
0 0.608235 0.56575 0.0193333 0.0345 0.0386667
0 0.61008 0.442 0.348833 0.049 0.101667
0 0.619493 0.18625 0.210333 0.0445 0.0613333
0 0.623895 0.668375 0.566333 0.05625 0.0993333
0 0.628281 0.428875 0.617167 0.04275 0.055
0 0.629775 0.4125 0.813 0.0735 0.0786667
0 0.629848 0.56725 0.446333 0.0575 0.09
0 0.633468 0.379125 0.673333 0.04375 0.09
0 0.636072 0.469 0.809833 0.0395 0.077
0 0.639465 0.326 0.7295 0.078 0.0723333
0 0.663221 0.071 0.831667 0.064 0.078
0 0.6669 0.634625 0.335667 0.03875 0.0666667
0 0.675996 0.093125 0.625 0.05175 0.0706667
0 0.682541 0.92375 0.4945 0.033 0.0536667
0 0.683853 0.60925 0.0933333 0.0255 0.0793333
0 0.684921 0.20825 0.322167 0.054 0.065
0 0.685505 0.085125 0.141167 0.05425 0.115
0 0.690524 0.552375 0.5765 0.05125 0.0916667
0 0.709516 0.949875 0.268167 0.08875 0.0956667
0 0.710452 0.801375 0.216833 0.04175 0.105667
0 0.710714 0.925 0.6395 0.073 0.0676667
0 0.715281 0.214875 0.454333 0.04275 0.0546667
0 0.731149 0.349125 0.1785 0.04525 0.089
0 0.736652 0.16775 0.408667 0.0445 0.064
0 0.737951 0.857125 0.588 0.04725 0.0753333
0 0.73934 0.909125 0.214333 0.04025 0.068
0 0.753746 0.543625 0.0833333 0.04075 0.0913333
0 0.755811 0.84525 0.241333 0.073 0.094
