0 0.251247 0.87775 0.385167 0.0245 0.0276667
0 0.258109 0.6645 0.25 0.03 0.0486667
0 0.269575 0.618125 0.907667 0.02575 0.04
0 0.271117 0.927 0.699 0.1395 0.0713333
0 0.273098 0.665125 0.197 0.02625 0.0326667
0 0.282733 0.281625 0.252 0.05475 0.0906667
0 0.295073 0.57675 0.558333 0.0165 0.0306667
0 0.29615 0.714125 0.2095 0.05175 0.0516667
0 0.297382 0.873375 0.941167 0.07025 0.0996667
0 0.298735 0.015875 0.6205 0.03075 0.0376667
0 0.305813 0.32525 0.337 0.042 0.0433333
0 0.309115 0.571125 0.745833 0.07225 0.0523333
0 0.312385 0.75425 0.1185 0.045 0.049
0 0.320204 0.710125 0.955667 0.08775 0.0673333
0 0.321658 0.3005 0.0138333 0.037 0.0276667
0 0.322553 0.666 0.433333 0.0305 0.0573333
0 0.329859 0.425875 0.1015 0.05825 0.0383333
0 0.334323 0.677625 0.077 0.06525 0.0433333
0 0.345553 0.626375 0.6925 0.04025 0.0496667
0 0.348566 0.247 0.444833 0.0375 0.0523333
0 0.361552 0.6065 0.254167 0.071 0.049
0 0.362102 0.936375 0.162833 0.06225 0.0663333
0 0.362145 0.520875 0.493833 0.06375 0.0456667
0 0.365241 0.156375 0.347667 0.03275 0.056
0 0.367243 0.27 0.244167 0.037 0.063
0 0.377827 0.73175 0.604833 0.0615 0.067
0 0.380788 0.44175 0.225333 0.0345 0.0373333
0 0.382731 0.54775 0.1395 0.07 0.0543333
0 0.393246 0.5435 0.233833 0.0585 0.0696667
0 0.394173 0.123625 0.903167 0.03775 0.051
0 0.401723 0.747125 0.799667 0.13575 0.0613333
0 0.405984 0.716125 0.975833 0.09025 0.0416667
0 0.416751 0.527375 0.379167 0.02325 0.0463333
0 0.423797 0.6235 0.587167 0.0365 0.0296667
0 0.444562 0.648125 0.765 0.04325 0.07
0 0.457111 0.17275 0.950333 0.059 0.06
0 0.466295 0.4135 0.1945 0.0765 0.0803333
0 0.468773 0.914875 0.323833 0.05875 0.069
0 0.475989 0.59875 0.042 0.0555 0.0733333
0 0.482616 0.399875 0.381167 0.02975 0.025
0 0.484077 0.0715 0.2715 0.0395 0.037
0 0.489775 0.743 0.0488333 0.05 0.0576667
0 0.490861 0.50475 0.299667 0.0295 0.0513333
0 0.495463 0.3685 0.123833 0.0325 0.0436667
0 0.498031 0.447125 0.896333 0.01675 0.0266667
0 0.499679 0.349125 0.372333 0.01825 0.03
0 0.507733 0.496625 0.557667 0.01875 0.028
0 0.513381 0.056875 0.678667 0.02725 0.0433333
0 0.515599 0.801875 0.073 0.03475 0.062
0 0.522519 0.386125 0.314833 0.05025 0.0403333
0 0.523418 0.13925 0.707667 0.032 0.0573333
0 0.527089 0.57475 0.498333 0.114 0.0526667
0 0.529396 0.189875 0.6815 0.05225 0.0596667
0 0.535752 0.2095 0.385833 0.063 0.0736667
0 0.556783 0.31125 0.3245 0.0665 0.0776667
0 0.556818 0.61325 0.791167 0.0525 0.067
0 0.564636 0.4965 0.7495 0.022 0.0443333
0 0.566501 0.51975 0.785167 0.0185 0.0303333
0 0.567251 0.28725 0.3715 0.035 0.0596667
0 0.576435 0.02275 0.73 0.042 0.0646667
0 0.576646 0.9745 0.308833 0.051 0.079
0 0.578675 0.58225 0.622 0.0425 0.0473333
0 0.58357 0.567375 0.696667 0.06875 0.0506667
0 0.584832 0.283 0.479667 0.0355 0.0633333
0 0.597246 0.148125 0.757667 0.03975 0.0533333
0 0.600876 0.319875 0.476 0.03025 0.058
0 0.603051 0.836125 0.474167 0.05775 0.049
0 0.610194 0.452625 0.531 0.01675 0.046
0 0.614207 0.792375 0.523667 0.02375 0.0466667
0 0.617211 0.404 0.4815 0.0455 0.049
0 0.61769 0.15325 0.8465 0.053 0.0516667
0 0.624277 0.482875 0.427 0.05725 0.0693333
0 0.62735 0.476375 0.249833 0.03625 0.091
0 0.633211 0.18225 0.729167 0.035 0.0496667
0 0.646375 0.621375 0.945167 0.04925 0.0516667
0 0.655432 0.531875 0.615667 0.04525 0.0513333
0 0.658224 0.58475 0.379167 0.041 0.0756667
0 0.665174 0.5445 0.434667 0.028 0.0473333
0 0.667146 0.6755 0.661 0.065 0.0746667
0 0.675967 0.741 0.4865 0.056 0.053
0 0.676978 0.643875 0.8545 0.06625 0.053
0 0.691346 0.459375 0.337167 0.02825 0.069
0 0.691538 0.428875 0.3065 0.02075 0.053
0 0.695003 0.196 0.271167 0.03 0.045
