0 0.250015 0.452625 0.0776667 0.03875 0.0426667
0 0.252399 0.98175 0.229667 0.028 0.0446667
0 0.253215 0.537875 0.7555 0.03325 0.0643333
0 0.255037 0.8565 0.352667 0.0315 0.0366667
0 0.265771 0.067125 0.0283333 0.05775 0.0566667
0 0.267163 0.29 0.267667 0.0245 0.0646667
0 0.269764 0.01575 0.648167 0.028 0.0516667
0 0.277035 0.73925 0.601667 0.0575 0.056
0 0.279581 0.228 0.609167 0.022 0.0416667
0 0.281775 0.578125 0.840833 0.01975 0.0443333
0 0.282436 0.68325 0.384333 0.049 0.0446667
0 0.286088 0.76725 0.342833 0.0335 0.037
0 0.292639 0.549125 0.294 0.01925 0.0373333
0 0.293097 0.338125 0.267667 0.04325 0.0613333
0 0.29524 0.112625 0.123833 0.07175 0.0523333
0 0.297591 0.058 0.0188333 0.0545 0.0343333
0 0.297701 0.024375 0.189833 0.03925 0.067
0 0.305106 0.8355 0.630833 0.0255 0.0276667
0 0.309818 0.282125 0.451 0.01425 0.032
0 0.310937 0.2495 0.153667 0.0305 0.038
0 0.311267 0.72975 0.385 0.033 0.052
0 0.319446 0.757125 0.6475 0.04225 0.0396667
0 0.321799 0.68125 0.822167 0.0165 0.0703333
0 0.32617 0.93475 0.459833 0.0475 0.085
0 0.327398 0.904375 0.621 0.05025 0.0446667
0 0.329255 0.093375 0.130333 0.04325 0.0513333
0 0.336102 0.053375 0.5465 0.05175 0.0503333
0 0.337781 0.73575 0.3165 0.022 0.0323333
0 0.341725 0.131125 0.1195 0.03925 0.0396667
0 0.34787 0.32875 0.143667 0.029 0.05
0 0.34985 0.212125 0.0511667 0.05175 0.083
0 0.351739 0.743375 0.857333 0.02975 0.0526667
0 0.354243 0.378375 0.308167 0.02625 0.061
0 0.361962 0.36525 0.634833 0.098 0.059
0 0.378165 0.51125 0.656 0.048 0.0473333
0 0.383362 0.529375 0.249 0.01925 0.03
0 0.3859 0.22275 0.206 0.031 0.064
0 0.387658 0.464625 0.2555 0.03775 0.0396667
0 0.390176 0.28775 0.109333 0.059 0.0526667
0 0.404938 0.1645 0.213667 0.0665 0.0613333
0 0.407426 0.6435 0.477833 0.0475 0.0716667
0 0.407646 0.598375 0.401833 0.01525 0.0356667
0 0.408526 0.78775 0.658333 0.0145 0.0286667
0 0.410196 0.7865 0.4565 0.0345 0.049
0 0.410766 0.152 0.0861667 0.0425 0.053
0 0.41458 0.817125 0.363833 0.01825 0.0283333
0 0.436937 0.525125 0.853 0.03325 0.05
0 0.459272 0.270875 0.811833 0.16125 0.102333
0 0.462454 0.87125 0.5525 0.068 0.055
0 0.466326 0.599625 0.2335 0.05675 0.051
0 0.468407 0.304625 0.0496667 0.05925 0.0813333
0 0.471342 0.241125 0.8825 0.03925 0.063
0 0.47443 0.8655 0.409667 0.0345 0.0733333
0 0.475089 0.35325 0.874667 0.0745 0.074
0 0.476733 0.294625 0.590333 0.02775 0.044
0 0.477107 0.808375 0.832 0.06225 0.062
0 0.478492 0.398 0.225667 0.0375 0.046
0 0.478785 0.7565 0.825 0.0355 0.0766667
0 0.486945 0.27575 0.716833 0.1975 0.0683333
0 0.494349 0.62075 0.764833 0.046 0.0896667
0 0.495622 0.7575 0.487333 0.0355 0.0366667
0 0.518654 0.876625 0.666667 0.03175 0.0353333
0 0.530664 0.278875 0.321333 0.04425 0.044
0 0.539862 0.0865 0.194333 0.08 0.08
0 0.545195 0.697125 0.474333 0.04925 0.052
0 0.548284 0.5165 0.437833 0.055 0.0463333
0 0.562944 0.45075 0.4105 0.0435 0.049
0 0.586247 0.52325 0.526833 0.0385 0.0556667
0 0.593685 0.906 0.198 0.053 0.048
0 0.609289 0.565 0.766167 0.0385 0.0696667
0 0.610148 0.4935 0.709167 0.0395 0.0836667
0 0.620624 0.65875 0.280167 0.054 0.101667
0 0.624041 0.410625 0.755167 0.10725 0.0696667
0 0.628046 0.882 0.929833 0.0855 0.113
0 0.631219 0.603 0.649333 0.0575 0.0526667
0 0.638715 0.214375 0.4185 0.06825 0.075
0 0.641366 0.5725 0.472 0.0485 0.054
0 0.642701 0.705875 0.846 0.03525 0.086
0 0.645462 0.384875 0.9415 0.05225 0.112333
0 0.650111 0.792875 0.929167 0.04975 0.123667
0 0.702587 0.85975 0.276833 0.027 0.0456667
0 0.722246 0.906875 0.268167 0.04775 0.0476667
