0 0.254937 0.380125 0.196667 0.06525 0.09
0 0.255457 0.96625 0.9705 0.046 0.0536667
0 0.263874 0.028625 0.7245 0.05725 0.0403333
0 0.265742 0.022 0.0836667 0.0415 0.135333
0 0.271814 0.283375 0.458 0.02225 0.0333333
0 0.272189 0.701375 0.612 0.03375 0.042
0 0.275886 0.889375 0.170833 0.01825 0.031
0 0.276027 0.679375 0.0931667 0.01525 0.0323333
0 0.277606 0.16275 0.978 0.0355 0.042
0 0.27772 0.81 0.132 0.0145 0.03
0 0.282466 0.066125 0.524333 0.02375 0.0313333
0 0.287617 0.57375 0.591667 0.0195 0.0266667
0 0.287639 0.708875 0.1055 0.01525 0.029
0 0.287885 0.7195 0.0121667 0.02 0.0216667
0 0.29162 0.022625 0.902333 0.03325 0.042
0 0.294155 0.486125 0.0328333 0.01775 0.0296667
0 0.295064 0.439625 0.616333 0.03575 0.0393333
0 0.296811 0.499625 0.438167 0.03075 0.0636667
0 0.296954 0.558125 0.375667 0.04225 0.0386667
0 0.299145 0.574 0.695333 0.028 0.0326667
0 0.30226 0.614125 0.464167 0.02875 0.0303333
0 0.303979 0.74975 0.0741667 0.0175 0.031
0 0.304583 0.53075 0.608667 0.0175 0.0346667
0 0.304823 0.944875 0.1015 0.01225 0.031
0 0.314249 0.011125 0.626833 0.02075 0.043
0 0.321877 0.672625 0.8885 0.02925 0.031
0 0.322884 0.9065 0.0483333 0.017 0.0333333
0 0.323517 0.092625 0.4275 0.05275 0.0603333
0 0.323745 0.659875 0.602333 0.02475 0.0306667
0 0.325113 0.9865 0.570833 0.027 0.0496667
0 0.325427 0.095375 0.2495 0.07775 0.0563333
0 0.327437 0.362625 0.509167 0.03725 0.0383333
0 0.328993 0.57575 0.6465 0.054 0.0456667
0 0.335074 0.5235 0.209667 0.014 0.036
0 0.338118 0.619875 0.914167 0.02675 0.0523333
0 0.338227 0.42925 0.676167 0.0355 0.0576667
0 0.340166 0.711625 0.387667 0.03175 0.0333333
0 0.360939 0.94425 0.255167 0.02 0.041
0 0.363938 0.929875 0.0123333 0.02625 0.0246667
0 0.365551 0.45275 0.9145 0.046 0.097
0 0.372679 0.422375 0.801167 0.06025 0.0563333
0 0.379331 0.597625 0.552667 0.01575 0.0306667
0 0.379515 0.27025 0.312167 0.039 0.049
0 0.382093 0.387375 0.674667 0.04125 0.0573333
0 0.388558 0.378 0.385833 0.0215 0.0296667
0 0.395272 0.36525 0.384167 0.041 0.043
0 0.400547 0.609875 0.421 0.03225 0.0393333
0 0.404819 0.348125 0.572167 0.03825 0.059
0 0.409085 0.44325 0.269833 0.0295 0.0356667
0 0.410009 0.452125 0.437167 0.03625 0.0576667
0 0.419999 0.9625 0.7045 0.0275 0.029
0 0.422867 0.5505 0.728 0.033 0.0246667
0 0.427832 0.255625 0.091 0.06275 0.0693333
0 0.437251 0.586625 0.0956667 0.02075 0.0293333
0 0.437926 0.194625 0.1495 0.02475 0.0396667
0 0.449124 0.273125 0.0275 0.03375 0.0463333
0 0.449129 0.328625 0.305833 0.04125 0.063
0 0.463404 0.389625 0.335333 0.03475 0.0446667
0 0.465136 0.4305 0.752833 0.055 0.0396667
0 0.472344 0.3765 0.639167 0.032 0.0403333
0 0.474797 0.45775 0.217 0.0285 0.062
0 0.481109 0.04925 0.4415 0.057 0.0483333
0 0.486348 0.17575 0.205167 0.046 0.0923333
0 0.489884 0.8315 0.591167 0.0565 0.0503333
0 0.491012 0.052875 0.634167 0.03225 0.037
0 0.491576 0.538 0.245 0.0145 0.032
0 0.492186 0.402 0.600333 0.025 0.0486667
0 0.496401 0.352875 0.701 0.04125 0.0613333
0 0.501592 0.873625 0.101167 0.01775 0.037
0 0.506078 0.32875 0.0818333 0.023 0.0543333
0 0.507559 0.72375 0.518167 0.035 0.0663333
0 0.510814 0.61175 0.818 0.052 0.0626667
0 0.514131 0.3695 0.0506667 0.0595 0.0753333
0 0.518142 0.23075 0.685667 0.052 0.034
0 0.530448 0.791125 0.542333 0.03975 0.0593333
0 0.530571 0.281 0.5395 0.0675 0.0796667
0 0.538256 0.875375 0.0391667 0.01675 0.0376667
0 0.539702 0.0925 0.305 0.0625 0.0466667
0 0.548806 0.231625 0.781333 0.03525 0.0806667
0 0.560828 0.703 0.755833 0.0385 0.049
0 0.57134 0.119875 0.0358333 0.04925 0.069
0 0.578311 0.23975 0.4355 0.0305 0.0536667
0 0.583564 0.28975 0.782 0.0495 0.0933333
0 0.587602 0.410125 0.398 0.02975 0.0586667
0 0.589183 0.4065 0.2355 0.0475 0.0776667
0 0.597988 0.22775 0.611333 0.027 0.0533333
0 0.598488 0.521875 0.752833 0.04575 0.0456667
0 0.604936 0.2925 0.418167 0.0365 0.0676667
0 0.614731 0.6985 0.935667 0.049 0.0433333
0 0.629574 0.10875 0.520167 0.0295 0.0423333
0 0.639131 0.14425 0.3775 0.053 0.069
0 0.641216 0.5605 0.210667 0.0215 0.048
0 0.660759 0.485875 0.0896667 0.02975 0.0366667
0 0.662707 0.481875 0.654333 0.04075 0.05
0 0.674427 0.362875 0.175667 0.05775 0.0773333
0 0.694188 0.47325 0.359 0.0495 0.0553333
0 0.70137 0.2925 0.240167 0.04 0.0696667
0 0.724248 0.858 0.809667 0.0425 0.0633333
0 0.745143 0.788375 0.71 0.03675 0.0546667
