0 0.251488 0.80625 0.261167 0.047 0.047
0 0.25169 0.8195 0.238833 0.027 0.0356667
0 0.260354 0.48875 0.330167 0.0265 0.0436667
0 0.265078 0.365375 0.649 0.03325 0.0486667
0 0.270203 0.381875 0.248667 0.04775 0.0566667
0 0.274157 0.765875 0.2505 0.02975 0.041
0 0.277193 0.7935 0.266167 0.037 0.0443333
0 0.280289 0.67525 0.220667 0.0245 0.0373333
0 0.281802 0.692 0.206833 0.052 0.0716667
0 0.284935 0.599 0.0716667 0.034 0.036
0 0.290887 0.5905 0.251667 0.0245 0.0313333
0 0.301436 0.83375 0.0168333 0.056 0.0336667
0 0.316648 0.37275 0.228833 0.0405 0.0756667
0 0.319605 0.5045 0.3005 0.0175 0.037
0 0.32391 0.962125 0.382833 0.05975 0.047
0 0.32441 0.39275 0.2635 0.03 0.0476667
0 0.332843 0.399375 0.188667 0.01325 0.0313333
0 0.347057 0.2785 0.48 0.021 0.028
0 0.349842 0.655125 0.249333 0.03675 0.0526667
0 0.364047 0.735875 0.0858333 0.03575 0.0403333
0 0.368823 0.39075 0.719833 0.012 0.031
0 0.38065 0.633375 0.523667 0.02275 0.0246667
0 0.385987 0.845375 0.0798333 0.02525 0.045
0 0.387245 0.69275 0.262833 0.028 0.0336667
0 0.388157 0.393875 0.3185 0.01975 0.0423333
0 0.399799 0.701625 0.1935 0.03575 0.055
0 0.402468 0.791375 0.163167 0.03775 0.0676667
0 0.402782 0.76675 0.303167 0.035 0.041
0 0.426444 0.62025 0.3265 0.0365 0.075
0 0.43026 0.208875 0.501333 0.03825 0.0433333
0 0.430268 0.960375 0.955667 0.03925 0.0646667
0 0.432798 0.6215 0.878667 0.0185 0.0373333
0 0.445207 0.36775 0.24 0.037 0.038
0 0.447713 0.912875 0.8325 0.02825 0.0316667
0 0.451364 0.60025 0.155833 0.029 0.0396667
0 0.453894 0.654 0.327833 0.0425 0.0543333
0 0.461925 0.401125 0.782667 0.03525 0.0346667
0 0.464296 0.40925 0.380333 0.022 0.028
0 0.469561 0.326875 0.443 0.05825 0.0866667
0 0.497026 0.336625 0.762833 0.03825 0.0316667
0 0.5007 0.77825 0.034 0.046 0.0653333
0 0.501027 0.695375 0.532833 0.02925 0.051
0 0.503099 0.772 0.1535 0.0715 0.0843333
0 0.516086 0.586625 0.584333 0.03875 0.0366667
0 0.516715 0.371875 0.659667 0.02225 0.0446667
0 0.532124 0.608 0.0733333 0.035 0.0513333
0 0.536174 0.578625 0.192667 0.02825 0.048
0 0.539219 0.361375 0.720667 0.01875 0.032
0 0.553816 0.413 0.261 0.0395 0.062
0 0.557993 0.54625 0.340333 0.0495 0.0626667
0 0.564825 0.952625 0.8475 0.03625 0.0403333
0 0.572693 0.645375 0.473167 0.07725 0.0516667
0 0.573309 0.96925 0.0366667 0.0545 0.0706667
0 0.580989 0.83475 0.5595 0.074 0.0536667
0 0.588733 0.34925 0.357 0.015 0.0326667
0 0.594017 0.58875 0.7685 0.0315 0.0576667
0 0.599435 0.354 0.636333 0.041 0.0373333
0 0.599958 0.654 0.614667 0.026 0.0586667
0 0.609652 0.437125 0.3145 0.01875 0.037
0 0.615157 0.662125 0.147333 0.07225 0.0726667
0 0.631643 0.674 0.711167 0.0255 0.0596667
0 0.632511 0.71625 0.042 0.0385 0.06
0 0.63565 0.846 0.150167 0.0445 0.0623333
0 0.636743 0.653625 0.0748333 0.04925 0.063
0 0.640885 0.4985 0.518 0.0715 0.066
0 0.659102 0.40625 0.4775 0.052 0.0676667
0 0.663787 0.638 0.926167 0.0445 0.051
0 0.678717 0.87925 0.618667 0.079 0.05
0 0.681379 0.32625 0.416667 0.0735 0.058
0 0.697937 0.280625 0.5295 0.04725 0.0663333
0 0.698893 0.528375 0.43 0.05375 0.06
0 0.700937 0.348875 0.275333 0.02975 0.05
0 0.703863 0.36875 0.323667 0.039 0.0473333
0 0.707072 0.888375 0.0916667 0.03475 0.0593333
0 0.710679 0.876875 0.704667 0.05425 0.0633333
0 0.710752 0.613 0.391667 0.049 0.0486667
0 0.72176 0.574875 0.451833 0.04275 0.053
0 0.723669 0.53375 0.1925 0.043 0.067
0 0.746511 0.326375 0.479167 0.05775 0.0656667
0 0.763163 0.383 0.555333 0.0555 0.08
0 0.763286 0.3165 0.586167 0.047 0.0623333
0 0.763966 0.505 0.245667 0.0515 0.0566667
