0 0.25479 0.798125 0.761833 0.02025 0.0283333
0 0.271092 0.399125 0.0568333 0.01975 0.0436667
0 0.278923 0.483 0.429167 0.0215 0.0463333
0 0.279089 0.37725 0.0148333 0.0365 0.0296667
0 0.280612 0.73575 0.3755 0.0215 0.031
0 0.290018 0.79175 0.190167 0.03 0.0583333
0 0.290711 0.357625 0.587 0.06675 0.0993333
0 0.303512 0.531125 0.408833 0.03175 0.0423333
0 0.318764 0.668125 0.754333 0.02925 0.0526667
0 0.322263 0.82275 0.257333 0.0455 0.0506667
0 0.341141 0.501625 0.2975 0.02175 0.037
0 0.348127 0.48325 0.277333 0.0125 0.0373333
0 0.35409 0.530625 0.391167 0.05175 0.055
0 0.364914 0.35775 0.232 0.0605 0.064
0 0.387672 0.496 0.441333 0.0425 0.058
0 0.393572 0.600375 0.295 0.03775 0.06
0 0.398974 0.868125 0.0715 0.04325 0.061
0 0.400461 0.50375 0.450667 0.027 0.042
0 0.401975 0.674875 0.280667 0.02225 0.0413333
0 0.406493 0.52375 0.288167 0.0225 0.0403333
0 0.407247 0.542125 0.288 0.02025 0.0313333
0 0.414387 0.858875 0.380167 0.01475 0.0316667
0 0.423492 0.602875 0.372833 0.02225 0.0416667
0 0.441868 0.259875 0.257833 0.02575 0.037
0 0.455261 0.72625 0.209 0.0515 0.0813333
0 0.471742 0.9575 0.195167 0.0325 0.0543333
0 0.478091 0.81425 0.106667 0.051 0.0626667
0 0.479789 0.237625 0.189167 0.02925 0.035
0 0.498913 0.896875 0.0335 0.05025 0.063
0 0.499961 0.558 0.454 0.019 0.0366667
0 0.506288 0.397 0.412 0.0265 0.0406667
0 0.508055 0.699 0.334 0.031 0.0646667
0 0.536274 0.47375 0.328667 0.039 0.052
0 0.553614 0.83 0.259833 0.0225 0.0416667
0 0.556036 0.8055 0.1945 0.0485 0.0603333
0 0.561549 0.756 0.305 0.0355 0.0406667
0 0.561987 0.435125 0.477667 0.05725 0.068
0 0.562001 0.801875 0.259667 0.01875 0.0373333
0 0.564437 0.612125 0.4595 0.01975 0.0456667
0 0.567604 0.584875 0.418667 0.04225 0.046
0 0.574738 0.303375 0.193 0.02275 0.056
0 0.577005 0.579625 0.3455 0.02475 0.043
0 0.590825 0.45625 0.229833 0.0685 0.0816667
0 0.609829 0.897875 0.377333 0.03375 0.0686667
0 0.624599 0.623125 0.703333 0.04825 0.052
0 0.62787 0.579 0.579667 0.0365 0.0566667
0 0.63435 0.596625 0.77 0.03325 0.0653333
0 0.638612 0.39825 0.1395 0.0565 0.069
0 0.64662 0.631375 0.350833 0.03575 0.0856667
0 0.673757 0.924375 0.7015 0.06575 0.0963333
0 0.69688 0.40225 0.338833 0.0525 0.069
