0 0.253979 0.514 0.556167 0.0235 0.0483333
0 0.260822 0.534375 0.3855 0.05525 0.0936667
0 0.264124 0.155875 0.161 0.09475 0.0713333
0 0.266203 0.49675 0.0246667 0.0115 0.028
0 0.267338 0.176375 0.250833 0.02175 0.0463333
0 0.27435 0.635375 0.852333 0.05525 0.0546667
0 0.29599 0.564125 0.546333 0.03025 0.0593333
0 0.297225 0.665625 0.181333 0.05225 0.108
0 0.307876 0.98 0.634 0.0385 0.0373333
0 0.317287 0.85575 0.392333 0.052 0.05
0 0.322772 0.79625 0.641333 0.03 0.0386667
0 0.333713 0.9255 0.978833 0.0545 0.0423333
0 0.335757 0.40425 0.283 0.022 0.0293333
0 0.338539 0.69225 0.0956667 0.037 0.0633333
0 0.352122 0.94075 0.6305 0.037 0.0796667
0 0.356641 0.65075 0.174167 0.0275 0.0836667
0 0.357394 0.3905 0.0163333 0.0345 0.0326667
0 0.35827 0.772125 0.226833 0.02575 0.039
0 0.358736 0.5855 0.419333 0.0275 0.0713333
0 0.363359 0.74975 0.162333 0.026 0.0453333
0 0.371133 0.519375 0.382 0.02825 0.074
0 0.374763 0.740375 0.4955 0.02475 0.0323333
0 0.377727 0.43525 0.374333 0.0545 0.0646667
0 0.37925 0.6185 0.218333 0.062 0.0926667
0 0.380562 0.820625 0.186167 0.06175 0.0623333
0 0.381791 0.772 0.845 0.042 0.116
0 0.384259 0.168875 0.166 0.04125 0.0633333
0 0.386316 0.60925 0.368 0.043 0.0766667
0 0.387322 0.554 0.393333 0.03 0.106667
0 0.390034 0.988 0.135667 0.0225 0.0666667
0 0.400381 0.4465 0.362167 0.0345 0.0496667
0 0.400842 0.57275 0.0175 0.016 0.0343333
0 0.412142 0.494625 0.1035 0.01925 0.0476667
0 0.416554 0.989875 0.846667 0.01975 0.044
0 0.440745 0.518875 0.572167 0.03225 0.0883333
0 0.448873 0.59225 0.175667 0.024 0.054
0 0.450415 0.902125 0.147 0.03225 0.100667
0 0.451377 0.62325 0.434167 0.038 0.0543333
0 0.454597 0.418625 0.619833 0.02025 0.033
0 0.457907 0.4355 0.410833 0.0365 0.033
0 0.463647 0.184 0.0925 0.039 0.077
0 0.467512 0.92425 0.614167 0.0645 0.081
0 0.468617 0.53325 0.676667 0.04 0.0673333
0 0.470375 0.6305 0.31 0.0375 0.05
0 0.478995 0.68375 0.177833 0.0325 0.111667
0 0.482613 0.753875 0.286167 0.02575 0.0703333
0 0.49559 0.554125 0.138333 0.04225 0.0673333
0 0.496726 0.458875 0.0235 0.03875 0.0436667
0 0.500059 0.665125 0.371167 0.04075 0.061
0 0.507681 0.83575 0.381833 0.0785 0.0463333
0 0.515621 0.731375 0.788833 0.02875 0.0436667
0 0.517753 0.53675 0.0153333 0.0335 0.0286667
0 0.521272 0.870625 0.417333 0.07025 0.056
0 0.521377 0.617125 0.032 0.01775 0.0566667
0 0.528857 0.646625 0.584667 0.03225 0.052
0 0.530216 0.3975 0.490667 0.0705 0.0786667
0 0.530811 0.525875 0.450667 0.03425 0.0633333
0 0.535503 0.724 0.609 0.047 0.0653333
0 0.535606 0.71475 0.331167 0.051 0.0536667
0 0.54492 0.71475 0.260833 0.042 0.073
0 0.552242 0.6765 0.771167 0.059 0.0683333
0 0.554451 0.821 0.853333 0.059 0.217333
0 0.572613 0.317125 0.1205 0.05825 0.0943333
0 0.579384 0.64975 0.487167 0.0425 0.041
0 0.579501 0.78125 0.312833 0.023 0.0843333
0 0.58634 0.4715 0.0881667 0.03 0.0816667
0 0.587871 0.256375 0.064 0.03075 0.054
0 0.589852 0.272375 0.417 0.03925 0.062
0 0.591194 0.638625 0.903833 0.08775 0.115
0 0.591912 0.140875 0.151 0.05475 0.0653333
0 0.594422 0.868875 0.2775 0.04675 0.0816667
0 0.604051 0.460125 0.237 0.02075 0.052
0 0.604923 0.613875 0.625333 0.02475 0.0453333
0 0.612306 0.84975 0.779167 0.0435 0.099
0 0.616328 0.560875 0.6035 0.04575 0.0576667
0 0.621504 0.495375 0.228833 0.03675 0.089
0 0.621938 0.153375 0.295333 0.04475 0.0846667
0 0.623167 0.08375 0.120833 0.052 0.0816667
0 0.623793 0.650375 0.05 0.05225 0.0933333
0 0.630975 0.68025 0.434667 0.0425 0.0353333
0 0.639396 0.972125 0.700333 0.04025 0.052
0 0.6415 0.3265 0.319167 0.042 0.0843333
0 0.645044 0.754 0.55 0.044 0.064
0 0.645631 0.68225 0.675 0.0345 0.0626667
0 0.663839 0.83575 0.475667 0.0425 0.036
0 0.664311 0.111125 0.230833 0.05775 0.091
0 0.667795 0.468875 0.480833 0.03525 0.131
0 0.672554 0.262 0.245 0.0465 0.0733333
0 0.675171 0.20275 0.203333 0.0605 0.0646667
0 0.684466 0.4385 0.105333 0.037 0.09
0 0.688704 0.797625 0.691 0.06825 0.0606667
0 0.69528 0.201125 0.420167 0.06775 0.101
0 0.69891 0.81975 0.308667 0.0355 0.0646667
0 0.707801 0.34625 0.0606667 0.0325 0.056
0 0.714742 0.493875 0.726667 0.07475 0.062
0 0.724775 0.0285 0.107833 0.0555 0.0856667
0 0.726308 0.887125 0.939333 0.05425 0.0753333
0 0.729001 0.428125 0.241 0.03425 0.082
0 0.739889 0.560625 0.802833 0.05675 0.128333
