0 0.257589 0.683125 0.354833 0.02475 0.037
0 0.266409 0.305125 0.740667 0.05725 0.140667
0 0.268912 0.37725 0.426333 0.0275 0.0293333
0 0.274695 0.67725 0.6555 0.019 0.0496667
0 0.279849 0.680125 0.0185 0.02125 0.033
0 0.280132 0.472625 0.424833 0.03225 0.053
0 0.280569 0.530125 0.679333 0.03675 0.058
0 0.286168 0.418375 0.6235 0.02825 0.0496667
0 0.296948 0.6655 0.3835 0.024 0.043
0 0.298366 0.492125 0.602 0.07225 0.0693333
0 0.298649 0.503625 0.624667 0.05025 0.042
0 0.301923 0.0945 0.0735 0.038 0.0463333
0 0.302572 0.351875 0.635667 0.02475 0.036
0 0.305809 0.348875 0.0163333 0.04425 0.0326667
0 0.307385 0.21025 0.549 0.034 0.0386667
0 0.316124 0.488625 0.425167 0.06475 0.0763333
0 0.320251 0.746625 0.604333 0.03125 0.058
0 0.331526 0.016625 0.528167 0.02375 0.0303333
0 0.331843 0.106375 0.5745 0.02525 0.0503333
0 0.332996 0.695625 0.0351667 0.04225 0.057
0 0.338606 0.014875 0.903833 0.02875 0.0483333
0 0.343833 0.543375 0.2005 0.08225 0.274333
0 0.350468 0.37725 0.478833 0.029 0.031
0 0.352108 0.497625 0.469333 0.05775 0.098
0 0.354303 0.638375 0.582833 0.02775 0.0363333
0 0.360867 0.111125 0.879833 0.06825 0.0683333
0 0.365812 0.491125 0.247 0.01925 0.0433333
0 0.368946 0.800625 0.6735 0.02875 0.0803333
0 0.369059 0.730875 0.977167 0.06425 0.0456667
0 0.369452 0.559375 0.975333 0.06525 0.048
0 0.371041 0.35775 0.443167 0.027 0.023
0 0.379658 0.87275 0.5585 0.05 0.0703333
0 0.382488 0.022875 0.848833 0.03975 0.113667
0 0.384323 0.115 0.561833 0.038 0.0596667
0 0.386528 0.623625 0.0161667 0.02125 0.0323333
0 0.388811 0.47675 0.2915 0.014 0.0456667
0 0.3934 0.446375 0.261167 0.01525 0.0336667
0 0.396763 0.444375 0.487667 0.02925 0.0393333
0 0.399584 0.6635 0.123833 0.0305 0.0996667
0 0.400579 0.186625 0.856833 0.03475 0.049
0 0.402812 0.23475 0.308 0.0455 0.0466667
0 0.405924 0.42875 0.326667 0.024 0.0393333
0 0.406995 0.737875 0.508333 0.03425 0.078
0 0.408174 0.204375 0.663167 0.05075 0.0503333
0 0.410701 0.4105 0.6295 0.0195 0.0523333
0 0.411369 0.9535 0.634333 0.0215 0.0406667
0 0.413393 0.26425 0.0211667 0.0375 0.041
0 0.415086 0.635375 0.464833 0.03825 0.0743333
0 0.418617 0.32425 0.2595 0.021 0.049
0 0.422043 0.50925 0.431333 0.0605 0.0906667
0 0.426943 0.265375 0.848833 0.04675 0.0496667
0 0.432353 0.467125 0.181667 0.01975 0.062
0 0.439965 0.148125 0.03 0.04725 0.056
0 0.444641 0.128125 0.848667 0.10475 0.106667
0 0.45616 0.2995 0.0426667 0.045 0.078
0 0.457915 0.909875 0.865 0.05975 0.082
0 0.462174 0.848125 0.621 0.04225 0.066
0 0.464259 0.78575 0.365 0.0835 0.0813333
0 0.464313 0.548625 0.0898333 0.02875 0.0483333
0 0.464982 0.185125 0.574667 0.04325 0.0406667
0 0.472846 0.294875 0.112667 0.03525 0.0606667
0 0.48949 0.413875 0.406167 0.02825 0.0316667
0 0.489704 0.830375 0.73 0.04575 0.0806667
0 0.497574 0.479375 0.699833 0.03025 0.0736667
0 0.504462 0.246625 0.1065 0.05225 0.047
0 0.504963 0.331875 0.779833 0.03275 0.073
0 0.505465 0.2945 0.7135 0.039 0.095
0 0.506177 0.673375 0.4655 0.05775 0.0836667
0 0.509367 0.54825 0.5895 0.037 0.0836667
0 0.513079 0.152 0.7555 0.0405 0.091
0 0.515671 0.256125 0.0605 0.02875 0.051
0 0.524685 0.701375 0.508833 0.03525 0.057
0 0.527642 0.3105 0.205167 0.026 0.0376667
0 0.530999 0.1885 0.0655 0.0845 0.101
0 0.533608 0.976625 0.486333 0.03525 0.0646667
0 0.54052 0.012 0.367 0.0235 0.092
0 0.545303 0.037125 0.970167 0.06675 0.059
0 0.550753 0.510625 0.932333 0.03875 0.0813333
0 0.551781 0.12975 0.694333 0.0705 0.08
0 0.554295 0.379 0.197833 0.027 0.0503333
0 0.555241 0.74675 0.4305 0.0545 0.0596667
0 0.574357 0.69875 0.585667 0.055 0.04
0 0.575957 0.3375 0.1705 0.052 0.0536667
0 0.580782 0.19125 0.366833 0.0335 0.0596667
0 0.58738 0.09725 0.031 0.059 0.0573333
0 0.596703 0.949625 0.957667 0.04825 0.0846667
0 0.61111 0.28225 0.159167 0.0375 0.059
0 0.611361 0.14175 0.962 0.0975 0.076
0 0.612841 0.6285 0.171333 0.043 0.147333
0 0.614317 0.823625 0.441667 0.06425 0.092
0 0.616222 0.78925 0.2595 0.0215 0.047
0 0.619015 0.92175 0.241833 0.0665 0.0736667
0 0.631825 0.557875 0.898167 0.04225 0.0743333
0 0.633648 0.49125 0.579167 0.07 0.0503333
0 0.63749 0.590375 0.781167 0.04125 0.115
0 0.654802 0.308875 0.967 0.08475 0.066
0 0.659605 0.1385 0.425833 0.116 0.111
0 0.663923 0.381375 0.1165 0.03025 0.0916667
0 0.690784 0.234625 0.397 0.03275 0.0793333
0 0.699917 0.905875 0.437333 0.06325 0.072
0 0.700136 0.564 0.484667 0.0625 0.0933333
0 0.707362 0.296875 0.358833 0.03375 0.0776667
0 0.710812 0.93275 0.127 0.0755 0.101333
0 0.716623 0.49025 0.497333 0.047 0.0826667
0 0.732474 0.4395 0.144333 0.04 0.084
0 0.738037 0.081875 0.216833 0.03375 0.0916667
0 0.744515 0.1695 0.219333 0.0615 0.0786667
0 0.746103 0.7535 0.1005 0.0865 0.171667
0 0.75479 0.6435 0.766833 0.0665 0.134333
