0 0.257207 0.935125 0.317667 0.01725 0.0346667
0 0.26306 0.54175 0.842167 0.038 0.0683333
0 0.264099 0.124875 0.1585 0.02875 0.0516667
0 0.27071 0.61875 0.505 0.0195 0.0333333
0 0.289218 0.3075 0.319333 0.0195 0.084
0 0.307327 0.585375 0.979333 0.03225 0.0413333
0 0.32248 0.489125 0.781333 0.04825 0.103333
0 0.326568 0.35525 0.418333 0.069 0.0506667
0 0.332455 0.496875 0.168167 0.02775 0.0323333
0 0.338842 0.2925 0.197 0.036 0.0513333
0 0.367621 0.777875 0.952333 0.05325 0.0706667
0 0.373605 0.476625 0.125833 0.02625 0.0476667
0 0.375446 0.49025 0.409 0.0195 0.0373333
0 0.388864 0.406 0.163 0.0325 0.0626667
0 0.397475 0.606625 0.383667 0.02275 0.034
0 0.404297 0.70325 0.977167 0.0435 0.0456667
0 0.410108 0.25725 0.187333 0.028 0.0373333
0 0.410919 0.191875 0.293167 0.02575 0.0696667
0 0.418074 0.25475 0.133 0.032 0.0473333
0 0.48428 0.7465 0.625667 0.026 0.038
0 0.487415 0.09675 0.449667 0.0335 0.0786667
0 0.499515 0.763375 0.957667 0.02375 0.058
0 0.527705 0.9315 0.464833 0.0265 0.0343333
0 0.529598 0.859 0.105167 0.046 0.0623333
0 0.5457 0.45725 0.6595 0.0395 0.0796667
0 0.557774 0.6435 0.668833 0.053 0.0483333
0 0.557931 0.223625 0.243667 0.03925 0.0813333
0 0.580185 0.8355 0.971 0.0485 0.058
0 0.642215 0.790125 0.58 0.03575 0.0513333
