0 0.254119 0.44575 0.3345 0.0225 0.0396667
0 0.257253 0.856375 0.563667 0.02625 0.0473333
0 0.263648 0.471125 0.731167 0.04025 0.0556667
0 0.264096 0.457 0.120167 0.0235 0.039
0 0.269271 0.803125 0.723333 0.02525 0.0253333
0 0.273209 0.82125 0.564833 0.0215 0.0436667
0 0.2754 0.128125 0.779167 0.04825 0.0763333
0 0.278678 0.46925 0.73 0.0535 0.0933333
0 0.283978 0.4355 0.754667 0.037 0.0586667
0 0.290392 0.546 0.683833 0.0305 0.041
0 0.290839 0.45675 0.532667 0.0355 0.0706667
0 0.294928 0.605625 0.481 0.03625 0.0446667
0 0.298651 0.261 0.226 0.026 0.0513333
0 0.299615 0.490125 0.6735 0.03175 0.061
0 0.301259 0.8365 0.588 0.016 0.0353333
0 0.308235 0.305125 0.391333 0.03825 0.0513333
0 0.316046 0.2155 0.312333 0.0235 0.0393333
0 0.316655 0.794 0.533833 0.0215 0.0356667
0 0.318141 0.021625 0.523333 0.03825 0.0713333
0 0.320219 0.46175 0.862667 0.127 0.0906667
0 0.347052 0.426 0.2935 0.035 0.0563333
0 0.350028 0.40475 0.148 0.0335 0.0853333
0 0.353405 0.502625 0.585167 0.04425 0.0436667
0 0.362755 0.546 0.671833 0.0415 0.0723333
0 0.396638 0.558875 0.486 0.01725 0.042
0 0.399352 0.418375 0.3985 0.02725 0.073
0 0.413116 0.58225 0.4855 0.029 0.0383333
0 0.41974 0.92725 0.509833 0.022 0.0376667
0 0.430041 0.916 0.414 0.028 0.06
0 0.445511 0.52125 0.458833 0.062 0.0456667
0 0.488131 0.589 0.632333 0.0425 0.0626667
0 0.491538 0.642375 0.518167 0.04575 0.075
0 0.491973 0.601875 0.610667 0.05125 0.0906667
0 0.494699 0.46375 0.262167 0.061 0.067
0 0.514042 0.059 0.0775 0.041 0.0483333
0 0.514153 0.794 0.5815 0.0305 0.0523333
0 0.514884 0.9425 0.435167 0.042 0.0763333
0 0.530609 0.972 0.529333 0.0485 0.0653333
0 0.532709 0.609 0.714833 0.0315 0.061
0 0.543724 0.764625 0.498833 0.02225 0.0436667
0 0.578809 0.6415 0.671667 0.067 0.0546667
0 0.593274 0.143375 0.275833 0.04125 0.053
0 0.597617 0.529625 0.520167 0.04975 0.065
0 0.60251 0.879125 0.575667 0.03975 0.0593333
0 0.607183 0.349625 0.3195 0.04025 0.0603333
0 0.609531 0.945375 0.334333 0.08975 0.0986667
0 0.612081 0.28225 0.3015 0.0315 0.0403333
0 0.614307 0.829125 0.440667 0.06275 0.0773333
0 0.616347 0.650375 0.575833 0.03225 0.055
0 0.620769 0.860125 0.394667 0.03075 0.0486667
0 0.638285 0.542625 0.647 0.05275 0.096
0 0.667776 0.713 0.584167 0.0585 0.091
0 0.696255 0.518 0.377167 0.0755 0.109667
