0 0.252548 0.215125 0.148333 0.05525 0.0633333
0 0.269899 0.4585 0.576667 0.0125 0.026
0 0.271514 0.37475 0.838833 0.034 0.0663333
0 0.276904 0.09175 0.113167 0.063 0.0616667
0 0.280103 0.198125 0.405 0.02325 0.0486667
0 0.282067 0.1695 0.458333 0.037 0.0366667
0 0.290735 0.349625 0.696667 0.03175 0.0313333
0 0.295502 0.582125 0.3145 0.02625 0.0396667
0 0.298608 0.77825 0.103 0.0145 0.0386667
0 0.307178 0.31175 0.482333 0.02 0.0306667
0 0.317654 0.11375 0.293333 0.055 0.066
0 0.317833 0.578625 0.3975 0.02075 0.0523333
0 0.323726 0.364875 0.6645 0.02725 0.0536667
0 0.324803 0.36 0.530333 0.022 0.0306667
0 0.325231 0.198125 0.167333 0.04075 0.072
0 0.329353 0.549625 0.901167 0.03225 0.0343333
0 0.329955 0.804 0.6565 0.0185 0.0396667
0 0.332237 0.797 0.7095 0.0375 0.0996667
0 0.345714 0.800875 0.3605 0.08725 0.0776667
0 0.345925 0.807875 0.7365 0.02025 0.037
0 0.348789 0.205375 0.520333 0.05125 0.0506667
0 0.354096 0.13625 0.0196667 0.074 0.034
0 0.379497 0.735625 0.765333 0.01475 0.0333333
0 0.403068 0.309625 0.0945 0.05025 0.0516667
0 0.407413 0.426 0.678 0.0285 0.0466667
0 0.40876 0.227125 0.136667 0.03725 0.0553333
0 0.410542 0.841 0.691833 0.0195 0.0336667
0 0.414166 0.947375 0.398 0.04475 0.0666667
0 0.426497 0.184 0.064 0.062 0.0826667
0 0.42665 0.60975 0.5175 0.021 0.0356667
0 0.433442 0.904125 0.382333 0.01925 0.038
0 0.436137 0.027 0.022 0.054 0.044
0 0.436871 0.5695 0.382667 0.0205 0.0313333
0 0.43699 0.240875 0.976 0.03375 0.048
0 0.444619 0.88425 0.794833 0.028 0.039
0 0.454138 0.332875 0.3615 0.04075 0.0503333
0 0.45617 0.680875 0.501167 0.02075 0.027
0 0.484367 0.713375 0.292667 0.02525 0.048
0 0.495465 0.777 0.4615 0.0155 0.0443333
0 0.501001 0.289125 0.153333 0.05575 0.0546667
0 0.519671 0.68875 0.3875 0.023 0.0363333
0 0.527609 0.280875 0.9765 0.03925 0.047
0 0.547431 0.8625 0.7265 0.027 0.0376667
0 0.553752 0.47925 0.4005 0.051 0.0603333
0 0.554263 0.584625 0.403167 0.01425 0.037
0 0.560449 0.694 0.7595 0.0355 0.063
0 0.592683 0.13825 0.216167 0.0615 0.059
0 0.598087 0.381125 0.0748333 0.03625 0.0596667
0 0.618005 0.948 0.496833 0.0475 0.0696667
0 0.65159 0.739875 0.679167 0.04725 0.0663333
0 0.654497 0.644125 0.484167 0.05225 0.0716667
0 0.669885 0.8695 0.493167 0.0445 0.081
0 0.70035 0.762375 0.569 0.03675 0.0946667
0 0.726801 0.80475 0.496333 0.0555 0.0666667
0 0.727564 0.658625 0.651 0.04425 0.076
0 0.784606 0.71725 0.557667 0.041 0.05
