0 0.252405 0.403 0.0148333 0.03 0.0296667
0 0.257057 0.2975 0.435 0.0345 0.0266667
0 0.258878 0.54725 0.111833 0.028 0.0316667
0 0.261406 0.513875 0.158167 0.03025 0.035
0 0.267274 0.37825 0.2815 0.02 0.0303333
0 0.280346 0.632875 0.149667 0.01575 0.0326667
0 0.285878 0.25825 0.032 0.0305 0.064
0 0.287705 0.478375 0.0296667 0.02475 0.046
0 0.28831 0.115625 0.174 0.03475 0.042
0 0.288883 0.700375 0.150833 0.04075 0.0416667
0 0.29301 0.623 0.109833 0.027 0.0396667
0 0.293089 0.4805 0.356 0.029 0.0906667
0 0.293824 0.125 0.255667 0.06 0.0566667
0 0.297069 0.021 0.199 0.0385 0.072
0 0.300134 0.806625 0.931333 0.03825 0.0446667
0 0.302594 0.68025 0.755167 0.0675 0.0503333
0 0.310206 0.43575 0.759833 0.0335 0.0583333
0 0.311628 0.54275 0.608833 0.0585 0.081
0 0.312997 0.24725 0.494167 0.038 0.0496667
0 0.321824 0.784625 0.7195 0.02925 0.0316667
0 0.328896 0.988 0.0775 0.0215 0.0563333
0 0.33139 0.421125 0.166833 0.02425 0.037
0 0.332517 0.285 0.584667 0.0695 0.0573333
0 0.333867 0.067625 0.959 0.09075 0.0653333
0 0.345333 0.502 0.150333 0.042 0.044
0 0.347688 0.43025 0.253 0.053 0.0553333
0 0.354856 0.583125 0.398167 0.03725 0.073
0 0.356678 0.71525 0.288 0.0395 0.0506667
0 0.357443 0.327875 0.268667 0.02825 0.04
0 0.358355 0.106125 0.369 0.03275 0.0653333
0 0.367848 0.8645 0.517667 0.0235 0.0373333
0 0.368642 0.223625 0.599 0.05575 0.066
0 0.373353 0.2395 0.509667 0.041 0.0606667
0 0.381251 0.940125 0.308833 0.03575 0.063
0 0.38145 0.06925 0.126667 0.0385 0.056
0 0.383314 0.231375 0.5225 0.03475 0.0463333
0 0.384921 0.6565 0.565333 0.0475 0.0573333
0 0.389457 0.97 0.137333 0.0335 0.052
0 0.392611 0.484 0.841667 0.0655 0.0613333
0 0.399823 0.59175 0.2885 0.0415 0.0516667
0 0.402155 0.2505 0.404333 0.0485 0.0446667
0 0.409652 0.163625 0.0495 0.03075 0.0636667
0 0.41125 0.822375 0.725 0.05825 0.048
0 0.411952 0.43125 0.0551667 0.0495 0.0736667
0 0.420617 0.320375 0.0401667 0.02125 0.0363333
0 0.426602 0.747125 0.736333 0.04675 0.064
0 0.428455 0.48375 0.201167 0.0265 0.0396667
0 0.429878 0.68725 0.496667 0.0515 0.056
0 0.431444 0.76525 0.9015 0.044 0.0603333
0 0.44203 0.6155 0.882667 0.0335 0.0726667
0 0.442155 0.1115 0.0343333 0.042 0.0686667
0 0.443812 0.20025 0.421833 0.0235 0.033
0 0.447044 0.529125 0.439333 0.03575 0.0726667
0 0.449205 0.52875 0.800833 0.0455 0.0563333
0 0.451131 0.574875 0.375 0.04025 0.0886667
0 0.452759 0.4955 0.748333 0.0595 0.0553333
0 0.455408 0.139625 0.320167 0.03775 0.0616667
0 0.460169 0.412875 0.0741667 0.03975 0.0736667
0 0.466391 0.508625 0.478667 0.03425 0.0453333
0 0.467525 0.50725 0.0385 0.031 0.0516667
0 0.474543 0.427625 0.821833 0.05275 0.063
0 0.475577 0.185125 0.573333 0.02675 0.0366667
0 0.481136 0.589875 0.793667 0.05225 0.0513333
0 0.498452 0.908875 0.250333 0.05375 0.1
0 0.508405 0.589625 0.0783333 0.02075 0.0413333
0 0.510541 0.86025 0.58 0.045 0.072
0 0.515394 0.48325 0.379 0.033 0.0493333
0 0.518382 0.01425 0.543 0.0285 0.0406667
0 0.519637 0.406375 0.330833 0.06875 0.0556667
0 0.527705 0.702125 0.0921667 0.03475 0.0436667
0 0.536384 0.468 0.613 0.044 0.0533333
0 0.537084 0.336125 0.391667 0.07275 0.06
0 0.542973 0.899125 0.636667 0.05625 0.0826667
0 0.548674 0.55825 0.259667 0.0255 0.0446667
0 0.548874 0.194125 0.352167 0.03725 0.0803333
0 0.551167 0.475625 0.321833 0.02475 0.0603333
0 0.56477 0.70325 0.195167 0.025 0.047
0 0.566627 0.65975 0.235833 0.0355 0.0596667
0 0.57006 0.0845 0.935167 0.0835 0.0676667
0 0.576183 0.93825 0.767333 0.0525 0.0533333
0 0.576721 0.66625 0.1525 0.033 0.053
0 0.583881 0.8935 0.464167 0.0375 0.0656667
0 0.587399 0.4695 0.108833 0.0475 0.0616667
0 0.588307 0.752875 0.196 0.06625 0.074
0 0.588832 0.057625 0.9785 0.08075 0.043
0 0.590317 0.431625 0.510833 0.07975 0.0956667
0 0.599508 0.28975 0.62 0.1065 0.0766667
0 0.605788 0.948375 0.683 0.09825 0.068
0 0.608496 0.473875 0.259833 0.03175 0.0536667
0 0.611184 0.54775 0.192 0.037 0.0533333
0 0.614 0.762375 0.107 0.06175 0.088
0 0.615137 0.94875 0.0408333 0.0855 0.0703333
0 0.623268 0.678625 0.392167 0.02875 0.0576667
0 0.624524 0.540125 0.690833 0.05075 0.0583333
0 0.624536 0.606375 0.326 0.03375 0.076
0 0.624785 0.806125 0.354333 0.04825 0.058
0 0.634145 0.512625 0.254333 0.03025 0.1
0 0.638861 0.460125 0.94 0.06325 0.068
0 0.639501 0.837625 0.302 0.05825 0.078
0 0.642304 0.313625 0.3255 0.05275 0.0603333
0 0.647623 0.859 0.842667 0.0445 0.0473333
0 0.652093 0.344625 0.7505 0.07675 0.100333
0 0.664012 0.537625 0.885333 0.04475 0.0653333
0 0.664486 0.276625 0.7 0.05525 0.0493333
0 0.670072 0.03025 0.315 0.06 0.0726667
0 0.674286 0.334375 0.544 0.06475 0.0766667
0 0.681875 0.61775 0.648833 0.0795 0.109667
0 0.682108 0.366625 0.470333 0.05125 0.0526667
0 0.683067 0.546625 0.580167 0.06075 0.0616667
0 0.684637 0.43375 0.419 0.034 0.0593333
0 0.685499 0.05875 0.490333 0.062 0.0713333
0 0.694984 0.419 0.613167 0.035 0.077
0 0.701208 0.2115 0.612667 0.035 0.048
0 0.706519 0.121625 0.5055 0.02875 0.051
0 0.714754 0.26 0.887667 0.0505 0.07
0 0.721384 0.87875 0.773 0.0675 0.066
0 0.723963 0.234625 0.574833 0.04025 0.0476667
0 0.724519 0.824375 0.0861667 0.05675 0.112333
