0 0.250199 0.703125 0.966 0.04075 0.0646667
0 0.252032 0.60375 0.784333 0.12 0.0626667
0 0.259098 0.208 0.0478333 0.043 0.0803333
0 0.267265 0.636125 0.441667 0.05775 0.082
0 0.268582 0.421 0.378 0.0415 0.0713333
0 0.27295 0.634375 0.895 0.06025 0.0693333
0 0.275025 0.657875 0.251333 0.03025 0.0606667
0 0.275736 0.77575 0.510333 0.029 0.056
0 0.276983 0.78975 0.462333 0.033 0.0686667
0 0.284838 0.641875 0.411333 0.04525 0.106667
0 0.295334 0.64325 0.395833 0.0305 0.0603333
0 0.296781 0.534125 0.352333 0.06675 0.072
0 0.299677 0.731375 0.5185 0.03375 0.041
0 0.301663 0.7595 0.0693333 0.0305 0.0493333
0 0.304697 0.639875 0.139333 0.03525 0.054
0 0.305704 0.9845 0.440833 0.031 0.0496667
0 0.30955 0.740125 0.0813333 0.05525 0.0653333
0 0.316523 0.598375 0.4615 0.03075 0.0456667
0 0.318192 0.54175 0.217833 0.0215 0.0383333
0 0.326889 0.4095 0.552667 0.02 0.0413333
0 0.327177 0.689125 0.849833 0.02275 0.067
0 0.33816 0.392375 0.725 0.02425 0.0473333
0 0.340942 0.577875 0.5295 0.03575 0.089
0 0.348745 0.950375 0.979667 0.07025 0.0406667
0 0.35766 0.883375 0.093 0.03275 0.0693333
0 0.360083 0.9615 0.493 0.039 0.038
0 0.360634 0.721625 0.674333 0.07625 0.0826667
0 0.367074 0.047 0.044 0.0465 0.0713333
0 0.372241 0.76525 0.172333 0.058 0.0646667
0 0.373518 0.990375 0.529167 0.01725 0.0356667
0 0.374517 0.534375 0.656667 0.02975 0.0886667
0 0.375016 0.657875 0.957167 0.04075 0.0716667
0 0.377689 0.797125 0.400833 0.02425 0.045
0 0.385569 0.4355 0.692 0.043 0.0653333
0 0.38572 0.591125 0.678167 0.04425 0.121
0 0.391497 0.71975 0.269833 0.06 0.0816667
0 0.393168 0.274875 0.4355 0.02625 0.0503333
0 0.394925 0.558125 0.592 0.02875 0.07
0 0.395945 0.5925 0.0226667 0.0235 0.0306667
0 0.401421 0.428875 0.520667 0.01775 0.03
0 0.4057 0.502375 0.252833 0.03325 0.100333
0 0.411726 0.37975 0.799167 0.03 0.0676667
0 0.418744 0.429375 0.181833 0.03575 0.0596667
0 0.419997 0.3185 0.322167 0.0215 0.0323333
0 0.422703 0.260875 0.205833 0.03975 0.0476667
0 0.427146 0.8035 0.5535 0.022 0.0363333
0 0.428249 0.10775 0.023 0.055 0.0446667
0 0.431706 0.242125 0.0583333 0.03225 0.066
0 0.434135 0.5745 0.273833 0.0605 0.0636667
0 0.437312 0.24925 0.535667 0.0415 0.0666667
0 0.456548 0.682 0.134 0.0385 0.0826667
0 0.459955 0.972875 0.430167 0.04975 0.057
0 0.46289 0.820125 0.256667 0.09475 0.0813333
0 0.467058 0.75075 0.8695 0.0455 0.067
0 0.468121 0.86 0.539167 0.021 0.043
0 0.471005 0.300625 0.543333 0.02175 0.0473333
0 0.485183 0.72875 0.7965 0.0375 0.083
0 0.504556 0.311125 0.749667 0.08075 0.0646667
0 0.510058 0.51025 0.615833 0.0255 0.0496667
0 0.512325 0.454875 0.312667 0.06725 0.0626667
0 0.521704 0.375875 0.617333 0.02875 0.0526667
0 0.522251 0.33925 0.147167 0.04 0.069
0 0.523561 0.707 0.0243333 0.036 0.0486667
0 0.524921 0.392375 0.1515 0.05125 0.0723333
0 0.534158 0.781875 0.767 0.05675 0.082
0 0.537205 0.882125 0.476833 0.04625 0.043
0 0.539943 0.3165 0.210667 0.0235 0.068
0 0.549103 0.446125 0.257 0.02475 0.0626667
0 0.557578 0.787875 0.610333 0.05925 0.0653333
0 0.564128 0.299375 0.612167 0.03175 0.0576667
0 0.564308 0.6365 0.302333 0.036 0.0526667
0 0.58285 0.8405 0.137333 0.0245 0.0613333
0 0.597441 0.7945 0.835833 0.0315 0.057
0 0.59864 0.470375 0.643 0.05925 0.094
0 0.598777 0.78 0.9145 0.039 0.0636667
0 0.603563 0.171875 0.0393333 0.05825 0.074
0 0.606129 0.89325 0.2745 0.042 0.0723333
0 0.60685 0.516625 0.339833 0.04625 0.0683333
0 0.61014 0.25225 0.1445 0.039 0.069
0 0.619934 0.122625 0.127833 0.05625 0.0876667
0 0.621142 0.443625 0.414333 0.05375 0.0693333
0 0.62597 0.49075 0.3955 0.0395 0.0596667
0 0.627559 0.755625 0.722 0.03125 0.076
0 0.628388 0.3665 0.226333 0.0345 0.082
0 0.636963 0.9165 0.0523333 0.024 0.0546667
0 0.638238 0.537 0.4885 0.029 0.121
0 0.65214 0.193125 0.130167 0.06525 0.0796667
0 0.657988 0.373375 0.546667 0.03225 0.0593333
0 0.665378 0.488 0.4955 0.035 0.0683333
0 0.673216 0.918875 0.409167 0.03525 0.059
0 0.678754 0.85975 0.355667 0.0475 0.0706667
0 0.680606 0.831375 0.947167 0.06525 0.065
0 0.711397 0.83 0.0663333 0.0395 0.0946667
0 0.728347 0.79525 0.071 0.028 0.0706667
0 0.729359 0.556125 0.367167 0.04075 0.0836667
0 0.737565 0.198375 0.2185 0.07125 0.0703333
0 0.750286 0.27425 0.322333 0.0635 0.108
0 0.762246 0.396 0.0668333 0.054 0.0803333
