0 0.255499 0.831375 0.976 0.04825 0.0466667
0 0.264407 0.963375 0.134667 0.01625 0.032
0 0.266456 0.519 0.203167 0.0225 0.0323333
0 0.275279 0.638625 0.418167 0.02025 0.0283333
0 0.277319 0.17725 0.6225 0.072 0.0796667
0 0.27847 0.062875 0.638333 0.09125 0.0853333
0 0.279988 0.937125 0.803833 0.12425 0.0763333
0 0.28146 0.77775 0.741833 0.0375 0.053
0 0.285132 0.687125 0.5015 0.01775 0.025
0 0.288439 0.449 0.278167 0.0295 0.0523333
0 0.289298 0.918 0.251833 0.029 0.0503333
0 0.30926 0.764375 0.528833 0.02275 0.031
0 0.309484 0.817875 0.9605 0.05525 0.0756667
0 0.309932 0.930625 0.598833 0.02875 0.0263333
0 0.314965 0.817625 0.421333 0.02925 0.032
0 0.318089 0.646 0.645333 0.0125 0.0366667
0 0.331292 0.5985 0.774167 0.0155 0.025
0 0.334486 0.81675 0.737667 0.0295 0.05
0 0.338923 0.338875 0.676833 0.02025 0.035
0 0.339841 0.85875 0.913833 0.046 0.039
0 0.348867 0.86975 0.346333 0.039 0.0486667
0 0.349389 0.64875 0.362 0.0365 0.0533333
0 0.351841 0.873625 0.8345 0.03525 0.0603333
0 0.364102 0.411625 0.963333 0.02225 0.0426667
0 0.367768 0.53575 0.389333 0.033 0.064
0 0.379484 0.620375 0.2555 0.03075 0.029
0 0.384173 0.748375 0.3875 0.03525 0.0663333
0 0.389875 0.22525 0.668 0.049 0.106667
0 0.396431 0.82325 0.0581667 0.0465 0.055
0 0.428888 0.836375 0.906833 0.06075 0.0443333
0 0.432288 0.66 0.667167 0.021 0.039
0 0.440435 0.408125 0.610833 0.01425 0.029
0 0.446829 0.657375 0.258833 0.02275 0.0476667
0 0.449246 0.36875 0.584667 0.022 0.0653333
0 0.45296 0.46825 0.985833 0.0285 0.0283333
0 0.455156 0.494875 0.376167 0.04075 0.079
0 0.455584 0.706625 0.2295 0.02225 0.0583333
0 0.460395 0.765875 0.586167 0.03375 0.041
0 0.46068 0.765 0.457667 0.1205 0.0526667
0 0.470094 0.261375 0.507167 0.04725 0.0636667
0 0.479148 0.192375 0.380333 0.08675 0.0473333
0 0.480976 0.4175 0.288167 0.0285 0.033
0 0.4919 0.144375 0.512167 0.05425 0.0576667
0 0.493416 0.83575 0.639167 0.0345 0.0856667
0 0.496251 0.87875 0.974333 0.0345 0.042
0 0.497667 0.98375 0.390167 0.032 0.047
0 0.504336 0.557625 0.261833 0.03425 0.045
0 0.510281 0.75775 0.738833 0.036 0.075
0 0.510457 0.238625 0.499333 0.06925 0.0833333
0 0.518748 0.737125 0.2735 0.04825 0.0463333
0 0.550223 0.648 0.466 0.0195 0.04
0 0.56104 0.791875 0.802833 0.04575 0.0556667
0 0.56319 0.852125 0.247 0.05975 0.0586667
0 0.563398 0.697875 0.380333 0.06025 0.066
0 0.566026 0.371375 0.7255 0.04025 0.0543333
0 0.567712 0.6695 0.140833 0.064 0.0736667
0 0.580531 0.677625 0.708667 0.02375 0.0306667
0 0.585329 0.305375 0.4765 0.04175 0.102333
0 0.586495 0.455625 0.179833 0.02725 0.0476667
0 0.587506 0.619125 0.321167 0.02125 0.0283333
0 0.588608 0.78275 0.6635 0.052 0.047
0 0.591073 0.118125 0.423333 0.05275 0.0646667
0 0.605149 0.361375 0.641 0.03775 0.038
0 0.610383 0.874 0.670333 0.032 0.05
0 0.612692 0.712125 0.564333 0.05075 0.0453333
0 0.674604 0.518625 0.286833 0.02625 0.057
0 0.679623 0.7895 0.212333 0.0535 0.0553333
0 0.682586 0.356375 0.524667 0.04175 0.052
0 0.688214 0.804625 0.346 0.05175 0.054
0 0.690885 0.13325 0.207833 0.037 0.077
0 0.691795 0.72875 0.6505 0.059 0.073
0 0.704068 0.7615 0.875833 0.055 0.0463333
0 0.715178 0.40325 0.537333 0.032 0.088
0 0.724221 0.605375 0.409667 0.03925 0.0546667
0 0.757661 0.681875 0.293333 0.03275 0.0513333
