0 0.270403 0.738875 0.972333 0.05875 0.052
0 0.270453 0.54775 0.127833 0.047 0.0456667
0 0.280705 0.760125 0.806667 0.08625 0.112
0 0.281219 0.128125 0.4085 0.05125 0.0443333
0 0.281489 0.8335 0.883 0.025 0.0353333
0 0.285943 0.9595 0.869 0.072 0.0866667
0 0.297654 0.705875 0.931167 0.02525 0.0323333
0 0.304802 0.684375 0.316667 0.04325 0.0813333
0 0.305089 0.650875 0.444167 0.02775 0.0376667
0 0.313502 0.415375 0.174833 0.03075 0.053
0 0.314215 0.41775 0.538333 0.067 0.078
0 0.318984 0.657 0.602833 0.029 0.0436667
0 0.324265 0.984125 0.969333 0.03175 0.0613333
0 0.325531 0.89975 0.273167 0.038 0.061
0 0.33012 0.65875 0.9235 0.0235 0.0596667
0 0.336888 0.66475 0.5975 0.058 0.055
0 0.343269 0.87 0.164333 0.0545 0.0786667
0 0.343318 0.760875 0.981 0.05125 0.038
0 0.34602 0.812625 0.397833 0.02825 0.0463333
0 0.369042 0.345375 0.485167 0.02225 0.035
0 0.377707 0.451875 0.4485 0.04075 0.081
0 0.389439 0.31825 0.464167 0.033 0.033
0 0.391787 0.5855 0.249333 0.0185 0.0413333
0 0.392495 0.2795 0.583167 0.026 0.059
0 0.401126 0.823125 0.698333 0.02425 0.036
0 0.402601 0.067625 0.523167 0.02925 0.0376667
0 0.40612 0.9675 0.276833 0.065 0.108333
0 0.40708 0.686875 0.592833 0.07725 0.0516667
0 0.432802 0.7305 0.952667 0.0315 0.0446667
0 0.452222 0.919 0.623333 0.0275 0.044
0 0.473173 0.454875 0.477333 0.03075 0.0426667
0 0.477952 0.852625 0.422167 0.03925 0.0463333
0 0.4797 0.357875 0.828667 0.03425 0.0526667
0 0.488264 0.68225 0.233333 0.047 0.082
0 0.499935 0.777125 0.9375 0.03125 0.100333
0 0.500803 0.974625 0.950667 0.04675 0.074
0 0.518021 0.387625 0.683333 0.04875 0.0733333
0 0.520699 0.50875 0.104167 0.028 0.039
0 0.521851 0.36275 0.893 0.0405 0.0393333
0 0.522142 0.363 0.4025 0.0305 0.069
0 0.523155 0.87425 0.382333 0.039 0.048
0 0.523672 0.780125 0.448333 0.04075 0.094
0 0.526092 0.220625 0.485667 0.04075 0.038
0 0.527872 0.719375 0.271833 0.04625 0.063
0 0.528046 0.741875 0.211167 0.04825 0.119667
0 0.52873 0.8975 0.167333 0.052 0.092
0 0.538228 0.568375 0.312167 0.04525 0.0783333
0 0.539081 0.499125 0.323667 0.05775 0.100667
0 0.540058 0.48225 0.277167 0.029 0.0476667
0 0.549354 0.3215 0.552667 0.058 0.132
0 0.549525 0.3605 0.753667 0.024 0.032
0 0.550539 0.448375 0.134833 0.05925 0.0703333
0 0.552241 0.4335 0.2005 0.061 0.112333
0 0.553161 0.471875 0.535 0.03925 0.0886667
0 0.558612 0.09275 0.465667 0.0335 0.0706667
0 0.558857 0.73125 0.836833 0.0505 0.0683333
0 0.578199 0.620125 0.685333 0.03475 0.1
0 0.579525 0.2655 0.321833 0.022 0.041
0 0.585023 0.146375 0.4015 0.02675 0.037
0 0.585863 0.42025 0.515 0.0625 0.0546667
0 0.585963 0.430875 0.363167 0.04575 0.0943333
0 0.588395 0.114 0.406833 0.0295 0.039
0 0.58929 0.2585 0.518 0.0545 0.058
0 0.603214 0.70525 0.396833 0.08 0.0943333
0 0.603649 0.824125 0.145833 0.05775 0.051
0 0.609579 0.747875 0.538167 0.03375 0.055
0 0.61109 0.275875 0.660333 0.03275 0.098
0 0.617007 0.53325 0.0421667 0.0315 0.0603333
0 0.62432 0.413625 0.592833 0.04775 0.059
0 0.625892 0.79125 0.779667 0.0465 0.116667
0 0.628979 0.657125 0.540333 0.05375 0.0666667
0 0.62943 0.59225 0.459833 0.0445 0.053
0 0.633308 0.95075 0.843667 0.08 0.0793333
0 0.635064 0.60025 0.523833 0.047 0.0523333
0 0.639417 0.64375 0.335167 0.058 0.0856667
0 0.640287 0.560125 0.502 0.05125 0.0553333
0 0.640633 0.961125 0.364667 0.06975 0.094
0 0.641485 0.476125 0.853333 0.03625 0.0666667
0 0.656704 0.335375 0.702667 0.06525 0.0693333
0 0.672592 0.65325 0.0886667 0.046 0.108
0 0.680886 0.16725 0.503 0.0495 0.0593333
0 0.705077 0.514625 0.958833 0.06175 0.079
0 0.706022 0.416 0.860833 0.035 0.073
0 0.707564 0.8875 0.714833 0.051 0.0776667
0 0.71429 0.849375 0.315 0.06025 0.06
0 0.71706 0.5385 0.422833 0.053 0.127667
0 0.732695 0.882 0.5745 0.0425 0.0583333
0 0.734865 0.51675 0.737333 0.051 0.09
0 0.73785 0.877375 0.643667 0.04975 0.0533333
0 0.739604 0.543 0.182 0.08 0.104667
0 0.742698 0.584625 0.592667 0.04525 0.0733333
0 0.746409 0.191875 0.431833 0.04425 0.071
0 0.75347 0.771625 0.616667 0.04475 0.06
