0 0.268671 0.19375 0.718833 0.029 0.033
0 0.271258 0.480375 0.563833 0.03525 0.049
0 0.275278 0.36 0.922 0.045 0.04
0 0.279149 0.184125 0.203667 0.02425 0.0353333
0 0.295578 0.5445 0.482333 0.0435 0.0646667
0 0.297169 0.280125 0.572833 0.03225 0.045
0 0.299363 0.299375 0.675667 0.02725 0.0333333
0 0.299844 0.205 0.260167 0.0555 0.0676667
0 0.307798 0.493875 0.422167 0.03575 0.0443333
0 0.317142 0.419625 0.189667 0.07275 0.0806667
0 0.320761 0.410125 0.159167 0.03025 0.0403333
0 0.32931 0.560125 0.325333 0.06075 0.038
0 0.330118 0.18825 0.377333 0.0425 0.0486667
0 0.333413 0.543375 0.449333 0.02525 0.0353333
0 0.34375 0.489625 0.235833 0.04225 0.0703333
0 0.344915 0.342125 0.371167 0.05375 0.061
0 0.34827 0.4485 0.547833 0.0365 0.0463333
0 0.349126 0.3335 0.448833 0.0765 0.0496667
0 0.355666 0.306375 0.268333 0.05625 0.0646667
0 0.370107 0.367875 0.9205 0.04875 0.0676667
0 0.384807 0.404875 0.207333 0.04625 0.0726667
0 0.391615 0.159625 0.475 0.03275 0.0486667
0 0.403784 0.3665 0.950167 0.0315 0.0356667
0 0.40633 0.456625 0.138833 0.03075 0.0556667
0 0.408194 0.441 0.408 0.0615 0.0606667
0 0.421632 0.4085 0.473833 0.058 0.0676667
0 0.423411 0.394375 0.508167 0.04325 0.0583333
0 0.423897 0.21225 0.707667 0.0525 0.0446667
0 0.435093 0.0955 0.688667 0.036 0.0566667
0 0.441879 0.565875 0.385667 0.06625 0.0693333
0 0.459471 0.361125 0.833667 0.03375 0.042
0 0.463113 0.2135 0.4065 0.0415 0.057
0 0.464693 0.491 0.498167 0.036 0.057
0 0.473018 0.501375 0.689333 0.03875 0.0466667
0 0.478841 0.30625 0.400167 0.0455 0.0603333
0 0.484629 0.511 0.393333 0.034 0.048
0 0.491005 0.198625 0.798 0.03925 0.06
0 0.493436 0.021125 0.602833 0.03675 0.0576667
0 0.507475 0.470625 0.0691667 0.04825 0.0743333
0 0.511162 0.3545 0.2325 0.039 0.0656667
0 0.515055 0.450375 0.307167 0.03975 0.0663333
0 0.540984 0.267 0.455167 0.025 0.043
0 0.546467 0.023375 0.740667 0.04325 0.0613333
0 0.567642 0.56175 0.2315 0.0485 0.0736667
0 0.577616 0.558875 0.582667 0.04425 0.0733333
0 0.585738 0.525375 0.259833 0.03925 0.0583333
0 0.59643 0.367625 0.0875 0.03125 0.0503333
0 0.639444 0.62575 0.57 0.047 0.088
0 0.649936 0.371125 0.780667 0.03325 0.062
0 0.650369 0.213625 0.4835 0.04525 0.0636667
0 0.71435 0.379 0.576333 0.0465 0.0466667
0 0.715668 0.467375 0.816667 0.04225 0.0473333
0 0.724924 0.625 0.647667 0.0505 0.066
0 0.746578 0.611375 0.451667 0.06625 0.098
