0 0.250105 0.096 0.0171667 0.0715 0.033
0 0.25129 0.640125 0.554333 0.02025 0.0306667
0 0.253466 0.679625 0.8735 0.04575 0.043
0 0.256307 0.07075 0.123 0.039 0.0533333
0 0.256928 0.494625 0.386667 0.02175 0.0606667
0 0.258933 0.4815 0.013 0.031 0.026
0 0.261838 0.269625 0.079 0.03625 0.046
0 0.269826 0.861375 0.623167 0.03175 0.061
0 0.27425 0.09 0.412833 0.028 0.055
0 0.277637 0.415625 0.0396667 0.04275 0.0573333
0 0.278033 0.9865 0.404667 0.0255 0.106
0 0.291803 0.6805 0.706333 0.032 0.0713333
0 0.29981 0.068 0.337833 0.0245 0.029
0 0.300323 0.055 0.6045 0.034 0.0343333
0 0.300594 0.602 0.474333 0.0235 0.0433333
0 0.302215 0.229875 0.0715 0.02725 0.0636667
0 0.304482 0.1675 0.3335 0.036 0.0536667
0 0.305709 0.083375 0.427 0.04025 0.0686667
0 0.308411 0.122875 0.771833 0.03525 0.0456667
0 0.323152 0.861375 0.1065 0.06475 0.0656667
0 0.325525 0.946 0.301333 0.037 0.08
0 0.330702 0.657625 0.8835 0.02375 0.039
0 0.339621 0.11075 0.0723333 0.029 0.0393333
0 0.343284 0.886625 0.762333 0.05375 0.0806667
0 0.345619 0.93125 0.705667 0.0485 0.0566667
0 0.354076 0.708 0.0375 0.039 0.071
0 0.361752 0.697625 0.575 0.01925 0.026
0 0.364543 0.221375 0.319333 0.02075 0.03
0 0.366592 0.535625 0.486 0.02275 0.0293333
0 0.367609 0.40275 0.288 0.024 0.042
0 0.367748 0.957875 0.516 0.08025 0.064
0 0.373248 0.474125 0.189 0.02375 0.04
0 0.382016 0.685375 0.0278333 0.02125 0.041
0 0.382306 0.967 0.453833 0.059 0.0516667
0 0.384145 0.459 0.950667 0.0445 0.052
0 0.393059 0.226625 0.709833 0.04225 0.0623333
0 0.393755 0.7365 0.7615 0.0375 0.0643333
0 0.396303 0.59875 0.884167 0.0635 0.0743333
0 0.401433 0.395 0.453167 0.0375 0.0643333
0 0.407229 0.09725 0.6885 0.0645 0.0763333
0 0.407475 0.034875 0.647333 0.04875 0.0473333
0 0.407977 0.29175 0.778833 0.023 0.0716667
0 0.409676 0.798875 0.331 0.07225 0.0606667
0 0.410692 0.278 0.600333 0.0215 0.0346667
0 0.412027 0.01375 0.8485 0.0275 0.0416667
0 0.41392 0.986375 0.815333 0.02625 0.086
0 0.41522 0.6745 0.226833 0.055 0.0503333
0 0.429236 0.698125 0.1315 0.01975 0.031
0 0.43595 0.680625 0.523 0.04975 0.066
0 0.43817 0.499125 0.1415 0.03075 0.0416667
0 0.439371 0.650875 0.015 0.02625 0.03
0 0.439718 0.3605 0.612167 0.0315 0.0463333
0 0.441729 0.543125 0.422 0.03475 0.054
0 0.442888 0.574125 0.442 0.04275 0.0646667
0 0.44628 0.941125 0.528833 0.05675 0.061
0 0.446778 0.780625 0.639333 0.07875 0.0813333
0 0.45567 0.742 0.281667 0.032 0.0493333
0 0.456364 0.1305 0.140667 0.0335 0.0726667
0 0.456653 0.79375 0.249667 0.0505 0.046
0 0.458839 0.3985 0.0215 0.0325 0.0383333
0 0.460256 0.6315 0.372667 0.027 0.05
0 0.461699 0.110625 0.279833 0.06175 0.0516667
0 0.465853 0.5945 0.813667 0.0665 0.0653333
0 0.477261 0.7795 0.147167 0.045 0.0483333
0 0.477371 0.514625 0.0266667 0.04125 0.0513333
0 0.47785 0.911375 0.0713333 0.04975 0.0693333
0 0.479484 0.691 0.967667 0.0385 0.0646667
0 0.481082 0.513625 0.198833 0.05875 0.061
0 0.483845 0.3975 0.124833 0.028 0.0523333
0 0.485304 0.193 0.390333 0.0335 0.0873333
0 0.487793 0.530125 0.275667 0.03625 0.0813333
0 0.502696 0.459375 0.0275 0.01925 0.041
0 0.50417 0.66 0.101167 0.0155 0.0403333
0 0.510581 0.02175 0.759 0.0405 0.0706667
0 0.514984 0.730375 0.356833 0.06525 0.071
0 0.515302 0.523875 0.113167 0.04025 0.053
0 0.51555 0.511875 0.8785 0.08125 0.0716667
0 0.516611 0.029125 0.261 0.05375 0.072
0 0.517804 0.836375 0.452333 0.09875 0.0586667
0 0.521154 0.626625 0.0828333 0.04025 0.0556667
0 0.52908 0.53825 0.640833 0.023 0.0536667
0 0.540294 0.020375 0.5535 0.03875 0.065
0 0.543562 0.2885 0.2565 0.0345 0.0883333
0 0.544926 0.72975 0.677333 0.035 0.0493333
0 0.546459 0.241875 0.377833 0.04025 0.045
0 0.547415 0.8145 0.616167 0.0695 0.0876667
0 0.551142 0.90275 0.655833 0.0405 0.0596667
0 0.552372 0.623375 0.179667 0.01675 0.04
0 0.556694 0.719375 0.0966667 0.02475 0.0446667
0 0.564483 0.928625 0.4125 0.05925 0.0563333
0 0.572361 0.46725 0.454667 0.0305 0.0433333
0 0.574045 0.8045 0.0725 0.0335 0.0523333
0 0.574731 0.54925 0.7685 0.047 0.0676667
0 0.577966 0.843125 0.721667 0.04275 0.082
0 0.578875 0.791875 0.770667 0.05225 0.0826667
0 0.58303 0.3735 0.09 0.037 0.052
0 0.593649 0.65675 0.172167 0.03 0.0443333
0 0.595389 0.49325 0.595833 0.0565 0.0583333
0 0.595536 0.43225 0.510333 0.0335 0.0506667
0 0.596196 0.304 0.144167 0.038 0.0483333
0 0.596651 0.9305 0.593833 0.06 0.041
0 0.598458 0.31 0.687833 0.0365 0.0523333
0 0.599675 0.532125 0.563833 0.02625 0.051
0 0.600564 0.383875 0.526 0.02175 0.0433333
0 0.601437 0.43225 0.376167 0.028 0.0563333
0 0.602203 0.698 0.435667 0.093 0.0806667
0 0.609825 0.760375 0.201167 0.03275 0.0776667
0 0.617444 0.2725 0.343167 0.0295 0.067
0 0.618037 0.1795 0.0793333 0.0435 0.0566667
0 0.619186 0.482 0.516833 0.0305 0.043
0 0.625442 0.828625 0.3845 0.07025 0.057
0 0.629992 0.34175 0.0485 0.0365 0.059
0 0.632029 0.4135 0.587 0.03 0.0573333
0 0.632341 0.3415 0.925 0.04 0.058
0 0.634183 0.457625 0.553 0.03325 0.0546667
0 0.639389 0.57875 0.5485 0.04 0.0683333
0 0.644467 0.421375 0.0465 0.02675 0.0403333
0 0.66507 0.596875 0.0256667 0.02775 0.0406667
0 0.675648 0.56075 0.1535 0.0555 0.0563333
0 0.676017 0.377375 0.346167 0.04625 0.0696667
0 0.678693 0.33675 0.449833 0.06 0.0683333
0 0.681754 0.67875 0.288167 0.046 0.0703333
0 0.682152 0.23125 0.184333 0.0545 0.078
0 0.705861 0.57225 0.628167 0.0415 0.0536667
0 0.711293 0.568125 0.709167 0.04625 0.063
0 0.718186 0.440375 0.141833 0.04975 0.0723333
0 0.723364 0.334125 0.295667 0.04475 0.0733333
0 0.730047 0.456125 0.253667 0.05725 0.102667
0 0.739292 0.758875 0.0466667 0.04775 0.0686667
