0 0.25113 0.701375 0.0575 0.05275 0.075
0 0.255809 0.552875 0.7185 0.05125 0.043
0 0.264856 0.779125 0.900667 0.04075 0.0753333
0 0.265847 0.24675 0.527 0.014 0.04
0 0.267964 0.686 0.2885 0.02 0.039
0 0.268428 0.31875 0.301 0.0685 0.0493333
0 0.270057 0.54275 0.832667 0.05 0.0793333
0 0.271062 0.234125 0.459667 0.05475 0.0446667
0 0.272711 0.833875 0.819167 0.03875 0.0576667
0 0.281032 0.856125 0.935667 0.07775 0.06
0 0.289953 0.274125 0.639667 0.04125 0.0753333
0 0.294894 0.969875 0.071 0.05725 0.103333
0 0.29722 0.812125 0.525 0.03375 0.058
0 0.297401 0.36575 0.0148333 0.028 0.0296667
0 0.298963 0.22125 0.8065 0.047 0.0736667
0 0.30082 0.34625 0.0445 0.028 0.0416667
0 0.301529 0.973875 0.149167 0.04975 0.069
0 0.310863 0.793625 0.0215 0.04325 0.043
0 0.311119 0.463125 0.0498333 0.03175 0.0736667
0 0.326511 0.098 0.585 0.048 0.0566667
0 0.331056 0.417 0.796 0.0515 0.0726667
0 0.331698 0.96375 0.7795 0.07 0.101667
0 0.332264 0.40225 0.0153333 0.035 0.0306667
0 0.334157 0.6685 0.844667 0.0305 0.0453333
0 0.337954 0.21725 0.910333 0.062 0.066
0 0.339428 0.60275 0.515 0.038 0.064
0 0.343296 0.794875 0.840667 0.05075 0.0946667
0 0.343918 0.19575 0.482333 0.0175 0.0513333
0 0.344381 0.132875 0.0133333 0.02225 0.0266667
0 0.352071 0.88 0.8995 0.0365 0.0483333
0 0.354877 0.729125 0.063 0.03775 0.09
0 0.359364 0.589125 0.299167 0.06775 0.108333
0 0.360462 0.013 0.477 0.022 0.0513333
0 0.360501 0.085 0.431833 0.051 0.0503333
0 0.361132 0.561125 0.0831667 0.02825 0.0496667
0 0.365419 0.436 0.805 0.057 0.074
0 0.369272 0.95425 0.3335 0.0405 0.0623333
0 0.369888 0.216375 0.6825 0.03875 0.075
0 0.381696 0.986125 0.5195 0.02525 0.053
0 0.39757 0.540625 0.676333 0.01925 0.0466667
0 0.411698 0.87775 0.0723333 0.0365 0.0706667
0 0.4258 0.79275 0.2755 0.0435 0.053
0 0.434392 0.022125 0.0318333 0.03275 0.0463333
0 0.441115 0.483375 0.585667 0.02325 0.0533333
0 0.441669 0.526 0.391167 0.0995 0.071
0 0.45152 0.142875 0.421 0.02525 0.0426667
0 0.458186 0.188 0.353667 0.0405 0.0453333
0 0.4598 0.389375 0.0601667 0.03125 0.067
0 0.461896 0.690625 0.936833 0.06025 0.0683333
0 0.473309 0.9115 0.593 0.064 0.0653333
0 0.480557 0.569 0.560333 0.0385 0.066
0 0.484552 0.746375 0.535833 0.07675 0.067
0 0.48557 0.299875 0.075 0.05075 0.114667
0 0.489551 0.274625 0.111667 0.03525 0.0706667
0 0.494648 0.639 0.2885 0.036 0.0956667
0 0.500247 0.27575 0.485833 0.042 0.0543333
0 0.500819 0.469 0.467 0.033 0.0526667
0 0.506875 0.607625 0.605333 0.03925 0.034
0 0.508368 0.77725 0.901167 0.028 0.047
0 0.510949 0.982375 0.9745 0.03475 0.051
0 0.511921 0.695875 0.620333 0.04875 0.108
0 0.514383 0.462375 0.401 0.04075 0.0506667
0 0.515642 0.525 0.482333 0.0245 0.0566667
0 0.518181 0.4135 0.9335 0.085 0.133
0 0.521599 0.927375 0.403667 0.04525 0.100667
0 0.522289 0.530875 0.0903333 0.03525 0.044
0 0.523166 0.95875 0.748667 0.0785 0.06
0 0.53158 0.120875 0.3405 0.01925 0.0363333
0 0.534378 0.050125 0.3535 0.04275 0.067
0 0.536192 0.18825 0.276333 0.0515 0.0706667
0 0.545547 0.544625 0.328833 0.02925 0.0563333
0 0.546943 0.57275 0.267833 0.0515 0.0923333
0 0.552441 0.6255 0.917333 0.0645 0.0753333
0 0.553639 0.157375 0.318 0.04075 0.0666667
0 0.560264 0.972875 0.821167 0.05375 0.077
0 0.56554 0.92275 0.279333 0.0415 0.054
0 0.568406 0.69875 0.453667 0.042 0.0673333
0 0.575291 0.341 0.214167 0.044 0.051
0 0.576332 0.43025 0.0423333 0.023 0.0846667
0 0.57823 0.172625 0.0223333 0.03025 0.038
0 0.585206 0.2335 0.0325 0.0605 0.0576667
0 0.585738 0.716875 0.1445 0.04975 0.0703333
0 0.588178 0.17025 0.445667 0.03 0.052
0 0.595769 0.69 0.0571667 0.0285 0.0603333
0 0.597524 0.727625 0.7585 0.06175 0.099
0 0.603071 0.796 0.122833 0.047 0.0823333
0 0.607838 0.169 0.131167 0.054 0.0896667
0 0.608321 0.487 0.646667 0.069 0.0606667
0 0.611147 0.47825 0.8795 0.0685 0.111667
0 0.612799 0.8565 0.376833 0.034 0.0476667
0 0.613829 0.148125 0.208167 0.06775 0.059
0 0.620979 0.0305 0.550667 0.057 0.0566667
0 0.624173 0.018875 0.646667 0.03775 0.0566667
0 0.626135 0.076375 0.156167 0.05925 0.069
0 0.628576 0.67275 0.498167 0.046 0.0536667
0 0.638064 0.318375 0.866 0.06625 0.102667
0 0.638625 0.374 0.27 0.053 0.0793333
0 0.641561 0.387125 0.8545 0.03475 0.095
0 0.646192 0.604125 0.323 0.04925 0.0726667
0 0.649112 0.842 0.121667 0.04 0.104667
0 0.661325 0.680625 0.754833 0.04075 0.057
0 0.667066 0.33225 0.541 0.064 0.106667
0 0.675871 0.27675 0.180667 0.0615 0.0666667
0 0.67666 0.58 0.655 0.048 0.0653333
0 0.679159 0.365375 0.44 0.03775 0.0893333
0 0.687638 0.80775 0.603833 0.0865 0.0776667
0 0.692333 0.497125 0.116833 0.04675 0.061
0 0.695278 0.029 0.101167 0.058 0.097
0 0.700358 0.5045 0.710333 0.061 0.07
0 0.708256 0.6225 0.847667 0.0545 0.0493333
0 0.70876 0.135875 0.6675 0.07625 0.104333
0 0.712401 0.415 0.342667 0.0535 0.072
0 0.730447 0.44325 0.251667 0.044 0.082
0 0.734685 0.796625 0.443667 0.10425 0.0846667
0 0.738514 0.456625 0.178833 0.06275 0.0763333
0 0.73915 0.486375 0.2945 0.05075 0.0543333
0 0.75772 0.66975 0.155333 0.0305 0.0526667
0 0.761659 0.291375 0.407667 0.05275 0.064
0 0.766208 0.437125 0.542 0.07675 0.0953333
0 0.784016 0.22875 0.137167 0.0455 0.0903333
0 0.793711 0.716625 0.368667 0.07075 0.074
0 0.808261 0.6045 0.0918333 0.051 0.0736667
