0 0.252249 0.7435 0.4495 0.0535 0.0396667
0 0.253916 0.238625 0.965 0.07475 0.0646667
0 0.254492 0.845 0.414333 0.0195 0.0453333
0 0.25718 0.238625 0.322667 0.03275 0.0513333
0 0.261078 0.13875 0.388333 0.0275 0.0646667
0 0.261219 0.7115 0.282833 0.053 0.0636667
0 0.263777 0.224125 0.686833 0.14125 0.107
0 0.270647 0.167375 0.623667 0.02575 0.044
0 0.27578 0.75975 0.294833 0.034 0.0436667
0 0.276852 0.6775 0.525333 0.0245 0.0306667
0 0.277764 0.218375 0.524167 0.02025 0.067
0 0.28039 0.269 0.418833 0.057 0.049
0 0.284083 0.17925 0.3845 0.0425 0.0623333
0 0.296727 0.79925 0.429167 0.047 0.0523333
0 0.307582 0.6875 0.251333 0.0235 0.036
0 0.309051 0.229375 0.4005 0.02275 0.033
0 0.315558 0.678125 0.899 0.01825 0.046
0 0.319681 0.01425 0.700333 0.0285 0.0573333
0 0.324255 0.711 0.760833 0.0335 0.0796667
0 0.326873 0.4035 0.942167 0.0175 0.0663333
0 0.332793 0.20825 0.0581667 0.032 0.0623333
0 0.3359 0.228 0.271833 0.037 0.0436667
0 0.340691 0.5205 0.291833 0.023 0.029
0 0.343013 0.247875 0.0565 0.04025 0.053
0 0.348286 0.557125 0.670333 0.02875 0.0353333
0 0.351193 0.609625 0.882167 0.03075 0.059
0 0.354139 0.711875 0.8615 0.01825 0.0356667
0 0.360425 0.747875 0.214167 0.02575 0.0476667
0 0.373089 0.3565 0.571667 0.052 0.0506667
0 0.374969 0.143375 0.015 0.04875 0.03
0 0.381041 0.470125 0.3825 0.04075 0.0463333
0 0.38278 0.199625 0.8325 0.03425 0.0523333
0 0.385568 0.877625 0.391833 0.06425 0.085
0 0.392259 0.964125 0.912333 0.02875 0.0446667
0 0.392426 0.785875 0.151167 0.01425 0.0276667
0 0.392809 0.786625 0.55 0.02975 0.0333333
0 0.39488 0.811375 0.334167 0.02175 0.0683333
0 0.402805 0.802125 0.283667 0.03475 0.0466667
0 0.409932 0.973625 0.342333 0.04775 0.0506667
0 0.410375 0.05475 0.658833 0.039 0.0403333
0 0.410717 0.7145 0.737167 0.0295 0.043
0 0.41234 0.19175 0.561833 0.045 0.0496667
0 0.413819 0.270625 0.0923333 0.04375 0.076
0 0.420717 0.7935 0.0181667 0.0245 0.035
0 0.420911 0.7515 0.970833 0.022 0.035
0 0.422352 0.332125 0.663333 0.02725 0.0926667
0 0.423032 0.668 0.467667 0.0295 0.0513333
0 0.426774 0.374125 0.551 0.04575 0.038
0 0.428247 0.0885 0.454833 0.0425 0.0396667
0 0.428359 0.17 0.154667 0.055 0.0626667
0 0.439098 0.477125 0.1715 0.03625 0.0576667
0 0.441289 0.371875 0.699833 0.09575 0.0616667
0 0.447587 0.18925 0.807833 0.074 0.0556667
0 0.455826 0.142 0.865833 0.081 0.0563333
0 0.459062 0.528875 0.344833 0.02125 0.0316667
0 0.462002 0.543625 0.765833 0.02175 0.029
0 0.462099 0.48025 0.306833 0.0235 0.0343333
0 0.471166 0.255625 0.532 0.03675 0.0646667
0 0.483317 0.56175 0.583833 0.05 0.0523333
0 0.485567 0.706375 0.778 0.02475 0.0373333
0 0.488007 0.53075 0.415333 0.0495 0.042
0 0.491287 0.350625 0.173667 0.04675 0.068
0 0.492978 0.55925 0.976333 0.0235 0.0366667
0 0.504557 0.477625 0.464333 0.05275 0.0593333
0 0.514652 0.9165 0.1595 0.0215 0.0503333
0 0.530418 0.831625 0.484 0.02825 0.0513333
0 0.533201 0.603 0.221667 0.0375 0.1
0 0.53441 0.2535 0.816667 0.036 0.0746667
0 0.5418 0.822875 0.5825 0.03725 0.0423333
0 0.542883 0.01875 0.0788333 0.037 0.099
0 0.54658 0.35025 0.924833 0.0405 0.0863333
0 0.548157 0.680125 0.838333 0.02725 0.0373333
0 0.555147 0.85675 0.541 0.039 0.046
0 0.560679 0.318375 0.585167 0.03675 0.043
0 0.561845 0.66 0.7615 0.0505 0.0823333
0 0.572218 0.77775 0.746333 0.0305 0.0546667
0 0.578131 0.405875 0.207 0.06375 0.0466667
0 0.583072 0.954125 0.754 0.02725 0.036
0 0.583176 0.28075 0.23 0.043 0.0553333
0 0.584774 0.368125 0.849167 0.03875 0.0703333
0 0.585977 0.737625 0.390333 0.04325 0.0593333
0 0.586049 0.08975 0.932333 0.0725 0.0766667
0 0.588298 0.853375 0.114833 0.03875 0.065
0 0.589673 0.5205 0.676167 0.056 0.108333
0 0.593585 0.64125 0.903167 0.0425 0.0936667
0 0.617243 0.494625 0.230833 0.04975 0.0643333
0 0.617334 0.49325 0.788667 0.038 0.044
0 0.632782 0.75175 0.839333 0.046 0.119333
0 0.636899 0.95825 0.215 0.072 0.0706667
0 0.637017 0.3305 0.270833 0.032 0.077
0 0.638039 0.8285 0.811667 0.051 0.0853333
0 0.642002 0.87 0.8195 0.0295 0.0923333
0 0.645121 0.06325 0.0376667 0.066 0.074
0 0.667988 0.323125 0.816 0.05925 0.0793333
0 0.675497 0.650375 0.413833 0.05975 0.063
0 0.700431 0.848875 0.196333 0.04075 0.056
0 0.70583 0.80525 0.207 0.0235 0.0446667
0 0.714323 0.966125 0.838667 0.06775 0.108
0 0.731907 0.45825 0.6335 0.0455 0.0936667
0 0.742602 0.597125 0.415667 0.04175 0.0833333
