0 0.260501 0.018625 0.6855 0.03425 0.137667
0 0.287547 0.30675 0.2545 0.0445 0.085
0 0.28885 0.314125 0.381667 0.01725 0.0346667
0 0.293601 0.53425 0.0786667 0.016 0.034
0 0.306782 0.1195 0.619667 0.081 0.110667
0 0.310513 0.422625 0.405333 0.02025 0.0393333
0 0.339579 0.24975 0.844833 0.0305 0.055
0 0.341808 0.395875 0.732333 0.02875 0.062
0 0.34197 0.415125 0.044 0.02475 0.0386667
0 0.355431 0.453625 0.750833 0.02775 0.035
0 0.358587 0.2885 0.0588333 0.012 0.0303333
0 0.367657 0.386 0.212333 0.0185 0.036
0 0.381064 0.21875 0.419167 0.025 0.0736667
0 0.396206 0.159125 0.5345 0.02925 0.105
0 0.423911 0.2075 0.603333 0.079 0.0833333
0 0.437823 0.455875 0.0725 0.02775 0.049
0 0.445274 0.311125 0.876167 0.03025 0.061
0 0.452053 0.46475 0.689333 0.0195 0.0386667
0 0.464632 0.360625 0.344667 0.02375 0.07
0 0.467004 0.34075 0.28 0.0225 0.0546667
0 0.484989 0.383125 0.119 0.02825 0.0706667
0 0.494479 0.490875 0.6715 0.01975 0.0383333
0 0.497393 0.022125 0.426667 0.04325 0.0706667
0 0.501958 0.304125 0.179667 0.05425 0.0513333
0 0.503329 0.295625 0.555833 0.04375 0.143667
0 0.509009 0.221125 0.7085 0.05875 0.0676667
0 0.510585 0.4205 0.706333 0.0355 0.0433333
0 0.521165 0.100875 0.750167 0.05175 0.0776667
0 0.526267 0.570375 0.0708333 0.02525 0.0436667
0 0.578781 0.348625 0.1905 0.03475 0.0803333
0 0.5843 0.359 0.545333 0.0165 0.034
0 0.590429 0.277625 0.387833 0.06275 0.116333
0 0.594172 0.324 0.0955 0.05 0.0623333
0 0.600208 0.388125 0.650833 0.03425 0.0503333
0 0.602538 0.352 0.4445 0.026 0.0716667
0 0.604734 0.353875 0.0273333 0.03925 0.0506667
0 0.614695 0.422625 0.0975 0.02225 0.0496667
0 0.616978 0.263 0.154833 0.052 0.0776667
0 0.642974 0.432 0.623833 0.05 0.0916667
0 0.65129 0.364125 0.725 0.03575 0.0813333
0 0.67475 0.14725 0.0426667 0.051 0.0833333
0 0.681568 0.515625 0.551333 0.02525 0.0593333
0 0.719962 0.157375 0.799 0.06175 0.12
0 0.736265 0.18475 0.372833 0.04 0.0876667
0 0.75009 0.227125 0.0463333 0.06925 0.0873333
