0 0.251888 0.31075 0.214167 0.0295 0.039
0 0.258372 0.32025 0.435667 0.026 0.0393333
0 0.260484 0.373 0.8765 0.0235 0.047
0 0.260889 0.850125 0.823333 0.03575 0.084
0 0.26818 0.386375 0.212833 0.01475 0.039
0 0.270445 0.506875 0.782333 0.05475 0.082
0 0.270948 0.283125 0.246833 0.04675 0.051
0 0.278013 0.935875 0.4315 0.04225 0.0316667
0 0.282074 0.179625 0.0223333 0.05775 0.0413333
0 0.284383 0.7245 0.293333 0.0255 0.0373333
0 0.290181 0.218375 0.267667 0.01575 0.0433333
0 0.314574 0.315875 0.0236667 0.03525 0.0426667
0 0.323238 0.91925 0.160833 0.037 0.049
0 0.323313 0.572875 0.543833 0.05575 0.0643333
0 0.327187 0.48975 0.162667 0.0305 0.0626667
0 0.329956 0.9895 0.520833 0.0185 0.0376667
0 0.337373 0.0285 0.229667 0.0485 0.0906667
0 0.348193 0.1135 0.3735 0.034 0.051
0 0.350021 0.071375 0.637833 0.02775 0.0463333
0 0.373203 0.2845 0.542167 0.134 0.0783333
0 0.388694 0.461375 0.355167 0.01425 0.037
0 0.392932 0.295375 0.4595 0.03125 0.0836667
0 0.399785 0.66975 0.558167 0.0415 0.051
0 0.401533 0.5495 0.295667 0.034 0.084
0 0.405445 0.98725 0.745 0.0235 0.08
0 0.407434 0.666 0.343333 0.026 0.0493333
0 0.412213 0.508125 0.687667 0.03225 0.0593333
0 0.412295 0.704625 0.369667 0.03125 0.078
0 0.415299 0.439875 0.524333 0.03175 0.0373333
0 0.421834 0.541625 0.754667 0.03475 0.0593333
0 0.424686 0.507625 0.211 0.02325 0.038
0 0.424739 0.597875 0.378 0.03175 0.052
0 0.436333 0.238875 0.289167 0.03675 0.077
0 0.437816 0.5805 0.487167 0.035 0.057
0 0.439018 0.425375 0.0255 0.02275 0.045
0 0.439261 0.165875 0.516167 0.07575 0.0716667
0 0.444715 0.142125 0.0401667 0.07925 0.0723333
0 0.44914 0.987125 0.236667 0.02525 0.062
0 0.45227 0.61275 0.7745 0.0465 0.0476667
0 0.455019 0.3885 0.112833 0.033 0.0496667
0 0.455093 0.541125 0.375333 0.05475 0.0506667
0 0.457621 0.554125 0.027 0.02125 0.0433333
0 0.464167 0.62825 0.720167 0.0325 0.0396667
0 0.464951 0.377 0.756333 0.053 0.0546667
0 0.469856 0.045125 0.1505 0.06875 0.065
0 0.476868 0.589625 0.203833 0.05025 0.0936667
0 0.479912 0.338125 0.562333 0.03075 0.0633333
0 0.480736 0.483 0.114333 0.02 0.048
0 0.481764 0.404125 0.5395 0.03725 0.073
0 0.481882 0.486 0.324 0.04 0.0606667
0 0.482578 0.650125 0.619833 0.01325 0.0343333
0 0.485611 0.959 0.615333 0.037 0.056
0 0.486877 0.56625 0.6435 0.038 0.0663333
0 0.490889 0.941625 0.304167 0.04225 0.0576667
0 0.49171 0.800875 0.252333 0.03375 0.0466667
0 0.492808 0.81725 0.0445 0.0335 0.0536667
0 0.500665 0.941 0.1185 0.034 0.0743333
0 0.51192 0.477625 0.944167 0.04275 0.0676667
0 0.515752 0.302 0.0243333 0.037 0.046
0 0.522065 0.524125 0.102 0.02725 0.068
0 0.522231 0.46425 0.701833 0.0275 0.0456667
0 0.523111 0.1175 0.119 0.0405 0.086
0 0.525305 0.241125 0.181667 0.03425 0.0486667
0 0.527832 0.763625 0.245333 0.02725 0.0426667
0 0.5292 0.040125 0.372667 0.03925 0.0613333
0 0.529893 0.358375 0.0338333 0.04075 0.0516667
0 0.531924 0.230625 0.0618333 0.04975 0.065
0 0.53311 0.55125 0.848833 0.032 0.0456667
0 0.534291 0.880875 0.0918333 0.03375 0.0516667
0 0.552208 0.341625 0.184167 0.03175 0.0523333
0 0.552258 0.971625 0.0641667 0.04375 0.0736667
0 0.561768 0.2875 0.1255 0.027 0.0496667
0 0.566182 0.637 0.4065 0.0405 0.0556667
0 0.573478 0.947875 0.49 0.07475 0.0646667
0 0.577187 0.354 0.470333 0.0515 0.0693333
0 0.586688 0.14575 0.351667 0.024 0.042
0 0.594996 0.31675 0.120167 0.021 0.039
0 0.596327 0.6905 0.853667 0.0455 0.068
0 0.596781 0.72825 0.630167 0.042 0.0543333
0 0.597549 0.4315 0.2175 0.046 0.061
0 0.597799 0.8045 0.757667 0.052 0.0593333
0 0.602999 0.221375 0.133333 0.03325 0.0473333
0 0.606444 0.045125 0.5475 0.02925 0.0716667
0 0.606588 0.97675 0.364 0.0465 0.062
0 0.609795 0.68275 0.609333 0.0385 0.0473333
0 0.614767 0.722375 0.487 0.03275 0.0593333
0 0.629224 0.463625 0.2615 0.05125 0.061
0 0.634212 0.012875 0.560333 0.02575 0.084
0 0.63437 0.452 0.108 0.0285 0.0513333
0 0.634565 0.677875 0.7185 0.03275 0.0836667
0 0.635514 0.647125 0.4845 0.03875 0.0543333
0 0.637609 0.777875 0.426333 0.02925 0.0513333
0 0.637633 0.15225 0.148667 0.0495 0.0666667
0 0.644071 0.423125 0.334667 0.04525 0.0446667
0 0.649668 0.0435 0.947167 0.0535 0.099
0 0.660249 0.4285 0.454167 0.0645 0.0596667
0 0.660998 0.3205 0.293833 0.0375 0.0716667
0 0.671698 0.97125 0.1755 0.045 0.0596667
0 0.678951 0.05175 0.0448333 0.0505 0.0896667
0 0.681953 0.508625 0.429167 0.03825 0.0803333
0 0.68908 0.171625 0.274 0.05425 0.104667
0 0.690325 0.781875 0.695667 0.06125 0.0766667
0 0.704807 0.403875 0.156 0.05725 0.0613333
0 0.750926 0.08025 0.340667 0.0385 0.0593333
