0 0.250773 0.4505 0.702333 0.024 0.0346667
0 0.262012 0.779625 0.6395 0.02325 0.0256667
0 0.263102 0.947875 0.497 0.04775 0.05
0 0.269996 0.615375 0.372333 0.04575 0.0806667
0 0.270236 0.106625 0.9705 0.07475 0.051
0 0.271641 0.987375 0.902167 0.02325 0.0603333
0 0.273085 0.846875 0.364667 0.03025 0.052
0 0.282974 0.02475 0.2115 0.041 0.0383333
0 0.293773 0.4235 0.0146667 0.0155 0.0246667
0 0.297154 0.675875 0.624667 0.04475 0.072
0 0.299136 0.227375 0.292167 0.03375 0.0516667
0 0.301344 0.935625 0.6035 0.04925 0.0376667
0 0.302914 0.62525 0.4605 0.028 0.0403333
0 0.303906 0.98825 0.6745 0.0215 0.0656667
0 0.306598 0.484625 0.358 0.02375 0.0446667
0 0.306673 0.64725 0.568167 0.0195 0.0296667
0 0.308505 0.65275 0.0165 0.0175 0.031
0 0.309797 0.416375 0.722667 0.03925 0.064
0 0.314309 0.775625 0.484833 0.03275 0.033
0 0.31444 0.64825 0.7455 0.0355 0.0396667
0 0.320319 0.259625 0.554 0.06375 0.0526667
0 0.321557 0.907375 0.171833 0.02775 0.057
0 0.323098 0.538875 0.568833 0.02125 0.063
0 0.330668 0.180875 0.186667 0.02675 0.042
0 0.334861 0.61575 0.56 0.0385 0.0486667
0 0.345162 0.49175 0.546 0.047 0.0393333
0 0.345694 0.38925 0.2125 0.016 0.039
0 0.351707 0.416125 0.405333 0.01175 0.0373333
0 0.353737 0.478 0.879333 0.056 0.0773333
0 0.355193 0.462 0.754333 0.0575 0.0513333
0 0.358274 0.675625 0.675833 0.02775 0.045
0 0.359579 0.36175 0.537833 0.023 0.0323333
0 0.367388 0.357375 0.232833 0.03625 0.041
0 0.373612 0.859 0.2205 0.0365 0.0443333
0 0.378955 0.576875 0.0241667 0.01925 0.039
0 0.383596 0.357875 0.866333 0.05575 0.0386667
0 0.38569 0.475125 0.129667 0.02225 0.0333333
0 0.388982 0.037625 0.941667 0.07175 0.09
0 0.389129 0.396625 0.587833 0.02525 0.059
0 0.389161 0.506875 0.227333 0.05025 0.0486667
0 0.393257 0.646625 0.512833 0.04225 0.0456667
0 0.395082 0.5075 0.339667 0.0305 0.08
0 0.39767 0.111 0.353167 0.1 0.0616667
0 0.397811 0.648625 0.210833 0.06175 0.107667
0 0.398091 0.97475 0.0833333 0.043 0.062
0 0.400627 0.431 0.286167 0.027 0.0323333
0 0.406532 0.694625 0.0836667 0.03225 0.06
0 0.409939 0.89075 0.115167 0.0315 0.097
0 0.412495 0.398 0.295167 0.0395 0.069
0 0.413292 0.843625 0.38 0.02925 0.0466667
0 0.415012 0.72025 0.0215 0.043 0.0423333
0 0.416139 0.789375 0.7795 0.04675 0.0356667
0 0.419422 0.189625 0.971333 0.07625 0.054
0 0.42428 0.5985 0.3495 0.073 0.126333
0 0.424558 0.256375 0.298667 0.03525 0.042
0 0.426274 0.9815 0.375667 0.0335 0.056
0 0.427903 0.715375 0.983667 0.04825 0.0326667
0 0.430337 0.401875 0.845333 0.02675 0.0393333
0 0.432556 0.626 0.670667 0.0245 0.0306667
0 0.436261 0.596125 0.715833 0.03475 0.0683333
0 0.436358 0.5355 0.445833 0.051 0.0876667
0 0.438729 0.638125 0.634833 0.02375 0.033
0 0.44424 0.502125 0.122167 0.02825 0.0363333
0 0.44619 0.5955 0.684667 0.039 0.101333
0 0.455822 0.415875 0.790833 0.04375 0.0496667
0 0.458446 0.95225 0.864833 0.031 0.0503333
0 0.472127 0.42625 0.516167 0.047 0.0683333
0 0.480409 0.22175 0.491167 0.0565 0.059
0 0.482113 0.6045 0.2155 0.032 0.0756667
0 0.490746 0.23525 0.367333 0.042 0.0746667
0 0.492378 0.290875 0.965667 0.03675 0.0666667
0 0.493372 0.512125 0.622667 0.03675 0.0393333
0 0.495898 0.743125 0.392333 0.04725 0.112
0 0.497197 0.45725 0.1545 0.033 0.055
0 0.502464 0.7075 0.145 0.047 0.157333
0 0.509227 0.531125 0.293167 0.01875 0.0356667
0 0.510647 0.34275 0.291333 0.037 0.064
0 0.515385 0.370625 0.935667 0.03575 0.072
0 0.519885 0.116375 0.944167 0.09425 0.111667
0 0.521395 0.758 0.742833 0.0345 0.049
0 0.522394 0.9335 0.561 0.0725 0.0546667
0 0.528212 0.82025 0.2945 0.0205 0.0316667
0 0.535212 0.592 0.507833 0.0255 0.057
0 0.542923 0.330625 0.941 0.03525 0.044
0 0.543972 0.834375 0.163167 0.02475 0.0563333
0 0.544515 0.446 0.806333 0.0515 0.0426667
0 0.544949 0.571125 0.1465 0.02275 0.109
0 0.548963 0.56025 0.457333 0.0335 0.0586667
0 0.556998 0.055625 0.0686667 0.04925 0.0606667
0 0.560584 0.687875 0.522667 0.02525 0.068
0 0.569235 0.845625 0.662167 0.04075 0.0523333
0 0.577106 0.71425 0.694333 0.045 0.0593333
0 0.582896 0.468 0.649 0.0685 0.0626667
0 0.583315 0.543 0.6715 0.0445 0.069
0 0.585048 0.093875 0.0165 0.04875 0.033
0 0.591699 0.18175 0.261167 0.0565 0.0476667
0 0.595865 0.533125 0.0776667 0.01875 0.068
0 0.604668 0.268875 0.459333 0.02275 0.0573333
0 0.62105 0.597875 0.788 0.02575 0.052
0 0.621727 0.73275 0.606833 0.061 0.089
0 0.627456 0.1765 0.333833 0.058 0.0723333
0 0.631141 0.74125 0.911167 0.0515 0.117
0 0.632849 0.368 0.391 0.0325 0.086
0 0.636458 0.50525 0.713167 0.051 0.061
0 0.643305 0.972375 0.451833 0.04725 0.0596667
0 0.643496 0.774125 0.159333 0.05675 0.0913333
0 0.643904 0.31525 0.211667 0.0405 0.0573333
0 0.647279 0.537375 0.1615 0.04025 0.0576667
0 0.647828 0.836375 0.0345 0.03575 0.069
0 0.658046 0.845 0.571667 0.047 0.0673333
0 0.673172 0.288 0.0646667 0.0435 0.0586667
0 0.673464 0.937875 0.3215 0.09525 0.099
0 0.677608 0.482625 0.428667 0.03025 0.062
0 0.679232 0.407375 0.109667 0.02825 0.0653333
0 0.680386 0.6045 0.133833 0.0355 0.067
0 0.684329 0.28975 0.883833 0.0665 0.0656667
0 0.705755 0.459 0.255167 0.0385 0.0503333
0 0.719048 0.541375 0.9485 0.08575 0.103
0 0.741058 0.44225 0.350667 0.038 0.0706667
0 0.748157 0.792 0.0383333 0.0435 0.068
0 0.756912 0.842625 0.454 0.04775 0.0746667
