0 0.253345 0.735125 0.147833 0.01675 0.037
0 0.256068 0.572625 0.200333 0.01225 0.0333333
0 0.256634 0.42675 0.887 0.0285 0.0273333
0 0.275576 0.28025 0.468333 0.011 0.032
0 0.282506 0.707375 0.930667 0.02175 0.0446667
0 0.292721 0.558875 0.240167 0.01675 0.0296667
0 0.294102 0.40275 0.153667 0.017 0.0373333
0 0.296117 0.37125 0.205833 0.0265 0.029
0 0.297647 0.67875 0.939167 0.041 0.0996667
0 0.298085 0.54025 0.540167 0.0235 0.0296667
0 0.320015 0.2845 0.384667 0.012 0.0266667
0 0.330452 0.6115 0.257 0.0145 0.0373333
0 0.343931 0.506125 0.480667 0.04025 0.066
0 0.362439 0.0175 0.842667 0.033 0.028
0 0.375108 0.466625 0.499667 0.03125 0.056
0 0.385629 0.638 0.464667 0.02 0.0373333
0 0.391604 0.463625 0.165 0.02325 0.0426667
0 0.402531 0.620375 0.1255 0.01775 0.0296667
0 0.424845 0.05775 0.824833 0.024 0.0316667
0 0.427248 0.73975 0.936 0.0265 0.0426667
0 0.443515 0.380625 0.346333 0.02125 0.0293333
0 0.450734 0.605625 0.5625 0.03275 0.0523333
0 0.457292 0.60075 0.457667 0.033 0.0513333
0 0.457515 0.84325 0.976167 0.0565 0.0456667
0 0.492085 0.480875 0.5905 0.04675 0.0436667
0 0.506574 0.337875 0.896167 0.01875 0.0303333
0 0.523902 0.629125 0.283833 0.01175 0.055
0 0.525161 0.373625 0.891667 0.03325 0.0446667
0 0.531541 0.610875 0.6425 0.02825 0.0316667
0 0.534841 0.05175 0.7295 0.037 0.0496667
0 0.535509 0.489625 0.2755 0.01475 0.0356667
0 0.537858 0.406375 0.292 0.02075 0.04
0 0.541988 0.5395 0.476167 0.0335 0.049
0 0.545381 0.40025 0.190667 0.0255 0.0373333
0 0.545711 0.676375 0.343333 0.01875 0.04
0 0.545946 0.361125 0.474 0.03075 0.0333333
0 0.547277 0.530875 0.363333 0.02475 0.0353333
0 0.548739 0.54725 0.3985 0.024 0.0503333
0 0.555297 0.3435 0.7975 0.023 0.035
0 0.556835 0.63025 0.674 0.0245 0.0366667
0 0.557784 0.782 0.910167 0.054 0.0936667
0 0.559724 0.786875 0.6115 0.01425 0.031
0 0.567364 0.233375 0.179667 0.02175 0.042
0 0.570335 0.508875 0.421 0.02525 0.0266667
0 0.584463 0.487875 0.215667 0.02825 0.056
0 0.594358 0.465625 0.2635 0.01825 0.0523333
0 0.604901 0.55275 0.320333 0.023 0.038
0 0.619689 0.62725 0.805167 0.041 0.039
0 0.62181 0.53125 0.579833 0.032 0.0476667
0 0.624905 0.5105 0.712667 0.055 0.0693333
0 0.628527 0.436375 0.449167 0.05375 0.065
0 0.632696 0.646125 0.238 0.04475 0.0533333
0 0.634021 0.655 0.559 0.0445 0.0686667
0 0.63607 0.510875 0.164167 0.01525 0.039
0 0.648037 0.5325 0.265 0.022 0.0406667
0 0.651544 0.47025 0.361667 0.073 0.0546667
0 0.661109 0.440375 0.275667 0.03825 0.082
0 0.669377 0.314375 0.433 0.03375 0.062
0 0.679175 0.0215 0.615833 0.043 0.0476667
0 0.680282 0.417625 0.132667 0.02975 0.0566667
0 0.68087 0.59325 0.3485 0.0415 0.0483333
0 0.68288 0.6195 0.195333 0.0215 0.0413333
0 0.708011 0.582375 0.152 0.05325 0.04
0 0.71067 0.419625 0.5425 0.06075 0.087
0 0.732816 0.65325 0.151833 0.04 0.069
0 0.762103 0.58225 0.6065 0.046 0.057
