0 0.257758 0.92525 0.934167 0.0625 0.0956667
0 0.262532 0.63 0.715833 0.024 0.0363333
0 0.271861 0.02875 0.891 0.0375 0.0526667
0 0.273302 0.879375 0.672167 0.08625 0.051
0 0.273806 0.54675 0.677333 0.051 0.062
0 0.276435 0.46675 0.524 0.0235 0.03
0 0.281677 0.872625 0.331167 0.05825 0.0703333
0 0.292895 0.437625 0.580333 0.03375 0.0833333
0 0.296254 0.28575 0.391 0.024 0.0286667
0 0.29904 0.014625 0.6415 0.02725 0.0576667
0 0.300041 0.55675 0.616667 0.0275 0.0293333
0 0.302519 0.132125 0.9325 0.06575 0.053
0 0.303758 0.479625 0.641 0.03475 0.052
0 0.304537 0.560875 0.517 0.01825 0.0253333
0 0.311208 0.031625 0.579 0.03025 0.0306667
0 0.314881 0.157 0.0228333 0.0665 0.0443333
0 0.319391 0.019875 0.363167 0.03525 0.0496667
0 0.321126 0.63575 0.5205 0.039 0.0336667
0 0.329138 0.51925 0.0608333 0.0255 0.0476667
0 0.329316 0.307 0.552 0.0375 0.0293333
0 0.330628 0.05075 0.251833 0.039 0.0296667
0 0.333934 0.502125 0.307167 0.01875 0.0343333
0 0.333962 0.718375 0.415333 0.08175 0.0553333
0 0.346783 0.4985 0.679667 0.0285 0.052
0 0.348856 0.449375 0.627167 0.02825 0.0443333
0 0.355967 0.915125 0.946667 0.04275 0.0633333
0 0.359392 0.81125 0.3485 0.043 0.049
0 0.360732 0.55375 0.333167 0.03 0.039
0 0.36107 0.195625 0.7315 0.03925 0.0603333
0 0.369023 0.195625 0.836 0.02825 0.0553333
0 0.375909 0.620625 0.612 0.01775 0.022
0 0.3832 0.4835 0.143667 0.047 0.0866667
0 0.385672 0.36375 0.329167 0.033 0.0416667
0 0.392071 0.372875 0.512667 0.03625 0.0386667
0 0.393921 0.818875 0.7995 0.05025 0.075
0 0.394184 0.93125 0.423167 0.0565 0.053
0 0.39469 0.393375 0.768667 0.06125 0.120667
0 0.405039 0.963625 0.238167 0.06225 0.100333
0 0.407639 0.546125 0.399833 0.06175 0.071
0 0.414083 0.378875 0.406333 0.04475 0.0566667
0 0.423706 0.322 0.213833 0.0455 0.0543333
0 0.43058 0.903 0.692333 0.041 0.0446667
0 0.432089 0.487375 0.342833 0.04475 0.049
0 0.448704 0.951375 0.353833 0.04725 0.0556667
0 0.449944 0.12875 0.392833 0.0725 0.071
0 0.456336 0.189 0.0235 0.0675 0.047
0 0.459878 0.81075 0.701833 0.0705 0.095
0 0.459903 0.199375 0.221 0.05525 0.0446667
0 0.463175 0.296125 0.469 0.03825 0.0766667
0 0.477115 0.7015 0.262667 0.025 0.0426667
0 0.480267 0.77025 0.5285 0.053 0.0776667
0 0.492974 0.084875 0.2735 0.04025 0.0363333
0 0.493063 0.384625 0.281 0.04475 0.0393333
0 0.501422 0.44175 0.286833 0.04 0.0703333
0 0.502451 0.07275 0.533167 0.0265 0.0423333
0 0.503448 0.863 0.856 0.0595 0.074
0 0.51152 0.59575 0.536333 0.031 0.0746667
0 0.521584 0.468625 0.735667 0.05775 0.0773333
0 0.54341 0.017 0.025 0.031 0.048
0 0.548535 0.949625 0.780333 0.08925 0.0793333
0 0.550956 0.1475 0.293833 0.0385 0.053
0 0.557523 0.34575 0.1535 0.048 0.0636667
0 0.559257 0.2085 0.425 0.0315 0.0313333
0 0.569765 0.82825 0.973667 0.098 0.052
0 0.571393 0.36525 0.228833 0.047 0.051
0 0.574783 0.32575 0.0845 0.0515 0.0616667
0 0.577005 0.856375 0.4885 0.06175 0.0643333
0 0.579734 0.65825 0.6205 0.041 0.0983333
0 0.583655 0.949125 0.9145 0.10125 0.117667
0 0.599166 0.704625 0.8665 0.03275 0.0576667
0 0.608294 0.43725 0.447833 0.033 0.0643333
0 0.609589 0.14775 0.667833 0.04 0.065
0 0.610239 0.018 0.434833 0.036 0.047
0 0.610572 0.327 0.279167 0.0385 0.0496667
0 0.612368 0.334375 0.627667 0.08825 0.0813333
0 0.621324 0.432625 0.169667 0.05475 0.101333
0 0.622188 0.703875 0.972 0.03225 0.056
0 0.622274 0.212125 0.3025 0.04025 0.095
0 0.633911 0.15175 0.181667 0.0435 0.0673333
0 0.634808 0.619 0.790667 0.045 0.062
0 0.664906 0.265125 0.185333 0.07625 0.0633333
0 0.682166 0.184 0.105 0.05 0.0586667
0 0.700818 0.281625 0.320667 0.03825 0.0586667
0 0.766125 0.958875 0.268333 0.06375 0.0673333
0 0.782596 0.966875 0.193833 0.06625 0.0643333
