0 0.255135 0.768 0.720667 0.0785 0.108
0 0.255494 0.428125 0.0668333 0.01625 0.0396667
0 0.272248 0.665 0.0235 0.0175 0.0416667
0 0.283041 0.65025 0.139667 0.031 0.0293333
0 0.284058 0.474 0.652333 0.0705 0.04
0 0.288549 0.55875 0.65 0.061 0.0986667
0 0.291168 0.22875 0.140833 0.0355 0.0516667
0 0.309888 0.788125 0.0758333 0.03875 0.0596667
0 0.327671 0.906125 0.532833 0.03825 0.0763333
0 0.329166 0.58725 0.2005 0.0145 0.0336667
0 0.33155 0.164625 0.2565 0.04875 0.0503333
0 0.33389 0.650375 0.760167 0.02875 0.0403333
0 0.337861 0.700875 0.0758333 0.03125 0.0636667
0 0.340439 0.8175 0.121 0.019 0.0453333
0 0.34093 0.73725 0.653333 0.019 0.038
0 0.341926 0.8745 0.504333 0.028 0.0733333
0 0.344577 0.41925 0.689333 0.0275 0.044
0 0.344734 0.208625 0.405167 0.02275 0.041
0 0.347397 0.87675 0.657667 0.073 0.052
0 0.350457 0.7035 0.695667 0.0415 0.0433333
0 0.354796 0.538 0.3345 0.021 0.0343333
0 0.357331 0.6715 0.342667 0.037 0.0813333
0 0.358615 0.340875 0.486667 0.06725 0.0553333
0 0.367123 0.511375 0.272167 0.02125 0.027
0 0.367991 0.64075 0.235167 0.018 0.033
0 0.37319 0.455 0.586 0.038 0.052
0 0.377292 0.458625 0.491833 0.04025 0.0316667
0 0.387274 0.7555 0.960333 0.065 0.0793333
0 0.396367 0.241625 0.432333 0.04275 0.0373333
0 0.410587 0.56025 0.2115 0.018 0.0343333
0 0.41554 0.802125 0.480167 0.02125 0.0336667
0 0.423051 0.684 0.289 0.041 0.072
0 0.429838 0.3275 0.0198333 0.0385 0.0396667
0 0.435554 0.85925 0.371333 0.028 0.0386667
0 0.435972 0.97475 0.917333 0.0505 0.0726667
0 0.439034 0.10825 0.887833 0.032 0.0443333
0 0.44082 0.811625 0.8025 0.06475 0.0756667
0 0.444286 0.542625 0.724 0.03675 0.076
0 0.447144 0.20375 0.254333 0.0425 0.0593333
0 0.452421 0.473125 0.893833 0.02375 0.043
0 0.455738 0.126625 0.287 0.04825 0.0546667
0 0.456168 0.558375 0.672167 0.04425 0.0763333
0 0.458652 0.2385 0.865 0.0435 0.058
0 0.459592 0.470625 0.835667 0.03325 0.0546667
0 0.464045 0.4945 0.699667 0.043 0.102
0 0.470384 0.68825 0.711667 0.0615 0.0573333
0 0.475809 0.195375 0.364 0.03525 0.0713333
0 0.493978 0.879625 0.523833 0.02325 0.0516667
0 0.49941 0.62075 0.679 0.062 0.0533333
0 0.502507 0.5825 0.533 0.0205 0.036
0 0.511459 0.47825 0.193167 0.038 0.0476667
0 0.516166 0.62425 0.3445 0.069 0.0776667
0 0.517494 0.644625 0.582667 0.02725 0.032
0 0.517675 0.3985 0.4645 0.0485 0.053
0 0.518692 0.829625 0.496333 0.03575 0.0533333
0 0.520888 0.86875 0.485167 0.031 0.0503333
0 0.525016 0.963125 0.833333 0.06625 0.0873333
0 0.52514 0.6315 0.845167 0.063 0.0716667
0 0.527143 0.62875 0.4335 0.023 0.0276667
0 0.551695 0.39625 0.722333 0.0235 0.04
0 0.556651 0.819375 0.401 0.03475 0.0433333
0 0.557367 0.40825 0.0966667 0.0265 0.048
0 0.561976 0.675625 0.9685 0.03525 0.063
0 0.576351 0.749625 0.093 0.01475 0.0373333
0 0.590832 0.722 0.486667 0.04 0.0833333
0 0.595781 0.21975 0.0288333 0.0385 0.0556667
0 0.597744 0.690625 0.174833 0.01925 0.0403333
0 0.599706 0.773875 0.3555 0.05925 0.0476667
0 0.60579 0.452625 0.296167 0.05225 0.045
0 0.607886 0.358625 0.354667 0.03725 0.044
0 0.627062 0.297875 0.333833 0.03875 0.0563333
0 0.62904 0.5855 0.752167 0.088 0.083
0 0.633678 0.721125 0.272167 0.02925 0.0436667
0 0.659772 0.413875 0.638833 0.03475 0.0436667
0 0.664634 0.0985 0.414667 0.08 0.0646667
0 0.664787 0.04575 0.569667 0.088 0.0933333
0 0.672103 0.770125 0.872333 0.07125 0.09
0 0.676621 0.46475 0.0373333 0.0585 0.0586667
0 0.680922 0.451875 0.107 0.03375 0.0446667
0 0.683292 0.727875 0.7865 0.07625 0.075
0 0.700692 0.42975 0.202 0.035 0.0406667
0 0.704605 0.5605 0.615 0.063 0.0713333
0 0.722439 0.529125 0.960167 0.04275 0.0623333
0 0.745428 0.65875 0.463667 0.0605 0.0826667
