0 0.250059 0.906 0.221667 0.0265 0.05
0 0.250616 0.68425 0.013 0.039 0.026
0 0.251498 0.974125 0.410167 0.05175 0.0863333
0 0.253051 0.622 0.221333 0.016 0.0373333
0 0.256193 0.92975 0.0223333 0.0495 0.0413333
0 0.259885 0.6555 0.262833 0.029 0.0536667
0 0.265131 0.56675 0.681667 0.043 0.07
0 0.266493 0.547 0.244 0.0225 0.0526667
0 0.271622 0.068875 0.141833 0.04575 0.059
0 0.272153 0.10725 0.546667 0.0665 0.0593333
0 0.272777 0.0175 0.577 0.0345 0.09
0 0.279057 0.908625 0.387333 0.04825 0.0386667
0 0.279556 0.458625 0.157 0.02125 0.0333333
0 0.280072 0.982375 0.523 0.03525 0.052
0 0.283571 0.013 0.0418333 0.026 0.077
0 0.284164 0.26075 0.708333 0.0165 0.0326667
0 0.284368 0.6185 0.022 0.01 0.0353333
0 0.284567 0.687125 0.240167 0.04575 0.0923333
0 0.295244 0.426125 0.9685 0.03475 0.063
0 0.304778 0.69125 0.3825 0.033 0.0256667
0 0.306104 0.78875 0.511167 0.021 0.0376667
0 0.308072 0.672625 0.6185 0.04425 0.0696667
0 0.312086 0.597375 0.0146667 0.01575 0.02
0 0.315921 0.65 0.410333 0.0185 0.042
0 0.316474 0.981875 0.113333 0.03325 0.0993333
0 0.318085 0.7735 0.469333 0.024 0.0366667
0 0.327543 0.440875 0.1855 0.02025 0.0376667
0 0.330111 0.67 0.633833 0.028 0.0416667
0 0.331511 0.394875 0.909833 0.01425 0.0363333
0 0.33419 0.939375 0.2915 0.04125 0.0403333
0 0.335825 0.368375 0.984167 0.01925 0.0316667
0 0.340576 0.476625 0.797167 0.02775 0.0316667
0 0.345084 0.42675 0.843167 0.0205 0.059
0 0.345522 0.7435 0.658333 0.0445 0.0506667
0 0.345618 0.453625 0.292667 0.04225 0.062
0 0.351335 0.67675 0.231833 0.0255 0.0763333
0 0.353701 0.541125 0.786667 0.01625 0.0433333
0 0.355106 0.49875 0.516333 0.0325 0.03
0 0.365283 0.505875 0.768333 0.03125 0.0373333
0 0.371455 0.235875 0.7535 0.04425 0.0356667
0 0.371749 0.544 0.682 0.0225 0.058
0 0.372236 0.834625 0.4725 0.02475 0.035
0 0.373531 0.785875 0.049 0.02875 0.0586667
0 0.390006 0.988 0.0781667 0.0235 0.0803333
0 0.390768 0.83475 0.4155 0.023 0.031
0 0.391749 0.14725 0.244667 0.0255 0.034
0 0.398596 0.71625 0.751167 0.0225 0.0343333
0 0.398791 0.218375 0.257 0.02075 0.044
0 0.400419 0.94825 0.186667 0.0175 0.0326667
0 0.407261 0.482375 0.172167 0.04275 0.0876667
0 0.408735 0.711125 0.3395 0.02875 0.033
0 0.408833 0.709875 0.245667 0.03375 0.0693333
0 0.413164 0.6025 0.535 0.0495 0.0386667
0 0.417003 0.314625 0.8125 0.04075 0.043
0 0.419493 0.45375 0.681333 0.026 0.0693333
0 0.426754 0.323375 0.0873333 0.01825 0.0346667
0 0.427732 0.73525 0.0383333 0.0275 0.0553333
0 0.429143 0.1335 0.0235 0.0235 0.041
0 0.430068 0.491625 0.879167 0.02325 0.121
0 0.442112 0.751375 0.325 0.03425 0.0566667
0 0.442669 0.3825 0.454833 0.027 0.0576667
0 0.442999 0.50625 0.469833 0.03 0.0343333
0 0.443468 0.778 0.292667 0.0485 0.0466667
0 0.444708 0.48325 0.226833 0.0165 0.0356667
0 0.453599 0.260875 0.796167 0.03275 0.0476667
0 0.455683 0.36625 0.512667 0.038 0.05
0 0.458557 0.436 0.521667 0.0275 0.0466667
0 0.460464 0.23725 0.0738333 0.052 0.0663333
0 0.463996 0.563375 0.198833 0.03825 0.0863333
0 0.464907 0.08925 0.264667 0.015 0.0513333
0 0.469116 0.183625 0.0173333 0.05975 0.0346667
0 0.470072 0.0615 0.7325 0.0365 0.079
0 0.471231 0.11875 0.722667 0.031 0.0573333
0 0.478725 0.575 0.473167 0.03 0.0363333
0 0.479891 0.396 0.340833 0.02 0.0436667
0 0.482504 0.42025 0.110333 0.0335 0.0513333
0 0.484308 0.17 0.686667 0.032 0.0353333
0 0.48695 0.664375 0.546333 0.04725 0.078
0 0.505499 0.405875 0.553 0.03475 0.054
0 0.50907 0.57125 0.682833 0.025 0.0536667
0 0.509617 0.360625 0.415667 0.02975 0.0746667
0 0.509759 0.05675 0.867667 0.042 0.0553333
0 0.518863 0.533 0.0383333 0.06 0.072
0 0.519192 0.83 0.0803333 0.048 0.0713333
0 0.536272 0.946875 0.728833 0.07525 0.123667
0 0.549778 0.4395 0.04 0.043 0.0726667
0 0.551225 0.626375 0.569833 0.02325 0.0563333
0 0.551523 0.891 0.691667 0.0465 0.074
0 0.564686 0.78675 0.163 0.029 0.054
0 0.569592 0.180125 0.955167 0.04575 0.0496667
0 0.570225 0.26925 0.2135 0.021 0.0436667
0 0.573863 0.68275 0.775167 0.0265 0.043
0 0.574376 0.02125 0.648667 0.037 0.0573333
0 0.57649 0.812125 0.361667 0.03525 0.064
0 0.578093 0.602 0.659833 0.0325 0.0463333
0 0.578846 0.60875 0.3475 0.0515 0.077
0 0.580433 0.459 0.482667 0.035 0.052
0 0.582812 0.282375 0.336333 0.06125 0.0813333
0 0.586011 0.122125 0.411667 0.07025 0.0793333
0 0.59115 0.279125 0.892167 0.02425 0.0716667
0 0.59495 0.342125 0.840333 0.02225 0.0446667
0 0.606741 0.243 0.981833 0.044 0.0363333
0 0.610454 0.19475 0.7175 0.0675 0.0583333
0 0.611871 0.720875 0.4325 0.03375 0.0523333
0 0.613154 0.408 0.796833 0.0335 0.0616667
0 0.619731 0.14975 0.165833 0.0425 0.0596667
0 0.62188 0.835875 0.7005 0.02775 0.0816667
0 0.623344 0.41625 0.4 0.021 0.048
0 0.624234 0.57675 0.614167 0.0365 0.043
0 0.624416 0.521375 0.291667 0.03125 0.0593333
0 0.625033 0.3525 0.7665 0.033 0.0603333
0 0.625373 0.798875 0.6295 0.03675 0.053
0 0.626942 0.13275 0.668333 0.0425 0.0506667
0 0.631419 0.29575 0.703167 0.035 0.071
0 0.64492 0.675 0.866333 0.0785 0.106
0 0.658328 0.55075 0.425333 0.045 0.0513333
0 0.661629 0.037875 0.300167 0.07025 0.089
0 0.662408 0.49325 0.6 0.049 0.05
0 0.66824 0.199375 0.209833 0.02425 0.0576667
0 0.680271 0.3085 0.623 0.049 0.076
0 0.68131 0.313875 0.443167 0.05975 0.083
0 0.682204 0.6315 0.732 0.041 0.0806667
0 0.695051 0.50675 0.649 0.037 0.052
0 0.700061 0.261375 0.396833 0.04675 0.087
0 0.71265 0.11275 0.51 0.077 0.0766667
0 0.71693 0.460625 0.355667 0.02675 0.0406667
0 0.717079 0.569375 0.862833 0.05675 0.152333
0 0.717098 0.533 0.163167 0.028 0.0663333
0 0.729815 0.158 0.6125 0.061 0.073
0 0.741336 0.1795 0.0896667 0.0485 0.0626667
0 0.757282 0.094625 0.186833 0.05725 0.0723333
0 0.764565 0.836375 0.925833 0.05925 0.0703333
0 0.776408 0.142625 0.841 0.05125 0.0953333
0 0.815343 0.97175 0.909333 0.0565 0.107333
