0 0.250114 0.856125 0.394 0.02025 0.054
0 0.25359 0.65775 0.339 0.029 0.0406667
0 0.253927 0.63025 0.238 0.037 0.0593333
0 0.256624 0.6175 0.773667 0.0425 0.0513333
0 0.258751 0.442 0.158167 0.0145 0.0336667
0 0.259757 0.47 0.314667 0.027 0.0466667
0 0.262569 0.28025 0.656 0.0245 0.0293333
0 0.264915 0.47675 0.0416667 0.0185 0.0493333
0 0.277407 0.16875 0.968667 0.043 0.0613333
0 0.285235 0.312875 0.161833 0.01675 0.0263333
0 0.287439 0.774625 0.534167 0.02425 0.0603333
0 0.296797 0.293875 0.808 0.03325 0.0353333
0 0.299795 0.345125 0.749333 0.01725 0.05
0 0.301296 0.241125 0.732 0.02075 0.0366667
0 0.303036 0.379875 0.3455 0.03275 0.075
0 0.305397 0.759 0.729333 0.0205 0.0613333
0 0.305822 0.984125 0.719667 0.03075 0.0413333
0 0.306097 0.2715 0.440833 0.0285 0.0516667
0 0.306865 0.368875 0.507667 0.05075 0.03
0 0.308093 0.743375 0.229333 0.01825 0.0386667
0 0.308164 0.459625 0.402333 0.01675 0.0313333
0 0.308997 0.696125 0.508833 0.01775 0.0276667
0 0.309887 0.694375 0.582167 0.02175 0.0363333
0 0.313238 0.219375 0.3215 0.05725 0.0423333
0 0.314813 0.64475 0.343167 0.0525 0.0516667
0 0.32075 0.781625 0.56 0.01275 0.0446667
0 0.326413 0.772375 0.522833 0.02525 0.031
0 0.327672 0.1235 0.579167 0.029 0.0476667
0 0.328896 0.6645 0.561667 0.0205 0.0473333
0 0.334329 0.67875 0.171667 0.048 0.0406667
0 0.339765 0.531625 0.058 0.01425 0.066
0 0.339829 0.707125 0.0731667 0.01675 0.037
0 0.340612 0.898125 0.397333 0.03075 0.0546667
0 0.342362 0.517125 0.889167 0.02175 0.0343333
0 0.344351 0.128 0.729333 0.0315 0.0393333
0 0.346145 0.870125 0.036 0.02075 0.046
0 0.347118 0.415125 0.131167 0.01375 0.0463333
0 0.354741 0.402375 0.401 0.01975 0.0373333
0 0.358143 0.018875 0.8095 0.02675 0.037
0 0.361106 0.97125 0.0393333 0.0495 0.0513333
0 0.36234 0.656125 0.4725 0.03325 0.0356667
0 0.362411 0.987875 0.114833 0.02325 0.0736667
0 0.364609 0.389375 0.2155 0.02975 0.0476667
0 0.366198 0.972625 0.887 0.03875 0.096
0 0.371379 0.632125 0.425833 0.02525 0.0396667
0 0.374032 0.533625 0.25 0.03325 0.0426667
0 0.375406 0.6985 0.4475 0.0395 0.0443333
0 0.375682 0.11075 0.454167 0.042 0.0496667
0 0.376607 0.233375 0.523833 0.07275 0.0583333
0 0.379376 0.832875 0.233 0.01625 0.028
0 0.382993 0.2745 0.177333 0.0125 0.0346667
0 0.387999 0.5595 0.167167 0.018 0.0383333
0 0.390313 0.503125 0.208667 0.01875 0.042
0 0.390517 0.268125 0.396167 0.01675 0.0396667
0 0.396384 0.8815 0.842 0.025 0.0306667
0 0.398462 0.829 0.0905 0.0545 0.0836667
0 0.401455 0.5765 0.453 0.0235 0.0406667
0 0.406247 0.241125 0.627667 0.04775 0.0553333
0 0.408258 0.71775 0.613667 0.0215 0.036
0 0.409454 0.30875 0.397833 0.042 0.057
0 0.410743 0.1485 0.617 0.0255 0.0473333
0 0.414922 0.482625 0.108167 0.01475 0.045
0 0.416435 0.618875 0.8465 0.01625 0.0563333
0 0.419598 0.031 0.665667 0.022 0.0406667
0 0.434876 0.691 0.382 0.0375 0.06
0 0.44914 0.8345 0.776333 0.0555 0.0686667
0 0.450709 0.589875 0.9205 0.02225 0.037
0 0.457007 0.107625 0.679833 0.02225 0.0416667
0 0.460946 0.777875 0.712667 0.03675 0.0853333
0 0.470893 0.177875 0.396667 0.04875 0.112667
0 0.470968 0.451875 0.5205 0.02775 0.0356667
0 0.474072 0.60575 0.0776667 0.034 0.0606667
0 0.474724 0.138375 0.8335 0.04575 0.0703333
0 0.47566 0.819375 0.4255 0.03825 0.0616667
0 0.476186 0.24 0.946 0.057 0.106667
0 0.489892 0.338375 0.3095 0.05925 0.0556667
0 0.491564 0.589875 0.499333 0.03375 0.0493333
0 0.494672 0.408875 0.543167 0.03725 0.0416667
0 0.497273 0.264375 0.280833 0.04225 0.0576667
0 0.498803 0.380125 0.439667 0.02325 0.0653333
0 0.49886 0.781125 0.233333 0.02925 0.0466667
0 0.499305 0.467625 0.164 0.02075 0.052
0 0.499422 0.489875 0.7145 0.03225 0.0503333
0 0.499458 0.3665 0.197667 0.02 0.0366667
0 0.509259 0.92825 0.893167 0.0335 0.043
0 0.510001 0.714 0.320333 0.0305 0.064
0 0.514276 0.50725 0.0525 0.0265 0.0496667
0 0.527359 0.69325 0.260167 0.036 0.0536667
0 0.533619 0.203125 0.269833 0.04575 0.059
0 0.537394 0.178 0.7095 0.035 0.0543333
0 0.545532 0.054875 0.711 0.05275 0.05
0 0.556944 0.563375 0.7075 0.03375 0.0396667
0 0.562161 0.527875 0.140833 0.02425 0.0603333
0 0.576275 0.30875 0.2175 0.0215 0.0403333
0 0.577247 0.518875 0.589167 0.07425 0.112333
0 0.580682 0.5115 0.807 0.03 0.0433333
0 0.586209 0.59875 0.128167 0.0215 0.0436667
0 0.588216 0.338875 0.199 0.01975 0.042
0 0.590303 0.2065 0.6105 0.0315 0.0523333
0 0.59186 0.541875 0.951167 0.04925 0.0603333
0 0.596347 0.658375 0.0621667 0.03575 0.059
0 0.627605 0.909625 0.051 0.05275 0.0786667
0 0.649795 0.12675 0.917333 0.0435 0.0726667
0 0.655327 0.76025 0.856 0.0365 0.0526667
0 0.666259 0.732375 0.7805 0.04375 0.0523333
0 0.673284 0.65475 0.853167 0.0365 0.104333
0 0.72682 0.5285 0.459833 0.0485 0.053
