0 0.253214 0.933 0.445333 0.0395 0.0426667
0 0.25716 0.82125 0.459833 0.055 0.067
0 0.261151 0.28975 0.907167 0.0495 0.0756667
0 0.263792 0.799125 0.985 0.02525 0.0246667
0 0.264499 0.485375 0.303667 0.05675 0.0626667
0 0.270314 0.021375 0.4735 0.04175 0.101
0 0.275457 0.572625 0.7075 0.03975 0.037
0 0.276589 0.82475 0.924 0.052 0.0606667
0 0.28393 0.25525 0.523833 0.038 0.0496667
0 0.292145 0.589875 0.547333 0.04975 0.0733333
0 0.292615 0.650625 0.852 0.04475 0.068
0 0.296668 0.318125 0.225 0.02175 0.0253333
0 0.301029 0.655 0.875833 0.0375 0.0763333
0 0.313803 0.6375 0.321 0.034 0.034
0 0.321162 0.701875 0.9655 0.03375 0.049
0 0.329606 0.573625 0.555 0.04325 0.094
0 0.336688 0.303125 0.797167 0.04275 0.0496667
0 0.34279 0.1745 0.236167 0.032 0.0743333
0 0.346337 0.459625 0.229667 0.01875 0.0533333
0 0.349466 0.8405 0.548833 0.0185 0.0383333
0 0.356853 0.02925 0.788167 0.046 0.0743333
0 0.358044 0.401875 0.939833 0.02125 0.0396667
0 0.365871 0.41375 0.961833 0.0255 0.0316667
0 0.368234 0.436375 0.184167 0.06775 0.0403333
0 0.370963 0.795375 0.458333 0.03675 0.0733333
0 0.374433 0.71275 0.972833 0.0465 0.0543333
0 0.377027 0.981625 0.751833 0.03475 0.0783333
0 0.389775 0.258375 0.681167 0.06575 0.0456667
0 0.397976 0.10525 0.261833 0.054 0.0576667
0 0.40303 0.43975 0.526667 0.0135 0.0306667
0 0.405767 0.986625 0.414833 0.02525 0.081
0 0.407074 0.654 0.897 0.0245 0.0493333
0 0.414168 0.598625 0.414833 0.01725 0.035
0 0.416715 0.380375 0.951333 0.01675 0.032
0 0.420013 0.720125 0.273667 0.06925 0.0873333
0 0.421213 0.912625 0.755167 0.03775 0.0416667
0 0.42868 0.177375 0.413 0.05175 0.0686667
0 0.430158 0.4335 0.241667 0.018 0.0313333
0 0.435433 0.0645 0.714 0.039 0.046
0 0.439388 0.684625 0.8585 0.04325 0.0656667
0 0.442101 0.14725 0.551 0.027 0.0493333
0 0.44595 0.717125 0.8855 0.02225 0.0383333
0 0.454378 0.7225 0.403667 0.0755 0.0386667
0 0.464401 0.546375 0.521333 0.01775 0.0366667
0 0.468564 0.411875 0.331167 0.02525 0.0363333
0 0.47138 0.438625 0.958667 0.02325 0.0526667
0 0.473511 0.57775 0.400167 0.0205 0.0376667
0 0.477276 0.925 0.360167 0.029 0.073
0 0.482583 0.058875 0.98 0.06225 0.04
0 0.483105 0.632625 0.4615 0.03975 0.035
0 0.486275 0.470375 0.456 0.02075 0.0313333
0 0.489272 0.76675 0.923333 0.055 0.06
0 0.492313 0.070125 0.895667 0.03675 0.0513333
0 0.500372 0.979 0.961167 0.0215 0.0536667
0 0.501988 0.208 0.144 0.026 0.0593333
0 0.521003 0.50475 0.798833 0.0405 0.0476667
0 0.521341 0.7985 0.7075 0.0745 0.0656667
0 0.524999 0.22725 0.262667 0.047 0.056
0 0.526075 0.72575 0.450833 0.038 0.029
0 0.532481 0.74125 0.602833 0.0495 0.051
0 0.536324 0.262125 0.5425 0.03875 0.0616667
0 0.536962 0.27175 0.2865 0.0515 0.0463333
0 0.541395 0.9735 0.8235 0.049 0.0896667
0 0.543965 0.299625 0.8935 0.04075 0.061
0 0.550146 0.16625 0.896 0.037 0.056
0 0.553354 0.70775 0.555167 0.038 0.0363333
0 0.555006 0.337 0.330667 0.0605 0.05
0 0.561575 0.50125 0.392833 0.022 0.043
0 0.563216 0.3695 0.796167 0.0555 0.0596667
0 0.567794 0.333625 0.861333 0.01775 0.0333333
0 0.567968 0.34325 0.719167 0.0445 0.0563333
0 0.574001 0.2785 0.941 0.039 0.0413333
0 0.582637 0.4195 0.779333 0.034 0.084
0 0.586699 0.60325 0.538333 0.0235 0.0486667
0 0.588644 0.667875 0.968667 0.02975 0.0333333
0 0.592432 0.52425 0.9375 0.037 0.0723333
0 0.593934 0.5685 0.796 0.0375 0.0506667
0 0.599703 0.9745 0.674667 0.051 0.0673333
0 0.603693 0.453 0.817667 0.0315 0.0573333
0 0.624437 0.489 0.733167 0.021 0.0383333
0 0.628646 0.391625 0.861833 0.03225 0.0396667
0 0.639392 0.237875 0.4515 0.03225 0.0596667
0 0.64243 0.135125 0.463667 0.06575 0.058
0 0.64647 0.94025 0.642 0.0265 0.042
0 0.652655 0.682875 0.493667 0.06875 0.0633333
0 0.667467 0.27125 0.444667 0.025 0.0546667
0 0.670917 0.353125 0.249833 0.05375 0.0556667
0 0.67519 0.92125 0.8955 0.062 0.089
0 0.676427 0.360375 0.6605 0.04175 0.045
0 0.68098 0.832125 0.4635 0.03575 0.0483333
0 0.684003 0.181875 0.783833 0.03475 0.053
0 0.696674 0.611625 0.805333 0.04325 0.0773333
0 0.709328 0.632625 0.932667 0.02825 0.0386667
0 0.729419 0.758125 0.777667 0.07725 0.0566667
0 0.734112 0.88425 0.720667 0.078 0.0453333
0 0.797658 0.58625 0.901667 0.057 0.0633333
