0 0.252288 0.38925 0.306 0.019 0.046
0 0.252887 0.32375 0.738 0.0145 0.0333333
0 0.256001 0.490125 0.635167 0.10375 0.059
0 0.265778 0.52925 0.512 0.034 0.046
0 0.277087 0.5935 0.308 0.035 0.0553333
0 0.278797 0.417 0.353167 0.0305 0.0283333
0 0.281826 0.5585 0.231333 0.041 0.0346667
0 0.283488 0.509125 0.629833 0.05575 0.0483333
0 0.290588 0.450125 0.852 0.10225 0.108667
0 0.298041 0.515875 0.201333 0.01625 0.0266667
0 0.304608 0.62875 0.8315 0.0165 0.0543333
0 0.305144 0.29975 0.320167 0.0175 0.0336667
0 0.305516 0.406 0.249333 0.0125 0.0266667
0 0.30736 0.474375 0.210833 0.01525 0.033
0 0.310806 0.85725 0.0291667 0.0385 0.0523333
0 0.312627 0.710625 0.3835 0.03825 0.0603333
0 0.316422 0.560125 0.291 0.03925 0.0573333
0 0.31653 0.852125 0.584667 0.02425 0.0526667
0 0.33342 0.47425 0.871 0.048 0.0993333
0 0.335415 0.653875 0.731 0.02475 0.038
0 0.361161 0.264625 0.442167 0.02475 0.0416667
0 0.363859 0.334125 0.495333 0.05325 0.100667
0 0.368159 0.29025 0.376667 0.02 0.0313333
0 0.374375 0.6505 0.547167 0.034 0.0496667
0 0.379293 0.449375 0.2135 0.01325 0.037
0 0.380242 0.788875 0.605167 0.03925 0.0503333
0 0.387688 0.655375 0.200667 0.04425 0.0546667
0 0.394012 0.322625 0.371333 0.01875 0.03
0 0.402561 0.303 0.683 0.022 0.0313333
0 0.418627 0.54275 0.182667 0.021 0.0293333
0 0.420034 0.61875 0.375667 0.0625 0.068
0 0.421556 0.578375 0.2895 0.06125 0.083
0 0.430613 0.487875 0.374833 0.02575 0.0443333
0 0.430666 0.425625 0.2255 0.01875 0.0323333
0 0.431809 0.3995 0.1775 0.01 0.0256667
0 0.435396 0.64575 0.6575 0.036 0.0363333
0 0.446649 0.968 0.793833 0.0375 0.0603333
0 0.451443 0.517625 0.884333 0.03325 0.0766667
0 0.452983 0.330625 0.447667 0.05025 0.0773333
0 0.465525 0.455125 0.131 0.02575 0.0433333
0 0.47546 0.564 0.406667 0.056 0.044
0 0.477888 0.303875 0.3315 0.02175 0.0383333
0 0.488131 0.5165 0.529167 0.058 0.0736667
0 0.502732 0.289 0.5585 0.0415 0.0523333
0 0.502915 0.703625 0.078 0.02225 0.0653333
0 0.504675 0.438875 0.0828333 0.01475 0.0356667
0 0.506588 0.393625 0.0135 0.02775 0.027
0 0.514309 0.380375 0.678 0.03025 0.0553333
0 0.520571 0.444625 0.404 0.03725 0.038
0 0.530725 0.241875 0.512667 0.04925 0.0513333
0 0.534141 0.43525 0.647 0.039 0.0853333
0 0.535383 0.2795 0.487667 0.031 0.036
0 0.543682 0.557875 0.459 0.05225 0.0526667
0 0.545046 0.379 0.4455 0.0425 0.047
0 0.555979 0.411 0.580167 0.0825 0.0776667
0 0.5565 0.602375 0.863 0.02425 0.0466667
0 0.559133 0.52025 0.119667 0.04 0.0673333
0 0.566964 0.6325 0.0753333 0.0235 0.0433333
0 0.579624 0.4705 0.0838333 0.033 0.101
0 0.583064 0.446125 0.2925 0.02275 0.0356667
0 0.589187 0.75025 0.111167 0.0555 0.0716667
0 0.592258 0.5545 0.565833 0.037 0.0703333
0 0.61095 0.59325 0.164333 0.0445 0.105333
0 0.611249 0.9065 0.120833 0.041 0.0543333
0 0.612136 0.339125 0.681333 0.04325 0.054
0 0.61574 0.695375 0.945667 0.03575 0.0826667
0 0.624142 0.44825 0.752 0.069 0.078
0 0.6266 0.428125 0.837333 0.04825 0.0673333
0 0.628008 0.336625 0.531167 0.04625 0.061
0 0.635484 0.494375 0.458833 0.05925 0.075
0 0.6409 0.360375 0.1555 0.01925 0.0376667
0 0.651621 0.45625 0.524167 0.0385 0.073
0 0.653279 0.42925 0.0181667 0.0245 0.0363333
0 0.658221 0.31225 0.613 0.059 0.0473333
0 0.658502 0.337625 0.284333 0.03675 0.09
0 0.668067 0.224625 0.443333 0.04075 0.06
0 0.670438 0.384875 0.510333 0.05425 0.0553333
0 0.677933 0.423375 0.4695 0.05175 0.0696667
0 0.682732 0.6115 0.486833 0.047 0.0456667
0 0.697947 0.585625 0.0523333 0.07275 0.104667
0 0.717464 0.420375 0.124667 0.01875 0.0426667
0 0.778306 0.604375 0.704333 0.05225 0.0953333
