0 0.257383 0.69625 0.219833 0.046 0.0503333
0 0.271543 0.39725 0.196 0.0135 0.028
0 0.276771 0.68425 0.8895 0.037 0.049
0 0.280485 0.44525 0.407833 0.0395 0.0856667
0 0.283282 0.2285 0.223 0.0225 0.038
0 0.285452 0.659625 0.262333 0.01725 0.0346667
0 0.28642 0.832625 0.436667 0.03275 0.034
0 0.29083 0.231625 0.212167 0.02075 0.033
0 0.292647 0.287375 0.525667 0.10075 0.0873333
0 0.295604 0.58125 0.224 0.0195 0.0366667
0 0.297248 0.558375 0.340667 0.01975 0.04
0 0.30006 0.597 0.377667 0.0425 0.0773333
0 0.302251 0.437 0.042 0.0235 0.0306667
0 0.308555 0.91725 0.09 0.054 0.044
0 0.31554 0.5795 0.355667 0.018 0.048
0 0.317897 0.61825 0.963667 0.0155 0.0266667
0 0.326831 0.54825 0.260667 0.035 0.032
0 0.33819 0.553375 0.328167 0.03525 0.0483333
0 0.349177 0.585875 0.300167 0.02175 0.0263333
0 0.3522 0.1965 0.203667 0.0155 0.038
0 0.366303 0.25675 0.176333 0.027 0.0313333
0 0.374204 0.333 0.135833 0.0345 0.0443333
0 0.37806 0.242625 0.4525 0.05025 0.0536667
0 0.384197 0.653125 0.0728333 0.02325 0.0423333
0 0.405785 0.131375 0.2055 0.02325 0.0336667
0 0.414088 0.680375 0.207833 0.04025 0.065
0 0.415573 0.605 0.882667 0.0255 0.0433333
0 0.435834 0.92775 0.0888333 0.028 0.037
0 0.437594 0.50725 0.315333 0.032 0.0446667
0 0.442339 0.8525 0.0506667 0.0625 0.0586667
0 0.443174 0.84075 0.142667 0.042 0.0953333
0 0.444689 0.303375 0.0308333 0.01475 0.043
0 0.4453 0.6495 0.016 0.0285 0.032
0 0.454463 0.66025 0.335667 0.0305 0.038
0 0.458804 0.859625 0.219833 0.03225 0.0503333
0 0.469228 0.603125 0.379333 0.02375 0.06
0 0.47036 0.549 0.418167 0.0485 0.0516667
0 0.473329 0.860625 0.469667 0.02125 0.0366667
0 0.475599 0.843375 0.346333 0.03475 0.0373333
0 0.482812 0.22025 0.176333 0.0285 0.0346667
0 0.487345 0.460625 0.2415 0.03375 0.0503333
0 0.491798 0.791375 0.071 0.03825 0.046
0 0.493056 0.67925 0.386333 0.0215 0.0753333
0 0.497926 0.88875 0.0965 0.0235 0.043
0 0.50015 0.156375 0.179667 0.02125 0.0453333
0 0.500827 0.5775 0.985333 0.034 0.0293333
0 0.501521 0.909875 0.127167 0.02325 0.0456667
0 0.505093 0.504125 0.2105 0.01625 0.0316667
0 0.506104 0.889875 0.0391667 0.05925 0.0696667
0 0.51645 0.645625 0.217667 0.01675 0.056
0 0.517217 0.573375 0.666667 0.02175 0.0373333
0 0.522589 0.495 0.495 0.0485 0.0626667
0 0.540253 0.693 0.293667 0.037 0.0546667
0 0.552666 0.723125 0.160167 0.05875 0.0503333
0 0.554406 0.41575 0.221667 0.02 0.0553333
0 0.555154 0.325875 0.3515 0.05475 0.043
0 0.558965 0.091 0.0623333 0.0235 0.0466667
0 0.559259 0.482 0.173 0.0185 0.044
0 0.575982 0.552625 0.508 0.03175 0.0433333
0 0.580918 0.62675 0.318833 0.0405 0.0456667
0 0.587289 0.5955 0.484167 0.0405 0.053
0 0.589307 0.30925 0.4225 0.0385 0.0563333
0 0.602166 0.162 0.351333 0.048 0.0626667
0 0.607057 0.448625 0.0843333 0.02475 0.0493333
0 0.610964 0.382375 0.3375 0.03975 0.049
0 0.614087 0.409375 0.386833 0.02925 0.0656667
0 0.615064 0.08775 0.772167 0.0445 0.097
0 0.61593 0.784875 0.242 0.03375 0.0373333
0 0.617317 0.49975 0.0201667 0.0185 0.0363333
0 0.622837 0.508625 0.693 0.02625 0.0406667
0 0.62421 0.971375 0.0605 0.05475 0.0723333
0 0.64012 0.632 0.129167 0.0265 0.0523333
0 0.640338 0.98325 0.273333 0.0325 0.0506667
0 0.64424 0.29975 0.109833 0.0335 0.051
0 0.653284 0.313375 0.496667 0.06275 0.072
0 0.66095 0.60425 0.146833 0.021 0.043
0 0.666826 0.612375 0.547333 0.03025 0.0533333
0 0.667759 0.449625 0.291167 0.02825 0.037
0 0.675449 0.199 0.2845 0.0485 0.0543333
0 0.68435 0.833 0.2845 0.0405 0.0516667
0 0.684808 0.752875 0.350333 0.05475 0.0633333
0 0.696605 0.609125 0.0238333 0.02575 0.0416667
0 0.700399 0.2545 0.540167 0.0625 0.077
0 0.704298 0.409625 0.292 0.03375 0.036
0 0.710669 0.197625 0.667 0.08375 0.127333
0 0.720231 0.360375 0.189667 0.03825 0.0513333
0 0.725306 0.404125 0.490333 0.07275 0.0713333
0 0.732763 0.2885 0.306 0.063 0.0706667
0 0.748409 0.799375 0.374667 0.04475 0.0486667
0 0.760378 0.939375 0.186 0.06175 0.0666667
