0 0.254579 0.086625 0.742833 0.04625 0.0876667
0 0.257118 0.199875 0.289667 0.03025 0.07
0 0.260787 0.314125 0.825333 0.03575 0.072
0 0.261705 0.943125 0.691667 0.03075 0.048
0 0.265625 0.469625 0.683167 0.01925 0.0336667
0 0.26781 0.00975 0.1555 0.017 0.0303333
0 0.27222 0.13725 0.637333 0.0515 0.0633333
0 0.272636 0.051 0.552667 0.058 0.0666667
0 0.279535 0.359375 0.733833 0.02575 0.029
0 0.279559 0.451125 0.9715 0.04325 0.057
0 0.283323 0.668 0.1795 0.03 0.0436667
0 0.284875 0.6795 0.0451667 0.023 0.0363333
0 0.293022 0.8425 0.0396667 0.028 0.0506667
0 0.298559 0.32525 0.706167 0.0255 0.0336667
0 0.300031 0.82625 0.409667 0.039 0.058
0 0.302932 0.6755 0.375167 0.028 0.049
0 0.313612 0.405 0.0251667 0.013 0.0396667
0 0.31619 0.56425 0.535 0.027 0.0853333
0 0.321605 0.478375 0.751 0.02125 0.0453333
0 0.323184 0.76775 0.0326667 0.023 0.04
0 0.323842 0.04175 0.3945 0.0745 0.0596667
0 0.330117 0.52425 0.3575 0.0405 0.0443333
0 0.333942 0.39575 0.449667 0.0415 0.0713333
0 0.336612 0.578875 0.0871667 0.01825 0.0303333
0 0.342224 0.53525 0.6955 0.0145 0.0456667
0 0.34326 0.315125 0.1015 0.02075 0.033
0 0.352636 0.013 0.479833 0.0255 0.0543333
0 0.353481 0.4295 0.860333 0.0245 0.03
0 0.353679 0.815625 0.019 0.03375 0.038
0 0.354443 0.032875 0.2145 0.06425 0.0623333
0 0.389543 0.456375 0.775667 0.02525 0.0373333
0 0.392227 0.0135 0.0711667 0.0245 0.0463333
0 0.395981 0.01625 0.224 0.0315 0.0506667
0 0.398219 0.3375 0.117833 0.0195 0.0323333
0 0.399826 0.667625 0.946167 0.03375 0.0803333
0 0.400978 0.614375 0.413167 0.02125 0.0596667
0 0.406712 0.44025 0.0133333 0.0205 0.0246667
0 0.411962 0.597625 0.0141667 0.02025 0.0283333
0 0.417263 0.90475 0.216167 0.055 0.0443333
0 0.437549 0.095875 0.338333 0.07075 0.0553333
0 0.448619 0.302125 0.0311667 0.02175 0.039
0 0.452347 0.628 0.314667 0.0285 0.0466667
0 0.458596 0.585125 0.455833 0.03825 0.0356667
0 0.459608 0.53 0.0351667 0.0275 0.047
0 0.466162 0.503125 0.728167 0.02675 0.055
0 0.469807 0.62475 0.4885 0.0445 0.093
0 0.47434 0.709875 0.252167 0.04175 0.0523333
0 0.492193 0.2725 0.4425 0.0465 0.0923333
0 0.499879 0.272125 0.6805 0.03225 0.079
0 0.503671 0.127125 0.573333 0.05025 0.048
0 0.505521 0.4355 0.0968333 0.0505 0.0703333
0 0.509392 0.470625 0.5405 0.02875 0.0503333
0 0.51365 0.512875 0.790333 0.04375 0.034
0 0.514595 0.859625 0.664167 0.03975 0.081
0 0.516802 0.338375 0.626333 0.05225 0.0453333
0 0.528013 0.8065 0.115667 0.039 0.0646667
0 0.533704 0.301875 0.324667 0.04975 0.0786667
0 0.546171 0.87725 0.355 0.065 0.064
0 0.547499 0.018 0.6885 0.0335 0.049
0 0.553687 0.22175 0.1445 0.0185 0.037
0 0.554693 0.12675 0.1575 0.0315 0.0523333
0 0.564532 0.13925 0.969333 0.0485 0.0613333
0 0.570579 0.363625 0.278833 0.05025 0.0796667
0 0.570781 0.2 0.509333 0.043 0.0653333
0 0.5788 0.96375 0.233 0.028 0.0366667
0 0.578821 0.446375 0.5005 0.03575 0.0343333
0 0.584424 0.885375 0.748333 0.06575 0.0766667
0 0.598197 0.237 0.319 0.0475 0.0613333
0 0.59848 0.422125 0.3545 0.01425 0.041
0 0.600663 0.27525 0.160167 0.018 0.041
0 0.601444 0.219875 0.097 0.04175 0.0486667
0 0.60348 0.02225 0.313833 0.04 0.065
0 0.607478 0.28425 0.5505 0.055 0.0663333
0 0.610254 0.232125 0.551833 0.03725 0.0743333
0 0.614554 0.175625 0.357167 0.04475 0.0536667
0 0.61465 0.321125 0.2525 0.04725 0.0603333
0 0.615921 0.752875 0.207667 0.05075 0.0706667
0 0.616076 0.938 0.3275 0.053 0.083
0 0.61803 0.064375 0.638833 0.03725 0.055
0 0.622597 0.066625 0.262 0.05275 0.056
0 0.623507 0.586 0.5875 0.0435 0.0576667
0 0.62458 0.139 0.232167 0.048 0.0643333
0 0.625072 0.8935 0.256667 0.037 0.0353333
0 0.628233 0.110625 0.679667 0.05775 0.0826667
0 0.633886 0.504375 0.582667 0.03525 0.066
0 0.644779 0.80675 0.2365 0.0425 0.073
0 0.646185 0.265375 0.270833 0.04625 0.041
0 0.6485 0.510875 0.110167 0.05575 0.0743333
0 0.650769 0.335125 0.523333 0.04075 0.0573333
0 0.655042 0.086125 0.107 0.04825 0.09
0 0.655146 0.9065 0.0735 0.0405 0.0703333
0 0.658514 0.162 0.299833 0.0535 0.075
0 0.670373 0.1715 0.708167 0.0465 0.0843333
0 0.67139 0.493125 0.312333 0.05175 0.056
0 0.673147 0.145875 0.0633333 0.05325 0.078
0 0.682369 0.4545 0.212167 0.035 0.075
0 0.711183 0.45725 0.358667 0.0365 0.066
0 0.715937 0.415625 0.231333 0.03625 0.0593333
0 0.725092 0.2185 0.398667 0.0565 0.082
0 0.750146 0.187375 0.611167 0.05225 0.0836667
