0 0.255531 0.014625 0.801333 0.02925 0.0733333
0 0.259711 0.453875 0.448 0.03425 0.064
0 0.261129 0.974125 0.973167 0.05175 0.0536667
0 0.263256 0.413875 0.597167 0.02175 0.0536667
0 0.27163 0.588875 0.712167 0.03925 0.0456667
0 0.28073 0.19875 0.753 0.0465 0.111333
0 0.282538 0.447125 0.709167 0.08325 0.049
0 0.285458 0.530875 0.959 0.04275 0.082
0 0.286231 0.98225 0.259667 0.025 0.0386667
0 0.289658 0.924375 0.038 0.02725 0.058
0 0.293335 0.7935 0.0578333 0.033 0.051
0 0.2991 0.153625 0.573333 0.04975 0.07
0 0.311141 0.567125 0.495333 0.02975 0.0686667
0 0.324217 0.57525 0.226667 0.017 0.044
0 0.330662 0.651875 0.324167 0.04075 0.0436667
0 0.332161 0.872625 0.916333 0.03925 0.0566667
0 0.333981 0.015625 0.885667 0.03125 0.0933333
0 0.368687 0.143625 0.907333 0.03825 0.052
0 0.371553 0.225125 0.653 0.03475 0.0473333
0 0.376131 0.0945 0.187167 0.029 0.0396667
0 0.386933 0.841 0.337 0.026 0.062
0 0.399321 0.4895 0.854167 0.075 0.0523333
0 0.407776 0.598625 0.317167 0.05675 0.0476667
0 0.414026 0.136625 0.912333 0.05375 0.09
0 0.420545 0.643875 0.476 0.03825 0.0653333
0 0.426985 0.441875 0.387 0.02725 0.0793333
0 0.428496 0.692375 0.395333 0.03625 0.0913333
0 0.433284 0.22775 0.375667 0.0325 0.0786667
0 0.440278 0.947875 0.959833 0.09525 0.0803333
0 0.44595 0.390375 0.321667 0.03725 0.105333
0 0.456813 0.7145 0.2455 0.051 0.0523333
0 0.461306 0.56575 0.414833 0.0495 0.0543333
0 0.462112 0.527 0.704833 0.053 0.0716667
0 0.463958 0.564375 0.8655 0.04925 0.100333
0 0.489502 0.049375 0.9465 0.02975 0.0576667
0 0.501605 0.30025 0.711333 0.0435 0.102667
0 0.516254 0.367625 0.801667 0.03425 0.0613333
0 0.524263 0.630625 0.2145 0.04225 0.109667
0 0.527923 0.622625 0.405667 0.04775 0.0766667
0 0.536387 0.311 0.5825 0.046 0.0583333
0 0.550123 0.76375 0.235 0.0375 0.0753333
0 0.56185 0.49425 0.386167 0.084 0.0563333
0 0.571137 0.83325 0.959167 0.068 0.0703333
0 0.574521 0.404625 0.434833 0.05525 0.0503333
0 0.581528 0.143 0.669 0.072 0.076
0 0.588802 0.687625 0.734167 0.04375 0.0616667
0 0.588853 0.30525 0.418667 0.0455 0.0733333
0 0.602275 0.813375 0.457 0.04275 0.0533333
0 0.610428 0.51075 0.4705 0.1335 0.0656667
0 0.622384 0.502625 0.571833 0.04475 0.0483333
0 0.622799 0.764375 0.100167 0.04475 0.081
0 0.644238 0.278875 0.948167 0.06025 0.100333
0 0.652312 0.9745 0.786167 0.044 0.0583333
0 0.662137 0.050375 0.343667 0.04825 0.0546667
0 0.666484 0.959 0.852833 0.0625 0.053
0 0.669534 0.63525 0.898333 0.0335 0.100667
0 0.692933 0.74275 0.834833 0.0485 0.0563333
0 0.6986 0.128875 0.153167 0.03225 0.0556667
0 0.702767 0.1025 0.541333 0.0735 0.0573333
0 0.719616 0.679 0.952833 0.0485 0.0943333
0 0.776669 0.234625 0.0633333 0.09375 0.126667
0 0.787892 0.823375 0.790667 0.06125 0.118
