0 0.252989 0.25975 0.487167 0.018 0.0363333
0 0.268267 0.597875 0.6915 0.04675 0.0796667
0 0.270643 0.3535 0.950833 0.0495 0.0943333
0 0.271025 0.2065 0.736 0.0285 0.038
0 0.274445 0.525375 0.0615 0.03475 0.0876667
0 0.277224 0.432 0.623833 0.031 0.055
0 0.279267 0.802625 0.3485 0.03175 0.0456667
0 0.281328 0.85475 0.381167 0.0515 0.0436667
0 0.284744 0.65275 0.5365 0.0415 0.047
0 0.296691 0.12725 0.962 0.1385 0.076
0 0.297729 0.7615 0.6285 0.035 0.033
0 0.298493 0.021375 0.5245 0.04175 0.104333
0 0.315779 0.1685 0.134 0.024 0.044
0 0.318358 0.953875 0.470167 0.02475 0.0323333
0 0.319198 0.191375 0.7695 0.02625 0.0336667
0 0.319866 0.46925 0.515167 0.032 0.0343333
0 0.326927 0.410125 0.214 0.04275 0.052
0 0.329132 0.02575 0.243667 0.0385 0.0626667
0 0.329225 0.7275 0.947 0.046 0.0873333
0 0.329334 0.431125 0.715333 0.02625 0.038
0 0.330757 0.259875 0.0786667 0.03375 0.056
0 0.332179 0.032 0.747667 0.0535 0.0546667
0 0.338178 0.28575 0.891667 0.02 0.0453333
0 0.338686 0.587125 0.249 0.03325 0.064
0 0.343277 0.35925 0.322667 0.0305 0.0393333
0 0.34348 0.01375 0.403333 0.027 0.105333
0 0.343766 0.68 0.8045 0.0395 0.0683333
0 0.34383 0.368 0.6955 0.0385 0.0876667
0 0.345038 0.163125 0.550333 0.05325 0.044
0 0.349677 0.989375 0.527667 0.01925 0.086
0 0.349913 0.398875 0.7365 0.03725 0.0696667
0 0.351119 0.592875 0.252667 0.01925 0.0466667
0 0.351645 0.70525 0.4185 0.0395 0.0523333
0 0.352352 0.61175 0.1655 0.053 0.065
0 0.354691 0.03275 0.506833 0.0555 0.067
0 0.355815 0.277125 0.331667 0.03325 0.032
0 0.357451 0.30825 0.352167 0.0335 0.0556667
0 0.357804 0.92175 0.874333 0.0835 0.138
0 0.360866 0.987625 0.914 0.02275 0.09
0 0.365895 0.315125 0.434 0.06675 0.0613333
0 0.367787 0.591375 0.760667 0.03475 0.032
0 0.370007 0.875375 0.2215 0.02225 0.0423333
0 0.37286 0.479 0.429333 0.035 0.0546667
0 0.374486 0.402 0.409667 0.0565 0.042
0 0.377115 0.987 0.644167 0.024 0.0843333
0 0.378961 0.496 0.2995 0.063 0.0816667
0 0.383513 0.432625 0.545833 0.04675 0.045
0 0.384782 0.56875 0.482333 0.021 0.0633333
0 0.385077 0.127875 0.295 0.04675 0.0786667
0 0.38548 0.377 0.0423333 0.0685 0.0686667
0 0.387337 0.81 0.1095 0.047 0.0796667
0 0.388022 0.71825 0.369 0.0325 0.0373333
0 0.389882 0.78675 0.335167 0.064 0.0736667
0 0.391692 0.3885 0.594333 0.0335 0.0626667
0 0.394582 0.1455 0.4715 0.0365 0.0623333
0 0.402361 0.5335 0.802833 0.039 0.0396667
0 0.419759 0.218 0.332167 0.027 0.051
0 0.41985 0.254625 0.4235 0.04075 0.057
0 0.420573 0.974125 0.817833 0.05175 0.0556667
0 0.429674 0.884875 0.115333 0.05725 0.06
0 0.429903 0.9065 0.8585 0.046 0.113667
0 0.433827 0.288125 0.788833 0.01825 0.041
0 0.433911 0.584125 0.435 0.04275 0.072
0 0.437083 0.236375 0.784833 0.02875 0.0503333
0 0.444325 0.11575 0.836667 0.038 0.0513333
0 0.448791 0.06375 0.195333 0.0265 0.07
0 0.456029 0.668375 0.782167 0.04075 0.101
0 0.459312 0.492 0.687333 0.026 0.0606667
0 0.460532 0.0805 0.083 0.03 0.0433333
0 0.460704 0.531625 0.414667 0.04475 0.0566667
0 0.467214 0.30925 0.058 0.066 0.109333
0 0.468584 0.837125 0.344 0.03475 0.0406667
0 0.470243 0.36425 0.515333 0.0235 0.0666667
0 0.476061 0.920125 0.227333 0.05875 0.0573333
0 0.480199 0.565875 0.0546667 0.01875 0.042
0 0.48204 0.225375 0.6085 0.05725 0.0543333
0 0.482953 0.154375 0.755167 0.04175 0.067
0 0.483591 0.457125 0.6545 0.04625 0.071
0 0.486395 0.6115 0.706667 0.0625 0.0713333
0 0.488004 0.669125 0.384333 0.03575 0.07
0 0.489662 0.981625 0.243333 0.03425 0.0633333
0 0.491812 0.21275 0.401833 0.035 0.053
0 0.495574 0.07775 0.673667 0.043 0.086
0 0.500163 0.5395 0.479333 0.036 0.0466667
0 0.509765 0.279625 0.980333 0.05725 0.0393333
0 0.521393 0.6705 0.692333 0.062 0.0753333
0 0.531458 0.101625 0.4945 0.05125 0.0483333
0 0.544 0.962875 0.358333 0.06575 0.0626667
0 0.547866 0.900125 0.379 0.03425 0.06
0 0.548867 0.0215 0.685333 0.04 0.0606667
0 0.553655 0.603625 0.0371667 0.04275 0.0603333
0 0.553726 0.740875 0.454667 0.05075 0.062
0 0.556599 0.256 0.854667 0.0325 0.0446667
0 0.557779 0.11 0.746667 0.0425 0.0493333
0 0.564783 0.488625 0.862167 0.04625 0.0803333
0 0.56567 0.8155 0.970333 0.042 0.0593333
0 0.566194 0.690875 0.203333 0.03075 0.0566667
0 0.567548 0.26125 0.538667 0.0505 0.0413333
0 0.570216 0.7815 0.8735 0.1115 0.095
0 0.570347 0.4145 0.466167 0.045 0.0636667
0 0.5727 0.55 0.178167 0.0425 0.0803333
0 0.572849 0.984 0.288667 0.0305 0.0413333
0 0.575687 0.94275 0.586 0.045 0.046
0 0.576575 0.76225 0.2375 0.0725 0.0823333
0 0.580877 0.7765 0.413167 0.0435 0.0636667
0 0.589571 0.61425 0.635167 0.0575 0.079
0 0.59018 0.242125 0.927333 0.07175 0.076
0 0.590445 0.644375 0.318 0.05225 0.0706667
0 0.607599 0.896625 0.512833 0.04925 0.0976667
0 0.610528 0.198625 0.508667 0.02975 0.0693333
0 0.614951 0.503875 0.487667 0.03625 0.0433333
0 0.624913 0.178 0.428833 0.036 0.0536667
0 0.635295 0.60325 0.510333 0.0515 0.0906667
0 0.643165 0.71225 0.290667 0.051 0.08
0 0.648365 0.87425 0.726333 0.1755 0.152
0 0.649862 0.634 0.234833 0.052 0.0803333
0 0.662145 0.713625 0.795 0.04075 0.0853333
0 0.662291 0.056125 0.797167 0.05375 0.106333
0 0.666193 0.1145 0.6175 0.041 0.055
0 0.667809 0.85025 0.280333 0.044 0.0726667
0 0.66855 0.83225 0.172333 0.04 0.0653333
0 0.669773 0.57925 0.851833 0.06 0.047
0 0.671199 0.671125 0.278 0.03475 0.0686667
0 0.671749 0.64 0.895833 0.0555 0.0703333
0 0.67203 0.553 0.623333 0.047 0.072
0 0.673773 0.454125 0.798 0.06975 0.0593333
0 0.679563 0.347 0.5825 0.043 0.0556667
0 0.698729 0.642875 0.094 0.04325 0.072
0 0.70355 0.847875 0.4275 0.07475 0.0723333
0 0.707068 0.69275 0.068 0.0465 0.0913333
0 0.73796 0.305 0.503667 0.038 0.0773333
0 0.745095 0.94525 0.425667 0.061 0.054
0 0.7629 0.824625 0.514833 0.05775 0.0836667
0 0.796316 0.754375 0.756833 0.05425 0.0816667
