0 0.256214 0.356375 0.367 0.02025 0.0313333
0 0.272393 0.397 0.385 0.027 0.0853333
0 0.272532 0.743875 0.393167 0.03075 0.0543333
0 0.28283 0.195 0.1555 0.0615 0.0503333
0 0.287991 0.33525 0.0378333 0.019 0.0423333
0 0.290287 0.230375 0.0596667 0.05075 0.0666667
0 0.292469 0.417875 0.0303333 0.02075 0.046
0 0.30572 0.096875 0.254167 0.04375 0.045
0 0.309085 0.67025 0.126167 0.026 0.0336667
0 0.314976 0.109125 0.551667 0.02575 0.0353333
0 0.319632 0.726875 0.156167 0.02125 0.0376667
0 0.355216 0.12525 0.877833 0.0475 0.0496667
0 0.366089 0.080875 0.184167 0.04975 0.0443333
0 0.372855 0.111625 0.0465 0.04125 0.049
0 0.379891 0.541125 0.0293333 0.02225 0.0486667
0 0.401946 0.808625 0.893333 0.02775 0.086
0 0.431643 0.045625 0.563833 0.06075 0.0583333
0 0.446579 0.05275 0.9165 0.046 0.0463333
0 0.451927 0.476125 0.0163333 0.01975 0.0313333
0 0.467934 0.093125 0.114833 0.05475 0.0563333
0 0.500713 0.2415 0.123833 0.0285 0.0396667
0 0.502879 0.382 0.0345 0.0195 0.0396667
0 0.519189 0.6815 0.454667 0.0635 0.0786667
0 0.535502 0.165375 0.0951667 0.03775 0.047
0 0.606374 0.107125 0.707333 0.03975 0.0486667
0 0.659988 0.1465 0.376667 0.054 0.0613333
0 0.704323 0.70025 0.356167 0.034 0.0596667
