0 0.250076 0.484625 0.0168333 0.02525 0.0323333
0 0.254532 0.2535 0.542667 0.0265 0.0546667
0 0.255177 0.56125 0.665167 0.045 0.059
0 0.256009 0.27875 0.472 0.0945 0.115333
0 0.256611 0.246375 0.9105 0.05875 0.087
0 0.256813 0.333 0.560333 0.0305 0.046
0 0.258704 0.93525 0.972167 0.0915 0.0536667
0 0.263816 0.63575 0.434 0.037 0.0366667
0 0.26445 0.36125 0.816667 0.0325 0.0373333
0 0.265833 0.65475 0.879833 0.048 0.093
0 0.27296 0.638875 0.859667 0.02325 0.048
0 0.273452 0.38075 0.385 0.0095 0.03
0 0.278498 0.067625 0.970167 0.11325 0.0596667
0 0.278919 0.958875 0.0168333 0.05975 0.0336667
0 0.286318 0.801125 0.037 0.02575 0.0433333
0 0.290808 0.296125 0.653167 0.03675 0.0403333
0 0.298055 0.5185 0.708 0.0645 0.064
0 0.300556 0.63625 0.618833 0.018 0.0436667
0 0.302982 0.04075 0.1665 0.0315 0.0523333
0 0.318929 0.69025 0.243333 0.024 0.032
0 0.32049 0.510375 0.196167 0.01375 0.033
0 0.323602 0.401875 0.5805 0.04625 0.0543333
0 0.327368 0.40275 0.516667 0.0155 0.0473333
0 0.332894 0.165625 0.9765 0.06375 0.047
0 0.337116 0.761625 0.143167 0.01275 0.027
0 0.34007 0.349625 0.533333 0.04075 0.0493333
0 0.34056 0.8775 0.975167 0.066 0.0423333
0 0.343923 0.447125 0.214667 0.02625 0.044
0 0.346956 0.683 0.190667 0.016 0.0406667
0 0.347216 0.608875 0.324667 0.01725 0.034
0 0.359895 0.5745 0.402667 0.031 0.028
0 0.360265 0.1405 0.715667 0.059 0.0546667
0 0.366351 0.531875 0.538167 0.04975 0.0516667
0 0.369265 0.867125 0.963667 0.18175 0.0726667
0 0.372033 0.853125 0.0303333 0.01575 0.0426667
0 0.373844 0.825625 0.262667 0.03325 0.0486667
0 0.37873 0.58725 0.976833 0.069 0.0456667
0 0.385247 0.400375 0.704 0.03525 0.0606667
0 0.386948 0.3295 0.916667 0.026 0.0746667
0 0.389079 0.471 0.514 0.0235 0.0393333
0 0.390278 0.0705 0.9035 0.049 0.049
0 0.394056 0.691375 0.847333 0.04775 0.0513333
0 0.394251 0.023375 0.0716667 0.03725 0.0546667
0 0.395274 0.045375 0.233 0.02025 0.032
0 0.396157 0.538375 0.604833 0.02525 0.0656667
0 0.403126 0.513125 0.404333 0.03275 0.0453333
0 0.405212 0.657875 0.242 0.01775 0.03
0 0.412297 0.656625 0.546 0.02125 0.038
0 0.424462 0.55275 0.661 0.025 0.0426667
0 0.424796 0.56775 0.471333 0.0195 0.0466667
0 0.425671 0.835875 0.689667 0.08875 0.072
0 0.426298 0.53675 0.456833 0.053 0.0556667
0 0.430011 0.59775 0.808833 0.0195 0.041
0 0.430018 0.154875 0.651 0.04525 0.0493333
0 0.440367 0.734125 0.554833 0.03825 0.045
0 0.451881 0.17025 0.516167 0.0345 0.0636667
0 0.452569 0.887125 0.452667 0.03675 0.0546667
0 0.453252 0.37925 0.577167 0.026 0.0376667
0 0.458941 0.67675 0.448833 0.0365 0.0976667
0 0.459664 0.4395 0.978333 0.027 0.0426667
0 0.461044 0.59625 0.438 0.023 0.0493333
0 0.469763 0.631875 0.957833 0.03275 0.0843333
0 0.470116 0.856125 0.562333 0.06525 0.0546667
0 0.47505 0.42825 0.3865 0.063 0.0656667
0 0.482641 0.159125 0.769333 0.03675 0.0686667
0 0.485998 0.6355 0.331167 0.046 0.0523333
0 0.48658 0.91175 0.6145 0.034 0.0703333
0 0.490103 0.763375 0.6755 0.04075 0.071
0 0.491147 0.722875 0.348667 0.02975 0.054
0 0.492672 0.295375 0.3665 0.03125 0.045
0 0.495206 0.548375 0.342667 0.02075 0.0573333
0 0.502833 0.472375 0.941833 0.04325 0.053
0 0.504037 0.902 0.322333 0.04 0.0813333
0 0.510261 0.769875 0.206333 0.02425 0.0426667
0 0.521406 0.97 0.335333 0.0525 0.0653333
0 0.533719 0.631 0.4925 0.041 0.053
0 0.534183 0.473125 0.362167 0.03075 0.0623333
0 0.539197 0.875875 0.252333 0.04175 0.0553333
0 0.541893 0.805875 0.6215 0.04475 0.0663333
0 0.542564 0.636125 0.685333 0.03575 0.058
0 0.544738 0.207375 0.278 0.04325 0.0466667
0 0.546561 0.41175 0.1945 0.033 0.059
0 0.547599 0.9765 0.921833 0.0425 0.0696667
0 0.549026 0.96925 0.464 0.0505 0.0713333
0 0.553725 0.248 0.358 0.039 0.0533333
0 0.55599 0.777125 0.377833 0.04975 0.055
0 0.56398 0.335 0.174333 0.031 0.0426667
0 0.564675 0.662875 0.304833 0.02825 0.0403333
0 0.572501 0.4685 0.6275 0.0595 0.063
0 0.575095 0.018 0.872167 0.036 0.0636667
0 0.576776 0.56175 0.7725 0.0535 0.059
0 0.589814 0.310125 0.476167 0.05325 0.0943333
0 0.591833 0.584625 0.6075 0.03975 0.057
0 0.59725 0.117375 0.538667 0.04025 0.0566667
0 0.600859 0.26375 0.546833 0.05 0.0676667
0 0.60153 0.216125 0.526 0.03675 0.096
0 0.613816 0.9235 0.526833 0.0475 0.0623333
0 0.617878 0.12775 0.85 0.0435 0.107333
0 0.620322 0.59725 0.259333 0.0355 0.0426667
0 0.622993 0.653125 0.772667 0.05775 0.0793333
0 0.62334 0.21675 0.6375 0.0545 0.0596667
0 0.629263 0.161375 0.595167 0.05325 0.0476667
0 0.629903 0.41025 0.587 0.023 0.0593333
0 0.638587 0.5835 0.350167 0.041 0.055
0 0.644597 0.33425 0.346333 0.0465 0.0646667
0 0.654102 0.772875 0.820833 0.02725 0.053
0 0.658978 0.262125 0.449667 0.05325 0.0793333
0 0.66608 0.8255 0.0923333 0.034 0.052
0 0.6774 0.72075 0.288167 0.0505 0.065
0 0.685783 0.461875 0.784667 0.05975 0.068
0 0.687649 0.893375 0.7625 0.05025 0.0596667
0 0.692215 0.858875 0.371167 0.04425 0.0716667
0 0.6924 0.339625 0.758167 0.04925 0.0883333
0 0.702355 0.7825 0.540167 0.04 0.077
0 0.703735 0.4365 0.485333 0.052 0.066
0 0.719303 0.956375 0.822833 0.08225 0.104333
0 0.762794 0.216875 0.407167 0.03675 0.057
