0 0.259225 0.561375 0.566667 0.02075 0.0353333
0 0.262272 0.5335 0.322833 0.0365 0.0316667
0 0.272844 0.917625 0.9405 0.11525 0.073
0 0.274313 0.63775 0.778833 0.039 0.057
0 0.278955 0.553 0.4875 0.038 0.0456667
0 0.282626 0.090625 0.014 0.03475 0.028
0 0.285995 0.778375 0.0608333 0.03875 0.0616667
0 0.286137 0.7145 0.0613333 0.0145 0.0426667
0 0.294152 0.471625 0.677 0.03925 0.0646667
0 0.297182 0.03975 0.5585 0.0415 0.0483333
0 0.297411 0.9815 0.9685 0.037 0.0543333
0 0.297755 0.484 0.218 0.0755 0.076
0 0.321765 0.48825 0.037 0.025 0.0393333
0 0.326399 0.700375 0.549 0.03525 0.0353333
0 0.32749 0.656375 0.905667 0.05975 0.0573333
0 0.331992 0.502625 0.3385 0.02175 0.0263333
0 0.332058 0.58175 0.0308333 0.019 0.035
0 0.335021 0.21925 0.315333 0.0355 0.04
0 0.346691 0.693375 0.0501667 0.02025 0.0456667
0 0.348731 0.442125 0.115667 0.02525 0.0253333
0 0.353202 0.78175 0.582333 0.0595 0.0613333
0 0.361131 0.9575 0.017 0.029 0.034
0 0.368089 0.848125 0.8115 0.03625 0.0363333
0 0.376021 0.97575 0.657167 0.046 0.0423333
0 0.376185 0.810875 0.707333 0.02775 0.0446667
0 0.395265 0.516625 0.370833 0.02025 0.031
0 0.395665 0.40025 0.249 0.025 0.042
0 0.399431 0.03225 0.0245 0.0365 0.0443333
0 0.39995 0.440375 0.443333 0.01675 0.0293333
0 0.412105 0.369 0.0871667 0.0275 0.029
0 0.41977 0.299125 0.357833 0.03225 0.0503333
0 0.439071 0.895125 0.9795 0.06475 0.041
0 0.440059 0.403125 0.870833 0.02175 0.0316667
0 0.444133 0.453625 0.206167 0.07525 0.049
0 0.455262 0.07025 0.666667 0.0345 0.0453333
0 0.462617 0.017875 0.072 0.03575 0.0713333
0 0.464739 0.778875 0.813667 0.08525 0.0553333
0 0.469719 0.25075 0.0901667 0.045 0.0783333
0 0.471789 0.31575 0.101 0.031 0.054
0 0.475472 0.741375 0.0493333 0.02675 0.0586667
0 0.488453 0.499125 0.183667 0.06475 0.056
0 0.498924 0.664125 0.4905 0.05225 0.0643333
0 0.499042 0.926125 0.123 0.04275 0.04
0 0.499098 0.48475 0.4605 0.017 0.0356667
0 0.499817 0.451625 0.365833 0.02625 0.045
0 0.502929 0.64 0.727833 0.027 0.0436667
0 0.510952 0.50275 0.422333 0.0315 0.0326667
0 0.516087 0.603125 0.5075 0.05175 0.077
0 0.531231 0.19875 0.218333 0.0415 0.101333
0 0.53321 0.486 0.908333 0.031 0.0466667
0 0.545632 0.897875 0.0178333 0.04225 0.0356667
0 0.55195 0.331625 0.101333 0.02225 0.0433333
0 0.552537 0.71725 0.626667 0.0905 0.0733333
0 0.563413 0.47975 0.6955 0.0295 0.0483333
0 0.567406 0.040625 0.758833 0.08125 0.067
0 0.568545 0.396375 0.0193333 0.03475 0.036
0 0.571403 0.655875 0.131833 0.02575 0.0523333
0 0.573203 0.30125 0.170833 0.042 0.049
0 0.576652 0.603875 0.788833 0.02775 0.0756667
0 0.577231 0.561875 0.138833 0.03725 0.057
0 0.578799 0.444125 0.022 0.02875 0.0433333
0 0.589717 0.574 0.2465 0.0385 0.0703333
0 0.594712 0.84025 0.875 0.05 0.0506667
0 0.59688 0.487 0.25 0.0495 0.0706667
0 0.604056 0.54625 0.206333 0.0245 0.056
0 0.609037 0.080625 0.1195 0.05175 0.057
0 0.610267 0.5295 0.515667 0.0525 0.0653333
0 0.612139 0.268375 0.269 0.10075 0.1
0 0.613275 0.540625 0.0228333 0.04375 0.0456667
0 0.62448 0.151375 0.0875 0.08225 0.104333
0 0.625602 0.655375 0.883333 0.07025 0.06
0 0.628286 0.97675 0.707167 0.041 0.0536667
0 0.631675 0.882 0.157333 0.052 0.044
0 0.637334 0.401 0.125167 0.041 0.041
0 0.63824 0.254625 0.111 0.04325 0.0453333
0 0.638698 0.070125 0.558 0.12925 0.132
0 0.641288 0.47925 0.0881667 0.0475 0.0616667
0 0.651097 0.67275 0.744 0.0355 0.086
0 0.652501 0.65625 0.0473333 0.042 0.0866667
0 0.657369 0.62625 0.961667 0.0695 0.0693333
0 0.657902 0.378 0.2855 0.041 0.0656667
0 0.669004 0.288625 0.034 0.09675 0.068
0 0.669565 0.458 0.659833 0.0185 0.043
0 0.683072 0.408125 0.6075 0.03125 0.033
0 0.683963 0.502 0.740167 0.0295 0.0383333
0 0.70529 0.05575 0.884 0.088 0.0513333
0 0.729933 0.93675 0.803 0.0745 0.0486667
0 0.762258 0.59025 0.645 0.121 0.106667
