0 0.250923 0.49525 0.768333 0.0325 0.0293333
0 0.25345 0.47275 0.392833 0.0325 0.0443333
0 0.257541 0.717 0.620167 0.026 0.0316667
0 0.257617 0.781 0.416833 0.0515 0.0583333
0 0.258846 0.10875 0.759667 0.0335 0.0486667
0 0.261071 0.011875 0.424 0.02225 0.0466667
0 0.261949 0.07225 0.796333 0.0265 0.0406667
0 0.26672 0.27825 0.914333 0.0245 0.0366667
0 0.274697 0.56575 0.408167 0.034 0.0643333
0 0.275689 0.54875 0.603667 0.0425 0.0313333
0 0.277062 0.60525 0.617 0.012 0.0306667
0 0.278967 0.553625 0.479667 0.05525 0.0833333
0 0.28879 0.51725 0.957833 0.0355 0.077
0 0.292683 0.885875 0.397333 0.02025 0.024
0 0.292984 0.53825 0.854667 0.061 0.255333
0 0.294509 0.533375 0.771667 0.03975 0.066
0 0.296506 0.49325 0.830833 0.083 0.103
0 0.297184 0.858625 0.6085 0.05475 0.041
0 0.297676 0.665375 0.9865 0.02175 0.0236667
0 0.297858 0.81975 0.311833 0.025 0.067
0 0.300144 0.550125 0.685333 0.04175 0.04
0 0.301378 0.92125 0.4425 0.0405 0.055
0 0.302359 0.66125 0.2375 0.015 0.0283333
0 0.308477 0.586875 0.237333 0.01325 0.036
0 0.312238 0.737625 0.673167 0.01575 0.0223333
0 0.320075 0.565625 0.724667 0.02725 0.0586667
0 0.32136 0.617 0.335333 0.0135 0.0406667
0 0.324114 0.844375 0.346333 0.04225 0.046
0 0.340875 0.875375 0.212333 0.02875 0.04
0 0.343962 0.482375 0.400333 0.04875 0.068
0 0.344111 0.258125 0.752667 0.09575 0.0726667
0 0.349827 0.14625 0.328 0.047 0.0566667
0 0.357413 0.417375 0.9845 0.01875 0.0276667
0 0.360633 0.828375 0.3085 0.04575 0.0976667
0 0.363087 0.705 0.347333 0.023 0.048
0 0.366654 0.497875 0.5225 0.01825 0.0416667
0 0.370144 0.554375 0.455167 0.03075 0.0896667
0 0.371499 0.869375 0.968667 0.02925 0.0573333
0 0.372299 0.549625 0.154833 0.00775 0.0283333
0 0.386492 0.677 0.562167 0.024 0.0276667
0 0.394556 0.746125 0.801833 0.06225 0.0543333
0 0.400285 0.514875 0.386 0.04325 0.0493333
0 0.403788 0.576 0.404833 0.0215 0.0456667
0 0.405847 0.67225 0.160333 0.013 0.026
0 0.405918 0.833875 0.956167 0.04375 0.0763333
0 0.424637 0.6005 0.119333 0.014 0.042
0 0.426195 0.768125 0.304333 0.07125 0.12
0 0.432149 0.47425 0.499 0.0135 0.0266667
0 0.433916 0.063375 0.407167 0.03925 0.0416667
0 0.437097 0.399625 0.922 0.01375 0.0333333
0 0.440565 0.71025 0.147833 0.013 0.0283333
0 0.441974 0.5885 0.2265 0.02 0.051
0 0.45156 0.651875 0.1095 0.01975 0.029
0 0.455158 0.81475 0.239167 0.023 0.041
0 0.457909 0.340625 0.887833 0.02325 0.0623333
0 0.462433 0.605875 0.890333 0.05525 0.173333
0 0.464719 0.6655 0.528833 0.0135 0.0423333
0 0.466794 0.552625 0.303333 0.01625 0.026
0 0.472588 0.700125 0.191167 0.01525 0.027
0 0.474495 0.88 0.688667 0.043 0.096
0 0.475731 0.42925 0.555333 0.034 0.042
0 0.478275 0.748875 0.163 0.01575 0.0353333
0 0.482749 0.68225 0.615667 0.0215 0.0386667
0 0.498082 0.454375 0.937167 0.01975 0.039
0 0.500113 0.895375 0.570333 0.02325 0.0593333
0 0.502125 0.5355 0.2835 0.026 0.039
0 0.505652 0.896 0.4965 0.038 0.0636667
0 0.517237 0.9045 0.139667 0.026 0.0326667
0 0.525363 0.42475 0.898333 0.022 0.0433333
0 0.52652 0.77825 0.942833 0.0475 0.0436667
0 0.526579 0.088125 0.8305 0.04625 0.0843333
0 0.550955 0.4495 0.478167 0.013 0.0243333
0 0.552103 0.540375 0.363333 0.03375 0.0486667
0 0.555105 0.864375 0.779833 0.04475 0.0756667
0 0.556809 0.462875 0.5795 0.01375 0.045
0 0.558681 0.9615 0.184333 0.0205 0.0353333
0 0.562341 0.40325 0.584 0.0345 0.052
0 0.566196 0.015375 0.655 0.03075 0.0693333
0 0.569147 0.59925 0.530167 0.0425 0.083
0 0.578789 0.731125 0.187167 0.01475 0.0416667
0 0.582687 0.64975 0.3965 0.024 0.053
0 0.582701 0.848125 0.42 0.03325 0.054
0 0.585368 0.49725 0.597167 0.055 0.087
0 0.595241 0.22425 0.552 0.019 0.0513333
0 0.595977 0.1335 0.2535 0.018 0.0336667
0 0.599602 0.940875 0.679667 0.03425 0.058
0 0.604756 0.77275 0.505833 0.029 0.0716667
0 0.608504 0.93 0.909333 0.045 0.07
0 0.618419 0.39775 0.728 0.0425 0.0606667
0 0.628804 0.453 0.722333 0.044 0.086
0 0.629704 0.065625 0.593 0.02475 0.048
0 0.630961 0.602875 0.689333 0.01975 0.0546667
0 0.639682 0.798625 0.647 0.03475 0.034
0 0.665973 0.0185 0.317167 0.037 0.057
0 0.668158 0.4815 0.8215 0.0785 0.0556667
0 0.669059 0.137 0.508667 0.0295 0.0606667
0 0.679989 0.857875 0.5375 0.04125 0.065
0 0.693202 0.29625 0.8425 0.0385 0.127667
0 0.695987 0.09375 0.371667 0.031 0.0633333
0 0.701191 0.705625 0.48 0.03525 0.0573333
0 0.710992 0.816375 0.827833 0.05725 0.0756667
0 0.711191 0.605875 0.408167 0.03775 0.0723333
0 0.716178 0.11925 0.411833 0.035 0.0743333
