0 0.251405 0.469875 0.4775 0.02525 0.0316667
0 0.252689 0.0115 0.630667 0.02 0.0686667
0 0.255505 0.58975 0.300667 0.028 0.034
0 0.263513 0.971375 0.8155 0.02275 0.0556667
0 0.264371 0.412375 0.524667 0.03325 0.0526667
0 0.264402 0.444375 0.1555 0.02425 0.0383333
0 0.264608 0.317875 0.0955 0.03125 0.0383333
0 0.265706 0.4045 0.287833 0.0145 0.0363333
0 0.272609 0.96175 0.6495 0.0735 0.0683333
0 0.27398 0.2645 0.1405 0.0545 0.0476667
0 0.276311 0.88275 0.910333 0.0545 0.078
0 0.276405 0.02775 0.280833 0.0185 0.0296667
0 0.276613 0.878125 0.931 0.03825 0.048
0 0.282428 0.35875 0.09 0.0215 0.0266667
0 0.285011 0.794125 0.197167 0.05725 0.069
0 0.293743 0.990125 0.388833 0.01675 0.075
0 0.298844 0.293 0.921333 0.0575 0.072
0 0.298953 0.832625 0.866833 0.03275 0.043
0 0.30414 0.653125 0.983333 0.05925 0.0333333
0 0.31017 0.28575 0.0606667 0.017 0.034
0 0.311851 0.878 0.6815 0.0405 0.043
0 0.31916 0.45725 0.600167 0.051 0.0556667
0 0.320734 0.204 0.204833 0.0205 0.031
0 0.325251 0.8945 0.855 0.062 0.0513333
0 0.327888 0.758625 0.301667 0.04225 0.0473333
0 0.332393 0.79875 0.740667 0.0465 0.0546667
0 0.335197 0.489125 0.926333 0.01925 0.0306667
0 0.3361 0.8735 0.4195 0.039 0.069
0 0.337635 0.02275 0.803167 0.0425 0.106333
0 0.342293 0.771 0.3635 0.034 0.045
0 0.344821 0.15325 0.124 0.036 0.042
0 0.351258 0.62875 0.720167 0.0405 0.037
0 0.356332 0.282 0.140667 0.0435 0.0413333
0 0.357998 0.480125 0.488667 0.02025 0.0366667
0 0.358091 0.71125 0.2915 0.0415 0.0463333
0 0.360768 0.36725 0.538333 0.0475 0.0686667
0 0.362916 0.276375 0.9845 0.01875 0.0296667
0 0.364822 0.530875 0.0418333 0.01675 0.043
0 0.37103 0.761625 0.5715 0.05775 0.0676667
0 0.383918 0.697375 0.4205 0.02425 0.0423333
0 0.390688 0.021625 0.408833 0.04275 0.110333
0 0.391138 0.637875 0.424 0.03925 0.0833333
0 0.392649 0.52975 0.753167 0.051 0.0916667
0 0.395548 0.539625 0.264333 0.05525 0.0493333
0 0.408701 0.816375 0.406333 0.02675 0.0786667
0 0.418102 0.51475 0.4885 0.027 0.0356667
0 0.418893 0.78075 0.1205 0.032 0.0396667
0 0.420844 0.701875 0.250167 0.05025 0.035
0 0.423845 0.096 0.719333 0.047 0.0513333
0 0.423881 0.486625 0.337167 0.03225 0.0316667
0 0.424702 0.473625 0.180167 0.01775 0.035
0 0.430496 0.449375 0.123333 0.03725 0.0413333
0 0.43116 0.506375 0.298 0.02725 0.0433333
0 0.432421 0.484125 0.267167 0.02125 0.0503333
0 0.440677 0.2495 0.139667 0.0225 0.0346667
0 0.44266 0.241875 0.240333 0.05075 0.054
0 0.444329 0.5615 0.470833 0.021 0.0396667
0 0.449537 0.631125 0.309833 0.03175 0.0536667
0 0.451769 0.1855 0.0466667 0.047 0.0893333
0 0.454125 0.2495 0.384833 0.0165 0.039
0 0.464728 0.66975 0.571333 0.04 0.0346667
0 0.469965 0.204375 0.419167 0.04325 0.0443333
0 0.471071 0.92425 0.788833 0.072 0.0483333
0 0.472728 0.770375 0.058 0.04725 0.0653333
0 0.478776 0.642625 0.155333 0.04125 0.0486667
0 0.480782 0.49475 0.972833 0.023 0.0316667
0 0.487958 0.245125 0.301 0.02325 0.0313333
0 0.488532 0.485375 0.0888333 0.02925 0.0383333
0 0.48882 0.889875 0.886 0.07775 0.114
0 0.489678 0.632625 0.0515 0.05625 0.053
0 0.496726 0.743375 0.752167 0.05475 0.0536667
0 0.498083 0.575125 0.602833 0.04225 0.0796667
0 0.500399 0.27475 0.516667 0.0545 0.0666667
0 0.514458 0.3435 0.142667 0.024 0.0506667
0 0.529335 0.2095 0.937 0.039 0.0413333
0 0.531871 0.425875 0.772667 0.03925 0.0573333
0 0.532216 0.956875 0.365333 0.05225 0.0546667
0 0.536362 0.800625 0.678833 0.04825 0.0656667
0 0.53769 0.76775 0.817833 0.13 0.0643333
0 0.540576 0.98425 0.447833 0.0295 0.0596667
0 0.554349 0.784625 0.483 0.08075 0.068
0 0.556657 0.925125 0.976667 0.03875 0.0466667
0 0.561757 0.707125 0.0761667 0.03775 0.0496667
0 0.566324 0.863625 0.769667 0.05875 0.0333333
0 0.566481 0.6035 0.4595 0.0395 0.0503333
0 0.568135 0.081625 0.6395 0.03575 0.0643333
0 0.57566 0.674125 0.119333 0.03525 0.0673333
0 0.575833 0.84575 0.627 0.071 0.0746667
0 0.577162 0.72375 0.38 0.0335 0.05
0 0.580019 0.37025 0.041 0.0425 0.0566667
0 0.592222 0.690875 0.782167 0.04725 0.073
0 0.597155 0.37675 0.9705 0.021 0.0583333
0 0.597694 0.656 0.649833 0.0575 0.059
0 0.603425 0.04175 0.0681667 0.0545 0.0823333
0 0.6044 0.406375 0.5955 0.04725 0.0863333
0 0.607122 0.740375 0.187667 0.05375 0.0713333
0 0.611711 0.259875 0.574 0.04925 0.0506667
0 0.61283 0.591125 0.158167 0.03075 0.0723333
0 0.631796 0.563625 0.118667 0.02475 0.05
0 0.641863 0.648 0.218667 0.057 0.0686667
0 0.65604 0.476875 0.7305 0.03975 0.100333
0 0.656642 0.19275 0.146 0.0495 0.0633333
0 0.657331 0.392125 0.728167 0.06025 0.063
0 0.658846 0.142 0.408167 0.0625 0.0776667
0 0.672972 0.255875 0.434833 0.04125 0.045
0 0.673766 0.52325 0.5835 0.054 0.114333
0 0.678 0.351125 0.616833 0.03775 0.0623333
0 0.682214 0.194875 0.632167 0.08925 0.0736667
0 0.684286 0.020875 0.207667 0.04025 0.0833333
0 0.687901 0.52625 0.1755 0.0395 0.0683333
0 0.704563 0.06325 0.487167 0.0705 0.059
0 0.707041 0.293125 0.634167 0.04075 0.059
0 0.712334 0.593125 0.3815 0.06475 0.0743333
0 0.712601 0.495875 0.848 0.03625 0.0553333
0 0.723205 0.672375 0.349 0.06975 0.06
0 0.733873 0.49525 0.389667 0.056 0.0793333
0 0.737297 0.77625 0.914333 0.0675 0.0646667
0 0.748488 0.263125 0.8075 0.03875 0.0496667
0 0.773108 0.218625 0.854 0.06225 0.0666667
0 0.78589 0.207125 0.472667 0.07925 0.0493333
