0 0.254003 0.81025 0.758 0.031 0.042
0 0.257357 0.4795 0.672667 0.069 0.0406667
0 0.261862 0.830875 0.0703333 0.03625 0.0353333
0 0.264316 0.4905 0.0131667 0.0345 0.0216667
0 0.268482 0.0825 0.742167 0.0875 0.0583333
0 0.270723 0.71975 0.0881667 0.0135 0.0403333
0 0.276271 0.45775 0.816167 0.0345 0.0316667
0 0.276735 0.555 0.464833 0.0335 0.0503333
0 0.280747 0.518375 0.169167 0.02525 0.0396667
0 0.280957 0.484 0.164667 0.0325 0.0793333
0 0.282883 0.179125 0.707833 0.07725 0.087
0 0.28294 0.4255 0.307333 0.024 0.0426667
0 0.294542 0.250625 0.343667 0.02925 0.0726667
0 0.305908 0.755 0.4985 0.015 0.0283333
0 0.307901 0.329875 0.523833 0.03525 0.122333
0 0.30973 0.41225 0.102333 0.019 0.0346667
0 0.31805 0.3085 0.629333 0.034 0.0533333
0 0.319073 0.64325 0.644833 0.0225 0.0476667
0 0.319168 0.53325 0.440333 0.0405 0.04
0 0.319211 0.6755 0.722333 0.0355 0.084
0 0.321188 0.51725 0.532667 0.018 0.0486667
0 0.324688 0.360375 0.955167 0.02575 0.0676667
0 0.326214 0.27125 0.693 0.026 0.042
0 0.329005 0.951375 0.0308333 0.03425 0.037
0 0.338175 0.4015 0.0341667 0.027 0.045
0 0.34171 0.534625 0.108833 0.02475 0.039
0 0.349219 0.34575 0.0578333 0.0295 0.0423333
0 0.352047 0.89525 0.63 0.0455 0.0526667
0 0.362481 0.501625 0.207667 0.02225 0.048
0 0.365276 0.3995 0.267333 0.0145 0.032
0 0.371057 0.4925 0.0721667 0.0275 0.0396667
0 0.372667 0.5415 0.825167 0.0305 0.023
0 0.375497 0.889375 0.1045 0.04275 0.073
0 0.401658 0.64775 0.677 0.0305 0.0486667
0 0.406026 0.244375 0.576167 0.03825 0.055
0 0.408131 0.2095 0.7655 0.041 0.055
0 0.409818 0.799375 0.125667 0.05225 0.0586667
0 0.410756 0.174625 0.544167 0.06075 0.0603333
0 0.410895 0.9435 0.503667 0.024 0.0426667
0 0.411894 0.53225 0.654667 0.021 0.0413333
0 0.412833 0.5275 0.3565 0.022 0.041
0 0.415413 0.13625 0.836167 0.0655 0.113
0 0.416728 0.5755 0.496167 0.014 0.0376667
0 0.41922 0.96825 0.3665 0.048 0.0563333
0 0.421139 0.404625 0.635667 0.02975 0.0513333
0 0.422604 0.400875 0.364 0.03275 0.0546667
0 0.430954 0.4595 0.351167 0.026 0.0643333
0 0.434078 0.472875 0.2845 0.01525 0.0423333
0 0.443567 0.427625 0.2395 0.03875 0.077
0 0.448472 0.723875 0.232667 0.05075 0.0673333
0 0.448944 0.286625 0.577833 0.02175 0.057
0 0.452199 0.7675 0.424333 0.027 0.04
0 0.455112 0.5155 0.0363333 0.0255 0.036
0 0.455521 0.2435 0.2805 0.0275 0.0623333
0 0.46031 0.465375 0.448833 0.02125 0.0376667
0 0.461094 0.5615 0.725167 0.045 0.089
0 0.464974 0.386125 0.540333 0.02525 0.0666667
0 0.46545 0.458375 0.6235 0.03225 0.0403333
0 0.469163 0.77325 0.550833 0.0205 0.0336667
0 0.472327 0.490625 0.149167 0.02025 0.053
0 0.475103 0.344 0.766667 0.052 0.0873333
0 0.475859 0.552625 0.189333 0.03675 0.058
0 0.479705 0.82675 0.424833 0.028 0.039
0 0.487596 0.325 0.133 0.03 0.082
0 0.490212 0.981 0.564833 0.0315 0.0616667
0 0.490607 0.310625 0.023 0.02425 0.0366667
0 0.498221 0.765 0.290667 0.025 0.0426667
0 0.500426 0.555625 0.028 0.02525 0.0446667
0 0.501092 0.7445 0.158167 0.0165 0.039
0 0.501766 0.858125 0.777333 0.03525 0.05
0 0.5269 0.6045 0.102 0.025 0.0653333
0 0.531555 0.3555 0.603167 0.026 0.0456667
0 0.534705 0.73875 0.462167 0.026 0.0356667
0 0.534745 0.3325 0.415167 0.0375 0.0776667
0 0.537004 0.88775 0.475833 0.034 0.0416667
0 0.545403 0.661625 0.362333 0.02675 0.038
0 0.550415 0.600125 0.413667 0.02325 0.0573333
0 0.558735 0.449875 0.565167 0.05675 0.0616667
0 0.559143 0.322375 0.246667 0.05425 0.0573333
0 0.559546 0.211125 0.465167 0.02575 0.0583333
0 0.573255 0.16975 0.331667 0.043 0.0633333
0 0.591253 0.582 0.552667 0.0635 0.0566667
0 0.592292 0.757375 0.380833 0.03425 0.043
0 0.597528 0.647 0.584 0.0285 0.0466667
0 0.6071 0.77575 0.614167 0.0345 0.0476667
0 0.612028 0.49725 0.586167 0.0275 0.0743333
0 0.615002 0.737125 0.655667 0.05225 0.0513333
0 0.621532 0.95925 0.638167 0.052 0.0716667
0 0.640395 0.275125 0.124833 0.04275 0.0696667
0 0.656033 0.81075 0.307667 0.039 0.0573333
0 0.66186 0.719125 0.517833 0.03925 0.0736667
0 0.677468 0.574 0.246833 0.048 0.0543333
0 0.700232 0.661875 0.523333 0.03925 0.0633333
0 0.706539 0.604875 0.185167 0.04225 0.0636667
0 0.708299 0.844125 0.193 0.03875 0.084
0 0.711187 0.3865 0.167667 0.0275 0.092
0 0.71164 0.358125 0.3125 0.04125 0.0823333
