0 0.254247 0.6905 0.250167 0.0405 0.0903333
0 0.254489 0.592625 0.0498333 0.02225 0.041
0 0.255208 0.4965 0.370833 0.0635 0.041
0 0.255674 0.610125 0.251 0.02725 0.06
0 0.259995 0.0115 0.424833 0.0205 0.0443333
0 0.263828 0.908625 0.558667 0.05025 0.036
0 0.263898 0.457625 0.3325 0.04525 0.0396667
0 0.274091 0.14 0.2565 0.024 0.0463333
0 0.276745 0.88325 0.0135 0.0325 0.0236667
0 0.276955 0.990375 0.596167 0.01825 0.0843333
0 0.279639 0.470125 0.4755 0.01725 0.0356667
0 0.28089 0.498375 0.0801667 0.01275 0.029
0 0.281069 0.1395 0.140167 0.0415 0.0696667
0 0.301115 0.979625 0.0615 0.03725 0.0496667
0 0.312031 0.733 0.3075 0.08 0.077
0 0.315502 0.578875 0.901167 0.04125 0.0683333
0 0.328809 0.614625 0.291 0.02175 0.044
0 0.338631 0.170875 0.520167 0.03025 0.0563333
0 0.340597 0.489 0.380667 0.105 0.062
0 0.352176 0.35475 0.259833 0.0555 0.055
0 0.352574 0.213125 0.0353333 0.02925 0.0513333
0 0.356522 0.095125 0.1145 0.03375 0.0496667
0 0.364327 0.023125 0.0245 0.04075 0.0463333
0 0.364346 0.919625 0.0988333 0.05375 0.0736667
0 0.365513 0.27325 0.106 0.018 0.0313333
0 0.368799 0.091 0.0181667 0.0255 0.0336667
0 0.371833 0.26475 0.250833 0.0235 0.0456667
0 0.372905 0.462625 0.578667 0.02525 0.0546667
0 0.374237 0.9745 0.085 0.051 0.098
0 0.37829 0.8925 0.505833 0.076 0.0503333
0 0.379122 0.861125 0.440833 0.03275 0.0523333
0 0.379503 0.6215 0.494833 0.068 0.0583333
0 0.380217 0.536875 0.668833 0.04675 0.0776667
0 0.385215 0.387 0.607 0.1015 0.0526667
0 0.38633 0.274625 0.947 0.06875 0.0966667
0 0.391611 0.186 0.437333 0.039 0.0593333
0 0.393629 0.399125 0.802333 0.08375 0.100667
0 0.393683 0.52375 0.407833 0.059 0.0603333
0 0.408604 0.586375 0.0191667 0.03875 0.0383333
0 0.410287 0.59475 0.135333 0.0195 0.0266667
0 0.414019 0.49325 0.856 0.03 0.0573333
0 0.414082 0.6 0.440833 0.0305 0.0363333
0 0.416811 0.705375 0.186333 0.03775 0.06
0 0.42909 0.802875 0.683167 0.04025 0.043
0 0.430593 0.841875 0.749167 0.06325 0.061
0 0.43969 0.69 0.565 0.0465 0.0866667
0 0.439762 0.244625 0.0928333 0.01725 0.035
0 0.445422 0.721125 0.504667 0.02525 0.0426667
0 0.446817 0.360375 0.694167 0.02725 0.0803333
0 0.450306 0.58225 0.165833 0.0105 0.035
0 0.450458 0.134125 0.577833 0.08425 0.0856667
0 0.453822 0.496875 0.0241667 0.03775 0.0483333
0 0.454546 0.468375 0.0338333 0.01925 0.0523333
0 0.457254 0.340625 0.402667 0.03625 0.0733333
0 0.457885 0.382 0.374 0.0305 0.052
0 0.460704 0.642125 0.298667 0.05275 0.0606667
0 0.476977 0.9365 0.318333 0.122 0.165333
0 0.48086 0.738125 0.448333 0.04875 0.0533333
0 0.482114 0.791 0.499 0.0195 0.036
0 0.501084 0.77225 0.395333 0.052 0.0653333
0 0.501154 0.59425 0.753167 0.0595 0.0663333
0 0.503175 0.570625 0.249833 0.04675 0.0843333
0 0.503204 0.098375 0.680333 0.03675 0.0686667
0 0.513128 0.859375 0.210333 0.03025 0.086
0 0.529237 0.63 0.0603333 0.065 0.0726667
0 0.535494 0.128375 0.4375 0.02475 0.0423333
0 0.540345 0.677375 0.1365 0.02125 0.0456667
0 0.543609 0.390875 0.318167 0.05375 0.059
0 0.546285 0.2095 0.648667 0.0445 0.0513333
0 0.549464 0.31075 0.0271667 0.0475 0.0543333
0 0.552337 0.7725 0.826167 0.081 0.109667
0 0.55462 0.507875 0.466 0.03325 0.0653333
0 0.556683 0.013125 0.67 0.02525 0.0733333
0 0.561103 0.098125 0.278667 0.04875 0.0733333
0 0.562781 0.602625 0.681667 0.05775 0.074
0 0.566912 0.891375 0.636167 0.07475 0.115667
0 0.570771 0.4355 0.268833 0.052 0.0536667
0 0.570954 0.506125 0.782 0.04175 0.0766667
0 0.582471 0.750375 0.546 0.05075 0.0673333
0 0.589569 0.755125 0.638 0.07925 0.068
0 0.590534 0.84375 0.835 0.044 0.0793333
0 0.593024 0.658875 0.186167 0.04025 0.061
0 0.593483 0.641375 0.132 0.03025 0.0466667
0 0.5939 0.306375 0.093 0.03025 0.036
0 0.599624 0.290375 0.460167 0.04075 0.061
0 0.603073 0.211 0.219 0.067 0.0786667
0 0.614508 0.5075 0.261 0.04 0.0633333
0 0.626572 0.635375 0.38 0.06825 0.0766667
0 0.628055 0.677 0.6995 0.069 0.069
0 0.632672 0.42575 0.468667 0.0455 0.0566667
0 0.633611 0.148125 0.0373333 0.04375 0.0733333
0 0.644932 0.38575 0.195333 0.045 0.084
0 0.650523 0.80425 0.326 0.0385 0.0673333
0 0.651111 0.475125 0.712167 0.06125 0.0796667
0 0.656452 0.439625 0.136667 0.03025 0.078
0 0.660876 0.822875 0.494667 0.03825 0.0693333
0 0.661018 0.379125 0.0923333 0.06725 0.105333
0 0.664588 0.040125 0.168667 0.06275 0.0773333
0 0.667123 0.57175 0.344833 0.0595 0.0623333
0 0.672977 0.688125 0.454333 0.03975 0.0586667
0 0.681437 0.2635 0.514 0.043 0.0733333
0 0.687094 0.851625 0.0256667 0.03675 0.0466667
0 0.699117 0.823375 0.2425 0.06025 0.0636667
0 0.705618 0.8505 0.1145 0.0505 0.0623333
0 0.714409 0.6385 0.821333 0.0685 0.0626667
0 0.729914 0.65075 0.950333 0.0665 0.0993333
0 0.762806 0.92325 0.908833 0.1505 0.121
