0 0.252411 0.0155 0.843 0.0295 0.0453333
0 0.253898 0.0815 0.665667 0.0955 0.132667
0 0.257355 0.074875 0.802167 0.04325 0.0563333
0 0.266683 0.1355 0.2445 0.0385 0.0556667
0 0.27458 0.329 0.644167 0.037 0.041
0 0.275609 0.390125 0.0176667 0.01975 0.0306667
0 0.276797 0.186125 0.539 0.02125 0.03
0 0.278483 0.378375 0.828333 0.04825 0.05
0 0.279533 0.518875 0.585333 0.04175 0.0406667
0 0.281234 0.37425 0.222333 0.0205 0.0293333
0 0.297749 0.635 0.7135 0.0555 0.0523333
0 0.304184 0.260875 0.823 0.02625 0.0413333
0 0.309492 0.678875 0.0141667 0.02175 0.0276667
0 0.312284 0.74925 0.837333 0.067 0.0513333
0 0.315308 0.422875 0.887833 0.04425 0.0636667
0 0.321109 0.22725 0.3535 0.0365 0.051
0 0.322761 0.445625 0.1185 0.02625 0.0403333
0 0.324637 0.618375 0.5805 0.04175 0.0543333
0 0.326205 0.678625 0.573333 0.03325 0.0646667
0 0.333649 0.549875 0.0845 0.01525 0.0323333
0 0.334511 0.7195 0.617 0.0405 0.054
0 0.336528 0.3165 0.557167 0.0525 0.045
0 0.33888 0.274 0.202167 0.037 0.0536667
0 0.342725 0.54725 0.552167 0.042 0.039
0 0.343435 0.35 0.236833 0.0185 0.029
0 0.344138 0.835625 0.152667 0.02575 0.052
0 0.344261 0.045375 0.736833 0.04425 0.077
0 0.344597 0.2525 0.564667 0.02 0.0386667
0 0.350482 0.489125 0.763167 0.01675 0.0396667
0 0.358961 0.171 0.7655 0.0415 0.0803333
0 0.359427 0.875125 0.0498333 0.03125 0.0536667
0 0.360038 0.7025 0.767 0.0685 0.0746667
0 0.36359 0.64025 0.9665 0.0455 0.063
0 0.364225 0.03375 0.1305 0.0515 0.0483333
0 0.367049 0.1455 0.0878333 0.0325 0.0383333
0 0.374077 0.747125 0.680167 0.04875 0.0503333
0 0.374193 0.528375 0.878667 0.05675 0.0633333
0 0.39927 0.260375 0.0933333 0.03625 0.0533333
0 0.400206 0.486625 0.353333 0.03775 0.046
0 0.402228 0.184375 0.1815 0.03625 0.0403333
0 0.404613 0.59125 0.537667 0.0325 0.0866667
0 0.404731 0.5175 0.215333 0.024 0.0346667
0 0.405724 0.091125 0.977333 0.03125 0.0453333
0 0.409325 0.53075 0.1185 0.0225 0.0376667
0 0.411482 0.729625 0.193167 0.01375 0.0303333
0 0.411602 0.910625 0.228167 0.04475 0.0436667
0 0.413677 0.759625 0.2245 0.04175 0.0403333
0 0.419188 0.677625 0.816833 0.04875 0.093
0 0.419643 0.22975 0.532333 0.0375 0.0493333
0 0.421215 0.689625 0.923833 0.04225 0.0696667
0 0.425238 0.45175 0.7575 0.0485 0.0436667
0 0.426131 0.43875 0.4905 0.048 0.053
0 0.426551 0.102375 0.154333 0.03675 0.0566667
0 0.426818 0.988875 0.075 0.02025 0.0506667
0 0.4355 0.137875 0.812333 0.05675 0.0553333
0 0.441917 0.662125 0.2625 0.05225 0.0756667
0 0.447674 0.400375 0.5775 0.02875 0.0463333
0 0.447925 0.573 0.181333 0.037 0.092
0 0.45004 0.554875 0.958 0.03075 0.054
0 0.467266 0.3015 0.6125 0.0245 0.0476667
0 0.472955 0.6175 0.097 0.024 0.048
0 0.475548 0.459125 0.815833 0.04175 0.051
0 0.478857 0.818375 0.335167 0.04075 0.049
0 0.483323 0.637625 0.0518333 0.02475 0.0336667
0 0.485015 0.513875 0.4585 0.04275 0.051
0 0.485616 0.03525 0.273667 0.043 0.0606667
0 0.488 0.6105 0.3335 0.021 0.0483333
0 0.489082 0.43925 0.635667 0.025 0.0333333
0 0.4906 0.795375 0.1905 0.02275 0.0383333
0 0.491416 0.363125 0.5865 0.04425 0.0523333
0 0.492134 0.827 0.0173333 0.027 0.0346667
0 0.497934 0.14025 0.270333 0.046 0.0433333
0 0.507131 0.5355 0.756 0.034 0.046
0 0.512412 0.521375 0.508 0.01675 0.034
0 0.515051 0.4035 0.281 0.0245 0.0386667
0 0.515512 0.3805 0.359667 0.0325 0.0713333
0 0.52321 0.820375 0.82 0.08025 0.107333
0 0.528225 0.155625 0.350167 0.03875 0.0576667
0 0.52901 0.287125 0.504167 0.02625 0.0403333
0 0.53801 0.463875 0.543667 0.05575 0.0573333
0 0.541578 0.590125 0.0258333 0.03575 0.041
0 0.546619 0.0855 0.324667 0.0295 0.0466667
0 0.556795 0.748125 0.155167 0.03225 0.0356667
0 0.561692 0.277625 0.949167 0.04425 0.045
0 0.562066 0.59125 0.691167 0.0195 0.0363333
0 0.571435 0.292875 0.349 0.02775 0.0526667
0 0.571487 0.13275 0.224333 0.028 0.0313333
0 0.572058 0.566625 0.821667 0.02475 0.0686667
0 0.573849 0.757375 0.0408333 0.06425 0.0503333
0 0.57713 0.411625 0.217 0.01775 0.04
0 0.579098 0.3715 0.841333 0.0695 0.0826667
0 0.580244 0.48975 0.0688333 0.036 0.0456667
0 0.581263 0.975375 0.784833 0.04875 0.0843333
0 0.582881 0.626625 0.871667 0.04925 0.0586667
0 0.590944 0.88275 0.951 0.036 0.066
0 0.591749 0.694875 0.100333 0.04225 0.0466667
0 0.60328 0.71325 0.421 0.031 0.0513333
0 0.613005 0.52 0.622167 0.0275 0.041
0 0.613113 0.88075 0.4255 0.041 0.0623333
0 0.627241 0.053125 0.355833 0.05575 0.0696667
0 0.63272 0.36875 0.2785 0.0245 0.0356667
0 0.647359 0.064375 0.233 0.04225 0.0513333
0 0.649426 0.58025 0.387833 0.0515 0.0423333
0 0.657886 0.88175 0.5825 0.0775 0.0776667
0 0.685176 0.438875 0.316333 0.03825 0.0573333
0 0.685458 0.182375 0.642333 0.07725 0.0886667
0 0.714088 0.466875 0.9445 0.04225 0.0763333
0 0.734236 0.4805 0.241333 0.0485 0.0653333
0 0.796709 0.89525 0.7115 0.1195 0.111
