0 0.25506 0.390125 0.0221667 0.06025 0.0443333
0 0.255604 0.984 0.5765 0.027 0.0443333
0 0.257372 0.17925 0.826 0.076 0.148
0 0.25799 0.97725 0.114333 0.043 0.0593333
0 0.260409 0.310625 0.279667 0.02875 0.036
0 0.264998 0.698125 0.531833 0.04325 0.061
0 0.270847 0.8835 0.467833 0.086 0.051
0 0.271797 0.68625 0.259333 0.0295 0.0326667
0 0.278143 0.092625 0.461833 0.05025 0.033
0 0.283921 0.20325 0.379667 0.0385 0.0786667
0 0.289343 0.06925 0.3445 0.0525 0.0676667
0 0.289452 0.017 0.013 0.034 0.026
0 0.290314 0.6535 0.43 0.032 0.0386667
0 0.292619 0.457375 0.875 0.02975 0.042
0 0.296131 0.97925 0.019 0.0415 0.038
0 0.29921 0.626 0.044 0.016 0.0513333
0 0.303709 0.372125 0.854167 0.06325 0.0776667
0 0.306379 0.3655 0.3475 0.0325 0.0416667
0 0.313085 0.06525 0.014 0.036 0.028
0 0.320239 0.75775 0.554833 0.0345 0.035
0 0.32283 0.473375 0.225 0.03825 0.0573333
0 0.3244 0.391875 0.975667 0.06175 0.0486667
0 0.335586 0.207625 0.536667 0.05375 0.084
0 0.342282 0.21875 0.410167 0.051 0.0723333
0 0.348951 0.755 0.158833 0.0665 0.0703333
0 0.353593 0.541125 0.0206667 0.03575 0.0393333
0 0.354208 0.833875 0.7855 0.03475 0.041
0 0.35903 0.690125 0.913833 0.02675 0.045
0 0.360676 0.589625 0.2385 0.01875 0.0483333
0 0.371283 0.094625 0.229833 0.12775 0.101
0 0.372142 0.35325 0.196333 0.034 0.0593333
0 0.372445 0.3675 0.187833 0.0615 0.0796667
0 0.377735 0.808625 0.579667 0.05675 0.052
0 0.377735 0.20625 0.460333 0.038 0.048
0 0.38051 0.142375 0.426333 0.02025 0.034
0 0.38165 0.334875 0.0781667 0.03775 0.079
0 0.384953 0.75125 0.493667 0.039 0.0426667
0 0.393957 0.138125 0.0678333 0.01625 0.0383333
0 0.400026 0.2455 0.896167 0.1305 0.0776667
0 0.406188 0.7965 0.407667 0.079 0.0853333
0 0.408875 0.318375 0.0925 0.06075 0.0716667
0 0.414106 0.89325 0.731 0.042 0.0966667
0 0.426533 0.6045 0.481333 0.042 0.0553333
0 0.42713 0.731875 0.923 0.03125 0.062
0 0.4283 0.828875 0.934833 0.03125 0.0423333
0 0.438869 0.402625 0.0281667 0.02575 0.047
0 0.448694 0.303375 0.105833 0.03975 0.0516667
0 0.450312 0.34175 0.386 0.0235 0.0586667
0 0.45254 0.840875 0.525 0.04525 0.0573333
0 0.455317 0.685375 0.6495 0.02625 0.0436667
0 0.457544 0.231125 0.273333 0.04375 0.058
0 0.463402 0.50575 0.3575 0.051 0.0623333
0 0.487013 0.94375 0.0555 0.0355 0.0896667
0 0.487332 0.813125 0.145167 0.04825 0.075
0 0.489367 0.413625 0.311 0.04275 0.058
0 0.493172 0.384875 0.171333 0.03225 0.098
0 0.495969 0.96925 0.6295 0.0515 0.0556667
0 0.506402 0.624 0.822167 0.0385 0.0636667
0 0.507782 0.97775 0.777333 0.0445 0.0533333
0 0.508621 0.691 0.444333 0.042 0.0493333
0 0.512352 0.677375 0.085 0.04125 0.0913333
0 0.512366 0.81025 0.0523333 0.027 0.0473333
0 0.512521 0.877 0.259 0.0665 0.09
0 0.518362 0.645125 0.721 0.05675 0.0793333
0 0.521102 0.041 0.660333 0.0765 0.102667
0 0.526623 0.797625 0.746167 0.04075 0.0543333
0 0.529854 0.241875 0.0873333 0.03225 0.0533333
0 0.533285 0.144125 0.276 0.04575 0.0526667
0 0.533476 0.289125 0.488667 0.09425 0.0706667
0 0.541182 0.70475 0.784833 0.0445 0.0596667
0 0.5489 0.7505 0.0565 0.034 0.0656667
0 0.550903 0.766125 0.63 0.03825 0.0473333
0 0.552565 0.2505 0.339 0.06 0.0526667
0 0.556543 0.19475 0.240667 0.0405 0.076
0 0.565351 0.23375 0.181833 0.042 0.067
0 0.568541 0.65125 0.1835 0.055 0.112333
0 0.57094 0.55775 0.450667 0.055 0.0706667
0 0.572037 0.360375 0.0228333 0.05625 0.0456667
0 0.574202 0.187125 0.31 0.03675 0.066
0 0.575753 0.60425 0.954 0.037 0.092
0 0.576616 0.485125 0.582167 0.05025 0.0643333
0 0.586959 0.584125 0.0296667 0.03025 0.046
0 0.587758 0.444875 0.361667 0.05275 0.0786667
0 0.589377 0.536125 0.681833 0.04875 0.0796667
0 0.589646 0.059875 0.856167 0.04875 0.0536667
0 0.590011 0.430625 0.2235 0.05825 0.0496667
0 0.593094 0.9475 0.682167 0.071 0.065
0 0.596061 0.38825 0.417667 0.048 0.0773333
0 0.598924 0.026625 0.928167 0.05025 0.0776667
0 0.604755 0.9115 0.1765 0.035 0.0603333
0 0.607651 0.971125 0.5205 0.04275 0.073
0 0.608526 0.30075 0.376333 0.04 0.0673333
0 0.611062 0.467875 0.294167 0.04175 0.0563333
0 0.611935 0.81875 0.971833 0.078 0.0563333
0 0.616799 0.5535 0.540667 0.033 0.046
0 0.62033 0.8115 0.873167 0.036 0.069
0 0.622728 0.746 0.295667 0.0525 0.0546667
0 0.632741 0.38475 0.810667 0.061 0.0466667
0 0.640191 0.541125 0.251667 0.03825 0.0613333
0 0.644771 0.9695 0.256667 0.059 0.076
0 0.653213 0.4805 0.651333 0.0355 0.054
0 0.659571 0.15525 0.0271667 0.028 0.0383333
0 0.665426 0.706875 0.0531667 0.02875 0.045
0 0.679094 0.3805 0.634833 0.0585 0.071
0 0.688502 0.606125 0.385833 0.06025 0.0943333
0 0.70746 0.1895 0.086 0.0325 0.0686667
0 0.720688 0.30875 0.615 0.076 0.107333
0 0.722667 0.678875 0.349833 0.05475 0.121
0 0.75213 0.335125 0.748167 0.05325 0.103667
0 0.765996 0.522625 0.849333 0.07425 0.154
