0 0.253342 0.32275 0.434667 0.0885 0.07
0 0.25791 0.8365 0.148667 0.05 0.0706667
0 0.258322 0.89 0.793833 0.027 0.0663333
0 0.259606 0.799125 0.1455 0.01675 0.0323333
0 0.264222 0.163875 0.110333 0.03025 0.0533333
0 0.279312 0.234125 0.038 0.04375 0.0726667
0 0.284537 0.279125 0.361833 0.06975 0.0843333
0 0.289759 0.37125 0.488 0.045 0.0586667
0 0.29032 0.492375 0.441333 0.05475 0.0386667
0 0.295805 0.59 0.660833 0.061 0.0516667
0 0.313366 0.88025 0.607 0.035 0.058
0 0.321957 0.939125 0.200667 0.02475 0.0286667
0 0.32343 0.84775 0.1765 0.037 0.0543333
0 0.326052 0.68725 0.5055 0.0245 0.0443333
0 0.329466 0.298625 0.7835 0.06075 0.057
0 0.331423 0.37075 0.414167 0.0485 0.061
0 0.33313 0.76475 0.415167 0.0195 0.0483333
0 0.334399 0.69175 0.584333 0.0255 0.03
0 0.340028 0.422 0.443333 0.0505 0.0626667
0 0.344593 0.049875 0.257167 0.04075 0.0556667
0 0.34481 0.94275 0.337833 0.033 0.049
0 0.346183 0.64225 0.484167 0.0315 0.079
0 0.376425 0.515375 0.608167 0.02275 0.053
0 0.381237 0.2605 0.202167 0.0915 0.0896667
0 0.392438 0.497 0.889333 0.026 0.0326667
0 0.399153 0.160625 0.193333 0.04325 0.064
0 0.404564 0.649125 0.522167 0.03225 0.0503333
0 0.416373 0.286875 0.516167 0.05675 0.0676667
0 0.419358 0.2015 0.140333 0.0365 0.0713333
0 0.424536 0.26775 0.0726667 0.031 0.072
0 0.444427 0.454 0.641 0.051 0.0446667
0 0.450102 0.233625 0.217 0.05225 0.102667
0 0.455395 0.210875 0.316833 0.06525 0.073
0 0.46981 0.40025 0.622833 0.057 0.0823333
0 0.484946 0.405375 0.443167 0.01975 0.0523333
0 0.506231 0.617 0.424833 0.0195 0.0416667
0 0.525761 0.7675 0.324 0.055 0.086
0 0.536085 0.0865 0.375667 0.039 0.048
0 0.541921 0.349125 0.3225 0.08675 0.127
0 0.543467 0.497875 0.656167 0.02975 0.0423333
0 0.560028 0.7195 0.496833 0.043 0.0623333
0 0.566264 0.6965 0.3015 0.031 0.0543333
0 0.586225 0.563625 0.536167 0.06675 0.103667
0 0.603237 0.143125 0.2715 0.04225 0.0716667
0 0.604275 0.870875 0.103333 0.05825 0.0773333
0 0.633756 0.798125 0.433 0.03375 0.072
0 0.641488 0.43575 0.441 0.0355 0.052
0 0.659718 0.66325 0.3265 0.043 0.063
0 0.661096 0.530625 0.653667 0.04175 0.0406667
0 0.662574 0.5065 0.543167 0.035 0.0676667
0 0.74115 0.77175 0.218667 0.0775 0.0886667
0 0.764043 0.459875 0.562833 0.04875 0.0743333
