0 0.252313 0.488625 0.0463333 0.05775 0.082
0 0.255806 0.15175 0.788667 0.0355 0.0446667
0 0.257479 0.217 0.277667 0.0705 0.036
0 0.258661 0.01425 0.287333 0.026 0.0386667
0 0.259881 0.279 0.428 0.0415 0.0413333
0 0.269632 0.525375 0.192667 0.04675 0.048
0 0.272341 0.868125 0.290667 0.04475 0.0526667
0 0.288389 0.572 0.819 0.04 0.052
0 0.289744 0.82475 0.679 0.034 0.052
0 0.293563 0.715125 0.117333 0.02725 0.034
0 0.295042 0.549875 0.717333 0.03125 0.064
0 0.295675 0.515 0.444333 0.036 0.0786667
0 0.296691 0.536 0.785167 0.0185 0.0436667
0 0.300273 0.8715 0.595833 0.0775 0.0496667
0 0.307257 0.860875 0.541333 0.03625 0.05
0 0.314193 0.302375 0.897667 0.02175 0.032
0 0.314585 0.660625 0.256667 0.05225 0.0613333
0 0.31487 0.944125 0.6535 0.05175 0.045
0 0.317263 0.966875 0.523 0.03825 0.0546667
0 0.319104 0.453375 0.579 0.06375 0.0866667
0 0.320857 0.349625 0.551 0.05875 0.066
0 0.323686 0.863 0.748333 0.0535 0.068
0 0.324956 0.151375 0.129 0.05475 0.062
0 0.326472 0.60575 0.498 0.029 0.034
0 0.327441 0.36525 0.279167 0.0325 0.045
0 0.327825 0.504375 0.0525 0.03125 0.081
0 0.329918 0.4645 0.875167 0.0345 0.0543333
0 0.330678 0.0985 0.518 0.0345 0.0366667
0 0.332534 0.45475 0.552 0.0595 0.0406667
0 0.339963 0.3025 0.965 0.0425 0.0566667
0 0.343642 0.46925 0.855667 0.0435 0.0813333
0 0.346632 0.121125 0.755 0.03925 0.046
0 0.348627 0.284375 0.372 0.05925 0.0473333
0 0.353408 0.826 0.842333 0.0415 0.0386667
0 0.354843 0.489875 0.7725 0.04725 0.0536667
0 0.362279 0.238 0.273833 0.048 0.041
0 0.36271 0.78525 0.0225 0.023 0.039
0 0.365837 0.3695 0.484167 0.0305 0.0536667
0 0.370152 0.41325 0.232833 0.0435 0.0663333
0 0.376721 0.4425 0.4705 0.0435 0.0536667
0 0.384896 0.508 0.9005 0.028 0.031
0 0.385002 0.563 0.0831667 0.0305 0.0376667
0 0.387378 0.89975 0.678833 0.0425 0.0696667
0 0.392724 0.479625 0.834167 0.03225 0.0356667
0 0.394862 0.94075 0.724333 0.065 0.0566667
0 0.395949 0.986375 0.539333 0.02725 0.0666667
0 0.403597 0.920625 0.794667 0.06775 0.0673333
0 0.40406 0.104 0.6115 0.021 0.0323333
0 0.405266 0.117 0.847 0.042 0.0546667
0 0.405354 0.6405 0.168667 0.027 0.084
0 0.407692 0.78425 0.795167 0.037 0.053
0 0.410685 0.473625 0.0313333 0.03375 0.0446667
0 0.412726 0.674625 0.150333 0.02625 0.0486667
0 0.415151 0.782125 0.650667 0.03275 0.052
0 0.416899 0.8675 0.186333 0.0405 0.05
0 0.421492 0.029125 0.22 0.05225 0.112
0 0.425393 0.558 0.903167 0.049 0.047
0 0.433575 0.73225 0.526333 0.071 0.0593333
0 0.442779 0.608 0.1385 0.037 0.0796667
0 0.445962 0.603 0.641167 0.02 0.0456667
0 0.446537 0.541125 0.641833 0.04575 0.0816667
0 0.447096 0.049375 0.0985 0.03925 0.049
0 0.451255 0.3955 0.509667 0.028 0.04
0 0.452018 0.07 0.719833 0.051 0.047
0 0.456346 0.939625 0.335333 0.02325 0.0393333
0 0.457658 0.565875 0.3135 0.04075 0.0676667
0 0.460074 0.288125 0.858333 0.04225 0.0606667
0 0.464948 0.720625 0.631167 0.04275 0.0683333
0 0.466539 0.661625 0.513167 0.03975 0.0476667
0 0.481653 0.3315 0.3315 0.04 0.069
0 0.486743 0.0795 0.729 0.031 0.0493333
0 0.491898 0.34775 0.861167 0.049 0.0603333
0 0.49742 0.745375 0.045 0.03425 0.0546667
0 0.50029 0.599875 0.448333 0.03575 0.0413333
0 0.510004 0.3225 0.0555 0.051 0.0623333
0 0.513998 0.528375 0.515667 0.03275 0.058
0 0.515467 0.440875 0.147333 0.02675 0.0573333
0 0.530442 0.341 0.119833 0.024 0.0636667
0 0.531421 0.91775 0.221667 0.0445 0.0606667
0 0.540655 0.459 0.309667 0.038 0.054
0 0.54202 0.498875 0.695167 0.04175 0.0436667
0 0.543421 0.415375 0.366333 0.04275 0.062
0 0.549645 0.485125 0.349333 0.03475 0.0626667
0 0.552562 0.719125 0.949667 0.04925 0.0786667
0 0.554293 0.1365 0.114167 0.079 0.091
0 0.55528 0.680875 0.579333 0.03575 0.044
0 0.560547 0.52925 0.241833 0.0605 0.051
0 0.56123 0.24675 0.8145 0.0275 0.125
0 0.569448 0.92475 0.907 0.046 0.058
0 0.569725 0.872875 0.9115 0.04125 0.079
0 0.572203 0.203125 0.0453333 0.07225 0.0886667
0 0.574586 0.555125 0.414833 0.03825 0.0636667
0 0.57706 0.24875 0.178167 0.047 0.0463333
0 0.586711 0.986125 0.438167 0.02725 0.0496667
0 0.590332 0.524375 0.155 0.06575 0.0506667
0 0.59168 0.76525 0.9115 0.1135 0.128333
0 0.599685 0.56975 0.562667 0.061 0.064
0 0.606495 0.235125 0.113333 0.04125 0.0586667
0 0.609292 0.699875 0.0538333 0.06025 0.0543333
0 0.616384 0.627625 0.597333 0.03575 0.0513333
0 0.622068 0.243 0.223333 0.046 0.054
0 0.624798 0.13325 0.342333 0.0665 0.0813333
0 0.641749 0.381875 0.155833 0.03775 0.0556667
0 0.651613 0.219625 0.887833 0.04275 0.0676667
0 0.65664 0.502875 0.596167 0.04325 0.0536667
0 0.658264 0.389875 0.734667 0.06825 0.0706667
0 0.668853 0.211125 0.325667 0.03425 0.0606667
0 0.674852 0.299 0.121 0.0545 0.0693333
0 0.676504 0.419875 0.8215 0.05625 0.107
0 0.678107 0.27775 0.0221667 0.046 0.0443333
0 0.682783 0.6455 0.0468333 0.026 0.055
0 0.6928 0.048125 0.657833 0.04325 0.051
0 0.708681 0.962125 0.596667 0.06925 0.0753333
0 0.719792 0.91675 0.4465 0.074 0.0843333
0 0.744393 0.147875 0.918667 0.04375 0.072
0 0.755256 0.383375 0.625667 0.04925 0.0826667
0 0.759665 0.043 0.341 0.0765 0.0706667
0 0.763324 0.108375 0.6735 0.04975 0.053
