0 0.251544 0.40725 0.8315 0.0245 0.045
0 0.254091 0.440625 0.326333 0.04025 0.034
0 0.256967 0.346125 0.6835 0.02575 0.0283333
0 0.259705 0.983875 0.5465 0.02925 0.029
0 0.260445 0.59975 0.489167 0.024 0.0276667
0 0.262484 0.315625 0.642 0.03475 0.0373333
0 0.264169 0.333 0.464167 0.0415 0.041
0 0.26895 0.571375 0.163333 0.01475 0.0293333
0 0.270477 0.3215 0.4645 0.027 0.0363333
0 0.271346 0.61425 0.560333 0.027 0.05
0 0.281362 0.441375 0.398167 0.03825 0.0336667
0 0.285041 0.787 0.453333 0.032 0.038
0 0.288381 0.631375 0.795833 0.02425 0.0216667
0 0.299666 0.4955 0.417333 0.0175 0.0313333
0 0.301187 0.414625 0.584667 0.03775 0.0613333
0 0.303609 0.946375 0.014 0.02925 0.028
0 0.305854 0.51375 0.625167 0.0375 0.0383333
0 0.306278 0.72925 0.0808333 0.038 0.0436667
0 0.328318 0.665875 0.51 0.04075 0.0473333
0 0.328634 0.941625 0.7235 0.07125 0.045
0 0.333037 0.736375 0.2935 0.04925 0.047
0 0.334992 0.44925 0.641167 0.0345 0.045
0 0.344325 0.476 0.351333 0.0215 0.036
0 0.349795 0.78625 0.543 0.041 0.056
0 0.374375 0.46675 0.250833 0.016 0.037
0 0.377348 0.2925 0.094 0.024 0.0333333
0 0.384578 0.4565 0.7265 0.0245 0.059
0 0.411761 0.556 0.555833 0.0205 0.0356667
0 0.414091 0.665625 0.7605 0.02125 0.0263333
0 0.417418 0.985625 0.249333 0.02775 0.0473333
0 0.427342 0.60375 0.676667 0.0265 0.06
0 0.432928 0.49825 0.507833 0.057 0.043
0 0.435815 0.416375 0.663167 0.06025 0.047
0 0.445939 0.4785 0.749167 0.0425 0.0636667
0 0.447197 0.83125 0.441 0.0375 0.04
0 0.448599 0.774625 0.263667 0.02275 0.0266667
0 0.456037 0.555125 0.2945 0.02075 0.0363333
0 0.456254 0.623875 0.2415 0.03825 0.081
0 0.456804 0.769875 0.3615 0.03175 0.037
0 0.470198 0.62925 0.115833 0.0265 0.0763333
0 0.491505 0.645375 0.665 0.02775 0.0313333
0 0.493963 0.670625 0.286667 0.01775 0.042
0 0.49946 0.545625 0.437667 0.02275 0.0406667
0 0.508271 0.83175 0.912833 0.0455 0.091
0 0.514067 0.77675 0.0738333 0.032 0.0583333
0 0.52585 0.734625 0.656667 0.02275 0.04
0 0.564412 0.70925 0.159333 0.049 0.0793333
0 0.57424 0.5095 0.677833 0.0435 0.061
0 0.596611 0.66 0.122833 0.0205 0.049
0 0.618357 0.831375 0.0828333 0.03575 0.0556667
0 0.627185 0.72875 0.5205 0.0305 0.0556667
0 0.646137 0.569 0.6625 0.0315 0.055
0 0.653044 0.137375 0.943833 0.05725 0.053
0 0.721245 0.32575 0.745333 0.0585 0.08
