0 0.251305 0.234 0.923 0.052 0.131333
0 0.256029 0.6 0.726833 0.027 0.0303333
0 0.25708 0.545375 0.442167 0.03625 0.0443333
0 0.262754 0.47 0.397833 0.029 0.0536667
0 0.263359 0.449875 0.647333 0.05175 0.0606667
0 0.295618 0.07 0.894167 0.0545 0.0903333
0 0.299785 0.28975 0.924833 0.0185 0.0416667
0 0.311879 0.397875 0.664833 0.02225 0.031
0 0.333543 0.38825 0.309 0.043 0.084
0 0.333671 0.443625 0.611833 0.04275 0.118333
0 0.336079 0.1215 0.0341667 0.0325 0.063
0 0.336756 0.100125 0.661 0.05325 0.064
0 0.343734 0.454375 0.905833 0.02825 0.0416667
0 0.353028 0.552875 0.450333 0.02475 0.036
0 0.359235 0.317375 0.7605 0.08775 0.0796667
0 0.372767 0.527875 0.466167 0.03075 0.0576667
0 0.388823 0.411625 0.741167 0.05125 0.061
0 0.390727 0.207875 0.743167 0.06975 0.0503333
0 0.395525 0.481875 0.697667 0.03375 0.0606667
0 0.423443 0.416125 0.2225 0.03925 0.069
0 0.434657 0.020875 0.0496667 0.03775 0.0713333
0 0.445976 0.153 0.115333 0.021 0.0613333
0 0.450971 0.3345 0.655 0.0665 0.0773333
0 0.458402 0.3315 0.0988333 0.016 0.0336667
0 0.459323 0.36425 0.122833 0.0395 0.055
0 0.460722 0.375875 0.221 0.03975 0.0493333
0 0.468234 0.580625 0.435 0.02025 0.04
0 0.471573 0.22875 0.8725 0.0645 0.213667
0 0.474882 0.47025 0.0768333 0.0285 0.073
0 0.481985 0.191125 0.0313333 0.03925 0.0626667
0 0.491283 0.323375 0.210333 0.05025 0.1
0 0.529511 0.665375 0.7975 0.02775 0.039
0 0.532235 0.466375 0.381167 0.03475 0.101667
0 0.548117 0.42675 0.320667 0.0375 0.0593333
0 0.548767 0.293125 0.836833 0.04325 0.0536667
0 0.55192 0.488125 0.507167 0.02475 0.0676667
0 0.59476 0.514375 0.606167 0.02275 0.0443333
0 0.598816 0.616875 0.758667 0.04375 0.0366667
0 0.612234 0.267 0.623333 0.0755 0.116667
0 0.627262 0.11625 0.115667 0.0515 0.07
0 0.641976 0.57225 0.715 0.0355 0.0526667
0 0.652845 0.568625 0.797667 0.04575 0.0833333
0 0.655929 0.193125 0.146 0.05175 0.096
0 0.660644 0.42975 0.824667 0.0405 0.084
0 0.663722 0.680625 0.688167 0.03175 0.0543333
0 0.665061 0.60925 0.6565 0.053 0.100333
0 0.671754 0.396375 0.935 0.05175 0.102
0 0.709578 0.32875 0.913833 0.042 0.095
0 0.717519 0.39175 0.4875 0.057 0.122333
0 0.722883 0.263 0.114 0.0605 0.110667
0 0.733855 0.681 0.560333 0.0275 0.058
0 0.817336 0.317125 0.499333 0.05925 0.0826667
