0 0.254337 0.373375 0.678167 0.02725 0.047
0 0.254827 0.44775 0.3115 0.0455 0.0843333
0 0.258664 0.307625 0.1315 0.02325 0.0303333
0 0.262039 0.494625 0.983833 0.06125 0.0323333
0 0.264964 0.339375 0.279833 0.01025 0.031
0 0.265591 0.419875 0.2795 0.02425 0.035
0 0.277011 0.17175 0.0405 0.0625 0.045
0 0.278553 0.983125 0.1295 0.03375 0.0503333
0 0.279761 0.380125 0.387667 0.02775 0.026
0 0.281243 0.722375 0.0348333 0.04025 0.061
0 0.284101 0.343125 0.44 0.02425 0.0413333
0 0.291478 0.73825 0.717333 0.07 0.0693333
0 0.292215 0.516375 0.291667 0.06975 0.0533333
0 0.293894 0.68 0.343333 0.038 0.0853333
0 0.295293 0.783375 0.0165 0.07825 0.033
0 0.297551 0.850375 0.697 0.04925 0.0506667
0 0.299034 0.868875 0.176 0.05125 0.0493333
0 0.299654 0.371 0.4115 0.028 0.0336667
0 0.300944 0.451125 0.285333 0.04625 0.0613333
0 0.301131 0.3055 0.448833 0.0545 0.053
0 0.303771 0.64625 0.5345 0.0395 0.0796667
0 0.307293 0.5915 0.712333 0.052 0.0446667
0 0.31389 0.49025 0.442167 0.051 0.0616667
0 0.32081 0.94025 0.142667 0.0425 0.0526667
0 0.321951 0.764625 0.366833 0.04825 0.059
0 0.322943 0.7585 0.4535 0.0465 0.0436667
0 0.323888 0.444375 0.635 0.03875 0.0726667
0 0.324379 0.888125 0.1835 0.07075 0.0496667
0 0.32793 0.5165 0.351667 0.075 0.054
0 0.330982 0.578 0.539667 0.081 0.110667
0 0.332285 0.441875 0.347333 0.02275 0.0426667
0 0.337149 0.44425 0.179667 0.0195 0.0313333
0 0.3374 0.33025 0.168167 0.0165 0.0283333
0 0.345703 0.92175 0.452833 0.0325 0.0663333
0 0.35323 0.514375 0.8325 0.02775 0.039
0 0.357645 0.3775 0.015 0.04 0.03
0 0.360311 0.55575 0.696667 0.0325 0.0446667
0 0.366268 0.562125 0.163667 0.02575 0.038
0 0.369957 0.188125 0.728 0.02675 0.0393333
0 0.373852 0.265125 0.194833 0.00975 0.0376667
0 0.37519 0.279 0.792833 0.0605 0.0823333
0 0.38017 0.63075 0.421833 0.0275 0.0283333
0 0.382172 0.671625 0.415333 0.03525 0.0506667
0 0.385064 0.916875 0.055 0.07025 0.098
0 0.38562 0.348875 0.968333 0.03625 0.0633333
0 0.388257 0.98625 0.0443333 0.026 0.0693333
0 0.392252 0.602375 0.861 0.04225 0.0826667
0 0.394012 0.399375 0.126833 0.01475 0.037
0 0.395144 0.582875 0.9565 0.03425 0.0803333
0 0.3973 0.2745 0.644667 0.0405 0.0526667
0 0.398316 0.493375 0.793667 0.04275 0.0426667
0 0.402823 0.78325 0.132667 0.052 0.0633333
0 0.410775 0.505125 0.693167 0.03375 0.0543333
0 0.412254 0.97925 0.209167 0.0375 0.0543333
0 0.414086 0.39025 0.968833 0.036 0.0623333
0 0.415334 0.425875 0.854333 0.05375 0.0766667
0 0.419371 0.53275 0.291833 0.026 0.0376667
0 0.42091 0.41825 0.19 0.0175 0.04
0 0.423612 0.449625 0.223667 0.01575 0.036
0 0.423685 0.345625 0.1315 0.02475 0.0356667
0 0.427584 0.877125 0.329 0.05025 0.066
0 0.428035 0.397125 0.742167 0.02425 0.0583333
0 0.428584 0.493375 0.905333 0.07125 0.066
0 0.430561 0.677375 0.691667 0.05275 0.076
0 0.433122 0.445875 0.964833 0.03375 0.0523333
0 0.433268 0.388875 0.492 0.02825 0.0546667
0 0.433793 0.31575 0.2625 0.0125 0.0423333
0 0.435455 0.8905 0.549 0.067 0.062
0 0.437079 0.710375 0.386333 0.04225 0.0706667
0 0.442194 0.925375 0.926667 0.04125 0.0566667
0 0.446638 0.6075 0.701833 0.0585 0.0496667
0 0.449358 0.80325 0.3085 0.0365 0.0523333
0 0.449737 0.81425 0.470667 0.0515 0.0713333
0 0.45024 0.356 0.795 0.081 0.0533333
0 0.450608 0.474625 0.592833 0.03625 0.083
0 0.452843 0.48125 0.149333 0.0455 0.0386667
0 0.456515 0.63025 0.7545 0.038 0.0603333
0 0.45822 0.525375 0.203333 0.01375 0.0573333
0 0.462364 0.545375 0.0295 0.02725 0.0563333
0 0.46307 0.7675 0.719833 0.085 0.0696667
0 0.465059 0.798125 0.5955 0.04275 0.0783333
0 0.465147 0.21 0.388833 0.0155 0.0303333
0 0.470697 0.524625 0.412833 0.02925 0.0583333
0 0.473925 0.197125 0.799333 0.05175 0.0606667
0 0.47799 0.25475 0.605167 0.0405 0.103667
0 0.483285 0.520625 0.736667 0.02425 0.0313333
0 0.485187 0.52825 0.639167 0.0665 0.0463333
0 0.487287 0.68525 0.156 0.1095 0.0593333
0 0.488435 0.657375 0.878333 0.07125 0.0593333
0 0.488783 0.629875 0.3495 0.04025 0.053
0 0.498451 0.7745 0.6435 0.0425 0.0523333
0 0.510462 0.559375 0.243833 0.03275 0.0463333
0 0.513014 0.139125 0.7805 0.05525 0.0596667
0 0.518076 0.839125 0.0901667 0.04625 0.0696667
0 0.51815 0.678625 0.311 0.03975 0.0613333
0 0.518797 0.319375 0.685333 0.05075 0.0606667
0 0.524261 0.867875 0.456 0.03525 0.042
0 0.526428 0.716 0.0998333 0.0335 0.049
0 0.527648 0.2995 0.825333 0.0305 0.0573333
0 0.530946 0.407875 0.263 0.02025 0.0313333
0 0.533161 0.4415 0.067 0.0225 0.042
0 0.537552 0.22 0.71 0.032 0.0493333
0 0.541608 0.5865 0.192667 0.0235 0.0753333
0 0.544372 0.863625 0.855 0.04125 0.0606667
0 0.549198 0.907625 0.798 0.04175 0.0593333
0 0.55429 0.423875 0.132833 0.02875 0.0576667
0 0.560867 0.69075 0.485 0.047 0.0546667
0 0.562649 0.417125 0.0478333 0.02375 0.0396667
0 0.572927 0.380375 0.258833 0.01275 0.033
0 0.573307 0.3345 0.5185 0.048 0.051
0 0.576375 0.58675 0.305167 0.0395 0.0616667
0 0.586794 0.795125 0.232333 0.01975 0.0533333
0 0.587424 0.02675 0.951667 0.0365 0.054
0 0.589711 0.96525 0.6445 0.06 0.111667
0 0.590273 0.57 0.0663333 0.0265 0.0373333
0 0.6006 0.021125 0.809167 0.04125 0.057
0 0.606032 0.269125 0.721167 0.04775 0.0623333
0 0.615432 0.69375 0.2245 0.123 0.0816667
0 0.62246 0.38875 0.0633333 0.0205 0.034
0 0.626439 0.494875 0.527167 0.04375 0.059
0 0.630655 0.3955 0.556833 0.042 0.0703333
0 0.647756 0.325875 0.325167 0.02775 0.0376667
0 0.647773 0.567625 0.779167 0.07375 0.057
0 0.650061 0.2245 0.9095 0.0695 0.0883333
0 0.651238 0.441125 0.405833 0.05425 0.071
0 0.661996 0.72275 0.924167 0.0745 0.055
0 0.679383 0.4345 0.489667 0.039 0.0393333
0 0.693519 0.60725 0.130167 0.0535 0.0783333
0 0.700627 0.8855 0.625167 0.071 0.0643333
0 0.703167 0.368625 0.345667 0.03475 0.0446667
0 0.706969 0.1595 0.9415 0.0615 0.0856667
0 0.714917 0.717125 0.645333 0.05775 0.0573333
