0 0.272656 0.332 0.0138333 0.0805 0.0276667
0 0.310882 0.453375 0.853333 0.05425 0.198667
0 0.325694 0.64925 0.872667 0.015 0.0726667
0 0.330634 0.4565 0.807667 0.036 0.0866667
0 0.35226 0.632375 0.139833 0.02975 0.077
0 0.352745 0.802875 0.5925 0.07125 0.061
0 0.35935 0.871375 0.848333 0.05025 0.082
0 0.376778 0.459 0.0861667 0.055 0.0876667
0 0.390768 0.536625 0.352833 0.02475 0.057
0 0.391057 0.6505 0.6595 0.0615 0.0763333
0 0.404067 0.908375 0.759667 0.02975 0.0653333
0 0.406996 0.817625 0.361 0.02825 0.0433333
0 0.410733 0.761875 0.124333 0.03175 0.0386667
0 0.424559 0.857375 0.415833 0.08275 0.0603333
0 0.435095 0.719375 0.252 0.01875 0.0413333
0 0.437081 0.20425 0.0188333 0.0335 0.0356667
0 0.437189 0.447625 0.877 0.04675 0.0866667
0 0.450636 0.987875 0.433833 0.02075 0.0543333
0 0.459493 0.87625 0.550667 0.038 0.0953333
0 0.464898 0.3475 0.173833 0.036 0.0443333
0 0.467698 0.773625 0.371167 0.06075 0.0743333
0 0.489109 0.5 0.828 0.022 0.058
0 0.493193 0.399 0.207167 0.041 0.0483333
0 0.493742 0.377625 0.789333 0.05575 0.0666667
0 0.511474 0.8335 0.1605 0.0335 0.0736667
0 0.521809 0.92125 0.0193333 0.03 0.0366667
0 0.529639 0.190125 0.0816667 0.03925 0.068
0 0.5297 0.400625 0.730833 0.04525 0.063
0 0.541785 0.566 0.980667 0.02 0.0386667
0 0.544991 0.889 0.710333 0.0535 0.0753333
0 0.549825 0.61925 0.585 0.035 0.058
0 0.559088 0.69425 0.523667 0.073 0.0633333
0 0.56035 0.445125 0.172833 0.03675 0.0736667
0 0.562179 0.67925 0.317833 0.037 0.0756667
0 0.565331 0.407625 0.157333 0.04025 0.062
0 0.569214 0.744125 0.553 0.03075 0.0653333
0 0.56964 0.98025 0.361 0.0365 0.0433333
0 0.576047 0.702875 0.428833 0.03625 0.0596667
0 0.581626 0.58475 0.308833 0.0495 0.111667
0 0.587223 0.53675 0.257167 0.026 0.0943333
0 0.588718 0.429625 0.332333 0.02575 0.0366667
0 0.605875 0.63825 0.364167 0.03 0.0603333
0 0.608635 0.828875 0.6665 0.04775 0.123667
0 0.611996 0.233 0.0581667 0.036 0.079
0 0.620694 0.579625 0.0988333 0.06775 0.197667
0 0.628697 0.512625 0.427833 0.11125 0.116333
0 0.637041 0.673125 0.146667 0.03825 0.056
0 0.637434 0.78975 0.0301667 0.0405 0.057
0 0.641039 0.551 0.8865 0.0645 0.149
0 0.644983 0.72925 0.0736667 0.042 0.0633333
0 0.655096 0.278375 0.101333 0.04225 0.0866667
0 0.655779 0.936 0.843 0.041 0.098
0 0.657713 0.4935 0.192667 0.048 0.170667
0 0.667982 0.735375 0.157833 0.03775 0.0463333
0 0.675904 0.79975 0.288 0.05 0.1
0 0.677671 0.67575 0.0508333 0.0415 0.0976667
0 0.680382 0.834625 0.936 0.05825 0.084
0 0.704079 0.773625 0.954167 0.05775 0.0916667
0 0.711707 0.69575 0.212333 0.0455 0.0506667
0 0.74953 0.903375 0.217667 0.04725 0.0486667
0 0.751169 0.585 0.7415 0.035 0.0383333
0 0.755041 0.510375 0.7425 0.06625 0.0936667
0 0.755341 0.82925 0.452833 0.0805 0.059
0 0.773588 0.957625 0.121167 0.07825 0.113667
0 0.779835 0.559125 0.534167 0.05125 0.133
0 0.790273 0.889875 0.082 0.05725 0.0653333
