0 0.253348 0.95875 0.172667 0.0335 0.0346667
0 0.254618 0.66025 0.545167 0.0325 0.0383333
0 0.256673 0.255875 0.417 0.04725 0.0373333
0 0.258809 0.58275 0.9835 0.041 0.029
0 0.261524 0.279125 0.361833 0.05075 0.059
0 0.265478 0.387125 0.9055 0.03725 0.053
0 0.268809 0.307875 0.623667 0.04425 0.04
0 0.272476 0.3255 0.0128333 0.041 0.0256667
0 0.274601 0.3295 0.4385 0.029 0.035
0 0.277763 0.5205 0.549333 0.0415 0.0506667
0 0.278644 0.961 0.041 0.078 0.082
0 0.281298 0.362125 0.707333 0.02425 0.0393333
0 0.28452 0.604625 0.5645 0.02875 0.029
0 0.287515 0.244875 0.569167 0.05075 0.0543333
0 0.294314 0.60475 0.4575 0.02 0.043
0 0.298572 0.0095 0.771167 0.0155 0.045
0 0.304091 0.19375 0.082 0.0355 0.0586667
0 0.317221 0.341875 0.433167 0.04825 0.0483333
0 0.320519 0.485 0.235167 0.0485 0.0683333
0 0.321782 0.288875 0.374167 0.03425 0.051
0 0.323746 0.31975 0.328167 0.02 0.033
0 0.332906 0.1795 0.708833 0.0305 0.071
0 0.335745 0.19125 0.323833 0.022 0.043
0 0.341886 0.494875 0.7325 0.05375 0.0736667
0 0.342293 0.52225 0.658 0.036 0.046
0 0.354504 0.149625 0.344333 0.04725 0.068
0 0.356556 0.33025 0.386 0.0385 0.0433333
0 0.359854 0.632375 0.589167 0.01525 0.031
0 0.364336 0.98725 0.218167 0.024 0.035
0 0.368322 0.661125 0.490333 0.02675 0.0313333
0 0.374318 0.206375 0.7035 0.09275 0.0843333
0 0.37932 0.055875 0.320833 0.02725 0.0283333
0 0.3798 0.17375 0.240167 0.0425 0.047
0 0.390936 0.202 0.021 0.0335 0.042
0 0.393777 0.07 0.3865 0.034 0.0536667
0 0.403576 0.574125 0.536 0.02925 0.04
0 0.404677 0.33625 0.409 0.046 0.0933333
0 0.406335 0.40375 0.681 0.0245 0.0386667
0 0.418065 0.559625 0.853667 0.12025 0.0593333
0 0.420532 0.400625 0.849667 0.04425 0.0413333
0 0.420778 0.409875 0.399833 0.02175 0.035
0 0.433901 0.726 0.652333 0.065 0.0593333
0 0.436213 0.533625 0.250833 0.03875 0.0576667
0 0.439296 0.19875 0.375833 0.0455 0.0456667
0 0.442757 0.802125 0.0321667 0.02425 0.0396667
0 0.449984 0.48875 0.0371667 0.0365 0.0743333
0 0.451259 0.562875 0.7245 0.03025 0.0556667
0 0.452199 0.53475 0.583667 0.019 0.036
0 0.457129 0.157 0.2075 0.039 0.041
0 0.462005 0.31425 0.952333 0.0505 0.0853333
0 0.463432 0.42825 0.4545 0.016 0.0323333
0 0.470732 0.23 0.911833 0.044 0.063
0 0.492451 0.0615 0.2435 0.035 0.0523333
0 0.493211 0.44025 0.0895 0.0315 0.0503333
0 0.504767 0.683 0.144 0.0275 0.0306667
0 0.513385 0.262875 0.346667 0.04275 0.0453333
0 0.514455 0.618625 0.493333 0.02675 0.0313333
0 0.518894 0.35625 0.51 0.0415 0.0406667
0 0.519376 0.936875 0.232667 0.04925 0.0406667
0 0.52228 0.260125 0.0443333 0.03825 0.0546667
0 0.531732 0.269125 0.780833 0.03875 0.047
0 0.535299 0.4495 0.659333 0.0565 0.048
0 0.536811 0.276875 0.637667 0.07725 0.0566667
0 0.544095 0.102375 0.2925 0.05425 0.051
0 0.545645 0.377375 0.386667 0.02125 0.0366667
0 0.546372 0.165625 0.600667 0.03875 0.064
0 0.553634 0.32 0.0636667 0.046 0.0686667
0 0.5886 0.121125 0.737167 0.04775 0.0456667
0 0.592067 0.034875 0.708833 0.04625 0.053
0 0.599949 0.39325 0.581833 0.032 0.0536667
0 0.60052 0.401 0.0568333 0.0315 0.0556667
0 0.609865 0.36475 0.763 0.072 0.064
0 0.62026 0.169875 0.427333 0.04825 0.0833333
0 0.626721 0.209125 0.848833 0.07375 0.0736667
0 0.629679 0.4395 0.563667 0.032 0.048
0 0.645387 0.072875 0.182 0.03725 0.0426667
0 0.656846 0.3135 0.713 0.0625 0.078
0 0.666207 0.289375 0.4765 0.04225 0.0543333
0 0.683732 0.338875 0.199167 0.03875 0.041
0 0.6924 0.290625 0.232333 0.05175 0.07
0 0.700737 0.376625 0.647333 0.04075 0.0606667
0 0.712913 0.09325 0.819 0.0465 0.056
0 0.738306 0.37925 0.250667 0.061 0.0713333
0 0.783499 0.2445 0.136833 0.0845 0.083
