0 0.253699 0.516125 0.217833 0.02275 0.0356667
0 0.261839 0.8775 0.886667 0.0545 0.038
0 0.265709 0.514875 0.581667 0.02975 0.0306667
0 0.278999 0.5395 0.245833 0.029 0.0403333
0 0.282336 0.06525 0.793167 0.1175 0.0643333
0 0.285369 0.84375 0.485833 0.0615 0.073
0 0.286335 0.515625 0.6875 0.02425 0.0556667
0 0.291273 0.6385 0.538333 0.02 0.0333333
0 0.311848 0.532875 0.361 0.02375 0.056
0 0.311989 0.827375 0.583833 0.04125 0.0436667
0 0.316482 0.061875 0.825167 0.09875 0.103
0 0.320139 0.742375 0.703833 0.03475 0.0343333
0 0.325193 0.55625 0.0153333 0.0385 0.0306667
0 0.337391 0.2165 0.0201667 0.027 0.033
0 0.339254 0.887875 0.8105 0.04775 0.0456667
0 0.344754 0.9415 0.741 0.066 0.0666667
0 0.345734 0.22 0.943167 0.0355 0.061
0 0.351176 0.270875 0.190833 0.09325 0.065
0 0.354349 0.665875 0.653167 0.04025 0.0756667
0 0.355835 0.62325 0.013 0.0315 0.026
0 0.358158 0.020875 0.0253333 0.03725 0.0506667
0 0.368643 0.05525 0.768167 0.102 0.0763333
0 0.373574 0.25125 0.8225 0.049 0.0496667
0 0.375364 0.543125 0.352167 0.03875 0.0696667
0 0.375642 0.693625 0.303 0.01825 0.0373333
0 0.37859 0.691 0.425167 0.0195 0.0556667
0 0.38163 0.169125 0.615333 0.02575 0.0386667
0 0.381742 0.703125 0.0933333 0.03875 0.0473333
0 0.385334 0.609 0.609333 0.0285 0.0246667
0 0.38793 0.654875 0.0383333 0.02875 0.0626667
0 0.388425 0.727125 0.256833 0.02625 0.049
0 0.391694 0.66075 0.7955 0.0765 0.0496667
0 0.398534 0.298125 0.387 0.02725 0.048
0 0.398564 0.2295 0.908833 0.039 0.102333
0 0.405359 0.18275 0.497333 0.0445 0.032
0 0.408448 0.585375 0.287833 0.01025 0.0256667
0 0.409618 0.588125 0.028 0.01725 0.042
0 0.411594 0.15175 0.552167 0.0345 0.0656667
0 0.415735 0.550125 0.432833 0.02025 0.0783333
0 0.418536 0.421 0.9795 0.054 0.0396667
0 0.421359 0.57925 0.337833 0.026 0.0363333
0 0.421873 0.2245 0.319833 0.042 0.083
0 0.423387 0.67925 0.1295 0.031 0.063
0 0.430321 0.7825 0.2195 0.05 0.0743333
0 0.433737 0.924375 0.825167 0.03325 0.0603333
0 0.434589 0.5705 0.217333 0.0415 0.0913333
0 0.435569 0.52125 0.778833 0.036 0.081
0 0.447161 0.34575 0.6615 0.04 0.049
0 0.452933 0.57675 0.705667 0.026 0.038
0 0.453861 0.08725 0.7935 0.066 0.0443333
0 0.45716 0.92625 0.327667 0.039 0.0826667
0 0.460968 0.07125 0.8415 0.0605 0.045
0 0.462103 0.243875 0.414333 0.07025 0.0586667
0 0.463822 0.856375 0.882333 0.03175 0.0386667
0 0.475298 0.196375 0.688667 0.07875 0.05
0 0.477882 0.102375 0.660667 0.05625 0.0386667
0 0.48068 0.7795 0.095 0.0385 0.0373333
0 0.480755 0.01475 0.497 0.0275 0.0466667
0 0.480855 0.73675 0.737667 0.064 0.082
0 0.487798 0.446625 0.251667 0.03125 0.0413333
0 0.493433 0.054375 0.0678333 0.04975 0.0743333
0 0.495071 0.6935 0.0278333 0.042 0.0523333
0 0.4994 0.343875 0.850833 0.03525 0.0956667
0 0.499481 0.5165 0.5345 0.036 0.0663333
0 0.501368 0.476125 0.897667 0.05575 0.155333
0 0.501624 0.4065 0.231167 0.0345 0.063
0 0.505845 0.638 0.0858333 0.02 0.0376667
0 0.507798 0.375 0.0516667 0.054 0.0973333
0 0.512112 0.6055 0.410833 0.028 0.0443333
0 0.513872 0.37525 0.121333 0.059 0.0593333
0 0.514849 0.51425 0.318833 0.0445 0.037
0 0.520535 0.776375 0.3605 0.03125 0.047
0 0.526926 0.876875 0.65 0.03225 0.04
0 0.530979 0.851375 0.462333 0.06475 0.133333
0 0.533175 0.3605 0.956167 0.0355 0.045
0 0.53538 0.054375 0.747833 0.08625 0.0536667
0 0.53728 0.404375 0.679 0.05975 0.056
0 0.538057 0.79675 0.0326667 0.0415 0.0553333
0 0.539729 0.330875 0.788167 0.05625 0.0816667
0 0.553822 0.41075 0.7835 0.0825 0.0463333
0 0.553895 0.764625 0.454833 0.03475 0.0943333
0 0.556184 0.684875 0.922667 0.02325 0.05
0 0.559845 0.634875 0.9085 0.03325 0.0676667
0 0.570766 0.47075 0.2805 0.053 0.0576667
0 0.572217 0.963875 0.1325 0.06575 0.103667
0 0.572824 0.531375 0.284167 0.02625 0.0356667
0 0.576908 0.4715 0.4815 0.035 0.0503333
0 0.579954 0.424 0.521167 0.0375 0.0463333
0 0.582825 0.90975 0.110333 0.051 0.0566667
0 0.583164 0.822875 0.7265 0.04725 0.077
0 0.594457 0.61825 0.3415 0.026 0.0716667
0 0.599513 0.71025 0.525667 0.0735 0.078
0 0.602242 0.16275 0.926667 0.0605 0.0813333
0 0.606205 0.123625 0.596167 0.04575 0.057
0 0.612761 0.81 0.878333 0.031 0.0713333
0 0.612985 0.891625 0.0266667 0.05025 0.0466667
0 0.61365 0.89825 0.260167 0.0355 0.071
0 0.617637 0.586125 0.807667 0.03825 0.0513333
0 0.617811 0.13 0.762 0.0625 0.056
0 0.62107 0.1955 0.151667 0.07 0.084
0 0.624297 0.306 0.936167 0.0815 0.109667
0 0.624749 0.697375 0.658167 0.05775 0.0883333
0 0.627756 0.669 0.382 0.0375 0.0626667
0 0.63499 0.845875 0.2775 0.07225 0.0936667
0 0.636479 0.67375 0.810333 0.103 0.0833333
0 0.657442 0.308125 0.111333 0.05825 0.0906667
0 0.657725 0.738 0.0503333 0.0425 0.0806667
0 0.659364 0.561 0.281333 0.022 0.056
0 0.667452 0.37 0.5635 0.0795 0.0876667
0 0.667587 0.82025 0.411833 0.041 0.103
0 0.673833 0.867375 0.759 0.05325 0.0746667
0 0.674097 0.463125 0.548 0.03225 0.07
0 0.681147 0.165625 0.0855 0.04225 0.0496667
0 0.681537 0.87275 0.201167 0.055 0.0656667
0 0.683593 0.591125 0.0875 0.02075 0.0556667
0 0.687087 0.66675 0.722833 0.041 0.075
0 0.693348 0.190375 0.754833 0.04725 0.105667
0 0.698976 0.79 0.241333 0.044 0.0513333
0 0.714366 0.9615 0.453833 0.077 0.104333
0 0.716755 0.29 0.2785 0.0615 0.0883333
0 0.723684 0.369375 0.384 0.02875 0.0726667
0 0.738991 0.183375 0.243333 0.06625 0.068
0 0.746067 0.77725 0.186833 0.053 0.059
0 0.752604 0.4345 0.3955 0.0425 0.0796667
0 0.757985 0.120375 0.1365 0.04225 0.091
0 0.797217 0.428 0.177167 0.0465 0.079
