0 0.250731 0.416875 0.0388333 0.02275 0.0563333
0 0.252058 0.565875 0.149667 0.02875 0.0233333
0 0.254622 0.85375 0.0746667 0.018 0.0273333
0 0.256933 0.975125 0.921167 0.04975 0.0576667
0 0.259892 0.744125 0.527833 0.01175 0.0276667
0 0.261237 0.712625 0.152 0.02075 0.0453333
0 0.264544 0.40475 0.4595 0.067 0.0543333
0 0.265653 0.983875 0.769667 0.02325 0.034
0 0.267448 0.08725 0.0166667 0.0675 0.0333333
0 0.268921 0.574875 0.336333 0.03225 0.0386667
0 0.277168 0.155875 0.014 0.03125 0.028
0 0.277234 0.884625 0.0506667 0.01725 0.0293333
0 0.277574 0.123625 0.138333 0.03925 0.0353333
0 0.281935 0.73975 0.475833 0.032 0.0743333
0 0.287283 0.509375 0.0623333 0.01475 0.032
0 0.28737 0.621875 0.7145 0.04875 0.0336667
0 0.293684 0.51275 0.2725 0.024 0.0316667
0 0.298569 0.7125 0.377 0.015 0.0373333
0 0.300306 0.443125 0.196 0.07375 0.052
0 0.306677 0.401375 0.6335 0.01775 0.0323333
0 0.308343 0.415875 0.205667 0.01825 0.0473333
0 0.313433 0.008625 0.0583333 0.01625 0.0873333
0 0.314587 0.009875 0.926333 0.01975 0.044
0 0.316613 0.415 0.983167 0.0775 0.0323333
0 0.317996 0.4495 0.104 0.012 0.028
0 0.323192 0.523 0.135667 0.0175 0.0353333
0 0.323414 0.697375 0.797 0.02125 0.0413333
0 0.328769 0.795375 0.2615 0.02975 0.0583333
0 0.334061 0.58 0.0813333 0.0175 0.0346667
0 0.335817 0.986 0.133167 0.0245 0.055
0 0.339028 0.8975 0.543833 0.048 0.0496667
0 0.345818 0.092 0.6005 0.045 0.049
0 0.352899 0.132875 0.146167 0.02525 0.0436667
0 0.356654 0.68425 0.468833 0.017 0.0483333
0 0.36311 0.906875 0.646 0.07625 0.0526667
0 0.368743 0.562125 0.328333 0.06275 0.0613333
0 0.371389 0.416875 0.124833 0.02825 0.0263333
0 0.373647 0.481375 0.0173333 0.04425 0.034
0 0.378297 0.59075 0.2075 0.022 0.0276667
0 0.381591 0.674375 0.0266667 0.01775 0.0413333
0 0.383068 0.02625 0.8435 0.043 0.0523333
0 0.386333 0.311125 0.321167 0.03975 0.041
0 0.391837 0.198 0.1295 0.0195 0.043
0 0.393178 0.933375 0.792167 0.04925 0.0496667
0 0.393466 0.643625 0.245667 0.03525 0.054
0 0.399024 0.773 0.581667 0.0255 0.0506667
0 0.399151 0.423125 0.0896667 0.03275 0.034
0 0.401314 0.32125 0.899333 0.0565 0.084
0 0.402312 0.748875 0.233833 0.01825 0.0363333
0 0.412821 0.038375 0.386333 0.03275 0.0393333
0 0.414697 0.52025 0.977 0.058 0.0413333
0 0.430367 0.548375 0.175833 0.01225 0.0336667
0 0.433311 0.683 0.4135 0.0295 0.0396667
0 0.434046 0.539125 0.741333 0.06775 0.0526667
0 0.438288 0.951875 0.075 0.02225 0.0373333
0 0.438661 0.58125 0.3925 0.0475 0.047
0 0.445858 0.891 0.8315 0.044 0.0463333
0 0.448215 0.981125 0.81 0.03175 0.042
0 0.450382 0.813 0.0651667 0.025 0.0416667
0 0.455459 0.324125 0.930667 0.06425 0.072
0 0.463631 0.305375 0.365167 0.03525 0.0296667
0 0.474579 0.4825 0.587333 0.036 0.0986667
0 0.474776 0.690125 0.586833 0.05325 0.0643333
0 0.47584 0.73175 0.458333 0.037 0.0773333
0 0.476084 0.359625 0.320167 0.02575 0.0336667
0 0.482355 0.7405 0.345167 0.027 0.0883333
0 0.485923 0.44925 0.053 0.0325 0.0453333
0 0.490287 0.950125 0.724 0.06775 0.0593333
0 0.494841 0.230625 0.192667 0.04475 0.0513333
0 0.495395 0.44275 0.1895 0.037 0.053
0 0.5096 0.39175 0.750333 0.035 0.074
0 0.510925 0.463125 0.428 0.03875 0.0673333
0 0.514439 0.619 0.107667 0.0205 0.0333333
0 0.514574 0.702375 0.844667 0.03375 0.09
0 0.516127 0.471625 0.1335 0.04475 0.0456667
0 0.526259 0.160875 0.150333 0.02325 0.0406667
0 0.528204 0.06 0.671667 0.0785 0.062
0 0.537454 0.056625 0.965333 0.04075 0.0546667
0 0.542242 0.476625 0.67 0.05625 0.0926667
0 0.553087 0.39425 0.153667 0.0255 0.0306667
0 0.556452 0.650375 0.1905 0.01825 0.0443333
0 0.556881 0.244125 0.429833 0.01875 0.0563333
0 0.560307 0.899375 0.1265 0.04025 0.0403333
0 0.567208 0.135375 0.975167 0.08775 0.047
0 0.568203 0.8505 0.488667 0.062 0.106
0 0.579696 0.709875 0.239167 0.03525 0.071
0 0.58118 0.249375 0.375 0.03675 0.052
0 0.583545 0.103125 0.176 0.06675 0.0553333
0 0.588623 0.458625 0.282167 0.03175 0.0856667
0 0.589582 0.48825 0.861 0.1005 0.106
0 0.599068 0.54625 0.0628333 0.0345 0.087
0 0.601049 0.939375 0.137167 0.02725 0.035
0 0.611086 0.589125 0.605 0.06525 0.0826667
0 0.615255 0.3355 0.495167 0.0845 0.071
0 0.622259 0.762375 0.693333 0.02625 0.0706667
0 0.625075 0.389125 0.0286667 0.01775 0.0426667
0 0.629778 0.379125 0.923667 0.04775 0.052
0 0.630684 0.311375 0.0246667 0.04225 0.0493333
0 0.633406 0.31175 0.229333 0.027 0.0613333
0 0.635082 0.42975 0.737167 0.035 0.0556667
0 0.644882 0.628625 0.447667 0.03175 0.0613333
0 0.649674 0.659875 0.632167 0.02975 0.0823333
0 0.653847 0.464625 0.945833 0.10425 0.0556667
0 0.653976 0.131625 0.0363333 0.02725 0.0406667
0 0.664882 0.52975 0.628833 0.04 0.0763333
0 0.665794 0.55375 0.454333 0.047 0.0793333
0 0.673726 0.403 0.846167 0.0355 0.053
0 0.674385 0.358 0.0911667 0.0255 0.0716667
0 0.68614 0.231875 0.2905 0.03175 0.0363333
0 0.69094 0.2035 0.454167 0.055 0.0623333
0 0.694837 0.6725 0.725 0.036 0.0573333
0 0.695206 0.878375 0.699 0.06275 0.0853333
0 0.720605 0.31875 0.870167 0.0525 0.053
0 0.720738 0.238 0.570333 0.0535 0.0753333
0 0.824601 0.605125 0.802667 0.06375 0.106
