0 0.256329 0.310875 0.978667 0.05725 0.0413333
0 0.267065 0.879375 0.938167 0.02575 0.029
0 0.267714 0.622875 0.879167 0.04925 0.085
0 0.273722 0.665 0.765667 0.021 0.042
0 0.274512 0.279375 0.525167 0.03425 0.0496667
0 0.27762 0.535375 0.667333 0.06225 0.066
0 0.280836 0.63275 0.4235 0.0495 0.0423333
0 0.282474 0.78475 0.7715 0.027 0.0403333
0 0.283162 0.322 0.451667 0.031 0.0293333
0 0.285473 0.977875 0.578167 0.04325 0.057
0 0.289195 0.35625 0.736167 0.0375 0.051
0 0.291803 0.723125 0.614167 0.02175 0.0516667
0 0.293643 0.477875 0.345167 0.00875 0.0276667
0 0.306291 0.913375 0.640167 0.01525 0.045
0 0.307053 0.532125 0.479833 0.03175 0.083
0 0.314125 0.87375 0.5665 0.039 0.0603333
0 0.314876 0.2955 0.582833 0.0225 0.0316667
0 0.319304 0.56325 0.854667 0.046 0.082
0 0.321818 0.66125 0.0863333 0.034 0.0373333
0 0.329774 0.12125 0.894667 0.1025 0.0706667
0 0.330954 0.488375 0.0173333 0.03075 0.0253333
0 0.33225 0.404875 0.441833 0.02725 0.0303333
0 0.334672 0.75275 0.365667 0.028 0.03
0 0.340492 0.26125 0.315667 0.058 0.0466667
0 0.346875 0.88 0.151 0.0225 0.0393333
0 0.352331 0.397125 0.469167 0.03625 0.0396667
0 0.359502 0.9155 0.913833 0.0395 0.0556667
0 0.360437 0.33425 0.792 0.0315 0.0293333
0 0.364849 0.58775 0.4845 0.033 0.0336667
0 0.368886 0.608 0.475833 0.062 0.0463333
0 0.369302 0.2275 0.378 0.039 0.05
0 0.382105 0.228375 0.619833 0.05225 0.0623333
0 0.385668 0.743375 0.670333 0.04925 0.0933333
0 0.393623 0.391375 0.546667 0.02375 0.036
0 0.394126 0.26825 0.374167 0.025 0.053
0 0.401171 0.46175 0.452167 0.0715 0.047
0 0.410485 0.965125 0.720667 0.06725 0.058
0 0.412334 0.500875 0.1475 0.05425 0.0423333
0 0.420602 0.126875 0.0758333 0.05625 0.063
0 0.425295 0.986 0.239333 0.028 0.0486667
0 0.437393 0.8125 0.0873333 0.014 0.032
0 0.443768 0.5845 0.36 0.023 0.0366667
0 0.444232 0.350625 0.609833 0.04425 0.043
0 0.44957 0.890125 0.488333 0.04775 0.0513333
0 0.455476 0.503875 0.0131667 0.02625 0.0263333
0 0.457093 0.39225 0.0416667 0.0205 0.0573333
0 0.458905 0.787625 0.362167 0.04575 0.035
0 0.459391 0.607 0.741333 0.0325 0.0413333
0 0.461986 0.575375 0.213667 0.02925 0.03
0 0.46205 0.6015 0.921 0.0355 0.0453333
0 0.468836 0.76025 0.158 0.063 0.0446667
0 0.488659 0.827375 0.029 0.02175 0.0326667
0 0.493076 0.516125 0.0518333 0.01525 0.033
0 0.493493 0.016125 0.437833 0.03125 0.100333
0 0.506138 0.798125 0.879333 0.03875 0.0386667
0 0.512027 0.426625 0.5145 0.03725 0.0516667
0 0.517241 0.35075 0.831 0.071 0.08
0 0.517801 0.317375 0.347833 0.04025 0.047
0 0.517896 0.808 0.816833 0.028 0.0443333
0 0.519449 0.624 0.5605 0.079 0.055
0 0.520282 0.282 0.442667 0.032 0.052
0 0.520782 0.692375 0.503667 0.04875 0.0573333
0 0.526387 0.566 0.524333 0.0395 0.056
0 0.526431 0.347125 0.540833 0.04275 0.0476667
0 0.526475 0.82825 0.605 0.0965 0.08
0 0.561781 0.413625 0.0488333 0.03775 0.093
0 0.564433 0.766 0.4175 0.045 0.053
0 0.565619 0.022 0.353833 0.044 0.053
0 0.572785 0.17425 0.127833 0.03 0.047
0 0.57822 0.31625 0.692 0.0625 0.072
0 0.585302 0.589125 0.614167 0.02975 0.0776667
0 0.600412 0.543 0.0216667 0.0295 0.0373333
0 0.602871 0.423375 0.571667 0.03275 0.064
0 0.603934 0.410875 0.639 0.06225 0.0706667
0 0.604325 0.92775 0.0696667 0.0425 0.0793333
0 0.619943 0.589625 0.254 0.01725 0.0393333
0 0.624734 0.617125 0.332333 0.02125 0.0413333
0 0.626877 0.492375 0.0655 0.03925 0.0423333
0 0.635219 0.414125 0.7755 0.04275 0.0456667
0 0.637409 0.297 0.221 0.0305 0.0473333
0 0.6393 0.217625 0.175833 0.06475 0.0643333
0 0.640592 0.370125 0.037 0.02775 0.0593333
0 0.650471 0.573375 0.4145 0.05375 0.0576667
0 0.650503 0.75 0.101667 0.059 0.064
0 0.660946 0.25775 0.254833 0.07 0.0543333
0 0.670523 0.828125 0.49 0.07625 0.092
0 0.671151 0.312125 0.172 0.06075 0.0826667
0 0.690426 0.047125 0.783 0.04625 0.0853333
0 0.692935 0.685875 0.674 0.05075 0.0846667
0 0.693127 0.78425 0.026 0.029 0.0446667
0 0.709641 0.470875 0.535833 0.04725 0.0956667
0 0.727432 0.4655 0.8635 0.0675 0.0856667
0 0.752568 0.72 0.401667 0.0355 0.0666667
