0 0.252659 0.816 0.308833 0.034 0.069
0 0.281443 0.99125 0.131167 0.0165 0.043
0 0.293041 0.698625 0.732833 0.03225 0.0583333
0 0.303884 0.976625 0.218667 0.04325 0.0906667
0 0.308656 0.6685 0.053 0.039 0.044
0 0.312863 0.701875 0.7445 0.03375 0.0296667
0 0.327612 0.614875 0.438667 0.03475 0.0306667
0 0.331618 0.933375 0.29 0.03575 0.056
0 0.335135 0.676375 0.207667 0.04625 0.072
0 0.335705 0.73625 0.201 0.034 0.0666667
0 0.338516 0.47875 0.298167 0.0195 0.0403333
0 0.340012 0.514125 0.984167 0.02075 0.0316667
0 0.351099 0.4805 0.187167 0.024 0.0403333
0 0.358448 0.51725 0.731333 0.0275 0.0246667
0 0.366864 0.48075 0.630333 0.019 0.038
0 0.369983 0.927 0.495667 0.0475 0.0453333
0 0.370673 0.380125 0.4655 0.02025 0.033
0 0.37275 0.472875 0.691667 0.02125 0.0373333
0 0.378244 0.635125 0.306 0.03025 0.0446667
0 0.380583 0.536375 0.559833 0.02375 0.0296667
0 0.39884 0.457625 0.713833 0.03775 0.0416667
0 0.415752 0.9525 0.0333333 0.034 0.0493333
0 0.41734 0.87675 0.287167 0.0265 0.0563333
0 0.420773 0.5305 0.472167 0.033 0.033
0 0.423248 0.734875 0.457667 0.04675 0.046
0 0.424701 0.73475 0.814167 0.016 0.0283333
0 0.430558 0.43925 0.27 0.0245 0.036
0 0.43267 0.670375 0.129833 0.02775 0.0456667
0 0.432875 0.37025 0.393 0.0355 0.04
0 0.434273 0.4645 0.443833 0.02 0.0323333
0 0.436622 0.7145 0.2845 0.067 0.065
0 0.458488 0.7945 0.0521667 0.038 0.053
0 0.470838 0.775125 0.648833 0.02525 0.061
0 0.484707 0.7705 0.170833 0.0395 0.101
0 0.491029 0.500375 0.674 0.01475 0.0353333
0 0.491507 0.4765 0.249333 0.023 0.0466667
0 0.494224 0.438375 0.341167 0.01525 0.037
0 0.497358 0.783125 0.478 0.03425 0.0466667
0 0.50587 0.5615 0.608833 0.0655 0.079
0 0.507478 0.749125 0.414667 0.04475 0.04
0 0.531818 0.714 0.052 0.0505 0.0686667
0 0.534289 0.845 0.24 0.0365 0.0613333
0 0.53634 0.501625 0.254167 0.02725 0.047
0 0.573487 0.316 0.488 0.0345 0.0513333
0 0.57708 0.186375 0.924167 0.02975 0.067
0 0.579103 0.69125 0.359667 0.0365 0.082
0 0.584749 0.69275 0.7075 0.0285 0.0416667
0 0.586416 0.744375 0.557 0.02175 0.054
0 0.599056 0.5215 0.300333 0.018 0.0413333
0 0.602702 0.592 0.479333 0.0745 0.0673333
0 0.606481 0.695 0.981333 0.037 0.0373333
0 0.624591 0.608 0.1715 0.0445 0.0663333
0 0.627006 0.96 0.125833 0.033 0.0503333
0 0.641699 0.428625 0.745667 0.02825 0.052
0 0.643184 0.38625 0.5075 0.038 0.069
0 0.646063 0.58275 0.229167 0.046 0.063
0 0.648943 0.66 0.414167 0.0355 0.0576667
0 0.649874 0.454 0.2175 0.037 0.0836667
0 0.659044 0.42175 0.458167 0.0645 0.0683333
0 0.665541 0.911875 0.1055 0.04325 0.0803333
0 0.669147 0.500125 0.444667 0.05225 0.0593333
0 0.673973 0.840375 0.110833 0.07925 0.0956667
0 0.674213 0.4565 0.603167 0.03 0.035
0 0.680837 0.615125 0.392333 0.05425 0.0586667
0 0.693186 0.97375 0.618167 0.0505 0.0576667
0 0.698359 0.45575 0.309333 0.0395 0.0513333
0 0.701752 0.7555 0.857667 0.048 0.0433333
0 0.705145 0.73575 0.112 0.0635 0.072
0 0.709929 0.419125 0.399333 0.06825 0.0606667
0 0.761293 0.42375 0.560167 0.042 0.061
0 0.806331 0.9715 0.5415 0.057 0.0496667
0 0.848001 0.481875 0.522333 0.05675 0.0826667
