0 0.251614 0.45725 0.263333 0.0435 0.054
0 0.252186 0.205 0.372 0.0625 0.048
0 0.255272 0.111875 0.568333 0.05675 0.0433333
0 0.259322 0.990875 0.867333 0.01575 0.0393333
0 0.259387 0.517875 0.621167 0.07075 0.104333
0 0.264947 0.21275 0.0523333 0.045 0.046
0 0.268656 0.929 0.049 0.1195 0.0773333
0 0.273778 0.71275 0.0925 0.0335 0.0463333
0 0.283469 0.25925 0.679333 0.101 0.114667
0 0.284589 0.98925 0.624 0.019 0.0533333
0 0.286027 0.608125 0.0556667 0.06525 0.0673333
0 0.290228 0.3835 0.368833 0.0375 0.091
0 0.290593 0.740875 0.876833 0.02775 0.033
0 0.297764 0.5835 0.511833 0.0345 0.041
0 0.302631 0.644 0.533333 0.031 0.042
0 0.305462 0.554375 0.816 0.04075 0.0546667
0 0.305917 0.709375 0.3455 0.02475 0.0583333
0 0.31573 0.471625 0.0923333 0.01925 0.0373333
0 0.318823 0.095125 0.1015 0.02325 0.043
0 0.321283 0.41575 0.454833 0.021 0.0336667
0 0.324109 0.659125 0.8585 0.04325 0.0596667
0 0.326312 0.5885 0.786667 0.0245 0.0353333
0 0.326578 0.04025 0.094 0.0395 0.0693333
0 0.33478 0.027875 0.590333 0.05075 0.0473333
0 0.348993 0.013 0.484333 0.0255 0.0713333
0 0.353789 0.635125 0.328667 0.02175 0.0473333
0 0.354386 0.360375 0.290833 0.03775 0.0463333
0 0.355911 0.612125 0.529 0.03525 0.072
0 0.355944 0.626625 0.449 0.04075 0.0493333
0 0.356398 0.792625 0.251667 0.07325 0.0633333
0 0.358172 0.63475 0.728833 0.0205 0.0383333
0 0.358839 0.94 0.530333 0.1075 0.0713333
0 0.367583 0.80175 0.0175 0.043 0.035
0 0.383134 0.147875 0.0621667 0.01925 0.0416667
0 0.383315 0.58375 0.282167 0.0525 0.0556667
0 0.388172 0.623875 0.777333 0.04625 0.0486667
0 0.390692 0.194625 0.978833 0.04025 0.0423333
0 0.40322 0.122375 0.0251667 0.04225 0.0443333
0 0.403662 0.59475 0.518167 0.0585 0.0616667
0 0.408704 0.779 0.8085 0.0235 0.037
0 0.409453 0.503 0.2865 0.056 0.0763333
0 0.411753 0.429125 0.208333 0.02425 0.0546667
0 0.412642 0.841625 0.831167 0.02925 0.0383333
0 0.415341 0.919125 0.9825 0.06775 0.0336667
0 0.41553 0.8435 0.0253333 0.029 0.0433333
0 0.419122 0.50425 0.775667 0.0545 0.0653333
0 0.423385 0.06175 0.122667 0.039 0.0706667
0 0.42653 0.6575 0.0236667 0.0395 0.0433333
0 0.429491 0.9275 0.614833 0.0435 0.0423333
0 0.431909 0.4145 0.544333 0.0325 0.05
0 0.436438 0.665 0.8585 0.0625 0.103
0 0.440715 0.18525 0.169333 0.0425 0.0466667
0 0.441795 0.031125 0.169833 0.04975 0.065
0 0.441882 0.013 0.123 0.026 0.058
0 0.442644 0.13575 0.3915 0.0335 0.039
0 0.45406 0.205 0.355667 0.049 0.044
0 0.455116 0.300375 0.391 0.07625 0.0626667
0 0.461225 0.395625 0.113 0.03275 0.042
0 0.478962 0.126 0.733167 0.033 0.0483333
0 0.481147 0.790625 0.170667 0.06925 0.0753333
0 0.481634 0.382375 0.884833 0.04725 0.099
0 0.485662 0.511875 0.388667 0.03375 0.0573333
0 0.494975 0.359125 0.228 0.02025 0.0433333
0 0.506497 0.184125 0.0188333 0.03225 0.0376667
0 0.50829 0.526 0.775333 0.0375 0.072
0 0.508746 0.377875 0.348167 0.03225 0.0643333
0 0.50896 0.25 0.1195 0.051 0.0803333
0 0.510536 0.330625 0.0526667 0.04625 0.0586667
0 0.514786 0.26625 0.0843333 0.0475 0.0653333
0 0.516799 0.45825 0.446167 0.052 0.0723333
0 0.516896 0.5115 0.5835 0.0605 0.0823333
0 0.52013 0.573625 0.145667 0.02725 0.0806667
0 0.522812 0.954875 0.273 0.04425 0.0473333
0 0.523787 0.8185 0.341833 0.0325 0.061
0 0.530518 0.592125 0.9035 0.05925 0.0643333
0 0.535647 0.7425 0.784667 0.0345 0.054
0 0.537777 0.2795 0.215167 0.0385 0.0643333
0 0.539567 0.531375 0.117833 0.03625 0.049
0 0.546089 0.44725 0.818 0.043 0.064
0 0.550873 0.863875 0.4985 0.05275 0.063
0 0.552691 0.4475 0.498167 0.0305 0.0536667
0 0.554964 0.329875 0.882667 0.04775 0.0533333
0 0.555113 0.814 0.461167 0.036 0.0976667
0 0.559703 0.07525 0.520833 0.043 0.065
0 0.563525 0.4345 0.0518333 0.03 0.079
0 0.566133 0.81 0.812167 0.0325 0.0456667
0 0.566326 0.596 0.627 0.086 0.0746667
0 0.569092 0.171 0.640667 0.0465 0.082
0 0.57379 0.233375 0.728833 0.11825 0.101667
0 0.584664 0.889875 0.185 0.05025 0.0773333
0 0.599032 0.7265 0.195333 0.06 0.0866667
0 0.606548 0.598125 0.349167 0.03525 0.0576667
0 0.607022 0.35875 0.170333 0.0565 0.05
0 0.608084 0.433375 0.649667 0.03325 0.05
0 0.608873 0.512625 0.889 0.04325 0.0873333
0 0.609309 0.726375 0.948833 0.06025 0.0883333
0 0.619518 0.4045 0.404 0.037 0.0526667
0 0.623048 0.714125 0.268667 0.04925 0.06
0 0.623404 0.166125 0.764 0.04575 0.0526667
0 0.62886 0.402375 0.267667 0.04025 0.0946667
0 0.633887 0.59675 0.285833 0.027 0.0496667
0 0.637166 0.306125 0.708333 0.03325 0.082
0 0.641023 0.618125 0.14 0.05275 0.0866667
0 0.642063 0.376875 0.575 0.06675 0.086
0 0.642388 0.314375 0.130167 0.04725 0.0683333
0 0.652961 0.13325 0.118667 0.0305 0.0493333
0 0.655134 0.2885 0.823667 0.126 0.0673333
0 0.658514 0.54575 0.0466667 0.03 0.0526667
0 0.658571 0.38725 0.6575 0.034 0.045
0 0.661963 0.845875 0.081 0.03025 0.0606667
0 0.662736 0.48275 0.349833 0.0375 0.0656667
0 0.668324 0.56325 0.276167 0.0355 0.059
0 0.669689 0.538875 0.202333 0.04425 0.064
0 0.669704 0.533875 0.694167 0.06125 0.047
0 0.673122 0.969625 0.0546667 0.05675 0.0726667
0 0.677088 0.232625 0.594833 0.05075 0.059
0 0.685194 0.493125 0.773667 0.03075 0.05
0 0.685354 0.738375 0.6705 0.07125 0.077
0 0.693537 0.91875 0.900333 0.044 0.0733333
0 0.694895 0.284 0.6375 0.069 0.0763333
0 0.699891 0.89625 0.0465 0.054 0.0916667
0 0.70306 0.874125 0.7205 0.04325 0.0456667
0 0.707263 0.240875 0.482 0.06975 0.07
0 0.70991 0.182875 0.712667 0.05425 0.05
0 0.713185 0.358 0.463333 0.04 0.0573333
0 0.715273 0.29725 0.548 0.0525 0.054
0 0.73528 0.971875 0.9535 0.05625 0.0716667
0 0.742872 0.20325 0.415333 0.0605 0.068
0 0.749706 0.877375 0.645833 0.06775 0.0576667
0 0.767548 0.027125 0.688333 0.05425 0.068
