0 0.262994 0.56575 0.478167 0.0235 0.039
0 0.265073 0.201 0.331833 0.079 0.061
0 0.265417 0.347625 0.824833 0.06375 0.0656667
0 0.26628 0.659 0.577333 0.031 0.0553333
0 0.267704 0.968 0.245 0.063 0.0573333
0 0.270059 0.640875 0.5195 0.02725 0.035
0 0.273043 0.367 0.803333 0.0245 0.0313333
0 0.28041 0.609 0.538833 0.028 0.0303333
0 0.286072 0.97225 0.853333 0.053 0.068
0 0.291206 0.72975 0.1445 0.0325 0.0503333
0 0.292997 0.0965 0.189833 0.0745 0.069
0 0.293698 0.765375 0.747833 0.03475 0.0616667
0 0.298196 0.594375 0.4005 0.02325 0.033
0 0.301847 0.65125 0.919667 0.039 0.0593333
0 0.305335 0.169125 0.394667 0.06825 0.0513333
0 0.307566 0.07975 0.0115 0.0215 0.021
0 0.309613 0.32875 0.169667 0.074 0.0786667
0 0.310461 0.700375 0.337833 0.02925 0.0396667
0 0.310874 0.597625 0.618333 0.03325 0.0746667
0 0.311188 0.087 0.576 0.0765 0.0426667
0 0.324175 0.36025 0.6235 0.072 0.039
0 0.346156 0.4385 0.339333 0.031 0.07
0 0.348433 0.30475 0.323333 0.0595 0.1
0 0.352636 0.497125 0.0456667 0.03525 0.046
0 0.352658 0.42375 0.177333 0.0565 0.0886667
0 0.359775 0.730375 0.292167 0.02975 0.0456667
0 0.360417 0.98775 0.0918333 0.023 0.0776667
0 0.376679 0.08275 0.3925 0.0465 0.0476667
0 0.376943 0.137875 0.267 0.03925 0.042
0 0.37724 0.662375 0.278833 0.03325 0.103
0 0.380581 0.16875 0.275167 0.039 0.0416667
0 0.385827 0.093875 0.371333 0.02825 0.0353333
0 0.386361 0.66175 0.485167 0.0575 0.0503333
0 0.388832 0.565625 0.678667 0.03275 0.0553333
0 0.391427 0.661375 0.309333 0.03275 0.052
0 0.395583 0.073625 0.180333 0.03625 0.0686667
0 0.396501 0.468625 0.0163333 0.05075 0.0326667
0 0.398229 0.95525 0.978667 0.042 0.0426667
0 0.398437 0.632125 0.858167 0.03625 0.055
0 0.402365 0.770625 0.881167 0.08325 0.0803333
0 0.413531 0.602 0.576333 0.0295 0.028
0 0.425187 0.382625 0.640333 0.03725 0.0613333
0 0.431578 0.029625 0.452167 0.05375 0.0423333
0 0.435512 0.786 0.0183333 0.051 0.0366667
0 0.44065 0.888875 0.268 0.05925 0.034
0 0.44207 0.332625 0.619167 0.05125 0.0476667
0 0.442637 0.39075 0.732167 0.017 0.065
0 0.443219 0.761375 0.338667 0.04975 0.07
0 0.446094 0.036125 0.917 0.05175 0.046
0 0.448205 0.70375 0.0901667 0.06 0.057
0 0.44919 0.654 0.0208333 0.06 0.0383333
0 0.468531 0.6965 0.588167 0.0335 0.0383333
0 0.475599 0.823125 0.383167 0.05375 0.045
0 0.484548 0.22825 0.462167 0.0175 0.0303333
0 0.484845 0.683625 0.1755 0.05075 0.0556667
0 0.489067 0.479875 0.388167 0.08625 0.053
0 0.490518 0.66125 0.836 0.0685 0.126667
0 0.494155 0.593125 0.0531667 0.03375 0.051
0 0.511218 0.30975 0.656667 0.0335 0.042
0 0.514059 0.548375 0.021 0.05825 0.042
0 0.514653 0.37625 0.47 0.071 0.064
0 0.519215 0.50675 0.4435 0.04 0.0636667
0 0.523176 0.96 0.232167 0.079 0.108333
0 0.524465 0.024 0.538833 0.041 0.0663333
0 0.524498 0.41 0.587167 0.0305 0.033
0 0.527829 0.391125 0.885833 0.03775 0.0703333
0 0.53435 0.667125 0.251667 0.02975 0.0573333
0 0.536001 0.568 0.839667 0.038 0.0653333
0 0.536352 0.294 0.751167 0.048 0.0996667
0 0.550721 0.08175 0.475167 0.0315 0.0296667
0 0.551027 0.9795 0.573 0.041 0.0553333
0 0.551695 0.552625 0.556 0.03875 0.0826667
0 0.551921 0.114 0.200667 0.05 0.0673333
0 0.558208 0.525875 0.354 0.05025 0.06
0 0.569961 0.329625 0.308833 0.04125 0.083
0 0.5704 0.676375 0.373833 0.04975 0.0443333
0 0.573213 0.899375 0.191 0.08175 0.056
0 0.577687 0.441125 0.839167 0.04275 0.0816667
0 0.58831 0.8785 0.554833 0.0415 0.0556667
0 0.592495 0.86825 0.317 0.074 0.0526667
0 0.593207 0.440625 0.201 0.04475 0.098
0 0.599574 0.19425 0.4205 0.038 0.0596667
0 0.613132 0.7245 0.492833 0.035 0.0516667
0 0.617333 0.104625 0.860333 0.03625 0.0566667
0 0.620101 0.605625 0.724 0.05125 0.0586667
0 0.624694 0.347625 0.717333 0.03975 0.0846667
0 0.624947 0.246875 0.669667 0.06125 0.098
0 0.629619 0.651625 0.656167 0.06275 0.097
0 0.636217 0.9805 0.473 0.0385 0.0846667
0 0.640805 0.166375 0.744333 0.04425 0.0506667
0 0.642468 0.514375 0.668333 0.07025 0.0453333
0 0.644257 0.281125 0.885833 0.05875 0.0656667
0 0.653966 0.897875 0.492 0.04175 0.0586667
0 0.659459 0.822625 0.630333 0.04725 0.094
0 0.666854 0.24 0.0828333 0.0655 0.0723333
0 0.666962 0.49375 0.255833 0.0385 0.0543333
0 0.671858 0.2895 0.327333 0.035 0.0846667
0 0.674526 0.046625 0.245833 0.08025 0.073
0 0.677017 0.514375 0.944333 0.09625 0.09
0 0.680406 0.074 0.622833 0.091 0.0863333
0 0.681115 0.3185 0.1215 0.1035 0.0636667
0 0.687753 0.211625 0.172167 0.04925 0.0776667
0 0.688607 0.381 0.347667 0.0695 0.0826667
0 0.69028 0.187625 0.319 0.04725 0.0606667
0 0.690637 0.6215 0.125167 0.0515 0.0736667
0 0.693888 0.438375 0.698667 0.06025 0.101333
0 0.700809 0.529875 0.803167 0.05275 0.079
0 0.702665 0.91675 0.132 0.0375 0.0433333
0 0.703649 0.918375 0.0425 0.05525 0.0643333
0 0.703872 0.53025 0.139333 0.077 0.107333
0 0.705478 0.280125 0.602833 0.06125 0.0523333
0 0.708286 0.744625 0.0608333 0.04475 0.077
0 0.708912 0.18 0.0383333 0.0655 0.0746667
0 0.713289 0.240625 0.351667 0.04725 0.056
0 0.717641 0.162625 0.161833 0.04875 0.0916667
0 0.752963 0.413375 0.538333 0.06925 0.0546667
0 0.774186 0.609625 0.305667 0.05775 0.0566667
0 0.785781 0.329125 0.192167 0.05175 0.0596667
0 0.8015 0.584375 0.210167 0.11125 0.0856667
0 0.824492 0.9655 0.375167 0.0645 0.091
