0 0.250204 0.98575 0.554 0.0285 0.042
0 0.250728 0.18825 0.744667 0.0545 0.0493333
0 0.254576 0.1905 0.174 0.039 0.0593333
0 0.258806 0.803375 0.366 0.01475 0.0353333
0 0.259029 0.51825 0.845333 0.066 0.0413333
0 0.260523 0.488375 0.185 0.01325 0.0426667
0 0.269296 0.371625 0.721167 0.03725 0.0483333
0 0.273189 0.314625 0.968167 0.02875 0.0443333
0 0.27414 0.028625 0.310667 0.04125 0.0666667
0 0.276534 0.461625 0.965167 0.04125 0.049
0 0.289147 0.461 0.334333 0.095 0.0573333
0 0.289305 0.8515 0.744167 0.0385 0.0343333
0 0.291219 0.198 0.0631667 0.0405 0.039
0 0.294059 0.56525 0.296 0.0415 0.0253333
0 0.30167 0.420875 0.0915 0.02875 0.0403333
0 0.303278 0.673375 0.606667 0.04975 0.044
0 0.306269 0.4215 0.723667 0.038 0.0666667
0 0.30816 0.025625 0.8445 0.04925 0.0876667
0 0.314146 0.524625 0.215167 0.01775 0.0276667
0 0.316182 0.064875 0.0368333 0.04225 0.059
0 0.31793 0.018125 0.290167 0.03225 0.033
0 0.324985 0.545 0.249333 0.042 0.0326667
0 0.326876 0.161625 0.762833 0.04275 0.0623333
0 0.341336 0.564 0.0736667 0.0645 0.0586667
0 0.341848 0.505 0.742333 0.04 0.0473333
0 0.347553 0.072125 0.447167 0.03575 0.0443333
0 0.347561 0.399375 0.840167 0.02225 0.0443333
0 0.347818 0.4585 0.7815 0.019 0.0423333
0 0.350591 0.941 0.506667 0.0325 0.0346667
0 0.362622 0.384875 0.615167 0.05275 0.0516667
0 0.363336 0.09875 0.948167 0.0475 0.095
0 0.37149 0.328 0.669167 0.0355 0.041
0 0.371648 0.529625 0.3425 0.02475 0.0896667
0 0.373028 0.926125 0.470333 0.03875 0.0626667
0 0.373218 0.130125 0.515833 0.08625 0.051
0 0.382272 0.37675 0.723667 0.0205 0.034
0 0.384545 0.7915 0.419167 0.072 0.055
0 0.384699 0.393 0.960667 0.076 0.0606667
0 0.387447 0.669125 0.775 0.04925 0.048
0 0.388146 0.488125 0.717833 0.02625 0.041
0 0.38847 0.57875 0.619 0.065 0.0613333
0 0.391192 0.471375 0.560333 0.05675 0.0546667
0 0.394095 0.152875 0.042 0.03625 0.078
0 0.395368 0.056 0.198167 0.037 0.041
0 0.398629 0.65675 0.826333 0.036 0.0573333
0 0.401549 0.83525 0.988167 0.0375 0.0236667
0 0.408466 0.539625 0.471333 0.02875 0.058
0 0.409524 0.507875 0.753667 0.02975 0.0333333
0 0.414314 0.190375 0.6855 0.03375 0.0363333
0 0.417124 0.209125 0.620833 0.04875 0.055
0 0.420245 0.75675 0.7475 0.0395 0.0803333
0 0.423384 0.743375 0.661 0.03475 0.0406667
0 0.427091 0.54325 0.9745 0.0375 0.0476667
0 0.43522 0.013 0.131167 0.023 0.041
0 0.446958 0.04375 0.119833 0.0515 0.0516667
0 0.449338 0.58525 0.371167 0.017 0.037
0 0.459412 0.306125 0.949833 0.03925 0.0663333
0 0.462681 0.221875 0.116 0.02175 0.0493333
0 0.47569 0.186 0.924667 0.0555 0.0693333
0 0.478638 0.24875 0.6365 0.028 0.049
0 0.482287 0.146 0.147667 0.034 0.0613333
0 0.48884 0.777125 0.588333 0.05475 0.0533333
0 0.489948 0.277875 0.710333 0.05725 0.042
0 0.490768 0.324875 0.216 0.04125 0.046
0 0.492354 0.678125 0.715667 0.05475 0.0853333
0 0.492953 0.592125 0.234667 0.02875 0.032
0 0.493086 0.6285 0.835667 0.0435 0.058
0 0.505437 0.40675 0.349167 0.0325 0.0436667
0 0.517583 0.244875 0.358667 0.05425 0.0566667
0 0.523528 0.288875 0.3245 0.06125 0.0856667
0 0.526146 0.58775 0.974833 0.027 0.0403333
0 0.526478 0.953875 0.729333 0.08725 0.056
0 0.528346 0.590125 0.461667 0.02925 0.0666667
0 0.531468 0.714625 0.404167 0.03775 0.041
0 0.531692 0.424125 0.285667 0.05025 0.0633333
0 0.534003 0.1145 0.833 0.0585 0.06
0 0.536375 0.94375 0.802667 0.0785 0.0973333
0 0.557044 0.218 0.2575 0.0455 0.0596667
0 0.562602 0.312125 0.609833 0.06025 0.0536667
0 0.564253 0.85325 0.9115 0.0255 0.0436667
0 0.56678 0.276125 0.0958333 0.04575 0.0776667
0 0.567082 0.10625 0.1395 0.036 0.069
0 0.58323 0.784375 0.198667 0.03175 0.064
0 0.586605 0.192875 0.345833 0.03925 0.083
0 0.591826 0.339125 0.806333 0.04525 0.0426667
0 0.613645 0.357125 0.883833 0.06975 0.0543333
0 0.617146 0.27025 0.7655 0.029 0.0616667
0 0.618092 0.5905 0.165333 0.048 0.0566667
0 0.618978 0.054 0.754 0.0515 0.0593333
0 0.629833 0.246875 0.177 0.05225 0.058
0 0.637274 0.146 0.315667 0.04 0.0626667
0 0.657583 0.57325 0.8805 0.0615 0.077
0 0.665001 0.398 0.788667 0.034 0.062
0 0.675305 0.518375 0.421333 0.06425 0.046
0 0.689077 0.5805 0.7405 0.0715 0.047
0 0.690641 0.821 0.919667 0.026 0.054
0 0.704307 0.16775 0.230833 0.058 0.0623333
0 0.729814 0.4785 0.493 0.072 0.0806667
0 0.738705 0.362625 0.110833 0.06275 0.0883333
0 0.753338 0.82175 0.828 0.0655 0.0746667
0 0.813975 0.45475 0.422667 0.048 0.0686667
