0 0.250607 0.88425 0.3485 0.038 0.0423333
0 0.252324 0.524125 0.309333 0.05525 0.0846667
0 0.254167 0.3935 0.331167 0.0245 0.041
0 0.255905 0.1965 0.416833 0.046 0.065
0 0.257335 0.24775 0.3695 0.02 0.0336667
0 0.260308 0.67925 0.742833 0.0455 0.0423333
0 0.260799 0.05875 0.628333 0.0335 0.0386667
0 0.26145 0.4855 0.104 0.0195 0.0406667
0 0.261622 0.942125 0.747167 0.05225 0.0376667
0 0.262934 0.9035 0.808333 0.06 0.052
0 0.268172 0.532875 0.804833 0.06075 0.081
0 0.270302 0.797875 0.3885 0.05625 0.0883333
0 0.271174 0.3795 0.0191667 0.047 0.0383333
0 0.272656 0.433875 0.9755 0.04375 0.049
0 0.273302 0.9785 0.151667 0.04 0.0806667
0 0.274305 0.217125 0.977667 0.06175 0.0446667
0 0.279665 0.013125 0.7955 0.02375 0.091
0 0.280257 0.98175 0.357667 0.027 0.038
0 0.284633 0.705625 0.554 0.06425 0.0646667
0 0.285527 0.058125 0.1005 0.02875 0.0383333
0 0.289625 0.385 0.97 0.0485 0.06
0 0.298452 0.043 0.977167 0.0725 0.0443333
0 0.300226 0.640125 0.689167 0.03125 0.0296667
0 0.302155 0.516375 0.794833 0.03075 0.075
0 0.303264 0.583875 0.0336667 0.02925 0.0673333
0 0.306428 0.57025 0.343 0.03 0.0406667
0 0.307396 0.526125 0.2855 0.06925 0.0523333
0 0.308993 0.3025 0.658 0.0345 0.0366667
0 0.316758 0.868375 0.718667 0.02575 0.0306667
0 0.317103 0.444875 0.756833 0.05375 0.0663333
0 0.323579 0.333625 0.7015 0.07425 0.0503333
0 0.337146 0.854 0.7845 0.0385 0.0523333
0 0.342108 0.27075 0.208667 0.043 0.0493333
0 0.342623 0.574625 0.207167 0.02025 0.0343333
0 0.354838 0.979625 0.722667 0.03575 0.056
0 0.359503 0.5935 0.806167 0.023 0.055
0 0.364236 0.04925 0.673167 0.0165 0.0256667
0 0.365944 0.099625 0.452667 0.04525 0.0706667
0 0.376953 0.84625 0.6685 0.0375 0.0703333
0 0.384781 0.10775 0.0733333 0.0285 0.0453333
0 0.387567 0.157125 0.0168333 0.06925 0.0336667
0 0.3885 0.728125 0.2575 0.02575 0.033
0 0.391097 0.42475 0.594667 0.0505 0.0693333
0 0.395349 0.28125 0.058 0.025 0.0373333
0 0.400024 0.282375 0.0135 0.08475 0.027
0 0.402093 0.574125 0.0875 0.03375 0.055
0 0.404317 0.9815 0.4495 0.0315 0.0396667
0 0.412612 0.357 0.508333 0.0605 0.078
0 0.414822 0.719125 0.818167 0.05275 0.073
0 0.42139 0.9585 0.512833 0.025 0.0383333
0 0.422793 0.190875 0.949667 0.16125 0.100667
0 0.427473 0.773125 0.0246667 0.02825 0.0433333
0 0.431341 0.6045 0.401833 0.0405 0.045
0 0.433728 0.265875 0.535667 0.08775 0.0433333
0 0.439263 0.405625 0.339833 0.04225 0.055
0 0.44139 0.473 0.555333 0.026 0.0446667
0 0.441817 0.543375 0.464833 0.02425 0.0376667
0 0.446847 0.594375 0.585167 0.04175 0.047
0 0.448375 0.221875 0.381333 0.03025 0.0313333
0 0.448873 0.411375 0.487167 0.04575 0.0616667
0 0.452722 0.9135 0.8865 0.0485 0.073
0 0.454549 0.42825 0.307667 0.0215 0.038
0 0.462726 0.528875 0.859333 0.02625 0.062
0 0.473194 0.447125 0.911333 0.05125 0.0973333
0 0.479311 0.569 0.437 0.0335 0.084
0 0.492051 0.06425 0.805667 0.0405 0.0546667
0 0.492498 0.35325 0.0535 0.0245 0.0683333
0 0.494936 0.622625 0.7625 0.03875 0.0616667
0 0.49716 0.8245 0.872833 0.053 0.0623333
0 0.506984 0.2035 0.4325 0.0305 0.0643333
0 0.50757 0.157875 0.228167 0.03775 0.0503333
0 0.50782 0.681625 0.475667 0.02575 0.0346667
0 0.508582 0.50225 0.606 0.037 0.062
0 0.513063 0.202625 0.126333 0.04575 0.078
0 0.515479 0.540625 0.718667 0.03625 0.0566667
0 0.526143 0.947375 0.6225 0.09025 0.085
0 0.527913 0.524875 0.3455 0.06025 0.103
0 0.528913 0.072625 0.0401667 0.03875 0.0636667
0 0.531791 0.058125 0.486833 0.02525 0.037
0 0.533636 0.94475 0.373167 0.0335 0.0363333
0 0.536489 0.685875 0.288 0.03225 0.044
0 0.538859 0.738 0.702667 0.057 0.062
0 0.546419 0.0215 0.864833 0.0375 0.0516667
0 0.547903 0.43775 0.689167 0.077 0.0476667
0 0.548152 0.3245 0.1605 0.0505 0.069
0 0.55086 0.24875 0.281667 0.0425 0.0553333
0 0.552242 0.447375 0.267333 0.02325 0.0386667
0 0.552733 0.973125 0.797333 0.05225 0.084
0 0.554242 0.17825 0.387833 0.0275 0.0323333
0 0.561899 0.641375 0.285333 0.04025 0.0573333
0 0.566073 0.47975 0.858167 0.0445 0.047
0 0.56877 0.71325 0.185 0.05 0.0613333
0 0.577526 0.514875 0.167667 0.04275 0.084
0 0.586102 0.020625 0.2975 0.04075 0.0976667
0 0.586215 0.650375 0.526333 0.07725 0.068
0 0.589176 0.382625 0.639167 0.04075 0.047
0 0.592906 0.03975 0.187167 0.03 0.0323333
0 0.595083 0.3065 0.412667 0.0605 0.056
0 0.597706 0.115 0.193833 0.04 0.073
0 0.600722 0.6585 0.177333 0.024 0.0466667
0 0.605226 0.36225 0.3945 0.0365 0.043
0 0.60989 0.48225 0.749 0.042 0.0586667
0 0.612616 0.54625 0.548333 0.0665 0.0753333
0 0.616821 0.30175 0.229667 0.0345 0.046
0 0.619565 0.522625 0.654167 0.03625 0.0456667
0 0.622908 0.030875 0.434333 0.05875 0.066
0 0.624236 0.34475 0.2275 0.023 0.0516667
0 0.633654 0.45075 0.0828333 0.028 0.0696667
0 0.636337 0.455625 0.437833 0.03475 0.0536667
0 0.643489 0.488 0.479 0.035 0.0693333
0 0.651727 0.605625 0.644833 0.03975 0.0556667
0 0.652121 0.21975 0.0516667 0.063 0.0626667
0 0.652458 0.232625 0.2145 0.03025 0.055
0 0.663856 0.363875 0.926 0.08075 0.141333
0 0.682239 0.511125 0.0738333 0.03875 0.0776667
0 0.683135 0.664375 0.393667 0.04525 0.086
0 0.684659 0.23225 0.330333 0.045 0.0486667
0 0.686373 0.38725 0.265167 0.043 0.0543333
0 0.728167 0.282875 0.117167 0.04275 0.0596667
0 0.730953 0.355375 0.7735 0.05675 0.0936667
