0 0.256883 0.528625 0.954333 0.02825 0.0413333
0 0.262417 0.035875 0.4535 0.06775 0.126333
0 0.266568 0.590125 0.428667 0.03675 0.036
0 0.269189 0.52775 0.427167 0.0195 0.0616667
0 0.27371 0.33925 0.287667 0.0175 0.0286667
0 0.278897 0.668125 0.015 0.02775 0.03
0 0.283184 0.286375 0.692 0.03425 0.0533333
0 0.288463 0.387375 0.524667 0.02225 0.07
0 0.291974 0.422375 0.751667 0.04475 0.064
0 0.296464 0.409875 0.2755 0.03975 0.0303333
0 0.301233 0.289625 0.861 0.08325 0.0646667
0 0.302924 0.315875 0.0203333 0.03225 0.0366667
0 0.308549 0.16025 0.0771667 0.0225 0.0403333
0 0.309555 0.814375 0.266667 0.02425 0.0273333
0 0.312168 0.490125 0.275667 0.02825 0.0393333
0 0.316948 0.629625 0.262333 0.03925 0.0513333
0 0.317203 0.299375 0.754833 0.03025 0.073
0 0.319836 0.49325 0.747833 0.029 0.037
0 0.320788 0.705 0.606 0.0365 0.0286667
0 0.32443 0.46725 0.261833 0.03 0.0463333
0 0.325231 0.290625 0.447167 0.04125 0.057
0 0.333275 0.213 0.0683333 0.032 0.05
0 0.336919 0.03575 0.291167 0.038 0.0436667
0 0.349168 0.401125 0.458667 0.02275 0.0773333
0 0.351128 0.50325 0.430667 0.0195 0.0513333
0 0.355093 0.121 0.282 0.0565 0.0546667
0 0.357561 0.19275 0.521167 0.0325 0.0556667
0 0.360284 0.7205 0.752 0.0975 0.0633333
0 0.380412 0.900125 0.400333 0.02925 0.0333333
0 0.40109 0.2735 0.140667 0.0275 0.084
0 0.403996 0.371 0.350167 0.036 0.0316667
0 0.404492 0.6245 0.2245 0.0165 0.039
0 0.404891 0.589875 0.610667 0.03675 0.0613333
0 0.405654 0.143 0.2015 0.036 0.0523333
0 0.4071 0.37375 0.0125 0.0165 0.0236667
0 0.41316 0.158875 0.0185 0.02425 0.035
0 0.432209 0.016125 0.1085 0.03225 0.0583333
0 0.451539 0.2475 0.78 0.032 0.0353333
0 0.46031 0.204875 0.2395 0.06675 0.071
0 0.469439 0.642875 0.328333 0.02675 0.0406667
0 0.484194 0.683625 0.2315 0.02725 0.049
0 0.489306 0.3515 0.422833 0.0505 0.0423333
0 0.561714 0.553375 0.227833 0.04175 0.0523333
0 0.589232 0.098 0.358833 0.0605 0.0616667
0 0.592256 0.5 0.117667 0.053 0.052
0 0.60419 0.258125 0.563 0.08525 0.0526667
0 0.656108 0.144125 0.478 0.05075 0.120667
0 0.662578 0.353625 0.0723333 0.04225 0.0646667
