0 0.252431 0.766 0.449 0.0395 0.0673333
0 0.269958 0.96775 0.0141667 0.056 0.0283333
0 0.272547 0.571875 0.6065 0.05625 0.033
0 0.278853 0.74425 0.554667 0.019 0.052
0 0.283099 0.31875 0.5085 0.048 0.0383333
0 0.283543 0.865625 0.016 0.03825 0.032
0 0.292258 0.7255 0.142 0.057 0.0713333
0 0.292622 0.66 0.702333 0.024 0.0346667
0 0.292675 0.51675 0.183833 0.024 0.0756667
0 0.296522 0.226375 0.0983333 0.04175 0.056
0 0.304093 0.67525 0.0566667 0.0405 0.076
0 0.312922 0.373625 0.5185 0.03925 0.0316667
0 0.346647 0.882625 0.0221667 0.03325 0.0443333
0 0.359125 0.442625 0.482833 0.01875 0.0403333
0 0.361176 0.4615 0.6555 0.0265 0.065
0 0.375321 0.98775 0.1845 0.0245 0.103667
0 0.379777 0.53225 0.549667 0.018 0.028
0 0.394818 0.781375 0.213667 0.08225 0.0986667
0 0.39723 0.442 0.353333 0.0255 0.0473333
0 0.408841 0.4475 0.440667 0.02 0.0393333
0 0.426723 0.981625 0.442667 0.03675 0.066
0 0.44149 0.683625 0.684 0.05475 0.04
0 0.453262 0.630125 0.0538333 0.02975 0.0463333
0 0.454863 0.446 0.6385 0.0435 0.079
0 0.456985 0.557 0.0346667 0.0305 0.0686667
0 0.46409 0.320375 0.4415 0.02825 0.0376667
0 0.468633 0.43775 0.5385 0.031 0.0403333
0 0.478213 0.362625 0.417167 0.03075 0.0463333
0 0.480496 0.303 0.277167 0.0175 0.0376667
0 0.482916 0.490875 0.4965 0.01325 0.0523333
0 0.487151 0.823375 0.514333 0.04775 0.108
0 0.49336 0.800375 0.0156667 0.02225 0.0313333
0 0.496991 0.191375 0.122833 0.01625 0.0336667
0 0.523318 0.90975 0.409667 0.1595 0.074
0 0.535356 0.7385 0.0286667 0.044 0.056
0 0.552671 0.852375 0.600333 0.01725 0.0453333
0 0.597221 0.180875 0.257167 0.02725 0.0483333
0 0.608652 0.295875 0.406833 0.03625 0.0316667
0 0.615715 0.47475 0.591333 0.02 0.0453333
0 0.629346 0.391 0.428 0.0255 0.0486667
0 0.63447 0.760125 0.517167 0.06825 0.093
0 0.642012 0.8675 0.1455 0.0375 0.081
0 0.648982 0.501875 0.4095 0.04575 0.055
0 0.65178 0.916375 0.0415 0.04275 0.0643333
0 0.65872 0.902625 0.589 0.02725 0.0473333
0 0.664308 0.344875 0.476167 0.03025 0.047
0 0.668833 0.710625 0.716 0.04025 0.0773333
0 0.676806 0.982125 0.598333 0.03425 0.098
0 0.688212 0.733625 0.776667 0.03725 0.0633333
0 0.703038 0.96025 0.518833 0.055 0.045
0 0.742506 0.273 0.314333 0.055 0.072
0 0.755621 0.56075 0.354667 0.0345 0.0506667
