0 0.253397 0.822125 0.385333 0.02075 0.0573333
0 0.258905 0.375 0.896333 0.0445 0.062
0 0.261444 0.28525 0.092 0.101 0.0806667
0 0.269787 0.9945 0.365 0.011 0.0346667
0 0.273591 0.42175 0.579333 0.0345 0.0526667
0 0.28073 0.47075 0.275 0.044 0.0406667
0 0.284051 0.851 0.265667 0.0305 0.0326667
0 0.28789 0.935375 0.6585 0.07275 0.0676667
0 0.289189 0.66825 0.345667 0.049 0.0433333
0 0.289448 0.36325 0.599 0.081 0.06
0 0.289895 0.313375 0.190167 0.03175 0.0743333
0 0.290446 0.480375 0.777333 0.10675 0.07
0 0.293237 0.69675 0.524833 0.0255 0.0416667
0 0.296896 0.643625 0.063 0.03025 0.0626667
0 0.301005 0.968375 0.4245 0.02275 0.0423333
0 0.308969 0.82375 0.312833 0.014 0.033
0 0.316382 0.39425 0.720833 0.024 0.0296667
0 0.317668 0.492125 0.137833 0.02625 0.0443333
0 0.318298 0.83675 0.407167 0.0275 0.0323333
0 0.322084 0.60625 0.3755 0.0305 0.0316667
0 0.32265 0.52575 0.309333 0.0565 0.068
0 0.326639 0.923 0.433167 0.026 0.0416667
0 0.327428 0.98 0.5005 0.04 0.0363333
0 0.329135 0.1005 0.0608333 0.03 0.033
0 0.343675 0.629625 0.188667 0.02075 0.0593333
0 0.344494 0.290375 0.602667 0.02975 0.056
0 0.348096 0.679375 0.272333 0.01925 0.0606667
0 0.349232 0.36 0.1495 0.025 0.0396667
0 0.367 0.933375 0.472333 0.03175 0.034
0 0.374661 0.504875 0.2525 0.03275 0.031
0 0.391962 0.854375 0.3495 0.02325 0.0423333
0 0.410983 0.731375 0.501833 0.02625 0.0323333
0 0.415658 0.484125 0.866833 0.03675 0.067
0 0.415832 0.840625 0.465167 0.01825 0.0536667
0 0.416354 0.925875 0.383 0.03175 0.0573333
0 0.417383 0.791375 0.299333 0.02125 0.0533333
0 0.422915 0.258125 0.554333 0.03325 0.04
0 0.438091 0.01775 0.369667 0.032 0.0386667
0 0.4383 0.4015 0.501333 0.0265 0.0373333
0 0.450275 0.9375 0.575667 0.0475 0.0686667
0 0.453342 0.555375 0.614833 0.05825 0.0576667
0 0.46092 0.96325 0.669333 0.0735 0.0666667
0 0.468021 0.776875 0.448667 0.04925 0.0526667
0 0.47004 0.5025 0.622 0.031 0.0646667
0 0.475854 0.368875 0.681667 0.03975 0.058
0 0.485306 0.021875 0.0186667 0.04375 0.0373333
0 0.489608 0.417375 0.871333 0.05125 0.06
0 0.496571 0.81825 0.374 0.016 0.044
0 0.506322 0.888 0.379667 0.0285 0.0453333
0 0.538655 0.583125 0.343333 0.02225 0.042
0 0.586986 0.366375 0.0526667 0.03225 0.0566667
0 0.607662 0.76025 0.5415 0.075 0.111
0 0.633451 0.2965 0.837 0.03 0.048
0 0.639512 0.259125 0.0875 0.05425 0.073
0 0.650512 0.41625 0.408667 0.052 0.0553333
0 0.660165 0.600625 0.455833 0.04175 0.0743333
0 0.671606 0.314375 0.0915 0.05325 0.0743333
