0 0.259706 0.406 0.384833 0.0395 0.077
0 0.270267 0.075125 0.955 0.02025 0.0386667
0 0.273277 0.4925 0.0701667 0.0215 0.0303333
0 0.296342 0.15575 0.505333 0.0305 0.0986667
0 0.296908 0.302625 0.2775 0.02375 0.0476667
0 0.297181 0.132125 0.572 0.03975 0.0473333
0 0.297999 0.266375 0.700833 0.02675 0.0376667
0 0.304432 0.300625 0.930333 0.02475 0.0333333
0 0.305378 0.57875 0.909333 0.025 0.058
0 0.311336 0.70125 0.135 0.0355 0.0633333
0 0.312561 0.447875 0.561667 0.03125 0.0786667
0 0.313763 0.219 0.783833 0.0495 0.0463333
0 0.317251 0.489375 0.620833 0.05275 0.039
0 0.318069 0.166125 0.320167 0.01925 0.0363333
0 0.330728 0.299125 0.0496667 0.02175 0.0353333
0 0.331643 0.294 0.138 0.0405 0.0586667
0 0.335639 0.313875 0.854667 0.04975 0.038
0 0.341557 0.527625 0.2695 0.01375 0.033
0 0.345537 0.115875 0.346167 0.03275 0.0643333
0 0.347457 0.148875 0.0148333 0.02925 0.0296667
0 0.352406 0.305625 0.704333 0.05475 0.0573333
0 0.368779 0.203875 0.116833 0.06425 0.0583333
0 0.383913 0.27825 0.179667 0.017 0.0466667
0 0.404956 0.368125 0.707333 0.06925 0.0453333
0 0.408755 0.250875 0.192667 0.01275 0.038
0 0.412875 0.448375 0.688167 0.03275 0.0496667
0 0.421878 0.472375 0.3655 0.02575 0.0356667
0 0.427982 0.043375 0.230833 0.05125 0.0556667
0 0.452983 0.27475 0.876667 0.06 0.0866667
0 0.463088 0.08275 0.271833 0.06 0.061
0 0.466998 0.33775 0.810667 0.0275 0.0586667
0 0.481456 0.411625 0.370667 0.02975 0.0466667
0 0.515981 0.20825 0.207833 0.035 0.047
0 0.521205 0.46625 0.217833 0.042 0.053
0 0.53484 0.692875 0.0345 0.05575 0.0683333
0 0.537616 0.124 0.0991667 0.0505 0.0636667
0 0.541609 0.343375 0.378 0.03225 0.0333333
0 0.543529 0.09575 0.144333 0.043 0.0526667
0 0.616487 0.340125 0.623667 0.03475 0.0813333
0 0.65292 0.465625 0.762 0.03425 0.066
0 0.723952 0.21375 0.675167 0.059 0.0903333
0 0.74082 0.450875 0.855 0.04075 0.0666667
0 0.793971 0.031125 0.935167 0.06225 0.0696667
