0 0.256735 0.741562 0.346667 0.018125 0.0316667
0 0.261296 0.277813 0.7025 0.040625 0.045
0 0.286821 0.495625 0.694167 0.0225 0.035
0 0.287888 0.544375 0.432083 0.0675 0.0675
0 0.291397 0.274063 0.711667 0.068125 0.128333
0 0.291593 0.975625 0.981667 0.045 0.0366667
0 0.295215 0.388438 0.23875 0.025625 0.0341667
0 0.299674 0.22 0.2625 0.02875 0.0466667
0 0.303476 0.681562 0.54 0.076875 0.085
0 0.316383 0.24375 0.459583 0.04375 0.0858333
0 0.32409 0.204375 0.907083 0.04125 0.0641667
0 0.326785 0.51375 0.27375 0.0325 0.0641667
0 0.327001 0.657188 0.0433333 0.031875 0.075
0 0.333854 0.58125 0.422083 0.04875 0.0425
0 0.341896 0.637812 0.0129167 0.029375 0.0258333
0 0.348407 0.82875 0.880417 0.0275 0.0608333
0 0.351601 0.1575 0.0970833 0.0325 0.0575
0 0.352895 0.672188 0.915 0.034375 0.123333
0 0.363034 0.299688 0.65 0.051875 0.0366667
0 0.366086 0.315625 0.379167 0.025 0.04
0 0.378471 0.615625 0.430417 0.03125 0.0558333
0 0.401667 0.663125 0.680833 0.07 0.0683333
0 0.408235 0.425 0.8575 0.0375 0.0466667
0 0.424284 0.978437 0.874167 0.043125 0.0816667
0 0.424834 0.076875 0.800417 0.07 0.0991667
0 0.432385 0.83125 0.492917 0.04375 0.0708333
0 0.435944 0.29375 0.936667 0.04625 0.08
0 0.451534 0.1275 0.025 0.04625 0.0483333
0 0.452516 0.0590625 0.40875 0.066875 0.0525
0 0.470735 0.301562 0.2325 0.019375 0.0433333
0 0.482138 0.688438 0.5925 0.049375 0.05
0 0.482673 0.735 0.765833 0.0475 0.0483333
0 0.486005 0.125313 0.494167 0.079375 0.0816667
0 0.49046 0.876875 0.907917 0.06 0.0475
0 0.496552 0.519375 0.24875 0.03375 0.0825
0 0.497262 0.60875 0.495417 0.04625 0.0708333
0 0.511337 0.024375 0.13625 0.045 0.0758333
0 0.518579 0.293125 0.432083 0.03625 0.0591667
0 0.51911 0.480312 0.507083 0.028125 0.0391667
0 0.520404 0.657188 0.39625 0.041875 0.0675
0 0.522188 0.48625 0.897917 0.03 0.0725
0 0.523908 0.045 0.91125 0.0775 0.114167
0 0.53105 0.422812 0.47875 0.024375 0.0425
0 0.540192 0.673125 0.115833 0.0225 0.0566667
0 0.542364 0.869062 0.462083 0.084375 0.0891667
0 0.545014 0.770625 0.521667 0.04625 0.05
0 0.546088 0.295625 0.498333 0.02875 0.0633333
0 0.546419 0.096875 0.0670833 0.05625 0.0675
0 0.547009 0.275313 0.0604167 0.029375 0.0441667
0 0.550274 0.635625 0.475417 0.03375 0.0708333
0 0.55095 0.773125 0.63875 0.0475 0.0708333
0 0.554102 0.932187 0.401667 0.043125 0.0633333
0 0.556748 0.266562 0.79 0.071875 0.0883333
0 0.557422 0.264688 0.2325 0.040625 0.07
0 0.561797 0.306875 0.917917 0.07 0.110833
0 0.562981 0.0365625 0.471667 0.065625 0.0816667
0 0.565149 0.44625 0.929583 0.065 0.0808333
0 0.565644 0.55875 0.452917 0.05875 0.0608333
0 0.567866 0.542188 0.556667 0.034375 0.0683333
0 0.568297 0.53 0.414167 0.055 0.0583333
0 0.57158 0.22625 0.2075 0.04375 0.0833333
0 0.581187 0.475 0.112083 0.04625 0.0841667
0 0.590145 0.331875 0.4725 0.03375 0.0416667
0 0.594155 0.627813 0.37 0.054375 0.0583333
0 0.598607 0.0184375 0.0366667 0.035625 0.0733333
0 0.60112 0.837188 0.820417 0.061875 0.0691667
0 0.60232 0.210313 0.319583 0.054375 0.0558333
0 0.604173 0.321875 0.108333 0.05875 0.0533333
0 0.605352 0.6375 0.58 0.0625 0.0566667
0 0.609198 0.545625 0.74 0.04 0.065
0 0.609939 0.604688 0.663333 0.053125 0.103333
0 0.614472 0.534688 0.1375 0.059375 0.0516667
0 0.62446 0.62125 0.88875 0.0475 0.0741667
0 0.626459 0.728437 0.713333 0.070625 0.06
0 0.628314 0.619687 0.05 0.016875 0.0533333
0 0.629587 0.41375 0.760833 0.06125 0.0766667
0 0.630492 0.49 0.361667 0.03875 0.07
0 0.633129 0.33625 0.144167 0.05125 0.0916667
0 0.639431 0.447812 0.334167 0.028125 0.0766667
0 0.646527 0.799375 0.434167 0.05875 0.0783333
0 0.650424 0.414688 0.05375 0.040625 0.0558333
0 0.653212 0.1625 0.236667 0.0375 0.0866667
0 0.653715 0.755 0.09375 0.065 0.0808333
0 0.654378 0.130938 0.156667 0.045625 0.0766667
0 0.659018 0.227187 0.55875 0.118125 0.0675
0 0.65973 0.685313 0.512917 0.060625 0.0608333
0 0.659856 0.053125 0.2475 0.10625 0.11
0 0.660022 0.765312 0.159167 0.030625 0.0516667
0 0.660736 0.445625 0.545833 0.0425 0.0616667
0 0.660776 0.435937 0.259167 0.031875 0.07
0 0.662927 0.384375 0.485 0.035 0.0583333
0 0.667567 0.388125 0.675417 0.0475 0.1225
0 0.673503 0.123438 0.303333 0.049375 0.07
0 0.682087 0.924688 0.674167 0.035625 0.0566667
0 0.682368 0.560313 0.228333 0.040625 0.0866667
0 0.686757 0.688125 0.442083 0.06 0.0525
0 0.688441 0.445625 0.715833 0.05375 0.0516667
0 0.694675 0.714375 0.152917 0.04375 0.0641667
0 0.695123 0.582812 0.789167 0.053125 0.0716667
0 0.701515 0.783125 0.345417 0.06 0.0791667
0 0.704451 0.490938 0.794167 0.074375 0.0866667
0 0.706406 0.300312 0.0395833 0.039375 0.0775
0 0.710246 0.344063 0.228333 0.038125 0.065
0 0.740976 0.0325 0.662083 0.065 0.0958333
0 0.742148 0.495625 0.189583 0.06875 0.0841667
0 0.74345 0.499375 0.640417 0.0475 0.0441667
0 0.752721 0.139375 0.772917 0.08125 0.0958333
0 0.753609 0.708125 0.8725 0.07 0.075
0 0.763922 0.972188 0.736667 0.055625 0.075
0 0.767013 0.417812 0.138333 0.056875 0.0816667
0 0.783122 0.204063 0.680417 0.070625 0.0841667
0 0.785366 0.442187 0.420417 0.054375 0.0708333
0 0.816536 0.359375 0.0404167 0.06375 0.0808333
