0 0.252426 0.128125 0.016 0.04475 0.032
0 0.257884 0.406 0.635 0.031 0.036
0 0.262684 0.0825 0.546 0.045 0.048
0 0.266237 0.257125 0.216667 0.04225 0.0533333
0 0.266949 0.321125 0.0468333 0.03125 0.0536667
0 0.267618 0.986625 0.0748333 0.02375 0.0283333
0 0.284676 0.240125 0.222667 0.02725 0.0373333
0 0.285108 0.457 0.537333 0.024 0.032
0 0.286505 0.713125 0.12 0.01225 0.0326667
0 0.292109 0.460625 0.790667 0.02575 0.042
0 0.292478 0.7095 0.0175 0.014 0.035
0 0.295307 0.219625 0.0408333 0.09725 0.0636667
0 0.30789 0.467125 0.155833 0.01925 0.043
0 0.316009 0.298375 0.378667 0.01825 0.0446667
0 0.317857 0.564375 0.0255 0.01875 0.0423333
0 0.328465 0.235375 0.310833 0.03975 0.057
0 0.329652 0.692625 0.085 0.02075 0.046
0 0.333365 0.604375 0.122833 0.02275 0.0436667
0 0.335298 0.254625 0.578833 0.03425 0.055
0 0.370932 0.488875 0.257 0.02775 0.072
0 0.383422 0.46175 0.431 0.018 0.0286667
0 0.384952 0.14825 0.474833 0.0325 0.051
0 0.396139 0.210625 0.3795 0.02275 0.057
0 0.400787 0.2865 0.4805 0.0305 0.0776667
0 0.404451 0.304875 0.361833 0.02775 0.0456667
0 0.406049 0.698 0.145 0.0135 0.0346667
0 0.433748 0.444375 0.309167 0.03375 0.0703333
0 0.436379 0.19175 0.3545 0.0355 0.059
0 0.436579 0.33875 0.3345 0.0325 0.063
0 0.456 0.520875 0.0258333 0.01675 0.0436667
0 0.460877 0.519375 0.146167 0.06525 0.045
0 0.461559 0.645875 0.151167 0.02425 0.0316667
0 0.462947 0.072125 0.4715 0.07125 0.0676667
0 0.463868 0.2865 0.324 0.05 0.0706667
0 0.47884 0.30625 0.181333 0.0365 0.064
0 0.479423 0.731625 0.0728333 0.01725 0.0536667
0 0.480275 0.692625 0.1995 0.02575 0.045
0 0.483268 0.855125 0.9575 0.03675 0.039
0 0.483397 0.121625 0.258 0.03175 0.046
0 0.490686 0.617125 0.154333 0.02075 0.0426667
0 0.490718 0.420375 0.6825 0.04175 0.0803333
0 0.492421 0.373375 0.204 0.06925 0.0486667
0 0.497453 0.603 0.198833 0.0215 0.0323333
0 0.498186 0.571125 0.6925 0.02875 0.0383333
0 0.499356 0.4975 0.0928333 0.018 0.033
0 0.511813 0.154625 0.956833 0.06025 0.049
0 0.516493 0.986 0.0211667 0.025 0.0363333
0 0.52117 0.78575 0.084 0.028 0.0413333
0 0.538151 0.354375 0.1015 0.03875 0.083
0 0.549915 0.241625 0.332333 0.02575 0.036
0 0.550646 0.3315 0.433167 0.041 0.0676667
0 0.559608 0.662 0.208 0.0145 0.0393333
0 0.565499 0.570125 0.0813333 0.03075 0.06
0 0.570898 0.54 0.765667 0.06 0.054
0 0.584154 0.525375 0.208167 0.04675 0.0643333
0 0.584612 0.212125 0.723333 0.02775 0.046
0 0.58895 0.266875 0.404833 0.02875 0.057
0 0.594869 0.95475 0.0386667 0.0315 0.038
0 0.60744 0.75625 0.0843333 0.025 0.0473333
0 0.607601 0.19175 0.203167 0.0375 0.0656667
0 0.615388 0.42175 0.513667 0.051 0.0686667
0 0.619381 0.550125 0.968167 0.04075 0.0636667
0 0.623114 0.229375 0.282667 0.04275 0.0513333
0 0.631549 0.430125 0.1525 0.04975 0.102333
0 0.649527 0.43625 0.801 0.054 0.074
0 0.667741 0.174875 0.284167 0.03675 0.0583333
0 0.675322 0.461 0.8945 0.0405 0.0516667
0 0.676895 0.1565 0.4085 0.062 0.0683333
0 0.679948 0.709 0.279167 0.0455 0.0536667
0 0.70427 0.925375 0.716333 0.05875 0.0606667
0 0.712952 0.783375 0.814 0.04575 0.0733333
0 0.714124 0.468625 0.738667 0.05275 0.056
0 0.724577 0.6145 0.672167 0.054 0.051
0 0.732452 0.390375 0.573167 0.04775 0.0456667
0 0.739443 0.894 0.889 0.0865 0.0793333
0 0.740739 0.778375 0.916833 0.03625 0.077
0 0.7579 0.197 0.541 0.0785 0.0993333
0 0.762658 0.6815 0.706333 0.0515 0.052
0 0.769771 0.72225 0.8325 0.0685 0.075
0 0.786028 0.938 0.816333 0.0715 0.076
