0 0.250378 0.2775 0.026 0.0455 0.0426667
0 0.252758 0.492 0.780167 0.081 0.051
0 0.254539 0.456625 0.7045 0.05175 0.0663333
0 0.256152 0.3845 0.295833 0.024 0.037
0 0.260187 0.682375 0.986333 0.04675 0.0273333
0 0.262866 0.504375 0.669 0.03025 0.03
0 0.267183 0.348625 0.533833 0.01575 0.037
0 0.269775 0.260375 0.615167 0.13375 0.051
0 0.273614 0.33675 0.918 0.037 0.078
0 0.288303 0.376 0.668833 0.0475 0.0483333
0 0.292109 0.68525 0.174833 0.0155 0.029
0 0.303446 0.870375 0.372333 0.02525 0.0293333
0 0.304538 0.66825 0.291833 0.078 0.0903333
0 0.306958 0.2845 0.955 0.041 0.054
0 0.308251 0.317375 0.2985 0.02575 0.041
0 0.311097 0.594375 0.975667 0.01925 0.048
0 0.318655 0.5565 0.962 0.044 0.0473333
0 0.321391 0.1475 0.867333 0.0305 0.0386667
0 0.326064 0.237375 0.661833 0.17525 0.0856667
0 0.333534 0.679375 0.0556667 0.01825 0.032
0 0.335734 0.672375 0.4045 0.02425 0.0516667
0 0.339119 0.7645 0.430667 0.02 0.0306667
0 0.339406 0.424125 0.517333 0.01725 0.0366667
0 0.345238 0.76825 0.233333 0.057 0.036
0 0.350784 0.629625 0.783667 0.02375 0.0433333
0 0.357801 0.222625 0.930167 0.01625 0.047
0 0.360374 0.379 0.3355 0.017 0.0436667
0 0.361064 0.1355 0.580167 0.0285 0.0443333
0 0.362152 0.351625 0.256667 0.03025 0.046
0 0.367428 0.96925 0.502833 0.057 0.0456667
0 0.375095 0.281125 0.735167 0.05975 0.0596667
0 0.378845 0.513875 0.428 0.01925 0.038
0 0.38829 0.134625 0.755333 0.07375 0.0466667
0 0.389171 0.77025 0.490833 0.0195 0.0316667
0 0.390198 0.471 0.771667 0.046 0.0406667
0 0.393134 0.7965 0.2405 0.019 0.0443333
0 0.399402 0.3035 0.523667 0.0435 0.0506667
0 0.400707 0.133 0.248 0.0235 0.05
0 0.403534 0.526125 0.550167 0.01975 0.0503333
0 0.405163 0.522 0.343167 0.034 0.0403333
0 0.406048 0.4495 0.629167 0.04 0.0663333
0 0.415013 0.63475 0.397667 0.021 0.0286667
0 0.421112 0.65175 0.429667 0.03 0.0353333
0 0.427422 0.636 0.869 0.0385 0.0353333
0 0.427478 0.9595 0.26 0.0365 0.0806667
0 0.433685 0.226125 0.394167 0.03175 0.057
0 0.440441 0.9315 0.775167 0.071 0.0536667
0 0.458768 0.199375 0.807167 0.02275 0.0456667
0 0.463231 0.51425 0.5205 0.031 0.0803333
0 0.465537 0.4425 0.644667 0.034 0.056
0 0.470243 0.25325 0.158333 0.0285 0.052
0 0.472423 0.55025 0.552833 0.027 0.0596667
0 0.475158 0.93 0.945167 0.085 0.109667
0 0.490079 0.455625 0.613 0.03475 0.0353333
0 0.491195 0.699 0.393 0.014 0.0333333
0 0.493201 0.377625 0.673667 0.02875 0.0346667
0 0.493946 0.496 0.952333 0.0435 0.0933333
0 0.499278 0.304 0.400167 0.023 0.0436667
0 0.502244 0.1615 0.274167 0.028 0.043
0 0.513779 0.685875 0.539667 0.03375 0.086
0 0.520367 0.1855 0.516667 0.0485 0.0506667
0 0.524958 0.064625 0.0926667 0.05025 0.046
0 0.525828 0.87675 0.271 0.036 0.0886667
0 0.539754 0.515375 0.215333 0.02625 0.062
0 0.543598 0.57225 0.592667 0.025 0.0526667
0 0.549212 0.203125 0.4525 0.04775 0.041
0 0.553794 0.408625 0.696833 0.03175 0.049
0 0.554351 0.749875 0.605833 0.04325 0.0516667
0 0.555915 0.36575 0.410667 0.0435 0.044
0 0.556013 0.461 0.4885 0.035 0.079
0 0.560215 0.815375 0.804333 0.09525 0.082
0 0.565025 0.511625 0.790167 0.04925 0.051
0 0.57228 0.543625 0.254833 0.04075 0.063
0 0.57306 0.655875 0.576667 0.03325 0.052
0 0.573446 0.72125 0.2865 0.02 0.037
0 0.57563 0.585 0.785 0.041 0.044
0 0.577387 0.6015 0.466833 0.0265 0.0543333
0 0.578486 0.446125 0.880167 0.06225 0.0503333
0 0.582646 0.574125 0.156167 0.05275 0.0656667
0 0.586659 0.21425 0.147167 0.0265 0.065
0 0.593499 0.75675 0.324333 0.0445 0.106667
0 0.598915 0.327625 0.193667 0.04125 0.0506667
0 0.60227 0.478375 0.200333 0.05475 0.0906667
0 0.609652 0.9535 0.590167 0.0915 0.122333
0 0.618449 0.334875 0.0241667 0.03325 0.0483333
0 0.620954 0.218125 0.341 0.02175 0.034
0 0.62212 0.744125 0.487333 0.01925 0.048
0 0.624584 0.41 0.449167 0.0425 0.115
0 0.633192 0.28975 0.806167 0.103 0.0516667
0 0.634547 0.832875 0.286167 0.06475 0.0543333
0 0.638 0.65175 0.782667 0.066 0.0593333
0 0.665298 0.26275 0.418 0.031 0.06
0 0.689801 0.547 0.644 0.0445 0.046
0 0.709339 0.6915 0.880667 0.026 0.0446667
0 0.7139 0.944125 0.429333 0.06175 0.0773333
0 0.724836 0.65975 0.661167 0.04 0.063
0 0.766469 0.600875 0.681833 0.05775 0.0836667
0 0.775995 0.805125 0.503 0.03825 0.086
