0 0.252642 0.02925 0.453833 0.039 0.047
0 0.261097 0.666875 0.7245 0.02375 0.0376667
0 0.263719 0.8455 0.3445 0.0475 0.0556667
0 0.265491 0.43025 0.4485 0.0335 0.0336667
0 0.265794 0.485375 0.6505 0.01925 0.0396667
0 0.266738 0.618375 0.788 0.01725 0.03
0 0.269592 0.826 0.7515 0.036 0.055
0 0.282092 0.65825 0.826833 0.0265 0.0496667
0 0.286549 0.628875 0.748167 0.02125 0.0356667
0 0.286797 0.693375 0.1385 0.02875 0.0336667
0 0.290738 0.563375 0.769 0.05325 0.05
0 0.292664 0.55075 0.270167 0.0495 0.0403333
0 0.293979 0.1445 0.461 0.0435 0.0466667
0 0.294896 0.696125 0.236167 0.01925 0.041
0 0.299954 0.188875 0.418333 0.05075 0.052
0 0.300309 0.164 0.653167 0.044 0.0496667
0 0.300596 0.111375 0.413333 0.06425 0.05
0 0.304411 0.672625 0.233833 0.01075 0.0276667
0 0.305655 0.887125 0.614167 0.03525 0.0556667
0 0.315122 0.23875 0.722167 0.0335 0.041
0 0.318647 0.096625 0.3535 0.06125 0.065
0 0.319561 0.534125 0.311333 0.02875 0.0353333
0 0.320241 0.54575 0.576 0.0495 0.0606667
0 0.323097 0.411625 0.362333 0.03625 0.0593333
0 0.330506 0.402125 0.83 0.02275 0.0486667
0 0.330826 0.47725 0.6025 0.0265 0.037
0 0.339278 0.73125 0.1835 0.0785 0.0556667
0 0.339498 0.29625 0.470167 0.027 0.073
0 0.345114 0.26975 0.346833 0.032 0.0483333
0 0.345615 0.455125 0.558667 0.02725 0.0306667
0 0.350067 0.498875 0.219833 0.03225 0.0636667
0 0.351443 0.549875 0.87 0.06825 0.0606667
0 0.352897 0.739625 0.8805 0.05575 0.069
0 0.35534 0.46075 0.013 0.019 0.0226667
0 0.357787 0.789 0.312167 0.0465 0.0576667
0 0.362559 0.369625 0.676833 0.03275 0.0576667
0 0.367492 0.19675 0.0301667 0.059 0.0556667
0 0.368274 0.1665 0.6335 0.064 0.035
0 0.370322 0.68875 0.778 0.02 0.0413333
0 0.370825 0.962875 0.142333 0.07425 0.125333
0 0.376041 0.422875 0.292833 0.01775 0.0376667
0 0.385119 0.24075 0.619167 0.045 0.047
0 0.394686 0.19 0.339 0.0265 0.0293333
0 0.39615 0.371375 0.464667 0.03475 0.072
0 0.396359 0.513125 0.783333 0.03075 0.0493333
0 0.405949 0.538375 0.440167 0.01675 0.0316667
0 0.409893 0.165625 0.674667 0.04025 0.0393333
0 0.415808 0.4665 0.0746667 0.036 0.04
0 0.418271 0.03125 0.319 0.058 0.0513333
0 0.425868 0.74925 0.327833 0.0635 0.063
0 0.428569 0.31975 0.120833 0.034 0.0543333
0 0.443666 0.51575 0.371833 0.0765 0.053
0 0.450858 0.380875 0.303833 0.02925 0.0323333
0 0.454029 0.644875 0.211667 0.01825 0.05
0 0.45503 0.762 0.243833 0.0455 0.0516667
0 0.460372 0.0265 0.422167 0.053 0.0483333
0 0.463737 0.311875 0.548667 0.04375 0.0706667
0 0.467181 0.398875 0.169 0.02875 0.0693333
0 0.484095 0.2705 0.564833 0.039 0.0536667
0 0.484751 0.423875 0.5805 0.03775 0.0616667
0 0.493247 0.4005 0.509167 0.016 0.0423333
0 0.506195 0.496625 0.828333 0.03525 0.044
0 0.50764 0.2205 0.824333 0.0365 0.0473333
0 0.514755 0.67975 0.701333 0.05 0.0853333
0 0.52231 0.632125 0.519667 0.02575 0.054
0 0.531266 0.4625 0.770167 0.021 0.051
0 0.540254 0.329875 0.667833 0.04525 0.0443333
0 0.544146 0.592625 0.6105 0.06975 0.0416667
0 0.548 0.56775 0.439833 0.0225 0.0456667
0 0.550075 0.489 0.117333 0.0645 0.0546667
0 0.562701 0.66275 0.883833 0.0305 0.059
0 0.568202 0.631125 0.6905 0.02875 0.0603333
0 0.569966 0.806125 0.665667 0.06025 0.058
0 0.579032 0.069625 0.2525 0.04525 0.055
0 0.583976 0.31775 0.268333 0.034 0.048
0 0.632959 0.72475 0.585333 0.038 0.0606667
0 0.653622 0.298625 0.1875 0.03525 0.0443333
0 0.65685 0.494625 0.522667 0.03825 0.0993333
0 0.684042 0.74525 0.518833 0.06 0.049
0 0.693478 0.834875 0.863 0.04825 0.194
