0 0.250799 0.16875 0.0928333 0.035 0.0563333
0 0.2548 0.690125 0.0138333 0.04475 0.0276667
0 0.267337 0.81025 0.737 0.035 0.0346667
0 0.268111 0.29075 0.982167 0.059 0.035
0 0.268144 0.69925 0.287167 0.0515 0.057
0 0.27214 0.955875 0.184833 0.01975 0.0303333
0 0.276287 0.493 0.432833 0.0195 0.033
0 0.285232 0.685125 0.593 0.02725 0.048
0 0.301277 0.3195 0.0245 0.056 0.049
0 0.302697 0.949875 0.582667 0.02975 0.0493333
0 0.303681 0.829625 0.3455 0.03425 0.0656667
0 0.310824 0.89225 0.225333 0.0395 0.0506667
0 0.317245 0.273 0.546333 0.0915 0.116
0 0.317354 0.5995 0.124833 0.0475 0.0443333
0 0.318095 0.730125 0.285167 0.05425 0.043
0 0.331963 0.83725 0.353667 0.026 0.0466667
0 0.33236 0.691625 0.507167 0.08175 0.0636667
0 0.341514 0.63 0.3315 0.066 0.0836667
0 0.347208 0.803875 0.0313333 0.02225 0.0386667
0 0.364099 0.479875 0.2505 0.03175 0.0376667
0 0.384912 0.54725 0.0291667 0.0265 0.039
0 0.401605 0.285 0.471833 0.076 0.0536667
0 0.404566 0.318875 0.553667 0.04325 0.0373333
0 0.412186 0.38875 0.806667 0.041 0.0413333
0 0.421002 0.75075 0.0741667 0.0195 0.0363333
0 0.433684 0.432125 0.062 0.08975 0.124
0 0.435178 0.984 0.440167 0.0265 0.0543333
0 0.436374 0.815125 0.621167 0.07575 0.059
0 0.436638 0.893 0.887833 0.0765 0.0643333
0 0.438702 0.695375 0.395667 0.07025 0.0833333
0 0.444921 0.713125 0.192667 0.02025 0.0393333
0 0.44892 0.41525 0.0456667 0.0465 0.0906667
0 0.463094 0.90725 0.273167 0.0255 0.0296667
0 0.463399 0.963625 0.52 0.03275 0.0366667
0 0.463692 0.908375 0.688333 0.03725 0.0626667
0 0.472054 0.305375 0.0226667 0.02625 0.0433333
0 0.473147 0.51275 0.253 0.045 0.0546667
0 0.473453 0.819125 0.333667 0.02375 0.056
0 0.475771 0.371625 0.78 0.05925 0.056
0 0.478386 0.941625 0.251667 0.02775 0.0286667
0 0.483761 0.83375 0.0828333 0.0585 0.069
0 0.489816 0.577875 0.161333 0.06225 0.044
0 0.525274 0.710875 0.621833 0.04125 0.0556667
0 0.526484 0.38075 0.940333 0.0675 0.11
0 0.531194 0.90225 0.59 0.0445 0.0453333
0 0.532463 0.78075 0.216833 0.0685 0.0676667
0 0.542464 0.689 0.291833 0.024 0.0656667
0 0.551162 0.3365 0.0271667 0.042 0.053
0 0.553312 0.368625 0.637333 0.10525 0.0626667
0 0.558915 0.553625 0.297667 0.02375 0.0593333
0 0.562394 0.3075 0.148333 0.0215 0.0573333
0 0.564764 0.66475 0.653 0.035 0.072
0 0.567211 0.394875 0.573667 0.04075 0.082
0 0.576189 0.29725 0.596833 0.0495 0.0903333
0 0.577606 0.61625 0.671667 0.035 0.078
0 0.581159 0.509125 0.2015 0.03875 0.0616667
0 0.5881 0.529875 0.643667 0.04425 0.042
0 0.592323 0.456375 0.6205 0.07975 0.131667
0 0.614282 0.332625 0.975 0.04075 0.05
0 0.620696 0.973625 0.914667 0.05175 0.062
0 0.623941 0.466125 0.409833 0.03675 0.105
0 0.625412 0.49175 0.1365 0.0205 0.0416667
0 0.626833 0.246375 0.0713333 0.01825 0.04
0 0.629506 0.681875 0.493 0.05275 0.052
0 0.639817 0.419375 0.163167 0.03775 0.037
0 0.641114 0.532375 0.119333 0.02725 0.048
0 0.644369 0.278 0.0598333 0.0225 0.053
0 0.648032 0.59075 0.443 0.138 0.0593333
0 0.652276 0.32725 0.8855 0.038 0.075
0 0.670321 0.436375 0.526333 0.06125 0.0766667
0 0.674623 0.648625 0.0545 0.01925 0.0423333
0 0.691378 0.6175 0.571 0.0625 0.07
0 0.702326 0.184 0.0245 0.0465 0.049
0 0.703032 0.639625 0.303833 0.04825 0.079
0 0.711425 0.56875 0.507833 0.04 0.051
0 0.717452 0.337375 0.247833 0.03425 0.0556667
0 0.718399 0.253625 0.524167 0.07375 0.079
0 0.738457 0.49475 0.487333 0.0565 0.076
0 0.7436 0.31225 0.804167 0.055 0.0803333
0 0.769567 0.34075 0.715833 0.099 0.0816667
0 0.774589 0.610375 0.367 0.08325 0.0633333
0 0.782475 0.36325 0.110333 0.038 0.0626667
