0 0.256576 0.422375 0.417333 0.03475 0.05
0 0.258905 0.121125 0.419 0.03675 0.0706667
0 0.26233 0.94225 0.529667 0.0265 0.0626667
0 0.280876 0.5115 0.199167 0.023 0.037
0 0.281051 0.43275 0.244 0.0475 0.0446667
0 0.298875 0.258625 0.267333 0.02525 0.0433333
0 0.301694 0.492125 0.908333 0.02875 0.0626667
0 0.315464 0.606 0.0493333 0.0225 0.0393333
0 0.317715 0.41 0.431 0.032 0.046
0 0.323682 0.881 0.4425 0.0425 0.0436667
0 0.327299 0.94225 0.8745 0.0505 0.0556667
0 0.365869 0.471875 0.372667 0.02825 0.0366667
0 0.40602 0.7695 0.635167 0.011 0.0323333
0 0.410237 0.1725 0.455833 0.0555 0.0523333
0 0.411985 0.57325 0.386333 0.042 0.0673333
0 0.473262 0.982 0.358333 0.0315 0.0366667
0 0.512872 0.21925 0.101167 0.0455 0.063
0 0.528775 0.225875 0.322 0.04625 0.0686667
0 0.548036 0.107 0.193833 0.0365 0.0596667
0 0.553593 0.763375 0.1085 0.02575 0.043
0 0.559309 0.2815 0.28 0.031 0.0753333
0 0.58147 0.244125 0.405167 0.03625 0.0763333
0 0.633775 0.055125 0.1995 0.02725 0.0643333
0 0.644846 0.2795 0.447167 0.066 0.0823333
0 0.669133 0.26825 0.558333 0.0515 0.0586667
0 0.714027 0.150875 0.115833 0.07125 0.0863333
