0 0.251716 0.1 0.198167 0.0205 0.0443333
0 0.254813 0.53475 0.374833 0.0125 0.035
0 0.256397 0.709875 0.1235 0.02125 0.025
0 0.257044 0.646375 0.191833 0.02325 0.047
0 0.258612 0.416875 0.477 0.04325 0.058
0 0.268097 0.809375 0.240333 0.03875 0.0346667
0 0.275361 0.524 0.280667 0.0335 0.036
0 0.298863 0.245375 0.608333 0.06875 0.0506667
0 0.300799 0.365625 0.385667 0.02225 0.054
0 0.306684 0.99125 0.3415 0.016 0.039
0 0.308949 0.36225 0.213167 0.0195 0.0256667
0 0.314304 0.574125 0.102833 0.01125 0.0316667
0 0.315924 0.6345 0.077 0.017 0.0333333
0 0.316772 0.617 0.258 0.024 0.0366667
0 0.318627 0.19875 0.437667 0.056 0.0553333
0 0.32439 0.58425 0.2875 0.0245 0.037
0 0.324719 0.07675 0.2315 0.0155 0.0363333
0 0.327164 0.262125 0.474333 0.02375 0.0333333
0 0.32938 0.477 0.546667 0.0295 0.0413333
0 0.329732 0.54075 0.187667 0.017 0.038
0 0.33328 0.690375 0.249667 0.02675 0.0393333
0 0.337557 0.193875 0.184 0.06275 0.0353333
0 0.341637 0.705 0.169 0.055 0.048
0 0.342768 0.607125 0.273 0.02075 0.0333333
0 0.344672 0.4795 0.3395 0.0415 0.045
0 0.34522 0.28975 0.1415 0.037 0.0416667
0 0.356158 0.896875 0.122833 0.03125 0.0456667
0 0.359246 0.58775 0.963667 0.025 0.0513333
0 0.361979 0.173375 0.186833 0.03975 0.0323333
0 0.364138 0.265 0.313333 0.0375 0.0373333
0 0.367777 0.66575 0.231833 0.033 0.053
0 0.378414 0.570375 0.407333 0.05175 0.0746667
0 0.383009 0.300875 0.460167 0.10275 0.0596667
0 0.386024 0.656375 0.213167 0.03325 0.0723333
0 0.390311 0.397125 0.0355 0.01525 0.0296667
0 0.398548 0.55075 0.141 0.016 0.024
0 0.401829 0.511375 0.2155 0.00925 0.0316667
0 0.437299 0.665375 0.0973333 0.01375 0.0386667
0 0.442791 0.737 0.194167 0.0235 0.0456667
0 0.442895 0.531625 0.456833 0.05175 0.0516667
0 0.46518 0.55375 0.730667 0.021 0.0393333
0 0.476093 0.606375 0.3445 0.03525 0.043
0 0.476309 0.96975 0.056 0.053 0.0726667
0 0.477809 0.832 0.370833 0.035 0.047
0 0.481547 0.211 0.186 0.0345 0.0413333
0 0.482474 0.25475 0.0255 0.013 0.0443333
0 0.48864 0.51875 0.341667 0.0215 0.0326667
0 0.497964 0.626 0.0138333 0.0285 0.0276667
0 0.501642 0.483625 0.761833 0.02575 0.045
0 0.502418 0.700875 0.493 0.01375 0.0346667
0 0.502841 0.640375 0.359 0.02825 0.0433333
0 0.503446 0.3385 0.3655 0.0245 0.0603333
0 0.503486 0.56125 0.321 0.0325 0.0333333
0 0.523471 0.2745 0.387667 0.042 0.044
0 0.523887 0.605375 0.135167 0.02875 0.051
0 0.524482 0.636625 0.288 0.01675 0.04
0 0.525318 0.741875 0.379833 0.06025 0.071
0 0.526591 0.759875 0.254167 0.04175 0.0483333
0 0.527208 0.47425 0.2265 0.0145 0.0323333
0 0.528361 0.85975 0.0561667 0.0325 0.0376667
0 0.536076 0.466375 0.0141667 0.02325 0.0263333
0 0.536922 0.25375 0.118 0.034 0.0506667
0 0.536969 0.46675 0.542667 0.0565 0.0726667
0 0.553287 0.675 0.316333 0.0405 0.0593333
0 0.555036 0.414625 0.0836667 0.02175 0.0433333
0 0.558023 0.45525 0.123333 0.0325 0.0493333
0 0.560846 0.853 0.501667 0.0245 0.034
0 0.563415 0.669125 0.970833 0.03575 0.0443333
0 0.576054 0.41625 0.317667 0.023 0.036
0 0.579012 0.57775 0.153667 0.019 0.0406667
0 0.580116 0.979625 0.284167 0.03775 0.053
0 0.59527 0.37875 0.431333 0.026 0.058
0 0.595726 0.5815 0.017 0.0255 0.034
0 0.598538 0.322625 0.206333 0.03325 0.0386667
0 0.606672 0.833625 0.12 0.01925 0.0513333
0 0.613603 0.819625 0.301333 0.04025 0.054
0 0.615313 0.178125 0.240167 0.03625 0.0556667
0 0.622998 0.374375 0.319333 0.03675 0.04
0 0.628001 0.252125 0.3395 0.07475 0.063
0 0.630675 0.380875 0.246667 0.02625 0.0746667
0 0.634005 0.577875 0.518667 0.04375 0.048
0 0.64259 0.59425 0.597167 0.0325 0.063
0 0.651841 0.430625 0.2665 0.03325 0.047
0 0.663077 0.446 0.185167 0.032 0.057
0 0.68506 0.0435 0.8305 0.0385 0.0483333
0 0.707943 0.15125 0.309333 0.0515 0.0573333
0 0.711937 0.371 0.541333 0.066 0.0806667
0 0.718467 0.5295 0.558167 0.0345 0.0456667
0 0.739516 0.281875 0.551833 0.06875 0.0663333
0 0.74463 0.683375 0.378667 0.06125 0.0553333
0 0.750121 0.111375 0.396 0.05325 0.0673333
0 0.758155 0.0285 0.886667 0.0485 0.0613333
0 0.797091 0.934875 0.187833 0.07025 0.0676667
0 0.821353 0.15225 0.7475 0.096 0.124333
