0 0.26657 0.545375 0.0871667 0.01925 0.035
0 0.268245 0.689625 0.662333 0.01425 0.03
0 0.275183 0.340875 0.2845 0.03475 0.0496667
0 0.286951 0.760125 0.820167 0.02275 0.0483333
0 0.292959 0.48325 0.546833 0.0175 0.033
0 0.293473 0.806625 0.944333 0.02175 0.0513333
0 0.303977 0.564375 0.0201667 0.02275 0.031
0 0.307022 0.1305 0.303167 0.03 0.0716667
0 0.31075 0.748375 0.7075 0.02475 0.031
0 0.314825 0.75225 0.115333 0.0165 0.038
0 0.315224 0.17575 0.448333 0.027 0.0293333
0 0.315318 0.3405 0.543667 0.0195 0.032
0 0.319704 0.110125 0.2935 0.04975 0.0583333
0 0.321389 0.884875 0.877167 0.02575 0.051
0 0.328069 0.24825 0.0466667 0.0465 0.072
0 0.330523 0.900875 0.0601667 0.02325 0.0536667
0 0.334255 0.439 0.600833 0.017 0.0416667
0 0.335987 0.86825 0.0951667 0.0745 0.051
0 0.339317 0.034375 0.6395 0.03925 0.049
0 0.341309 0.634625 0.692833 0.03675 0.0456667
0 0.34699 0.076875 0.492667 0.03075 0.0473333
0 0.353452 0.84675 0.774 0.0505 0.0446667
0 0.35444 0.106875 0.969667 0.04725 0.0393333
0 0.367443 0.293 0.344333 0.023 0.0446667
0 0.368614 0.4125 0.628833 0.04 0.0416667
0 0.373636 0.436375 0.153833 0.03025 0.0543333
0 0.375093 0.558375 0.102167 0.02125 0.045
0 0.375942 0.5135 0.0776667 0.0225 0.0406667
0 0.377818 0.604 0.655 0.023 0.0233333
0 0.388212 0.52975 0.198667 0.031 0.074
0 0.400843 0.614375 0.768667 0.03375 0.0473333
0 0.412594 0.83 0.896 0.0445 0.0453333
0 0.412931 0.5335 0.124333 0.021 0.0373333
0 0.413501 0.478625 0.543 0.02225 0.0466667
0 0.413694 0.937125 0.870833 0.02525 0.0423333
0 0.41373 0.642625 0.8335 0.03625 0.053
0 0.433452 0.31525 0.5195 0.022 0.0403333
0 0.433522 0.80625 0.715833 0.019 0.039
0 0.434976 0.165625 0.8455 0.04775 0.0556667
0 0.435396 0.43 0.5505 0.029 0.037
0 0.436762 0.620875 0.718 0.03075 0.064
0 0.451041 0.405875 0.25 0.04425 0.0433333
0 0.452948 0.166875 0.0528333 0.03575 0.0483333
0 0.45726 0.664 0.0236667 0.0225 0.0473333
0 0.461613 0.913375 0.9275 0.04125 0.0856667
0 0.464913 0.19425 0.640833 0.056 0.0496667
0 0.473587 0.10075 0.293333 0.0265 0.0466667
0 0.478968 0.2795 0.149 0.063 0.0513333
0 0.491752 0.145625 0.9305 0.07675 0.0616667
0 0.494782 0.264625 0.626833 0.07425 0.0743333
0 0.511184 0.53475 0.546833 0.0145 0.0476667
0 0.514931 0.285875 0.250333 0.03125 0.0566667
0 0.517249 0.30325 0.0781667 0.0555 0.0476667
0 0.519733 0.45025 0.254833 0.031 0.0836667
0 0.523388 0.38275 0.8165 0.03 0.077
0 0.532871 0.523375 0.493833 0.01725 0.039
0 0.536042 0.185 0.144 0.0365 0.062
0 0.538144 0.166625 0.497833 0.03925 0.0563333
0 0.542685 0.1535 0.392333 0.05 0.0726667
0 0.543058 0.07675 0.359667 0.0415 0.0813333
0 0.545375 0.013625 0.309167 0.02675 0.057
0 0.549335 0.21775 0.542333 0.038 0.0713333
0 0.55203 0.741375 0.901333 0.02775 0.06
0 0.554936 0.5825 0.0875 0.0315 0.053
0 0.55701 0.96 0.0836667 0.0285 0.0526667
0 0.558351 0.121375 0.510333 0.03125 0.034
0 0.56053 0.642125 0.566833 0.02575 0.0296667
0 0.571098 0.568125 0.7585 0.03825 0.0483333
0 0.572863 0.5535 0.615667 0.019 0.0346667
0 0.573451 0.62425 0.627833 0.0265 0.0416667
0 0.5739 0.338625 0.4 0.05525 0.0853333
0 0.575207 0.385125 0.579833 0.03675 0.0763333
0 0.576493 0.577125 0.598333 0.01975 0.0466667
0 0.586792 0.595125 0.857167 0.01925 0.0383333
0 0.58974 0.141375 0.124 0.03375 0.0473333
0 0.592264 0.59825 0.977 0.051 0.046
0 0.59246 0.48725 0.156833 0.0185 0.0443333
0 0.592521 0.28425 0.730667 0.0295 0.066
0 0.605348 0.627375 0.869833 0.02325 0.033
0 0.610046 0.441625 0.688667 0.03775 0.0626667
0 0.618982 0.375875 0.508333 0.03925 0.068
0 0.626446 0.3315 0.615167 0.041 0.0763333
0 0.636652 0.706875 0.67 0.01525 0.034
0 0.642955 0.9205 0.0235 0.0385 0.047
0 0.645959 0.678375 0.946 0.05525 0.0806667
0 0.649191 0.268375 0.5445 0.06075 0.0556667
0 0.650376 0.317625 0.688333 0.04325 0.054
0 0.652818 0.611 0.346833 0.0395 0.0496667
0 0.652958 0.705375 0.0431667 0.03175 0.0816667
0 0.663771 0.155125 0.2535 0.03775 0.063
0 0.664003 0.27475 0.4415 0.0595 0.075
0 0.664559 0.167 0.769833 0.0485 0.0816667
0 0.674041 0.255 0.310333 0.079 0.0653333
0 0.674727 0.3735 0.3415 0.0365 0.0683333
0 0.680954 0.50175 0.651667 0.056 0.1
0 0.68119 0.22175 0.7125 0.056 0.065
0 0.689687 0.561875 0.182333 0.03575 0.0913333
0 0.691098 0.209625 0.253333 0.04275 0.0653333
0 0.694479 0.739125 0.799167 0.05475 0.081
0 0.700842 0.548 0.824333 0.035 0.08
0 0.704111 0.382 0.687167 0.042 0.0696667
0 0.71293 0.437125 0.3795 0.05325 0.0843333
0 0.714994 0.856125 0.954333 0.04475 0.0866667
0 0.716072 0.564625 0.301 0.04625 0.0793333
0 0.747429 0.48925 0.907667 0.0405 0.116667
0 0.786152 0.51325 0.275833 0.052 0.0956667
0 0.791839 0.319625 0.8195 0.07075 0.100333
