0 0.253049 0.1505 0.170667 0.034 0.0706667
0 0.259113 0.426375 0.4495 0.04575 0.095
0 0.260276 0.094 0.1315 0.0815 0.104333
0 0.260775 0.718625 0.115 0.01975 0.0526667
0 0.261051 0.486125 0.487 0.02425 0.0273333
0 0.263036 0.118875 0.643833 0.04375 0.0576667
0 0.263366 0.499875 0.691833 0.02925 0.0376667
0 0.264416 0.311125 0.6375 0.05125 0.0716667
0 0.268256 0.73675 0.558333 0.0155 0.0266667
0 0.282533 0.2585 0.386167 0.024 0.0503333
0 0.303832 0.73625 0.310833 0.0745 0.069
0 0.315165 0.42125 0.595167 0.0305 0.043
0 0.316418 0.573125 0.666833 0.01575 0.035
0 0.316976 0.938875 0.351167 0.02475 0.029
0 0.338092 0.554875 0.582667 0.01925 0.0346667
0 0.352879 0.463 0.485167 0.024 0.0343333
0 0.353653 0.115625 0.1115 0.09125 0.0776667
0 0.360116 0.534625 0.471333 0.03375 0.0446667
0 0.361536 0.55425 0.702833 0.0215 0.0236667
0 0.361956 0.981375 0.335167 0.03125 0.039
0 0.363332 0.11575 0.521333 0.0285 0.0373333
0 0.363901 0.808125 0.076 0.03675 0.0926667
0 0.365026 0.66975 0.555 0.0355 0.0306667
0 0.365547 0.34825 0.733 0.042 0.0453333
0 0.388681 0.284875 0.4205 0.01675 0.039
0 0.402088 0.549375 0.459833 0.01625 0.0363333
0 0.416796 0.627 0.503667 0.041 0.0713333
0 0.429216 0.711625 0.568167 0.01075 0.029
0 0.432884 0.271625 0.625833 0.03475 0.0676667
0 0.433998 0.23975 0.478833 0.053 0.061
0 0.443873 0.074 0.158333 0.046 0.0746667
0 0.454215 0.488125 0.417667 0.01625 0.0366667
0 0.457419 0.588875 0.529667 0.01975 0.034
0 0.476125 0.022 0.142333 0.037 0.076
0 0.486646 0.705 0.435833 0.021 0.0596667
0 0.492981 0.672375 0.415 0.01825 0.0353333
0 0.501903 0.939625 0.4055 0.03875 0.045
0 0.509677 0.425375 0.7385 0.02225 0.031
0 0.516645 0.79475 0.0821667 0.0655 0.122333
0 0.555169 0.5455 0.529 0.0355 0.0553333
0 0.556833 0.52125 0.420333 0.0225 0.0386667
0 0.596247 0.3135 0.427667 0.037 0.06
0 0.606716 0.395125 0.5555 0.04325 0.0743333
0 0.610552 0.854 0.0165 0.0455 0.033
0 0.618561 0.32325 0.655 0.057 0.0566667
0 0.62674 0.33975 0.5665 0.054 0.0783333
0 0.637626 0.612625 0.283833 0.03175 0.0716667
0 0.639945 0.8575 0.363667 0.0445 0.0886667
0 0.650996 0.272375 0.705 0.05475 0.0806667
0 0.654686 0.39525 0.681 0.0685 0.0573333
0 0.666746 0.705 0.184333 0.1135 0.084
0 0.683887 0.58175 0.329 0.067 0.108667
0 0.704899 0.466 0.562333 0.072 0.0773333
0 0.720997 0.67775 0.306833 0.054 0.110333
