0 0.253532 0.7875 0.985833 0.0275 0.025
0 0.257202 0.460938 0.34125 0.021875 0.0458333
0 0.25753 0.359375 0.229583 0.01 0.0291667
0 0.271446 0.11 0.49 0.02625 0.0366667
0 0.2736 0.614688 0.166667 0.014375 0.0283333
0 0.274264 0.485938 0.362917 0.020625 0.0375
0 0.28914 0.42625 0.147917 0.0125 0.0408333
0 0.289915 0.5675 0.262917 0.015 0.0358333
0 0.290798 0.682187 0.76375 0.031875 0.0358333
0 0.29183 0.221875 0.0129167 0.0475 0.0258333
0 0.293801 0.726562 0.43625 0.021875 0.0325
0 0.301683 0.405313 0.675833 0.023125 0.0366667
0 0.302522 0.41125 0.755833 0.015 0.0283333
0 0.307215 0.581563 0.3825 0.024375 0.0333333
0 0.315149 0.442187 0.566667 0.008125 0.03
0 0.315166 0.747813 0.929583 0.028125 0.0475
0 0.31855 0.441875 0.818333 0.02 0.0333333
0 0.318568 0.47625 0.186667 0.01875 0.035
0 0.319301 0.568125 0.35375 0.0275 0.0225
0 0.325505 0.507187 0.584167 0.031875 0.03
0 0.330986 0.64 0.54125 0.04125 0.0408333
0 0.333852 0.863125 0.2775 0.0125 0.0266667
0 0.338545 0.4475 0.862083 0.02125 0.0408333
0 0.339263 0.69125 0.77375 0.04625 0.0525
0 0.356947 0.537812 0.31625 0.018125 0.0325
0 0.359582 0.531563 0.800833 0.015625 0.04
0 0.361952 0.495625 0.638333 0.02375 0.0483333
0 0.362447 0.6225 0.337083 0.01125 0.0308333
0 0.363316 0.290312 0.42125 0.023125 0.0258333
0 0.373945 0.769063 0.538333 0.051875 0.0716667
0 0.388055 0.384375 0.841667 0.0225 0.0333333
0 0.394139 0.755625 0.881667 0.025 0.0316667
0 0.395575 0.419375 0.30625 0.0175 0.0391667
0 0.397454 0.662188 0.59 0.030625 0.0566667
0 0.397997 0.416562 0.395417 0.026875 0.0308333
0 0.40094 0.118437 0.0166667 0.051875 0.0333333
0 0.40455 0.829375 0.420833 0.04125 0.0433333
0 0.406033 0.696875 0.482083 0.055 0.0608333
0 0.40874 0.335312 0.519583 0.021875 0.0375
0 0.409099 0.70875 0.794167 0.03 0.04
0 0.420256 0.451875 0.227083 0.04 0.0458333
0 0.438552 0.896875 0.801667 0.025 0.0466667
0 0.450298 0.704687 0.489167 0.029375 0.0616667
0 0.453005 0.656875 0.667917 0.01875 0.0491667
0 0.453099 0.54 0.576667 0.07 0.0466667
0 0.456025 0.484375 0.786667 0.04125 0.03
0 0.462175 0.165312 0.24625 0.023125 0.0475
0 0.467588 0.379687 0.676667 0.028125 0.035
0 0.471672 0.52 0.378333 0.02875 0.0333333
0 0.474119 0.3675 0.434583 0.0375 0.0441667
0 0.487989 0.20375 0.405417 0.03125 0.0341667
0 0.493734 0.508438 0.336667 0.029375 0.045
0 0.501772 0.63 0.26875 0.01375 0.0441667
0 0.503142 0.554062 0.184167 0.031875 0.0466667
0 0.512519 0.59 0.68375 0.025 0.0625
0 0.517669 0.52125 0.252083 0.0175 0.0308333
0 0.521449 0.351562 0.14875 0.043125 0.0475
0 0.523813 0.698125 0.38875 0.01625 0.0341667
0 0.53684 0.645312 0.17125 0.018125 0.0391667
0 0.536852 0.404375 0.425833 0.03875 0.0466667
0 0.545421 0.284375 0.464583 0.02 0.0508333
0 0.547186 0.759687 0.467083 0.051875 0.0758333
0 0.549581 0.389375 0.2375 0.0325 0.03
0 0.555933 0.578438 0.11125 0.024375 0.0375
0 0.565175 0.56625 0.67875 0.02 0.0408333
0 0.567067 0.39375 0.53625 0.055 0.0575
0 0.575115 0.175625 0.184167 0.045 0.06
0 0.579513 0.366562 0.7425 0.023125 0.0833333
0 0.580504 0.704375 0.58 0.0275 0.07
0 0.600865 0.8625 0.395 0.0325 0.0483333
0 0.609101 0.617188 0.664167 0.030625 0.0783333
0 0.610196 0.74 0.609167 0.04125 0.07
0 0.612935 0.879375 0.570417 0.0325 0.0325
0 0.629721 0.4275 0.688333 0.0375 0.0766667
0 0.63218 0.63 0.916667 0.0375 0.0833333
0 0.642421 0.0484375 0.406667 0.035625 0.0516667
0 0.644898 0.517812 0.0745833 0.034375 0.109167
0 0.645695 0.615937 0.478333 0.029375 0.075
0 0.648168 0.321875 0.668333 0.0425 0.05
0 0.66943 0.278125 0.0208333 0.03875 0.0416667
0 0.6695 0.548437 0.85125 0.049375 0.0541667
0 0.670858 0.61875 0.118333 0.03125 0.0283333
0 0.68956 0.640312 0.829583 0.038125 0.0541667
0 0.699633 0.760625 0.385 0.035 0.0483333
0 0.719573 0.82 0.868333 0.04625 0.095
0 0.729783 0.46125 0.279167 0.05125 0.0533333
0 0.730124 0.504062 0.1525 0.034375 0.0583333
0 0.774915 0.14625 0.45375 0.04 0.0725
