15 0.528935 0.717427 0.059193 0.061839
15 0.665013 0.659061 0.037698 0.026455
15 0.556878 0.621032 0.010582 0.014550
15 0.449901 0.573578 0.059193 0.057870
15 0.527612 0.555556 0.030754 0.017196
15 0.422784 0.208664 0.030093 0.019841
15 0.442130 0.255622 0.025132 0.022487
15 0.620701 0.245205 0.055556 0.055225
15 0.870370 0.289187 0.052249 0.053902
15 0.730985 0.244709 0.064484 0.072090
15 0.779927 0.256283 0.036045 0.048942
15 0.822917 0.268849 0.047288 0.045635
15 0.808862 0.322255 0.084656 0.083003
15 0.706184 0.330357 0.122685 0.106481
15 0.761905 0.378142 0.018519 0.042659
