0 0.39375 0.82625 0.055 0.095
0 0.616875 0.91375 0.06625 0.0925
0 0.725 0.770625 0.025 0.08125
0 0.96125 0.600625 0.055 0.05625
0 0.698125 0.47375 0.03125 0.0925
0 0.435 0.48125 0.025 0.0475
0 0.534375 0.2875 0.06375 0.13
0 0.475625 0.17125 0.03875 0.0525
0 0.4175 0.0675 0.035 0.065
0 0.736875 0.355 0.02625 0.0425
0 0.783125 0.378125 0.02125 0.04125
0 0.836875 0.358125 0.01625 0.03875
0 0.899375 0.4525 0.01625 0.0325
0 0.925625 0.39125 0.02625 0.05
0 0.65625 0.43875 0.0175 0.045
0 0.665625 0.343125 0.03125 0.04125
0 0.62375 0.259375 0.035 0.01875
0 0.623125 0.30125 0.01625 0.0325
0 0.660625 0.21625 0.03625 0.0475
0 0.64625 0.06 0.035 0.0425
0 0.67375 0.085625 0.0225 0.04875
0 0.86875 0.0325 0.0375 0.065
