0 0.435 0.20125 0.015 0.0375
0 0.436875 0.295625 0.03125 0.04375
0 0.385625 0.360625 0.07375 0.08125
0 0.379375 0.451875 0.03125 0.04875
0 0.340625 0.479375 0.02375 0.04375
0 0.45625 0.533125 0.08 0.10375
0 0.464375 0.410625 0.05125 0.07625
0 0.528125 0.329375 0.03125 0.07625
0 0.53625 0.44 0.0275 0.05
0 0.595625 0.409375 0.05375 0.07875
0 0.694375 0.210625 0.03375 0.03375
0 0.886875 0.3325 0.01625 0.0325
0 0.825 0.751875 0.08 0.09125
0 0.611875 0.243125 0.01875 0.04625
0 0.6975 0.10875 0.015 0.045
0 0.653125 0.0225 0.02125 0.04
0 0.810625 0.446875 0.00875 0.02375
0 0.86875 0.53875 0.02 0.03
0 0.551875 0.56 0.02375 0.0275
0 0.58375 0.583125 0.03 0.01875
