0 0.105 0.141875 0.04 0.03875
0 0.08875 0.293125 0.0275 0.03625
0 0.188125 0.396875 0.02625 0.03125
0 0.1575 0.37875 0.0275 0.03
0 0.1725 0.66625 0.03 0.0225
0 0.4275 0.4975 0.02 0.03
0 0.5025 0.168125 0.0225 0.02875
0 0.561875 0.376875 0.05875 0.03875
0 0.371875 0.286875 0.02375 0.02625
0 0.3675 0.586875 0.0175 0.02375
0 0.34 0.906875 0.015 0.03625
0 0.69375 0.365 0.0225 0.03
0 0.735625 0.25625 0.02875 0.035
0 0.6325 0.115 0.03 0.0175
0 0.691875 0.170625 0.01875 0.02625
0 0.694375 0.12875 0.03625 0.035
0 0.933125 0.049375 0.02625 0.03125
0 0.463125 0.733125 0.01375 0.02375
0 0.35125 0.715625 0.0125 0.02125
0 0.591875 0.59375 0.03125 0.025
0 0.638125 0.3675 0.02125 0.03
0 0.375 0.91875 0.0275 0.02
0 0.09 0.89125 0.015 0.0325
0 0.111875 0.8275 0.03125 0.0175
0 0.6425 0.983125 0.03 0.03375
0 0.416875 0.04875 0.02125 0.025
0 0.428125 0.110625 0.02625 0.02875
