0 0.360625 0.49875 0.02625 0.03
0 0.42375 0.4775 0.0175 0.0275
0 0.37625 0.42375 0.015 0.02
0 0.22625 0.54 0.015 0.02
0 0.266875 0.25125 0.03375 0.0625
0 0.17375 0.215625 0.0275 0.06125
0 0.2725 0.169375 0.0175 0.04375
0 0.589375 0.265625 0.02125 0.02625
0 0.6225 0.26375 0.01 0.015
0 0.6125 0.42125 0.01 0.0225
0 0.611875 0.45375 0.01125 0.015
0 0.540625 0.46 0.01875 0.04
0 0.549375 0.385625 0.03625 0.02375
0 0.298125 0.02125 0.03875 0.0325
0 0.205625 0.019375 0.03125 0.03125
0 0.205625 0.058125 0.02375 0.02625
0 0.8725 0.483125 0.03 0.04625
0 0.70625 0.40125 0.04 0.02
0 0.66625 0.409375 0.015 0.02625
0 0.68875 0.788125 0.015 0.03125
0 0.6775 0.035625 0.0125 0.03375
0 0.51625 0.0575 0.0225 0.0425
0 0.595625 0.115 0.01375 0.02
0 0.6025 0.07375 0.0125 0.0325
0 0.525625 0.22875 0.01125 0.0275
0 0.35375 0.223125 0.0175 0.02375
0 0.4175 0.19375 0.015 0.0225
0 0.38625 0.0425 0.0225 0.015
0 0.970625 0.519375 0.02125 0.02375
