0 0.300625 0.86875 0.09625 0.1725
0 0.328125 0.69375 0.07375 0.115
0 0.35125 0.355625 0.1175 0.15625
0 0.429375 0.303125 0.12875 0.16625
0 0.544375 0.255 0.13375 0.185
0 0.513125 0.06625 0.04375 0.095
0 0.12875 0.0625 0.09 0.1175
0 0.67375 0.235625 0.09 0.17125
0 0.64 0.593125 0.0425 0.09875
0 0.65875 0.78375 0.05 0.0875
0 0.80375 0.683125 0.0425 0.08875
0 0.849375 0.698125 0.02625 0.06125
0 0.860625 0.6325 0.03375 0.025
0 0.748125 0.58125 0.05125 0.04
0 0.70875 0.43625 0.0275 0.0425
0 0.76875 0.4225 0.0625 0.0925
0 0.8175 0.33 0.0575 0.09
0 0.960625 0.4625 0.07875 0.07
0 0.89125 0.94625 0.1125 0.1025
