0 0.16 0.495 0.0425 0.04
0 0.189375 0.41125 0.03625 0.0425
0 0.245625 0.396875 0.02625 0.04125
0 0.356875 0.3775 0.07375 0.05
0 0.49125 0.474375 0.0325 0.04125
0 0.689375 0.47875 0.06125 0.0525
0 0.674375 0.584375 0.04125 0.05625
0 0.445625 0.635 0.03625 0.06
0 0.33625 0.6675 0.0175 0.0475
0 0.37625 0.66625 0.0475 0.0525
0 0.316875 0.599375 0.01875 0.02375
0 0.23875 0.653125 0.0425 0.04625
0 0.115625 0.82375 0.02625 0.035
0 0.8 0.96375 0.0525 0.0575
0 0.93625 0.498125 0.0275 0.02875
0 0.616875 0.563125 0.01875 0.04125
0 0.493125 0.816875 0.02875 0.03125
0 0.443125 0.98375 0.02625 0.0325
0 0.694375 0.84625 0.02625 0.0325
0 0.525625 0.288125 0.03625 0.05125
0 0.883125 0.606875 0.02875 0.04125
