0 0.588125 0.639375 0.06125 0.05875
0 0.51 0.58875 0.02 0.0275
0 0.42875 0.5425 0.015 0.03
0 0.425 0.514375 0.015 0.01375
0 0.498125 0.4925 0.00875 0.025
0 0.51 0.505625 0.01 0.01625
0 0.48 0.49375 0.01 0.0125
0 0.459375 0.4925 0.01125 0.0125
0 0.4725 0.4775 0.0225 0.02
0 0.509375 0.45875 0.00875 0.0175
0 0.48875 0.429375 0.03 0.04125
0 0.418125 0.45875 0.01375 0.0225
0 0.43 0.47875 0.01 0.0175
0 0.3975 0.430625 0.015 0.04375
0 0.495 0.289375 0.035 0.10875
0 0.505625 0.32875 0.03375 0.0375
0 0.468125 0.309375 0.03625 0.06375
0 0.55625 0.315625 0.0475 0.05875
0 0.5875 0.31875 0.01 0.025
0 0.604375 0.35375 0.01125 0.0225
0 0.616875 0.42125 0.01625 0.0525
0 0.594375 0.45625 0.02375 0.0175
0 0.655 0.2825 0.025 0.035
0 0.54375 0.216875 0.015 0.01625
0 0.58375 0.2175 0.0225 0.045
0 0.673125 0.16875 0.00625 0.0175
0 0.61 0.125 0.015 0.025
0 0.5525 0.12875 0.0175 0.035
0 0.399375 0.019375 0.01125 0.01625
0 0.3725 0.540625 0.015 0.03125
0 0.256875 0.32625 0.02375 0.0325
0 0.3175 0.245625 0.055 0.05625
0 0.1 0.07625 0.0125 0.0275
0 0.23375 0.27125 0.0125 0.0475
