0 0.10375 0.896875 0.0475 0.04875
0 0.21 0.97375 0.0325 0.0525
0 0.238125 0.744375 0.03875 0.08375
0 0.195625 0.765 0.04125 0.0525
0 0.2125 0.648125 0.025 0.05625
0 0.245625 0.61125 0.02875 0.045
0 0.4775 0.805 0.0175 0.04
0 0.503125 0.80875 0.01625 0.04
0 0.8325 0.89625 0.035 0.0475
0 0.856875 0.764375 0.02625 0.02375
0 0.854375 0.70875 0.02125 0.0325
0 0.8275 0.59125 0.025 0.025
0 0.8325 0.501875 0.0525 0.07375
0 0.784375 0.4875 0.02875 0.0275
0 0.79375 0.5175 0.0225 0.03
0 0.72125 0.6325 0.07 0.1725
0 0.561875 0.513125 0.01625 0.03625
0 0.54 0.283125 0.035 0.04875
0 0.56 0.2225 0.0325 0.045
0 0.394375 0.285625 0.01625 0.01625
0 0.248125 0.404375 0.04125 0.02875
0 0.3075 0.263125 0.04 0.05875
0 0.65375 0.235625 0.01 0.02875
0 0.7775 0.15625 0.04 0.065
0 0.90375 0.320625 0.03 0.05625
0 0.95375 0.3075 0.055 0.065
0 0.964375 0.26 0.03375 0.035
0 0.96875 0.87 0.025 0.0275
0 0.26 0.8225 0.0225 0.0375
0 0.270625 0.76875 0.01625 0.025
0 0.22625 0.83625 0.0175 0.03
