0 0.400625 0.495 0.05875 0.0725
0 0.40875 0.545 0.03 0.0325
0 0.4825 0.560625 0.065 0.06125
0 0.763125 0.06625 0.02625 0.03
0 0.738125 0.081875 0.03125 0.02375
0 0.74125 0.133125 0.0225 0.03125
0 0.755625 0.158125 0.02875 0.02625
0 0.73375 0.18625 0.0325 0.03
0 0.69875 0.22875 0.0525 0.0225
0 0.6725 0.254375 0.055 0.03625
0 0.6375 0.2625 0.0425 0.05
0 0.46 0.265625 0.0475 0.03875
0 0.486875 0.2325 0.04625 0.08
0 0.526875 0.27875 0.03375 0.0375
0 0.558125 0.3025 0.03375 0.025
0 0.515625 0.33625 0.02625 0.015
0 0.5175 0.41375 0.0125 0.0125
