0 0.1075 0.26125 0.075 0.15
0 0.143125 0.18125 0.01625 0.02
0 0.173125 0.184375 0.03375 0.07125
0 0.208125 0.20875 0.02125 0.0525
0 0.215 0.14 0.02 0.0425
0 0.160625 0.125625 0.05875 0.02875
0 0.176875 0.060625 0.03625 0.05625
0 0.21375 0.046875 0.0575 0.06125
0 0.414375 0.20375 0.04375 0.0975
0 0.42875 0.1425 0.02 0.045
0 0.305625 0.239375 0.03125 0.06125
0 0.34875 0.43875 0.0325 0.065
0 0.42 0.486875 0.04 0.05625
0 0.399375 0.39625 0.01875 0.035
0 0.423125 0.433125 0.02125 0.04625
0 0.424375 0.345625 0.04125 0.08125
0 0.48125 0.319375 0.0375 0.04375
0 0.50625 0.416875 0.05 0.08875
0 0.58375 0.558125 0.0225 0.05375
0 0.49125 0.735625 0.045 0.03625
0 0.43 0.7 0.0275 0.0675
0 0.73125 0.535 0.0425 0.035
0 0.679375 0.83375 0.01375 0.035
0 0.7 0.873125 0.02 0.06375
0 0.745 0.854375 0.0275 0.02875
0 0.7275 0.031875 0.03 0.05625
0 0.669375 0.14625 0.02125 0.05
0 0.650625 0.02375 0.04125 0.0425
0 0.784375 0.36 0.03125 0.04
0 0.73625 0.39875 0.035 0.0475
0 0.709375 0.345 0.03375 0.055
0 0.6975 0.28125 0.04 0.0275
0 0.76625 0.255625 0.025 0.04625
0 0.780625 0.3 0.02625 0.0425
0 0.813125 0.499375 0.06375 0.08375
0 0.85625 0.545625 0.025 0.03625
0 0.83 0.45125 0.0225 0.0375
0 0.84 0.764375 0.02 0.03625
0 0.778125 0.965 0.03375 0.0475
0 0.761875 0.895625 0.04125 0.05125
0 0.9575 0.10625 0.015 0.0275
