0 0.55375 0.904375 0.045 0.06375
0 0.711875 0.655625 0.04375 0.08125
0 0.72625 0.4525 0.045 0.0525
0 0.830625 0.391875 0.03875 0.04375
0 0.846875 0.1325 0.04375 0.085
0 0.60375 0.331875 0.0425 0.07625
0 0.53875 0.38375 0.0225 0.055
0 0.470625 0.32375 0.04375 0.0425
0 0.43125 0.2625 0.015 0.02
0 0.188125 0.3025 0.05375 0.0675
0 0.254375 0.125625 0.04125 0.05625
0 0.21625 0.075625 0.0175 0.03625
0 0.295 0.04375 0.0125 0.0175
0 0.13 0.09875 0.035 0.045
0 0.053125 0.1575 0.06875 0.0725
0 0.41375 0.68 0.04 0.06
0 0.77125 0.28625 0.03 0.0475
0 0.06125 0.854375 0.035 0.03625
0 0.17 0.754375 0.0125 0.03375
0 0.19375 0.7075 0.0225 0.055
0 0.23625 0.389375 0.02 0.05125
0 0.953125 0.115625 0.02875 0.02375
