0 0.115 0.323125 0.0425 0.07875
0 0.1775 0.37125 0.035 0.0575
0 0.365 0.62625 0.0325 0.0425
0 0.41 0.58625 0.0475 0.065
0 0.641875 0.780625 0.04625 0.07375
0 0.815625 0.73125 0.05625 0.1075
0 0.54 0.424375 0.0425 0.05875
0 0.59875 0.354375 0.0225 0.04375
0 0.5325 0.275 0.05 0.055
0 0.47875 0.23 0.04 0.055
0 0.631875 0.255 0.03875 0.06
0 0.695 0.255 0.0475 0.07
0 0.7725 0.2575 0.055 0.06
0 0.3025 0.0525 0.0275 0.06
0 0.800625 0.3875 0.02625 0.04
0 0.788125 0.36625 0.02625 0.0325
0 0.279375 0.156875 0.06375 0.04625
0 0.265625 0.10625 0.04625 0.0475
0 0.904375 0.2475 0.03125 0.04
0 0.719375 0.141875 0.03375 0.04125
0 0.73125 0.0325 0.015 0.04
0 0.088125 0.43125 0.02125 0.0375
0 0.54625 0.525 0.03 0.04
0 0.3825 0.413125 0.025 0.04625
0 0.400625 0.195 0.01375 0.035
0 0.364375 0.136875 0.01375 0.02875
0 0.466875 0.110625 0.01625 0.04125
0 0.454375 0.090625 0.02125 0.02125
0 0.210625 0.04 0.01875 0.0375
0 0.9075 0.338125 0.0175 0.02375
0 0.928125 0.334375 0.02375 0.04125
0 0.620625 0.050625 0.01875 0.04125
