0 0.57125 0.853125 0.0175 0.03375
0 0.33625 0.695 0.03 0.0375
0 0.320625 0.73125 0.02375 0.04
0 0.37125 0.870625 0.015 0.02875
0 0.100625 0.8225 0.02125 0.02
0 0.0125 0.901875 0.025 0.03125
0 0.145 0.569375 0.05 0.04375
0 0.17125 0.51875 0.02 0.035
0 0.110625 0.524375 0.03625 0.02375
0 0.301875 0.503125 0.02625 0.04875
0 0.32125 0.431875 0.0175 0.02375
0 0.589375 0.425625 0.02875 0.03375
0 0.651875 0.439375 0.03375 0.04125
0 0.65875 0.385 0.01 0.025
0 0.5825 0.50125 0.0525 0.025
0 0.790625 0.61125 0.02625 0.02
0 0.87625 0.79875 0.025 0.0325
0 0.826875 0.944375 0.03625 0.02625
0 0.83125 0.4825 0.0125 0.0225
0 0.1975 0.41375 0.0275 0.035
0 0.185 0.351875 0.0275 0.03625
0 0.249375 0.18625 0.01625 0.04
0 0.275625 0.18375 0.02375 0.0325
0 0.2925 0.21 0.0375 0.0375
0 0.35875 0.183125 0.0175 0.02625
0 0.383125 0.239375 0.01125 0.02375
0 0.404375 0.215625 0.01125 0.02375
0 0.355 0.295625 0.0275 0.02125
0 0.33625 0.134375 0.02 0.02375
0 0.315625 0.10875 0.00625 0.02
0 0.240625 0.101875 0.01625 0.02625
0 0.571875 0.133125 0.01375 0.02625
0 0.61625 0.17 0.04 0.0425
0 0.648125 0.09375 0.03875 0.045
0 0.6875 0.101875 0.02 0.03625
0 0.70125 0.031875 0.025 0.02875
0 0.509375 0.443125 0.01875 0.02125
0 0.569375 0.374375 0.01875 0.02125
0 0.6 0.370625 0.0225 0.02125
0 0.628125 0.446875 0.01375 0.01625
0 0.628125 0.485625 0.01625 0.02125
0 0.641875 0.539375 0.01375 0.01375
0 0.253125 0.498125 0.01625 0.02625
0 0.15 0.64375 0.0125 0.02
