0 0.26875 0.529375 0.0425 0.06125
0 0.358125 0.436875 0.04625 0.04625
0 0.33625 0.3925 0.02 0.04
0 0.356875 0.3125 0.02875 0.045
0 0.388125 0.343125 0.03375 0.03875
0 0.424375 0.481875 0.03375 0.04375
0 0.425625 0.5225 0.04125 0.045
0 0.395625 0.58875 0.04875 0.0575
0 0.478125 0.7325 0.05375 0.06
0 0.638125 0.5175 0.08125 0.0875
0 0.674375 0.609375 0.01375 0.04625
0 0.506875 0.391875 0.02875 0.02625
0 0.518125 0.41625 0.02625 0.0275
0 0.653125 0.4075 0.02875 0.0525
0 0.681875 0.4325 0.05375 0.06
0 0.629375 0.060625 0.01625 0.07125
0 0.6575 0.0725 0.02 0.0875
0 0.719375 0.115625 0.03625 0.06625
0 0.7075 0.196875 0.0075 0.04375
0 0.730625 0.194375 0.01125 0.02625
0 0.74875 0.17625 0.0125 0.01
0 0.87375 0.10875 0.04 0.075
0 0.805 0.355 0.04 0.09
0 0.879375 0.16625 0.02375 0.0275
0 0.906875 0.180625 0.02625 0.04875
0 0.909375 0.533125 0.02375 0.04125
0 0.9575 0.116875 0.0175 0.04125
0 0.980625 0.0975 0.01125 0.045
