0 0.310625 0.72875 0.03625 0.055
0 0.23 0.75875 0.0325 0.0325
0 0.385 0.855625 0.015 0.01875
0 0.534375 0.91875 0.01875 0.0225
0 0.485 0.61125 0.02 0.0225
0 0.513125 0.59875 0.02625 0.04
0 0.59125 0.4825 0.0175 0.015
0 0.480625 0.52875 0.02375 0.035
0 0.490625 0.501875 0.01125 0.01625
0 0.50875 0.49125 0.0275 0.035
0 0.431875 0.4625 0.01625 0.0225
0 0.41625 0.40625 0.0325 0.0525
0 0.38 0.65 0.0225 0.02
0 0.091875 0.185625 0.02625 0.03625
0 0.20625 0.09625 0.0375 0.0525
0 0.239375 0.11 0.01625 0.02
0 0.273125 0.1325 0.02375 0.025
0 0.324375 0.121875 0.02125 0.02875
0 0.36625 0.113125 0.0175 0.01375
0 0.395 0.08875 0.03 0.0425
0 0.418125 0.06 0.01875 0.0275
0 0.4525 0.0375 0.0175 0.0325
0 0.440625 0.168125 0.04375 0.07375
0 0.505 0.1325 0.0275 0.0475
0 0.584375 0.079375 0.01875 0.03625
0 0.648125 0.2175 0.01375 0.02
0 0.68125 0.068125 0.0725 0.11625
0 0.689375 0.32 0.10625 0.105
0 0.8125 0.26 0.085 0.115
0 0.8875 0.3825 0.025 0.0475
0 0.688125 0.613125 0.01375 0.02125
0 0.9225 0.5925 0.02 0.0175
0 0.815625 0.985 0.04875 0.025
