0 0.113125 0.803125 0.03625 0.04375
0 0.040625 0.72875 0.03875 0.035
0 0.06625 0.658125 0.0425 0.05625
0 0.10375 0.52 0.06 0.0625
0 0.02375 0.406875 0.0375 0.04375
0 0.02375 0.226875 0.0475 0.06625
0 0.203125 0.19625 0.01875 0.0225
0 0.219375 0.22125 0.01375 0.0275
0 0.2375 0.214375 0.0175 0.02625
0 0.271875 0.255 0.04125 0.0675
0 0.319375 0.274375 0.01375 0.03625
0 0.294375 0.32625 0.02125 0.0225
0 0.284375 0.41875 0.02125 0.025
0 0.345625 0.38625 0.04625 0.07
0 0.38125 0.390625 0.0275 0.05125
0 0.421875 0.21625 0.01625 0.0325
0 0.444375 0.189375 0.01125 0.03375
0 0.525 0.19625 0.025 0.04
0 0.53875 0.118125 0.0175 0.04125
0 0.524375 0.02625 0.01375 0.0325
0 0.395 0.501875 0.02 0.04125
0 0.4225 0.511875 0.025 0.08125
0 0.4475 0.56875 0.0175 0.0275
0 0.5 0.641875 0.0125 0.04375
0 0.468125 0.6625 0.01875 0.0225
0 0.5225 0.69625 0.03 0.035
0 0.58875 0.690625 0.0275 0.06875
0 0.71875 0.63875 0.045 0.0425
0 0.779375 0.56375 0.02375 0.05
0 0.91375 0.3775 0.02 0.03
0 0.934375 0.349375 0.02125 0.02375
0 0.944375 0.29125 0.02875 0.0275
0 0.8925 0.16 0.03 0.0325
0 0.603125 0.203125 0.01625 0.02125
0 0.636875 0.171875 0.01125 0.03625
0 0.16 0.32125 0.02 0.0275
