0 0.219375 0.030625 0.02875 0.05375
0 0.414375 0.32375 0.05375 0.08
0 0.456875 0.3025 0.02625 0.0425
0 0.319375 0.676875 0.01375 0.04125
0 0.3325 0.62375 0.035 0.0325
0 0.623125 0.801875 0.02875 0.06875
0 0.795625 0.41 0.02875 0.06
0 0.795 0.3375 0.0275 0.04
0 0.763125 0.215 0.03375 0.0625
0 0.799375 0.146875 0.02125 0.05875
0 0.8325 0.155625 0.0225 0.04625
0 0.57375 0.119375 0.0225 0.05375
0 0.555 0.41375 0.03 0.0575
0 0.13875 0.93375 0.05 0.055
0 0.520625 0.69125 0.02125 0.055
0 0.385 0.2075 0.025 0.03
