0 0.038125 0.473125 0.07625 0.03125
0 0.02625 0.52875 0.0525 0.0425
0 0.088125 0.77 0.03375 0.045
0 0.19375 0.808125 0.07 0.06875
0 0.319375 0.75875 0.04875 0.0575
0 0.3825 0.66125 0.03 0.0225
0 0.61 0.738125 0.045 0.05125
0 0.566875 0.81625 0.01625 0.0325
0 0.83 0.663125 0.04 0.07875
0 0.93375 0.66 0.1225 0.0675
0 0.75375 0.823125 0.0625 0.04875
0 0.8225 0.810625 0.0525 0.04125
0 0.83625 0.306875 0.04 0.02875
0 0.87875 0.306875 0.03 0.06375
0 0.929375 0.32625 0.05375 0.0375
0 0.835625 0.2375 0.02875 0.035
0 0.73 0.335 0.0825 0.065
0 0.745625 0.415625 0.05875 0.05375
0 0.536875 0.305625 0.03375 0.02875
0 0.689375 0.110625 0.03375 0.05625
0 0.946875 0.040625 0.04375 0.05625
0 0.22875 0.22875 0.07 0.0775
0 0.415625 0.505 0.01625 0.03
