0 0.160625 0.921875 0.03375 0.03625
0 0.214375 0.89375 0.03375 0.0325
0 0.24375 0.901875 0.0225 0.02375
0 0.299375 0.815 0.03625 0.0425
0 0.176875 0.858125 0.02875 0.02625
0 0.105625 0.77 0.02625 0.0375
0 0.128125 0.739375 0.03125 0.04875
0 0.1525 0.73625 0.02 0.0225
0 0.341875 0.6275 0.02125 0.025
0 0.043125 0.443125 0.01375 0.01625
0 0.08125 0.32125 0.06 0.0775
0 0.151875 0.294375 0.03125 0.04625
0 0.2375 0.409375 0.02 0.02375
0 0.22375 0.3675 0.015 0.025
0 0.25 0.355 0.0375 0.035
0 0.3225 0.44875 0.0725 0.06
0 0.366875 0.3825 0.07375 0.0475
0 0.208125 0.27 0.03375 0.045
0 0.2425 0.280625 0.0275 0.04625
0 0.2725 0.2925 0.035 0.045
0 0.215625 0.23375 0.04125 0.035
0 0.091875 0.155625 0.03125 0.03375
0 0.1725 0.1375 0.05 0.05
0 0.214375 0.1075 0.05625 0.1425
0 0.235625 0.140625 0.06625 0.07125
0 0.276875 0.13625 0.03875 0.065
0 0.411875 0.21375 0.01875 0.0475
0 0.353125 0.26875 0.02375 0.0375
0 0.378125 0.279375 0.02625 0.03375
0 0.464375 0.280625 0.02125 0.02625
0 0.465625 0.1725 0.02875 0.06
0 0.430625 0.353125 0.00625 0.01875
0 0.463125 0.449375 0.01625 0.02125
0 0.481875 0.415 0.02625 0.04
0 0.528125 0.651875 0.05875 0.07375
0 0.55625 0.41125 0.025 0.0425
0 0.48625 0.315625 0.0225 0.02625
0 0.503125 0.348125 0.01625 0.03625
0 0.5375 0.324375 0.025 0.02625
0 0.624375 0.395 0.06125 0.055
0 0.555625 0.47 0.01125 0.025
0 0.5225 0.49875 0.0175 0.0225
0 0.6125 0.52625 0.015 0.0325
0 0.745625 0.84625 0.01625 0.0225
0 0.774375 0.825625 0.02875 0.02125
0 0.83 0.803125 0.03 0.01875
0 0.850625 0.768125 0.05625 0.03125
0 0.613125 0.146875 0.02625 0.02875
0 0.579375 0.033125 0.05375 0.06625
0 0.615625 0.02625 0.02375 0.0425
0 0.63375 0.030625 0.015 0.03375
0 0.51 0.1625 0.025 0.02
0 0.490625 0.171875 0.01625 0.00875
0 0.0425 0.039375 0.03 0.05375
0 0.02375 0.050625 0.0175 0.02375
0 0.0075 0.1025 0.015 0.045
0 0.056875 0.6475 0.04875 0.04
