0 0.45 0.413125 0.075 0.07375
0 0.490625 0.428125 0.01875 0.06125
0 0.51 0.4225 0.0175 0.03
0 0.43375 0.25 0.035 0.06
0 0.425625 0.314375 0.01375 0.04125
0 0.529375 0.295625 0.04125 0.07625
0 0.663125 0.45875 0.03375 0.0375
0 0.615 0.47 0.01 0.015
0 0.625 0.46125 0.0075 0.0175
0 0.785 0.48 0.0625 0.0525
0 0.79125 0.52875 0.065 0.0525
0 0.641875 0.31375 0.01125 0.0125
0 0.654375 0.29875 0.02375 0.0175
0 0.730625 0.17 0.04125 0.085
0 0.845 0.410625 0.0425 0.06625
0 0.49625 0.83 0.0325 0.05
0 0.53 0.914375 0.07 0.04875
