0 0.158125 0.9525 0.03875 0.0375
0 0.21625 0.926875 0.0275 0.05125
0 0.221875 0.830625 0.01875 0.03625
0 0.3925 0.588125 0.0325 0.07125
0 0.3975 0.255625 0.045 0.04625
0 0.285 0.110625 0.03 0.04125
0 0.285 0.150625 0.015 0.02875
0 0.155 0.06125 0.01 0.0175
0 0.17625 0.08625 0.01 0.0225
0 0.185 0.041875 0.015 0.01875
0 0.43 0.16375 0.02 0.0425
0 0.410625 0.168125 0.02125 0.01625
0 0.538125 0.174375 0.02375 0.04125
0 0.566875 0.1675 0.02375 0.0425
0 0.439375 0.7175 0.01375 0.0325
0 0.525625 0.574375 0.01375 0.02125
0 0.60625 0.51625 0.025 0.0125
0 0.61 0.72875 0.0075 0.0175
0 0.613125 0.8175 0.02625 0.0425
0 0.835625 0.314375 0.01875 0.02375
0 0.71 0.096875 0.0175 0.02125
0 0.69375 0.091875 0.0075 0.01875
0 0.711875 0.150625 0.01625 0.02375
0 0.745625 0.11375 0.01375 0.02
0 0.743125 0.036875 0.02375 0.03375
0 0.806875 0.071875 0.02125 0.01875
0 0.90625 0.2 0.0175 0.0275
0 0.90625 0.051875 0.0175 0.01875
0 0.97125 0.22 0.01 0.02
0 0.9775 0.2425 0.0075 0.02
0 0.983125 0.388125 0.03375 0.04375
0 0.9775 0.423125 0.0275 0.03375
0 0.836875 0.72875 0.02875 0.0575
0 0.710625 0.711875 0.00875 0.01625
0 0.54375 0.509375 0.0375 0.04625
0 0.568125 0.58 0.03875 0.0475
0 0.814375 0.559375 0.01625 0.02125
0 0.795 0.666875 0.0225 0.03375
0 0.896875 0.630625 0.02125 0.01875
0 0.953125 0.515625 0.01875 0.01625
0 0.878125 0.513125 0.00625 0.01375
0 0.73625 0.385 0.015 0.025
0 0.561875 0.313125 0.02375 0.03625
0 0.5975 0.35125 0.0175 0.0375
0 0.43125 0.466875 0.02 0.03625
0 0.443125 0.4875 0.01625 0.0325
0 0.45625 0.506875 0.0175 0.02375
0 0.7725 0.28375 0.015 0.025
0 0.25 0.4375 0.0125 0.035
0 0.433125 0.0175 0.02125 0.035
0 0.5825 0.408125 0.0075 0.01875
