0 0.4375 0.5175 0.0325 0.0275
0 0.444375 0.551875 0.03625 0.03125
0 0.298125 0.7125 0.02125 0.0375
0 0.2275 0.648125 0.0325 0.03875
0 0.250625 0.568125 0.02375 0.02875
0 0.185625 0.56625 0.02375 0.0275
0 0.166875 0.465 0.02125 0.0225
0 0.119375 0.4125 0.02375 0.02
0 0.058125 0.305 0.02375 0.025
0 0.0475 0.33375 0.045 0.025
0 0.665625 0.436875 0.04375 0.03875
0 0.72375 0.50625 0.02 0.03
0 0.903125 0.735 0.02375 0.0475
0 0.89375 0.796875 0.02 0.03125
0 0.975625 0.883125 0.03875 0.04375
0 0.970625 0.954375 0.05375 0.04375
0 0.838125 0.986875 0.02375 0.02125
0 0.654375 0.938125 0.04875 0.04375
0 0.57 0.895 0.035 0.0275
0 0.495625 0.905 0.02875 0.03
0 0.756875 0.384375 0.07875 0.05375
0 0.83 0.221875 0.0275 0.03625
0 0.950625 0.16625 0.06375 0.055
0 0.723125 0.23375 0.02125 0.0275
0 0.73125 0.62125 0.0375 0.035
0 0.76375 0.58375 0.04 0.0225
0 0.775625 0.548125 0.01875 0.01375
0 0.890625 0.409375 0.01875 0.03125
0 0.8475 0.0925 0.03 0.04
