0 0.5325 0.17875 0.045 0.0625
0 0.606875 0.12625 0.03125 0.1025
0 0.659375 0.18875 0.04125 0.0625
0 0.69875 0.140625 0.0575 0.07125
0 0.7075 0.184375 0.0275 0.06125
0 0.734375 0.30625 0.05625 0.145
0 0.775625 0.331875 0.06125 0.08375
0 0.8275 0.37375 0.0325 0.0825
0 0.939375 0.338125 0.09125 0.07625
0 0.88625 0.163125 0.1 0.08125
0 0.851875 0.083125 0.04125 0.08375
0 0.2175 0.394375 0.0325 0.03625
0 0.795625 0.50625 0.06125 0.0525
0 0.458125 0.679375 0.02375 0.04875
0 0.315625 0.41125 0.02625 0.0575
0 0.376875 0.28125 0.02375 0.045
0 0.411875 0.2775 0.03125 0.08
0 0.9675 0.258125 0.065 0.06125
