0 0.44 0.704375 0.025 0.03375
0 0.385625 0.67625 0.02125 0.0275
0 0.44125 0.95125 0.0325 0.04
0 0.55625 0.81125 0.03 0.05
0 0.474375 0.62 0.02375 0.025
0 0.498125 0.56625 0.03625 0.04
0 0.53 0.473125 0.0425 0.04125
0 0.594375 0.44 0.04125 0.0325
0 0.674375 0.509375 0.01375 0.02625
0 0.89875 0.3425 0.0275 0.0275
0 0.82 0.518125 0.0325 0.02125
0 0.500625 0.42375 0.01375 0.0225
0 0.45875 0.314375 0.02 0.02625
0 0.39625 0.46125 0.0175 0.02
0 0.395625 0.409375 0.01875 0.02625
0 0.331875 0.499375 0.01875 0.01375
0 0.343125 0.305 0.03625 0.025
0 0.605 0.31 0.0475 0.0325
0 0.16875 0.078125 0.0325 0.03625
0 0.1375 0.13125 0.0475 0.0475
0 0.049375 0.12125 0.03875 0.045
0 0.0825 0.100625 0.035 0.03875
0 0.01375 0.0875 0.0275 0.045
