0 0.038125 0.935 0.07625 0.1
0 0.078125 0.804375 0.03375 0.03625
0 0.10125 0.773125 0.0175 0.02375
0 0.13875 0.815 0.035 0.045
0 0.16 0.781875 0.0425 0.04125
0 0.029375 0.71375 0.02125 0.0275
0 0.086875 0.495 0.03875 0.0775
0 0.15 0.478125 0.0575 0.05875
0 0.1825 0.55375 0.015 0.0325
0 0.25 0.56 0.0075 0.0175
0 0.27875 0.480625 0.0175 0.03125
0 0.30125 0.403125 0.0225 0.03375
0 0.136875 0.35125 0.07375 0.065
0 0.18 0.27625 0.0175 0.0325
0 0.211875 0.36875 0.01875 0.04
0 0.29375 0.325625 0.0125 0.02625
0 0.355625 0.371875 0.03125 0.04125
0 0.40375 0.34875 0.0375 0.035
0 0.4675 0.426875 0.035 0.02375
0 0.48125 0.5425 0.035 0.025
0 0.5175 0.57875 0.02 0.0225
0 0.47625 0.59375 0.0175 0.0275
0 0.53625 0.48 0.0375 0.05
0 0.51625 0.431875 0.025 0.03375
0 0.533125 0.413125 0.06375 0.05125
0 0.540625 0.370625 0.00625 0.02375
0 0.5275 0.3275 0.0475 0.05
0 0.654375 0.36875 0.00625 0.0225
0 0.643125 0.2625 0.05125 0.095
0 0.495625 0.276875 0.04875 0.05625
0 0.498125 0.23 0.04375 0.04
0 0.314375 0.21125 0.02875 0.04
0 0.349375 0.1925 0.03125 0.045
0 0.3975 0.16375 0.0375 0.0725
0 0.371875 0.054375 0.01125 0.02375
0 0.285625 0.029375 0.03625 0.04875
0 0.49625 0.1025 0.025 0.0375
0 0.460625 0.105625 0.01125 0.02625
0 0.480625 0.165 0.01875 0.025
0 0.606875 0.149375 0.06375 0.06375
0 0.61375 0.19875 0.0525 0.04
0 0.5825 0.27375 0.0125 0.0175
0 0.6725 0.08 0.0275 0.045
0 0.586875 0.50375 0.03125 0.0225
0 0.455625 0.664375 0.04875 0.05375
0 0.38375 0.6475 0.02 0.03
0 0.425625 0.735625 0.04125 0.05375
0 0.603125 0.7375 0.03125 0.02
0 0.848125 0.88875 0.03875 0.0525
0 0.816875 0.840625 0.02125 0.01875
0 0.829375 0.7325 0.04375 0.03
0 0.875 0.750625 0.045 0.04875
0 0.825625 0.7775 0.06375 0.045
0 0.976875 0.473125 0.01875 0.02125
0 0.749375 0.271875 0.02875 0.02875
0 0.783125 0.3175 0.02625 0.045
0 0.8825 0.0175 0.03 0.035
