15 0.678625 0.873167 0.015750 0.025667
15 0.612250 0.630667 0.054500 0.080667
15 0.549000 0.507000 0.033500 0.044667
15 0.345125 0.612667 0.027250 0.027333
15 0.572625 0.344500 0.038750 0.029667
15 0.570375 0.306167 0.034250 0.035667
15 0.551250 0.289833 0.022500 0.041000
15 0.450500 0.277667 0.038500 0.063333
15 0.805375 0.207833 0.062250 0.048333
15 0.814875 0.349500 0.007750 0.027667
15 0.800125 0.286333 0.017750 0.015333
15 0.808000 0.420667 0.009000 0.013333
15 0.605500 0.028333 0.025000 0.056000
15 0.442125 0.102667 0.023250 0.054667
15 0.243250 0.082833 0.038000 0.051667
15 0.192625 0.428167 0.028750 0.025000
15 0.072375 0.389167 0.019250 0.021000
15 0.061125 0.441833 0.036250 0.021667
