15 0.712000 0.756167 0.016500 0.015000
15 0.565750 0.698500 0.016500 0.021667
15 0.557125 0.556833 0.022250 0.015667
15 0.620250 0.398667 0.010500 0.017333
15 0.595125 0.430833 0.011250 0.013000
15 0.619375 0.455667 0.009250 0.010000
15 0.633250 0.469667 0.006500 0.009333
15 0.499875 0.273000 0.012750 0.018667
15 0.525250 0.269833 0.015500 0.015667
15 0.609500 0.252667 0.010500 0.023333
15 0.618375 0.243833 0.009750 0.014333
15 0.634500 0.258667 0.020000 0.032000
15 0.644500 0.305000 0.022000 0.016000
15 0.697250 0.238167 0.011000 0.013000
15 0.711750 0.276500 0.020000 0.009000
15 0.489000 0.471500 0.018000 0.015667
15 0.511625 0.435667 0.004750 0.008667
15 0.520625 0.446667 0.015250 0.011333
15 0.536875 0.467667 0.019250 0.011333
15 0.435750 0.557167 0.008000 0.011667
15 0.451125 0.570667 0.017750 0.014667
15 0.455375 0.534667 0.007750 0.006000
15 0.862750 0.603667 0.029000 0.031333
15 0.831000 0.667500 0.020000 0.024333
