15 0.056125 0.964500 0.035250 0.065667
15 0.458750 0.921167 0.084500 0.106333
15 0.398625 0.754667 0.043750 0.083333
15 0.456500 0.642500 0.025000 0.034333
15 0.591250 0.731667 0.022500 0.039333
15 0.476375 0.519167 0.039750 0.060333
15 0.333750 0.389500 0.051500 0.071667
15 0.310375 0.408667 0.017250 0.031333
15 0.394750 0.369667 0.033000 0.046667
15 0.412250 0.348333 0.021000 0.048000
15 0.434125 0.402167 0.039750 0.084333
15 0.477875 0.379167 0.049250 0.084333
15 0.544750 0.339500 0.048500 0.093000
15 0.637375 0.106667 0.022750 0.106000
15 0.713125 0.064000 0.035250 0.116667
15 0.890875 0.080167 0.028250 0.049000
15 0.810000 0.335833 0.027500 0.071000
15 0.682250 0.591500 0.042000 0.051000
15 0.947875 0.602500 0.045250 0.058333
15 0.222625 0.244833 0.028250 0.038333
15 0.325875 0.239500 0.011250 0.024333
15 0.671375 0.431167 0.059250 0.088333
15 0.733500 0.792000 0.018000 0.035333
15 0.159375 0.863833 0.019750 0.013667
