15 0.349500 0.427833 0.039500 0.089000
15 0.414375 0.415167 0.110750 0.114333
15 0.388125 0.365333 0.038250 0.070667
15 0.411375 0.483333 0.042750 0.033333
15 0.479750 0.430500 0.035500 0.086333
15 0.482375 0.525500 0.036250 0.044333
15 0.600625 0.625833 0.022750 0.027667
15 0.600125 0.578167 0.021250 0.024333
15 0.706500 0.302833 0.042000 0.068333
15 0.683125 0.140833 0.049250 0.067667
15 0.572750 0.146000 0.031000 0.023333
15 0.564375 0.165333 0.006750 0.024000
15 0.544875 0.202167 0.007250 0.011000
15 0.510625 0.187833 0.021250 0.023000
15 0.274500 0.130000 0.035500 0.091333
15 0.439250 0.822833 0.050500 0.054333
15 0.627125 0.292000 0.020250 0.015333
