0 0.33125 0.66125 0.0275 0.0525
0 0.284375 0.648125 0.02125 0.03125
0 0.36125 0.699375 0.0175 0.05875
0 0.478125 0.666875 0.01625 0.06125
0 0.465625 0.636875 0.01875 0.02625
0 0.365 0.511875 0.0275 0.08375
0 0.395625 0.583125 0.01625 0.02625
0 0.394375 0.52625 0.02375 0.0525
0 0.40875 0.490625 0.04 0.04625
0 0.4275 0.551875 0.0175 0.06875
0 0.46125 0.56125 0.02 0.035
0 0.47625 0.5925 0.01 0.0225
0 0.456875 0.50625 0.01625 0.05
0 0.48375 0.510625 0.0225 0.05125
0 0.4925 0.45625 0.01 0.0275
0 0.525625 0.420625 0.03625 0.04125
0 0.561875 0.478125 0.02375 0.02875
0 0.575625 0.505 0.01625 0.0325
0 0.62125 0.39625 0.0175 0.0175
0 0.5125 0.34 0.0225 0.035
0 0.46375 0.42875 0.0175 0.05
0 0.449375 0.39375 0.01375 0.0325
0 0.58 0.446875 0.015 0.01625
