0 0.15125 0.036875 0.0175 0.07125
0 0.1475 0.11625 0.025 0.0425
0 0.293125 0.10875 0.03125 0.0575
0 0.275625 0.15875 0.01625 0.0425
0 0.301875 0.20375 0.01375 0.0225
0 0.24875 0.2275 0.0375 0.04
0 0.323125 0.253125 0.02375 0.03625
0 0.346875 0.24625 0.02375 0.0275
0 0.493125 0.216875 0.02375 0.05375
0 0.070625 0.1975 0.02625 0.025
0 0.10125 0.205625 0.035 0.04125
0 0.1325 0.23125 0.055 0.0575
0 0.14125 0.285 0.04 0.06
0 0.21375 0.335 0.0275 0.06
0 0.231875 0.378125 0.01625 0.02625
0 0.189375 0.37875 0.03875 0.0475
0 0.160625 0.41125 0.03625 0.0475
0 0.266875 0.31 0.03375 0.0525
0 0.330625 0.46625 0.06625 0.0375
0 0.274375 0.43125 0.04625 0.09
0 0.208125 0.50875 0.06875 0.0725
0 0.27625 0.524375 0.065 0.05875
0 0.211875 0.68 0.01625 0.03
0 0.2425 0.686875 0.01 0.01125
0 0.296875 0.655625 0.04375 0.06625
0 0.40125 0.530625 0.035 0.10375
0 0.4075 0.451875 0.015 0.01125
0 0.36 0.4125 0.035 0.04
0 0.323125 0.436875 0.00875 0.01875
0 0.29875 0.340625 0.025 0.05875
0 0.360625 0.340625 0.02125 0.05375
0 0.185625 0.1625 0.05625 0.085
0 0.21875 0.17 0.015 0.03
0 0.245 0.165 0.02 0.03
0 0.21625 0.098125 0.02 0.04125
0 0.18875 0.793125 0.09 0.14125
0 0.274375 0.76875 0.01875 0.0225
0 0.31625 0.763125 0.0475 0.03625
0 0.08125 0.900625 0.0475 0.03125
0 0.11375 0.93 0.025 0.065
0 0.400625 0.71625 0.01625 0.0225
0 0.4225 0.758125 0.04 0.06375
0 0.43 0.680625 0.045 0.06875
0 0.6025 0.62 0.0175 0.06
0 0.61 0.5825 0.0025 0.015
0 0.630625 0.62 0.03625 0.0275
0 0.623125 0.695 0.03125 0.035
0 0.594375 0.54375 0.01875 0.0325
0 0.62 0.52875 0.03 0.0225
0 0.62 0.515 0.0075 0.02
0 0.639375 0.485 0.02625 0.03
0 0.556875 0.55625 0.01625 0.035
0 0.559375 0.52375 0.03125 0.0275
0 0.56 0.46375 0.0475 0.055
0 0.5775 0.38125 0.05 0.0325
0 0.571875 0.37 0.01125 0.03
0 0.60125 0.415625 0.05 0.03875
0 0.56625 0.338125 0.0325 0.03375
0 0.569375 0.313125 0.01375 0.02375
0 0.588125 0.345 0.01875 0.02
0 0.60625 0.3425 0.015 0.025
0 0.623125 0.36375 0.00875 0.0225
0 0.445625 0.509375 0.03375 0.06375
0 0.58125 0.2275 0.06 0.07
