0 0.0575 0.405625 0.04 0.04875
0 0.20625 0.63625 0.03 0.0525
0 0.27625 0.49 0.035 0.0625
0 0.27125 0.415625 0.0275 0.03125
0 0.435 0.483125 0.045 0.05125
0 0.4625 0.51 0.0475 0.06
0 0.385625 0.73875 0.05375 0.08
0 0.68375 0.649375 0.035 0.04125
0 0.82125 0.576875 0.04 0.04625
0 0.691875 0.5075 0.05125 0.0575
0 0.49 0.350625 0.0875 0.07125
0 0.63375 0.331875 0.045 0.05625
0 0.80875 0.16125 0.0325 0.0725
0 0.884375 0.175625 0.05625 0.05375
0 0.946875 0.018125 0.07125 0.03625
0 0.520625 0.091875 0.01625 0.03875
0 0.670625 0.06125 0.01375 0.0425
0 0.4475 0.18875 0.03 0.0375
0 0.30625 0.179375 0.0375 0.02125
0 0.966875 0.575625 0.02875 0.03375
0 0.960625 0.4425 0.02125 0.055
0 0.913125 0.619375 0.01625 0.03125
0 0.7875 0.628125 0.0125 0.04875
0 0.93125 0.658125 0.0225 0.03625
0 0.986875 0.700625 0.02625 0.03875
0 0.755 0.854375 0.0125 0.02625
0 0.663125 0.835 0.01125 0.035
0 0.323125 0.6175 0.02125 0.0275
