15 0.197751 0.554894 0.037037 0.047619
15 0.070271 0.442295 0.018188 0.032738
15 0.045139 0.406415 0.045966 0.029101
15 0.338294 0.632440 0.038360 0.018188
15 0.370205 0.515212 0.031415 0.035053
15 0.366402 0.472718 0.025132 0.028108
15 0.390708 0.473380 0.022156 0.031415
15 0.545800 0.542328 0.026786 0.014550
15 0.570933 0.485780 0.041336 0.046296
15 0.597222 0.434524 0.031085 0.012566
15 0.669312 0.401951 0.027116 0.028770
15 0.644345 0.327381 0.017526 0.019841
15 0.505787 0.271991 0.016865 0.041997
15 0.634094 0.760086 0.039352 0.035384
15 0.663856 0.796627 0.022817 0.011243
15 0.691303 0.815146 0.040675 0.048280
15 0.542493 0.868717 0.026124 0.017857
15 0.544147 0.890212 0.018188 0.021825
15 0.733466 0.943287 0.043651 0.023479
15 0.692791 0.980489 0.059524 0.038360
15 0.360615 0.802579 0.055886 0.044312
15 0.977679 0.557209 0.044643 0.039021
15 0.634921 0.010086 0.029762 0.018849
15 0.725364 0.044643 0.034722 0.033730
15 0.835648 0.011409 0.016534 0.016204
15 0.685020 0.031581 0.022156 0.056548
