15 0.682044 0.555556 0.027447 0.032407
15 0.645337 0.558201 0.024802 0.029101
15 0.662037 0.548280 0.012566 0.035053
15 0.680225 0.461640 0.015873 0.012566
15 0.527612 0.526124 0.039352 0.032407
15 0.503142 0.449405 0.036045 0.015212
15 0.565642 0.341931 0.020833 0.017196
15 0.558366 0.849372 0.055225 0.046627
15 0.742725 0.939649 0.063492 0.079696
15 0.485615 0.902612 0.038029 0.032077
15 0.433201 0.952050 0.039021 0.048942
15 0.400959 0.957176 0.031415 0.038690
15 0.400628 0.918485 0.018188 0.030093
15 0.379464 0.942791 0.028108 0.016534
