15 0.195767 0.547454 0.048280 0.059854
15 0.239418 0.604497 0.060185 0.031085
15 0.228009 0.641038 0.053902 0.040013
15 0.280258 0.563823 0.038690 0.048280
15 0.273313 0.647156 0.040675 0.061508
15 0.291667 0.601687 0.044974 0.025463
15 0.312831 0.634425 0.035714 0.041336
15 0.341601 0.590608 0.048280 0.009921
15 0.355655 0.615079 0.080357 0.044974
15 0.343254 0.639716 0.039021 0.043320
15 0.498347 0.800926 0.037037 0.056878
15 0.179563 0.286541 0.068122 0.040013
15 0.041336 0.924603 0.060847 0.054894
15 0.187996 0.889550 0.045304 0.016534
