15 0.447751 0.784722 0.055556 0.038360
15 0.352183 0.806217 0.018519 0.011243
15 0.411706 0.685516 0.067460 0.034392
15 0.360450 0.693122 0.016534 0.017196
15 0.501488 0.698082 0.017526 0.031085
15 0.539021 0.703538 0.045635 0.029431
15 0.520668 0.756614 0.016204 0.021825
15 0.515873 0.578042 0.039021 0.049603
15 0.560681 0.612103 0.049934 0.060185
15 0.656746 0.712467 0.074735 0.061839
15 0.728836 0.736276 0.069444 0.069114
15 0.651620 0.813657 0.017526 0.020833
15 0.657738 0.851025 0.029762 0.024140
15 0.591601 0.411210 0.069444 0.051257
15 0.543981 0.350033 0.084656 0.035384
15 0.554729 0.324239 0.018849 0.025463
15 0.479828 0.229332 0.024471 0.018188
15 0.481481 0.195933 0.022487 0.014881
15 0.529927 0.244378 0.016204 0.012566
15 0.585813 0.264385 0.051257 0.039352
15 0.647652 0.294147 0.085648 0.067791
15 0.409722 0.461640 0.072751 0.039683
15 0.304233 0.414187 0.058201 0.045304
15 0.357308 0.412698 0.046627 0.066138
15 0.405919 0.391865 0.047288 0.039683
15 0.623677 0.479828 0.017196 0.015873
15 0.601356 0.482804 0.012897 0.010582
15 0.748181 0.503638 0.055886 0.052910
15 0.728175 0.454365 0.008598 0.007937
15 0.709325 0.553075 0.013889 0.025463
15 0.552249 0.137070 0.015873 0.026124
15 0.556217 0.921462 0.041005 0.039352
15 0.615575 0.871362 0.018188 0.012566
15 0.851356 0.375827 0.065807 0.054563
