0 0.140625 0.08125 0.03875 0.0475
0 0.12125 0.021875 0.035 0.04125
0 0.190625 0.43 0.04375 0.0825
0 0.17875 0.589375 0.0325 0.07375
0 0.248125 0.623125 0.02375 0.04375
0 0.270625 0.585625 0.05125 0.06125
0 0.32 0.583125 0.045 0.03875
0 0.291875 0.63875 0.02875 0.0225
0 0.32625 0.80375 0.0475 0.0575
0 0.401875 0.7 0.02625 0.05
0 0.451875 0.544375 0.05375 0.11125
0 0.475 0.671875 0.055 0.11375
0 0.495625 0.59875 0.02875 0.04
0 0.513125 0.654375 0.01875 0.03625
0 0.531875 0.713125 0.02125 0.03625
0 0.5825 0.913125 0.05 0.09375
0 0.623125 0.873125 0.03625 0.06125
0 0.64125 0.939375 0.02 0.04875
0 0.6775 0.979375 0.03 0.03125
0 0.7775 0.971875 0.065 0.05125
0 0.785 0.910625 0.035 0.05875
0 0.89625 0.88125 0.0325 0.0575
0 0.899375 0.78 0.02375 0.035
0 0.9725 0.82125 0.055 0.0525
0 0.975625 0.768125 0.04875 0.06125
0 0.90375 0.634375 0.0725 0.07125
0 0.944375 0.673125 0.02125 0.03375
0 0.946875 0.588125 0.05625 0.05125
0 0.959375 0.5325 0.06375 0.0525
0 0.885 0.555625 0.055 0.04625
0 0.550625 0.589375 0.03625 0.04625
0 0.604375 0.55 0.03125 0.045
0 0.553125 0.498125 0.01875 0.02875
0 0.4025 0.36375 0.0325 0.0725
0 0.348125 0.401875 0.01375 0.03375
0 0.350625 0.464375 0.01625 0.03375
0 0.38625 0.466875 0.02 0.03375
0 0.398125 0.220625 0.01625 0.03875
0 0.395625 0.1075 0.01875 0.04
0 0.52375 0.170625 0.045 0.11875
0 0.546875 0.2825 0.03375 0.05
0 0.518125 0.306875 0.03125 0.02875
0 0.496875 0.379375 0.01875 0.03625
0 0.4675 0.436875 0.045 0.07375
0 0.595625 0.39 0.02875 0.065
0 0.54875 0.344375 0.0275 0.03875
0 0.58875 0.3225 0.0375 0.0475
0 0.62375 0.2775 0.02 0.055
0 0.653125 0.26875 0.02625 0.1
0 0.705 0.38 0.035 0.0875
0 0.73125 0.31 0.045 0.065
0 0.7325 0.235 0.015 0.04
0 0.768125 0.21875 0.01375 0.025
0 0.6925 0.2075 0.03 0.065
0 0.700625 0.17125 0.01375 0.0275
0 0.714375 0.089375 0.04875 0.08375
0 0.784375 0.086875 0.04375 0.06875
0 0.76625 0.038125 0.0325 0.04375
0 0.673125 0.044375 0.01875 0.03875
0 0.565625 0.059375 0.05375 0.06125
0 0.528125 0.026875 0.03125 0.04875
0 0.88375 0.32375 0.03 0.0725
0 0.830625 0.550625 0.02875 0.04875
0 0.800625 0.523125 0.02125 0.03375
0 0.82125 0.495 0.0275 0.04
0 0.835625 0.473125 0.00625 0.02375
0 0.81 0.42125 0.045 0.0525
0 0.893125 0.176875 0.06625 0.12625
0 0.8425 0.151875 0.045 0.04625
0 0.86125 0.09125 0.09 0.0625
0 0.9 0.0425 0.07 0.0675
0 0.009375 0.048125 0.01875 0.03125
0 0.68 0.70375 0.0425 0.0875
0 0.735 0.706875 0.03 0.05875
0 0.645625 0.649375 0.02375 0.05375
0 0.6725 0.845625 0.025 0.02625
0 0.96625 0.438125 0.045 0.06625
