0 0.243125 0.839375 0.01875 0.04375
0 0.164375 0.7775 0.01625 0.0375
0 0.063125 0.87125 0.03125 0.035
0 0.0925 0.818125 0.0175 0.03625
0 0.114375 0.81375 0.01625 0.0375
0 0.213125 0.503125 0.01875 0.03375
0 0.31375 0.385 0.04 0.03
0 0.3425 0.35125 0.015 0.0325
0 0.465625 0.324375 0.01625 0.04375
0 0.554375 0.609375 0.01375 0.02375
0 0.643125 0.61 0.01375 0.0425
0 0.115625 0.033125 0.02625 0.04375
0 0.273125 0.049375 0.01375 0.03125
0 0.251875 0.11125 0.01375 0.0225
0 0.49875 0.0475 0.015 0.025
0 0.251875 0.35375 0.02375 0.03
0 0.036875 0.54625 0.02375 0.0275
0 0.06875 0.405 0.0175 0.02
0 0.074375 0.6225 0.01875 0.0425
0 0.090625 0.57875 0.02875 0.025
0 0.514375 0.26375 0.02125 0.0475
