0 0.106875 0.21875 0.01375 0.0175
0 0.1675 0.14625 0.0175 0.0225
0 0.240625 0.1725 0.00875 0.0175
0 0.27125 0.15625 0.0175 0.0175
0 0.3025 0.118125 0.0175 0.03375
0 0.34125 0.15375 0.0125 0.0225
0 0.28875 0.256875 0.02 0.03625
0 0.194375 0.279375 0.01375 0.02125
0 0.318125 0.495 0.03875 0.05
0 0.365 0.7025 0.015 0.0425
0 0.388125 0.89125 0.01375 0.0325
0 0.61375 0.688125 0.025 0.03125
0 0.593125 0.58375 0.01625 0.025
0 0.556875 0.48875 0.01375 0.0225
0 0.540625 0.39875 0.01125 0.03
0 0.576875 0.398125 0.01125 0.02625
0 0.604375 0.415625 0.01875 0.02375
0 0.68125 0.29625 0.01 0.0225
0 0.68375 0.253125 0.0175 0.02875
0 0.620625 0.25 0.00875 0.0175
0 0.631875 0.283125 0.01125 0.02125
0 0.549375 0.2425 0.01125 0.04
0 0.486875 0.245625 0.01125 0.01375
0 0.4875 0.288125 0.0075 0.01375
0 0.535 0.24875 0.01 0.025
0 0.596875 0.233125 0.01875 0.02625
0 0.395 0.1975 0.0175 0.0225
0 0.35375 0.235 0.0075 0.025
0 0.359375 0.276875 0.01375 0.01875
0 0.4025 0.560625 0.0175 0.03625
0 0.955625 0.533125 0.04125 0.06625
0 0.985625 0.173125 0.02625 0.02375
