0 0.51875 0.405 0.095 0.11
0 0.618125 0.91 0.03375 0.1
0 0.098125 0.94125 0.07875 0.055
0 0.908125 0.395 0.05125 0.13
0 0.16625 0.46125 0.0675 0.0675
0 0.323125 0.25625 0.03125 0.0375
0 0.33625 0.23625 0.015 0.0275
0 0.83875 0.301875 0.0325 0.08375
0 0.4975 0.716875 0.025 0.04375
0 0.7025 0.56125 0.025 0.0525
0 0.4275 0.406875 0.06 0.08375
0 0.420625 0.29 0.01875 0.0475
0 0.490625 0.286875 0.11375 0.13875
0 0.519375 0.131875 0.03125 0.06625
0 0.4875 0.12125 0.02 0.03
0 0.105625 0.88375 0.07625 0.0475
