0 0.2475 0.730625 0.0275 0.04625
0 0.2125 0.471875 0.0275 0.06375
0 0.27125 0.46875 0.04 0.0575
0 0.37875 0.38375 0.02 0.0475
0 0.295625 0.5775 0.05625 0.065
0 0.303125 0.6775 0.05625 0.1025
0 0.37625 0.551875 0.015 0.03125
0 0.410625 0.540625 0.03375 0.04125
0 0.425625 0.58125 0.02625 0.0575
0 0.444375 0.626875 0.02625 0.06125
0 0.521875 0.736875 0.01125 0.02375
0 0.55875 0.79375 0.0275 0.035
0 0.590625 0.8 0.02125 0.02
0 0.63125 0.815625 0.0275 0.03875
0 0.765625 0.769375 0.01875 0.06625
0 0.731875 0.681875 0.01625 0.06125
0 0.69125 0.615 0.0175 0.055
0 0.68375 0.54 0.0375 0.0475
0 0.78 0.178125 0.02 0.05125
0 0.901875 0.370625 0.01125 0.03625
0 0.8375 0.474375 0.02 0.05375
0 0.833125 0.600625 0.02375 0.05875
0 0.69875 0.343125 0.0275 0.08625
0 0.7725 0.321875 0.0175 0.02375
0 0.523125 0.47125 0.02375 0.0725
0 0.513125 0.40625 0.01375 0.0275
0 0.56 0.499375 0.0325 0.05625
0 0.558125 0.455 0.01125 0.02
0 0.615625 0.45625 0.02625 0.0375
0 0.588125 0.495625 0.01375 0.02125
0 0.35625 0.88625 0.0875 0.13
0 0.8775 0.14625 0.02 0.05
0 0.608125 0.98 0.02125 0.0375
