0 0.000181464 0.401855 0.229492 0.0341797 0.0625
0 0.000181481 0.865723 0.209961 0.0712891 0.0175781
0 0.000181503 0.19043 0.532715 0.078125 0.125977
0 0.000181524 0.279297 0.225586 0.09375 0.0761719
0 0.000181788 0.75293 0.231445 0.0976562 0.0234375
0 0.000181927 0.516602 0.339355 0.078125 0.0947266
0 0.000182047 0.390625 0.391113 0.0449219 0.0810547
0 0.000182111 0.962891 0.106445 0.0742188 0.0253906
0 0.000182588 0.589844 0.263672 0.0566406 0.0722656
0 0.000182667 0.760742 0.0839844 0.115234 0.0683594
0 0.000182854 0.442383 0.615723 0.0878906 0.0966797
0 0.000182961 0.394043 0.0390625 0.137695 0.078125
0 0.000183114 0.48877 0.483887 0.0849609 0.116211
0 0.000183127 0.206055 0.0532227 0.0800781 0.0673828
0 0.000183443 0.315918 0.108887 0.0556641 0.217773
0 0.000183594 0.713379 0.490234 0.0595703 0.103516
0 0.000183622 0.151855 0.0561523 0.0810547 0.112305
0 0.000183671 0.165527 0.594727 0.0693359 0.0878906
0 0.000183749 0.418945 0.810059 0.0605469 0.124023
0 0.000183982 0.03125 0.129883 0.0625 0.0566406
0 0.000184423 0.894043 0.830566 0.0966797 0.129883
0 0.000184499 0.703125 0.0410156 0.0722656 0.0527344
0 0.000184742 0.48877 0.411133 0.0654297 0.0800781
0 0.00018478 0.779297 0.339844 0.0742188 0.0957031
0 0.00018481 0.609375 0.378906 0.0917969 0.0761719
0 0.000184816 0.292969 0.334961 0.0449219 0.0703125
0 0.00018498 0.486816 0.134766 0.0791016 0.0488281
0 0.00018526 0.65918 0.26709 0.0605469 0.0126953
0 0.000185272 0.0693359 0.266602 0.119141 0.0800781
0 0.0001853 0.540039 0.470215 0.0625 0.114258
0 0.000185464 0.932129 0.226562 0.135742 0.0507812
0 0.000185513 0.355957 0.266113 0.0478516 0.0380859
0 0.000185674 0.0170898 0.0683594 0.0341797 0.126953
0 0.000186047 0.71582 0.884277 0.0585938 0.0927734
0 0.000186117 0.249023 0.275391 0.0253906 0.0722656
0 0.000186136 0.912598 0.708496 0.0693359 0.155273
0 0.000186349 0.242676 0.514648 0.0576172 0.0761719
0 0.000186429 0.455078 0.154785 0.0625 0.118164
0 0.0001865 0.266113 0.98291 0.0517578 0.0341797
0 0.000186513 0.185059 0.30127 0.178711 0.0322266
0 0.000186568 0.318848 0.712891 0.0771484 0.126953
0 0.000186579 0.371094 0.811523 0.0761719 0.132812
0 0.000186585 0.569824 0.809082 0.0615234 0.118164
0 0.00018659 0.912598 0.332031 0.135742 0.0566406
0 0.000186707 0.742676 0.883301 0.0615234 0.0908203
0 0.000186902 0.615234 0.44043 0.0585938 0.0800781
0 0.000187038 0.63916 0.469238 0.0986328 0.12207
0 0.000187205 0.510742 0.520508 0.109375 0.142578
0 0.000187246 0.591309 0.914551 0.0654297 0.0927734
0 0.000187466 0.466797 0.643066 0.109375 0.18457
0 0.000187535 0.0859375 0.436523 0.0839844 0.0800781
0 0.000187561 0.887207 0.416504 0.0615234 0.155273
0 0.000187664 0.139648 0.388184 0.0742188 0.0966797
0 0.000187925 0.367676 0.636719 0.0595703 0.0722656
0 0.000187956 0.364258 0.462891 0.0800781 0.0957031
0 0.000188035 0.464355 0.257812 0.0478516 0.0566406
0 0.000188243 0.954102 0.0805664 0.0917969 0.0517578
0 0.000188447 0.314941 0.61377 0.0712891 0.0458984
0 0.000188673 0.132812 0.321777 0.265625 0.151367
0 0.000188695 0.766602 0.0219727 0.0761719 0.0361328
0 0.000188788 0.341309 0.393066 0.0712891 0.118164
0 0.000189358 0.575684 0.0522461 0.0595703 0.104492
0 0.000189403 0.810547 0.489746 0.0175781 0.0458984
0 0.000189604 0.842285 0.419434 0.0556641 0.0751953
0 0.000189711 0.332031 0.0493164 0.0585938 0.0888672
0 0.00018973 0.695312 0.288574 0.0449219 0.12793
0 0.000189851 0.0849609 0.588867 0.09375 0.119141
0 0.000190052 0.706543 0.0488281 0.0498047 0.0976562
0 0.000190268 0.293457 0.962402 0.0478516 0.0751953
0 0.000190342 0.966797 0.765137 0.0625 0.104492
0 0.000190371 0.334473 0.207031 0.0712891 0.207031
0 0.000190386 0.696289 0.833008 0.0839844 0.119141
0 0.000190746 0.61084 0.981445 0.0673828 0.0371094
0 0.000190765 0.596191 0.709473 0.0751953 0.0615234
0 0.000190964 0.714355 0.591797 0.100586 0.121094
0 0.000190966 0.288574 0.385742 0.0888672 0.078125
0 0.000191006 0.5625 0.515137 0.0605469 0.0986328
0 0.000191239 0.492676 0.658203 0.0908203 0.0839844
0 0.000191283 0.567383 0.208008 0.078125 0.0371094
0 0.000191455 0.59375 0.784668 0.0898438 0.0966797
0 0.000191809 0.116211 0.280273 0.0996094 0.0175781
0 0.00019189 0.657715 0.383301 0.0712891 0.0654297
0 0.000192036 0.54248 0.888184 0.0576172 0.0830078
0 0.000192154 0.220703 0.664062 0.0839844 0.201172
0 0.000192786 0.682129 0.0996094 0.145508 0.0507812
0 0.000192851 0.696777 0.705566 0.112305 0.0693359
0 0.000193214 0.592773 0.716309 0.0859375 0.186523
0 0.000193297 0.294922 0.764648 0.0878906 0.130859
0 0.000193346 0.463867 0.441406 0.0527344 0.0722656
0 0.000193539 0.0595703 0.787109 0.0703125 0.140625
0 0.000193645 0.44043 0.443359 0.0625 0.0839844
0 0.00019381 0.865234 0.780762 0.0976562 0.120117
0 0.000193836 0.116211 0.833008 0.136719 0.150391
0 0.000193864 0.195801 0.634766 0.0576172 0.167969
0 0.000193992 0.165039 0.121094 0.0644531 0.242188
0 0.000194108 0.38916 0.966797 0.0947266 0.0664062
0 0.000194398 0.941406 0.459961 0.0527344 0.144531
0 0.000194437 0.953125 0.439941 0.0664062 0.0810547
0 0.000194478 0.0454102 0.25293 0.0908203 0.216797
0 0.000194894 0.441406 0.658203 0.0917969 0.0878906
0 0.000194916 0.463379 0.415039 0.0458984 0.0703125
0 0.000195026 0.467285 0.107422 0.0263672 0.169922
0 0.000195283 0.565918 0.442871 0.0556641 0.0927734
0 0.000195587 0.516602 0.313965 0.0488281 0.0771484
0 0.000195749 0.589355 0.411621 0.0595703 0.0927734
0 0.000196278 0.619141 0.288574 0.0722656 0.0537109
0 0.000196431 0.264648 0.365234 0.0488281 0.0976562
0 0.000196454 0.793945 0.884766 0.0566406 0.0898438
0 0.000196502 0.783203 0.323242 0.273438 0.15625
0 0.000196544 0.592773 0.635254 0.0839844 0.0556641
0 0.000197126 0.61377 0.601074 0.0927734 0.114258
0 0.000197235 0.240723 0.542969 0.0517578 0.0644531
0 0.000197291 0.771484 0.828125 0.0664062 0.117188
0 0.000197307 0.459473 0.074707 0.0615234 0.0732422
0 0.000197597 0.291504 0.683105 0.104492 0.151367
0 0.000197615 0.961426 0.682129 0.0341797 0.243164
0 0.000197841 0.864258 0.152832 0.107422 0.0185547
0 0.000197991 0.263672 0.391113 0.0410156 0.0673828
0 0.000198283 0.825684 0.12207 0.0830078 0.0449219
0 0.00019858 0.466309 0.588867 0.0771484 0.0703125
0 0.000198883 0.866211 0.458496 0.132812 0.102539
0 0.000198892 0.791992 0.253418 0.0898438 0.204102
0 0.000198945 0.814453 0.563965 0.078125 0.0830078
0 0.000198946 0.214355 0.556152 0.0654297 0.0947266
0 0.000199135 0.177246 0.240723 0.0322266 0.0576172
0 0.000199502 0.446289 0.833496 0.0546875 0.106445
0 0.000199651 0.444336 0.338867 0.0683594 0.0976562
0 0.000199854 0.560547 0.520508 0.109375 0.138672
0 0.000200149 0.14209 0.337891 0.106445 0.0664062
0 0.000200268 0.519043 0.828125 0.143555 0.177734
0 0.000200284 0.288574 0.208008 0.0888672 0.199219
0 0.000200446 0.51709 0.291992 0.0771484 0.0957031
0 0.00020071 0.750488 0.26709 0.0166016 0.0419922
0 0.000200864 0.841797 0.561035 0.0488281 0.182617
0 0.000201007 0.717773 0.855957 0.0742188 0.0927734
0 0.000201063 0.189453 0.166016 0.181641 0.0292969
0 0.000201088 0.689453 0.615234 0.0996094 0.216797
0 0.000201127 0.740234 0.981445 0.0625 0.0332031
0 0.000201448 0.117676 0.266602 0.0224609 0.0292969
0 0.00020146 0.311523 0.540039 0.0605469 0.105469
0 0.000201518 0.0869141 0.885742 0.15625 0.130859
0 0.000201563 0.391113 0.517578 0.0439453 0.121094
0 0.000202071 0.539062 0.312988 0.0429688 0.0791016
0 0.000202137 0.77832 0.331055 0.0136719 0.0507812
0 0.000202168 0.569824 0.759277 0.0966797 0.0947266
0 0.00020237 0.0117188 0.619629 0.0234375 0.0615234
0 0.000202403 0.572266 0.0439453 0.113281 0.0566406
0 0.000202515 0.421387 0.764648 0.0908203 0.119141
0 0.000202528 0.24707 0.237305 0.0234375 0.160156
0 0.000202551 0.443359 0.311523 0.0566406 0.0585938
0 0.000202618 0.637207 0.51416 0.0556641 0.0927734
0 0.000203043 0.59668 0.128418 0.101562 0.22168
0 0.000203284 0.540039 0.100098 0.107422 0.0908203
0 0.000203298 0.628906 0.536133 0.234375 0.263672
0 0.000203366 0.464844 0.469727 0.0683594 0.125
0 0.000203403 0.567383 0.375977 0.078125 0.152344
0 0.000203439 0.520996 0.730957 0.124023 0.0966797
0 0.000203669 0.289062 0.362793 0.0488281 0.0888672
0 0.000204069 0.264648 0.469727 0.103516 0.164062
0 0.000204208 0.819824 0.856934 0.0966797 0.102539
0 0.000204616 0.772461 0.331543 0.0605469 0.0341797
0 0.000205006 0.0444336 0.762695 0.0556641 0.121094
0 0.000205039 0.467773 0.0463867 0.119141 0.0458984
0 0.000205041 0.284668 0.415039 0.0576172 0.109375
0 0.000205214 0.165039 0.561523 0.0820312 0.109375
0 0.000205323 0.636719 0.913086 0.0898438 0.164062
0 0.000205612 0.0639648 0.20459 0.112305 0.12207
0 0.000205629 0.664062 0.520996 0.105469 0.204102
0 0.000205726 0.640137 0.589355 0.0673828 0.0791016
0 0.000205901 0.768555 0.884277 0.0488281 0.0927734
0 0.000206129 0.967773 0.34375 0.0488281 0.0625
0 0.000206425 0.0161133 0.666016 0.0322266 0.078125
0 0.000206449 0.110352 0.568359 0.0917969 0.144531
0 0.00020694 0.268066 0.963379 0.0478516 0.0732422
0 0.000207241 0.114258 0.438965 0.0546875 0.0927734
0 0.000207246 0.983398 0.340332 0.0332031 0.0908203
0 0.000207707 0.138184 0.466309 0.108398 0.118164
0 0.000208178 0.635742 0.333008 0.0878906 0.0878906
0 0.000208181 0.657715 0.367188 0.0361328 0.0664062
0 0.000208424 0.580566 0.307129 0.0888672 0.0830078
0 0.000208827 0.975098 0.208496 0.0185547 0.249023
0 0.00020886 0.344238 0.163086 0.12793 0.0976562
0 0.000208879 0.6875 0.716309 0.09375 0.198242
0 0.000209161 0.568848 0.233398 0.0888672 0.0898438
0 0.00020934 0.1875 0.614746 0.0703125 0.0771484
0 0.000209431 0.641113 0.561523 0.0732422 0.0703125
0 0.000209443 0.484375 0.0214844 0.0839844 0.0429688
0 0.000209471 0.38623 0.439453 0.0771484 0.09375
0 0.000209727 0.381348 0.209473 0.125977 0.0615234
0 0.00020981 0.640625 0.757324 0.105469 0.0966797
0 0.000209834 0.625488 0.147949 0.0634766 0.157227
0 0.000210111 0.434082 0.074707 0.0380859 0.108398
0 0.000210153 0.993652 0.532715 0.0126953 0.0322266
0 0.000210358 0.65625 0.269043 0.0292969 0.0478516
0 0.000210528 0.541992 0.908203 0.0859375 0.0976562
0 0.000210901 0.0673828 0.310547 0.101562 0.125
0 0.000210959 0.183105 0.274414 0.0244141 0.0546875
0 0.000210976 0.467285 0.858887 0.0732422 0.0986328
0 0.000210981 0.811523 0.0253906 0.0898438 0.0507812
0 0.000211167 0.513672 0.642578 0.121094 0.193359
0 0.000211269 0.516602 0.555176 0.0742188 0.102539
0 0.000211477 0.992188 0.544434 0.015625 0.0361328
0 0.000212207 0.253418 0.214844 0.102539 0.0585938
0 0.000212323 0.669922 0.731934 0.121094 0.0751953
0 0.000212405 0.0151367 0.832031 0.0302734 0.171875
0 0.000212788 0.537109 0.470703 0.109375 0.152344
0 0.000212789 0.16748 0.860352 0.0732422 0.123047
0 0.000212975 0.181152 0.143555 0.106445 0.216797
0 0.000213085 0.649414 0.162109 0.146484 0.142578
0 0.000213189 0.13916 0.787598 0.0908203 0.118164
0 0.000213311 0.310059 0.241699 0.0478516 0.120117
0 0.000213383 0.977539 0.119141 0.0449219 0.0625
0 0.000213449 0.540039 0.563965 0.0859375 0.139648
0 0.000214352 0.493164 0.759277 0.109375 0.104492
0 0.000214493 0.483887 0.972168 0.0400391 0.0478516
0 0.000214779 0.567383 0.88623 0.0683594 0.0849609
0 0.000214834 0.140137 0.605469 0.0908203 0.0976562
0 0.000215049 0.689453 0.885742 0.0488281 0.0996094
0 0.000215075 0.976074 0.243164 0.0478516 0.212891
0 0.000215147 0.0844727 0.0463867 0.0361328 0.0927734
0 0.000215155 0.0908203 0.304199 0.0507812 0.0693359
0 0.00021518 0.965332 0.134277 0.0693359 0.0380859
0 0.000215551 0.969727 0.0615234 0.0234375 0.123047
0 0.000215722 0.14209 0.489258 0.0654297 0.09375
0 0.000216139 0.664551 0.30127 0.0869141 0.0302734
0 0.000216283 0.66748 0.301758 0.0361328 0.0449219
0 0.000216393 0.768066 0.469727 0.0771484 0.111328
0 0.000217113 0.989258 0.983398 0.0214844 0.0332031
0 0.000217299 0.836426 0.508789 0.0361328 0.138672
0 0.000217583 0.239258 0.486816 0.0585938 0.0478516
0 0.00021807 0.77002 0.953125 0.0830078 0.09375
0 0.000218254 0.489258 0.336914 0.0546875 0.111328
0 0.000218376 0.317383 0.0795898 0.175781 0.0751953
0 0.000218482 0.215332 0.436035 0.0537109 0.0673828
0 0.000218641 0.664062 0.34375 0.0703125 0.126953
0 0.000218676 0.870605 0.360352 0.0498047 0.0957031
0 0.000218684 0.495605 0.23291 0.0673828 0.0869141
0 0.000218843 0.391113 0.0517578 0.188477 0.0136719
0 0.000218953 0.618652 0.261719 0.102539 0.0449219
0 0.000218987 0.811035 0.0791016 0.12207 0.0546875
0 0.000219129 0.976074 0.0947266 0.0478516 0.0605469
0 0.000219374 0.217773 0.919922 0.265625 0.160156
0 0.000219712 0.23877 0.786133 0.0888672 0.363281
0 0.00021976 0.725586 0.720215 0.185547 0.239258
0 0.000219922 0.828613 0.0415039 0.0830078 0.0751953
0 0.000220411 0.611328 0.887207 0.0996094 0.157227
0 0.00022063 0.0732422 0.818359 0.132812 0.191406
0 0.00022067 0.912598 0.784668 0.106445 0.149414
0 0.000220948 0.216797 0.809082 0.0996094 0.200195
0 0.000221034 0.161621 0.713379 0.0810547 0.104492
0 0.000221144 0.494629 0.831055 0.0830078 0.117188
0 0.000221701 0.16748 0.0449219 0.155273 0.0292969
0 0.000221814 0.563477 0.985352 0.0722656 0.0292969
0 0.000221844 0.350098 0.251465 0.0341797 0.0439453
0 0.000222182 0.39209 0.250977 0.0439453 0.0351562
0 0.00022222 0.134766 0.145996 0.0859375 0.137695
0 0.000222222 0.364258 0.535156 0.0644531 0.130859
0 0.000222231 0.696289 0.34375 0.0898438 0.115234
0 0.00022235 0.157715 0.10498 0.124023 0.0732422
0 0.000222358 0.966797 0.616211 0.0585938 0.255859
0 0.000222641 0.109375 0.410645 0.0429688 0.0634766
0 0.000222804 0.228516 0.271973 0.078125 0.0576172
0 0.000223123 0.248535 0.116699 0.0693359 0.125977
0 0.000223203 0.436035 0.741699 0.104492 0.22168
0 0.000223451 0.544922 0.658691 0.0898438 0.0849609
0 0.000223757 0.517578 0.71582 0.0878906 0.224609
0 0.000224091 0.944336 0.125 0.0703125 0.134766
0 0.000224143 0.288574 0.559082 0.0908203 0.12207
0 0.000224202 0.108887 0.254883 0.0322266 0.0351562
0 0.000224414 0.833008 0.228027 0.03125 0.0419922
0 0.000224728 0.15918 0.0253906 0.0859375 0.0351562
0 0.000225497 0.838379 0.884277 0.110352 0.129883
0 0.000225543 0.242676 0.406738 0.0869141 0.0986328
0 0.00022564 0.0854492 0.640625 0.0849609 0.136719
0 0.000225734 0.114258 0.666992 0.0878906 0.15625
0 0.0002258 0.668457 0.858887 0.0634766 0.0908203
0 0.000225814 0.0166016 0.316406 0.0234375 0.140625
0 0.00022599 0.985352 0.0727539 0.0214844 0.145508
0 0.000226136 0.631836 0.0976562 0.0878906 0.0820312
0 0.000226621 0.888672 0.586914 0.0605469 0.195312
0 0.000227045 0.887695 0.306152 0.0136719 0.0556641
0 0.000227749 0.715332 0.0654297 0.0478516 0.130859
0 0.000227751 0.412109 0.441895 0.0546875 0.0986328
0 0.00022809 0.833984 0.375 0.208984 0.158203
0 0.000228432 0.800293 0.211914 0.19043 0.0273438
0 0.000228519 0.913086 0.0229492 0.0683594 0.0439453
0 0.000228613 0.491211 0.515625 0.0625 0.0820312
0 0.000229144 0.0205078 0.320801 0.0351562 0.0712891
0 0.000229335 0.0708008 0.836914 0.0693359 0.132812
0 0.000229671 0.813477 0.511719 0.0410156 0.125
0 0.000229751 0.665527 0.980957 0.0771484 0.0361328
0 0.000229785 0.61377 0.936035 0.0595703 0.0908203
0 0.000230013 0.984863 0.558105 0.0302734 0.0458984
0 0.000230626 0.35498 0.222168 0.0986328 0.00878906
0 0.000230678 0.910156 0.0922852 0.0644531 0.0712891
0 0.000230918 0.421387 0.856934 0.0830078 0.0908203
0 0.000231349 0.979004 0.288086 0.0419922 0.0605469
0 0.000231631 0.880371 0.0449219 0.0537109 0.0488281
0 0.000231675 0.355957 0.164551 0.12793 0.0478516
0 0.000232209 0.470215 0.731445 0.106445 0.0957031
0 0.000232248 0.103516 0.108887 0.183594 0.0732422
0 0.000232484 0.365723 0.589355 0.0576172 0.0849609
0 0.000232619 0.125 0.313477 0.150391 0.078125
0 0.000232662 0.844238 0.364746 0.112305 0.0869141
0 0.000232891 0.435547 0.543945 0.126953 0.199219
0 0.000232906 0.96582 0.365234 0.0390625 0.0625
0 0.000232918 0.66748 0.956543 0.0791016 0.0830078
0 0.000232927 0.796387 0.514648 0.0498047 0.136719
0 0.000233039 0.830566 0.67041 0.141602 0.178711
0 0.000233132 0.0166016 0.763672 0.03125 0.166016
0 0.000233135 0.586914 0.564453 0.078125 0.173828
0 0.000233356 0.0405273 0.0161133 0.0810547 0.0322266
0 0.000233418 0.567383 0.212402 0.142578 0.0595703
0 0.000234369 0.0410156 0.812988 0.0664062 0.12207
0 0.00023447 0.160156 0.76416 0.0917969 0.12793
0 0.00023454 0.338867 0.768555 0.09375 0.119141
0 0.000234691 0.365234 0.0205078 0.0878906 0.0410156
0 0.000234815 0.0625 0.712891 0.0625 0.152344
0 0.000234858 0.370117 0.687988 0.134766 0.110352
0 0.000234993 0.934082 0.218262 0.0595703 0.436523
0 0.000235036 0.262695 0.265137 0.0644531 0.0634766
0 0.000235315 0.411133 0.0996094 0.0429688 0.162109
0 0.000235524 0.0795898 0.789551 0.15918 0.420898
0 0.000235833 0.616211 0.776367 0.183594 0.234375
0 0.000236052 0.268066 0.634766 0.0908203 0.0820312
0 0.000236246 0.191406 0.467285 0.0585938 0.120117
0 0.000236349 0.782227 0.324707 0.0527344 0.0146484
0 0.000236952 0.0224609 0.980957 0.0449219 0.0380859
0 0.000237574 0.416016 0.584961 0.078125 0.103516
0 0.0002377 0.389648 0.48877 0.0820312 0.135742
0 0.000237818 0.986328 0.543457 0.0273438 0.0419922
0 0.000237821 0.390625 0.633301 0.0957031 0.0947266
0 0.000237844 0.241699 0.564453 0.0615234 0.0625
0 0.000237954 0.11084 0.131836 0.19043 0.0566406
0 0.000238253 0.541016 0.208008 0.103516 0.0195312
0 0.000238309 0.467285 0.38623 0.0771484 0.0791016
0 0.000238711 0.285156 0.198242 0.123047 0.396484
0 0.000238887 0.765625 0.313477 0.0683594 0.0742188
0 0.000239348 0.34082 0.201172 0.25 0.298828
0 0.000239446 0.518555 0.885742 0.0722656 0.0898438
0 0.000239448 0.393066 0.789062 0.0771484 0.132812
0 0.000239637 0.913574 0.541016 0.0849609 0.109375
0 0.000239727 0.0678711 0.0556641 0.133789 0.0351562
0 0.000239736 0.594727 0.73291 0.0898438 0.0791016
0 0.000239955 0.492188 0.580566 0.0878906 0.0810547
0 0.000240101 0.491699 0.885742 0.0693359 0.101562
0 0.000240354 0.666992 0.676758 0.1875 0.285156
0 0.000240534 0.614746 0.555176 0.0712891 0.116211
0 0.000240894 0.987305 0.520508 0.0253906 0.046875
0 0.000241157 0.868164 0.856934 0.0976562 0.129883
0 0.000241284 0.88916 0.324707 0.108398 0.0966797
0 0.000241534 0.243164 0.438477 0.0644531 0.078125
0 0.000241626 0.566895 0.309082 0.0400391 0.0947266
0 0.000241679 0.715332 0.97998 0.0771484 0.0361328
0 0.000241759 0.241699 0.589355 0.0791016 0.0732422
0 0.000241778 0.728516 0.065918 0.0820312 0.0341797
0 0.000243169 0.489258 0.382324 0.078125 0.0537109
0 0.000243401 0.944824 0.39502 0.0615234 0.0888672
0 0.00024343 0.34082 0.509277 0.0898438 0.12793
0 0.000243682 0.0249023 0.179688 0.0498047 0.0917969
0 0.000243848 0.0180664 0.461426 0.0361328 0.0927734
0 0.000244189 0.21875 0.563477 0.0722656 0.0449219
0 0.000244555 0.339844 0.327637 0.130859 0.0439453
0 0.000244763 0.144043 0.959961 0.0947266 0.0800781
0 0.000245196 0.42041 0.710938 0.104492 0.09375
0 0.000245281 0.192871 0.273926 0.0185547 0.0634766
0 0.000245628 0.768066 0.980957 0.0595703 0.0302734
0 0.000246097 0.442871 0.0537109 0.131836 0.09375
0 0.000246617 0.266602 0.488281 0.0625 0.0878906
0 0.000247449 0.313477 0.407715 0.0878906 0.139648
0 0.000248606 0.978516 0.492188 0.0371094 0.09375
0 0.000248808 0.388672 0.224609 0.115234 0.015625
0 0.000249299 0.660645 0.593262 0.0888672 0.133789
0 0.000249533 0.0200195 0.887207 0.0380859 0.125977
0 0.000249633 0.940918 0.790039 0.0751953 0.113281
0 0.00024997 0.115234 0.51709 0.0800781 0.145508
0 0.00024999 0.861328 0.564453 0.0859375 0.111328
0 0.000250026 0.388672 0.39209 0.0898438 0.104492
0 0.000250045 0.237305 0.982422 0.0566406 0.0351562
0 0.000250452 0.383789 0.208496 0.130859 0.0166016
0 0.000250514 0.939941 0.361816 0.0556641 0.0576172
0 0.000250694 0.640625 0.933594 0.0703125 0.09375
0 0.000251643 0.375977 0.181152 0.146484 0.0185547
0 0.0002518 0.176758 0.268555 0.234375 0.175781
0 0.000252242 0.316406 0.982422 0.0722656 0.0351562
0 0.000252332 0.466797 0.636719 0.0800781 0.0976562
0 0.000252449 0.370117 0.228516 0.0546875 0.138672
0 0.000252999 0.436035 0.540527 0.0751953 0.137695
0 0.000253771 0.196777 0.129395 0.18457 0.139648
0 0.000253976 0.065918 0.664551 0.0771484 0.106445
0 0.000254006 0.745117 0.260742 0.0449219 0.0332031
0 0.000254072 0.808594 0.0581055 0.152344 0.0458984
0 0.000254095 0.424805 0.680176 0.160156 0.311523
0 0.000254493 0.13916 0.0410156 0.0712891 0.0527344
0 0.000254582 0.504395 0.0898438 0.186523 0.046875
0 0.00025464 0.461914 0.293945 0.0332031 0.0761719
0 0.000254787 0.981934 0.223145 0.0283203 0.0537109
0 0.000254841 0.36377 0.0703125 0.0732422 0.140625
0 0.000254867 0.733887 0.0400391 0.0498047 0.0410156
0 0.000254983 0.34082 0.26123 0.0332031 0.0263672
0 0.000256398 0.140137 0.6875 0.0927734 0.0917969
0 0.0002564 0.915527 0.419434 0.0947266 0.120117
0 0.000256433 0.465332 0.518555 0.0771484 0.123047
0 0.000257098 0.443359 0.911133 0.0820312 0.115234
0 0.000257155 0.946289 0.834473 0.0703125 0.112305
0 0.000257432 0.783203 0.469238 0.125 0.15918
0 0.000258235 0.689453 0.97998 0.0664062 0.0400391
0 0.000258447 0.178223 0.625977 0.137695 0.136719
0 0.000258704 0.984863 0.762695 0.0302734 0.0957031
0 0.000258891 0.884277 0.670898 0.0966797 0.15625
0 0.000258907 0.261719 0.417969 0.046875 0.0898438
0 0.000259115 0.452637 0.98291 0.0322266 0.0341797
0 0.000259988 0.342773 0.979004 0.0820312 0.0419922
0 0.000260225 0.58252 0.0185547 0.0693359 0.0371094
0 0.000260626 0.196289 0.95166 0.0703125 0.0966797
0 0.000260803 0.517578 0.605957 0.09375 0.0966797
0 0.000261203 0.429199 0.104492 0.133789 0.0507812
0 0.00026153 0.954102 0.481445 0.0917969 0.132812
0 0.00026174 0.579102 0.325195 0.148438 0.109375
0 0.000262012 0.82959 0.20752 0.0302734 0.0400391
0 0.000262431 0.51123 0.0571289 0.0908203 0.114258
0 0.000262919 0.77832 0.675293 0.166016 0.208008
0 0.000263329 0.526855 0.20166 0.176758 0.0986328
0 0.000263744 0.97168 0.0546875 0.0566406 0.0390625
0 0.000263858 0.0913086 0.587402 0.182617 0.477539
0 0.000264141 0.0917969 0.489258 0.0742188 0.117188
0 0.000264418 0.380859 0.563965 0.0410156 0.0888672
0 0.000264947 0.255371 0.228516 0.0791016 0.0273438
0 0.000265099 0.56543 0.564941 0.0820312 0.110352
0 0.000265302 0.571289 0.404785 0.154297 0.112305
0 0.000265407 0.570312 0.676758 0.152344 0.310547
0 0.000265736 0.816406 0.100586 0.173828 0.0390625
0 0.000265799 0.466309 0.340332 0.0634766 0.131836
0 0.000266004 0.830078 0.422363 0.123047 0.125977
0 0.000266487 0.566406 0.882324 0.140625 0.129883
0 0.000266567 0.573242 0.259766 0.117188 0.0996094
0 0.000267858 0.0200195 0.354004 0.0400391 0.0791016
0 0.00026832 0.691895 0.108398 0.118164 0.138672
0 0.000268951 0.211426 0.431152 0.0849609 0.112305
0 0.000269871 0.573242 0.282227 0.197266 0.123047
0 0.000269948 0.963379 0.506348 0.0380859 0.166992
0 0.000269949 0.149414 0.217285 0.09375 0.43457
0 0.000270262 0.0864258 0.0507812 0.172852 0.101562
0 0.000270482 0.270508 0.790039 0.0761719 0.140625
0 0.000271201 0.679199 0.222656 0.102539 0.0605469
0 0.000271629 0.737793 0.914551 0.0927734 0.161133
0 0.000272373 0.347168 0.833008 0.0830078 0.150391
0 0.00027252 0.0966797 0.78418 0.103516 0.123047
0 0.000272814 0.539551 0.978516 0.0966797 0.0429688
0 0.000272996 0.827637 0.204102 0.0595703 0.146484
0 0.000273331 0.404785 0.174805 0.0595703 0.1875
0 0.000273371 0.0131836 0.394531 0.0263672 0.0722656
0 0.000274162 0.86377 0.09375 0.0380859 0.078125
0 0.000274245 0.89502 0.634766 0.168945 0.271484
0 0.000275683 0.269043 0.259277 0.178711 0.186523
0 0.000276409 0.0639648 0.090332 0.0341797 0.180664
0 0.000276986 0.816406 0.980957 0.0742188 0.0361328
0 0.000277454 0.319824 0.887207 0.0810547 0.157227
0 0.000278056 0.0336914 0.713867 0.0419922 0.125
0 0.000278209 0.462891 0.194336 0.208984 0.183594
0 0.000278267 0.967773 0.537598 0.0644531 0.100586
0 0.000279384 0.859375 0.509277 0.0527344 0.0986328
0 0.000279977 0.461426 0.314453 0.0458984 0.0761719
0 0.000280268 0.916992 0.151855 0.0683594 0.166992
0 0.000280445 0.635254 0.520508 0.100586 0.154297
0 0.000280786 0.0966797 0.280273 0.0546875 0.03125
0 0.000280911 0.715332 0.015625 0.0693359 0.03125
0 0.00028122 0.566406 0.189453 0.0957031 0.0585938
0 0.000281327 0.287598 0.619141 0.129883 0.148438
0 0.000281497 0.888672 0.0180664 0.0742188 0.0224609
0 0.000281534 0.388672 0.716309 0.078125 0.245117
0 0.000281821 0.262207 0.835938 0.0986328 0.175781
0 0.000281836 0.953613 0.0439453 0.0693359 0.0449219
0 0.000282572 0.804199 0.184082 0.145508 0.0380859
0 0.000282658 0.508301 0.0830078 0.102539 0.154297
0 0.000282793 0.774414 0.36377 0.173828 0.108398
0 0.000283047 0.11084 0.116211 0.0751953 0.232422
0 0.000283466 0.380371 0.0849609 0.172852 0.0507812
0 0.000283905 0.693359 0.225586 0.0722656 0.195312
0 0.000284257 0.391113 0.98291 0.0791016 0.0341797
0 0.000284266 0.12207 0.0185547 0.0976562 0.0371094
0 0.000284472 0.980469 0.833496 0.0390625 0.166992
0 0.00028467 0.266602 0.887695 0.0644531 0.146484
0 0.000284707 0.670898 0.112305 0.140625 0.224609
0 0.000284828 0.123047 0.100098 0.115234 0.165039
0 0.000284913 0.914551 0.361328 0.0771484 0.0390625
0 0.000285201 0.101074 0.39209 0.0537109 0.0556641
0 0.000285662 0.0654297 0.415039 0.0605469 0.105469
0 0.000285735 0.0478516 0.887207 0.0507812 0.141602
0 0.000285818 0.67627 0.241211 0.0830078 0.0507812
0 0.000285841 0.561035 0.0170898 0.0712891 0.0341797
0 0.000286114 0.337891 0.0166016 0.046875 0.0332031
0 0.000286128 0.414551 0.884766 0.0634766 0.0976562
0 0.000286669 0.313965 0.0136719 0.0517578 0.0273438
0 0.000286926 0.924316 0.0576172 0.135742 0.115234
0 0.000287037 0.862305 0.556152 0.0527344 0.204102
0 0.000287087 0.313965 0.464844 0.0478516 0.0488281
0 0.000287181 0.857422 0.0795898 0.125 0.0263672
0 0.000287743 0.361328 0.741699 0.09375 0.219727
0 0.000287971 0.708984 0.286621 0.0996094 0.0966797
0 0.000288087 0.313965 0.746582 0.426758 0.506836
0 0.000288507 0.269531 0.0585938 0.121094 0.0429688
0 0.000289049 0.588379 0.956543 0.0771484 0.0869141
0 0.000289104 0.772949 0.165039 0.0712891 0.185547
0 0.000289108 0.933594 0.508301 0.0683594 0.172852
0 0.000289421 0.242188 0.0288086 0.0703125 0.0498047
0 0.000289621 0.986816 0.814941 0.0263672 0.102539
0 0.000290039 0.0283203 0.339355 0.0332031 0.0576172
0 0.000290105 0.11377 0.980957 0.116211 0.0380859
0 0.000290721 0.619141 0.211426 0.144531 0.129883
0 0.000291115 0.0683594 0.89209 0.0605469 0.155273
0 0.00029139 0.980469 0.15332 0.0390625 0.103516
0 0.000291573 0.315918 0.481934 0.0849609 0.12793
0 0.000292091 0.787598 0.962891 0.0517578 0.0644531
0 0.000292275 0.383789 0.585449 0.291016 0.329102
0 0.000292511 0.175293 0.42041 0.114258 0.114258
0 0.000292674 0.0195312 0.0395508 0.0390625 0.0576172
0 0.000292827 0.977539 0.0722656 0.0449219 0.0664062
0 0.00029336 0.405762 0.254883 0.0634766 0.0117188
0 0.000293592 0.98291 0.685059 0.0263672 0.258789
0 0.000293663 0.432129 0.367676 0.110352 0.0869141
0 0.00029375 0.44043 0.963379 0.09375 0.0732422
0 0.000293869 0.976074 0.882324 0.0478516 0.194336
0 0.000294344 0.385254 0.887695 0.110352 0.15625
0 0.000294976 0.191895 0.913086 0.0791016 0.142578
0 0.000295009 0.807129 0.484375 0.0341797 0.0664062
0 0.000295071 0.28418 0.790039 0.0917969 0.240234
0 0.000295101 0.657715 0.150391 0.0498047 0.142578
0 0.00029523 0.43457 0.0522461 0.105469 0.0458984
0 0.000295363 0.97998 0.691895 0.0400391 0.131836
0 0.000296407 0.0151367 0.685547 0.0263672 0.0546875
0 0.000297333 0.310059 0.0449219 0.0458984 0.0605469
0 0.000297522 0.809082 0.119629 0.0849609 0.118164
0 0.000297871 0.015625 0.712402 0.0253906 0.149414
0 0.000297897 0.964844 0.213379 0.0703125 0.0283203
0 0.000298832 0.200195 0.265137 0.0332031 0.0634766
0 0.000299757 0.180176 0.175781 0.0556641 0.0976562
0 0.000300013 0.213379 0.0844727 0.166992 0.12793
0 0.000300573 0.168457 0.488281 0.0634766 0.0722656
0 0.000300645 0.76709 0.238281 0.124023 0.0976562
0 0.000301322 0.417969 0.257324 0.0957031 0.0712891
0 0.000301907 0.586426 0.0830078 0.125977 0.0351562
0 0.000302125 0.115723 0.0698242 0.0478516 0.139648
0 0.000302133 0.991211 0.560547 0.0175781 0.0429688
0 0.000302183 0.412109 0.536133 0.0625 0.125
0 0.000302902 0.0141602 0.195312 0.0283203 0.171875
0 0.000303039 0.279297 0.632812 0.208984 0.28125
0 0.00030386 0.360352 0.410645 0.0703125 0.112305
0 0.000304113 0.385742 0.148926 0.0410156 0.0146484
0 0.000304648 0.842773 0.0209961 0.0625 0.0400391
0 0.000304817 0.84375 0.240723 0.0371094 0.0498047
0 0.000305273 0.288086 0.466797 0.0722656 0.09375
0 0.000305803 0.167969 0.365723 0.138672 0.0888672
0 0.000306229 0.431152 0.125977 0.0517578 0.115234
0 0.00030772 0.736816 0.0439453 0.0244141 0.0878906
0 0.000308217 0.292969 0.933594 0.0605469 0.107422
0 0.000308218 0.425293 0.782227 0.293945 0.400391
0 0.000308379 0.711914 0.935059 0.0957031 0.129883
0 0.000308385 0.849609 0.243652 0.0761719 0.0322266
0 0.000308797 0.885254 0.0107422 0.0810547 0.0214844
0 0.000308962 0.570312 0.916016 0.400391 0.167969
0 0.000309418 0.428223 0.0805664 0.108398 0.0732422
0 0.000310446 0.386719 0.543457 0.0722656 0.151367
0 0.000311165 0.339355 0.433594 0.0771484 0.107422
0 0.000311356 0.521484 0.266113 0.138672 0.106445
0 0.00031199 0.358887 0.148438 0.0634766 0.236328
0 0.000312314 0.836426 0.248047 0.129883 0.0449219
0 0.000312369 0.97998 0.390625 0.0322266 0.130859
0 0.00031275 0.787109 0.980957 0.0566406 0.0380859
0 0.000313133 0.983398 0.27002 0.0253906 0.0419922
0 0.000313184 0.0307617 0.269531 0.0615234 0.109375
0 0.000313304 0.143555 0.90625 0.0996094 0.144531
0 0.000313321 0.03125 0.0717773 0.0625 0.143555
0 0.000313767 0.274902 0.953613 0.225586 0.0908203
0 0.000314064 0.47168 0.0615234 0.113281 0.0351562
0 0.000314767 0.348633 0.227539 0.0371094 0.107422
0 0.000314833 0.0639648 0.463867 0.0673828 0.0957031
0 0.000315559 0.333984 0.326172 0.0507812 0.0351562
0 0.000315734 0.168457 0.308594 0.106445 0.0742188
0 0.000315929 0.390625 0.618164 0.121094 0.179688
0 0.000316037 0.970215 0.245605 0.0185547 0.0673828
0 0.000316684 0.495117 0.0991211 0.0996094 0.0712891
0 0.000316731 0.624512 0.184082 0.249023 0.293945
0 0.000317332 0.566895 0.933594 0.0810547 0.0917969
0 0.000317337 0.0136719 0.489746 0.0234375 0.0830078
0 0.000317964 0.0205078 0.9375 0.0390625 0.0820312
0 0.000318873 0.228027 0.522461 0.137695 0.138672
0 0.000319205 0.111816 0.632812 0.147461 0.248047
0 0.000319567 0.978516 0.613281 0.0429688 0.0976562
0 0.000319844 0.739258 0.936035 0.0546875 0.0810547
0 0.000319937 0.572754 0.334473 0.282227 0.165039
0 0.000319967 0.467773 0.370605 0.0390625 0.0517578
0 0.000320448 0.249512 0.224609 0.0458984 0.175781
0 0.00032061 0.895996 0.476074 0.0947266 0.172852
0 0.000321775 0.964355 0.397461 0.0439453 0.107422
0 0.00032208 0.123535 0.209961 0.24707 0.408203
0 0.000322485 0.375 0.919434 0.279297 0.161133
0 0.000322518 0.973633 0.163574 0.0527344 0.0498047
0 0.000323093 0.684082 0.913086 0.0888672 0.146484
0 0.000323234 0.67627 0.32959 0.299805 0.104492
0 0.000324588 0.388672 0.586426 0.0644531 0.0830078
0 0.000324965 0.685059 0.315918 0.141602 0.0888672
0 0.00032504 0.0107422 0.46582 0.0214844 0.078125
0 0.000325407 0.974121 0.811035 0.0458984 0.102539
0 0.000325731 0.833008 0.580078 0.195312 0.21875
0 0.000326443 0.015625 0.415039 0.03125 0.0761719
0 0.000326959 0.854004 0.164551 0.0478516 0.209961
0 0.00032715 0.956543 0.587891 0.0869141 0.126953
0 0.000327574 0.772949 0.120605 0.116211 0.149414
0 0.000327912 0.833008 0.517578 0.09375 0.105469
0 0.000328119 0.972656 0.236816 0.0546875 0.0830078
0 0.000328826 0.691895 0.933594 0.0634766 0.0917969
0 0.00032915 0.0957031 0.286133 0.0175781 0.0527344
0 0.00032938 0.355469 0.245117 0.09375 0.0214844
0 0.000329861 0.269043 0.301758 0.178711 0.0683594
0 0.000330239 0.424805 0.948242 0.158203 0.103516
0 0.00033043 0.394531 0.229492 0.0800781 0.03125
0 0.000330491 0.551758 0.150879 0.164062 0.168945
0 0.000330735 0.0654297 0.612305 0.078125 0.0917969
0 0.000331404 0.339355 0.0112305 0.0712891 0.0224609
0 0.000332516 0.287598 0.117188 0.260742 0.234375
0 0.000333208 0.331055 0.790039 0.21875 0.394531
0 0.000333822 0.260742 0.439941 0.0703125 0.114258
0 0.000333898 0.0380859 0.662109 0.0585938 0.117188
0 0.000334082 0.944824 0.175293 0.0302734 0.268555
0 0.000334397 0.943848 0.977051 0.100586 0.0341797
0 0.000334415 0.838867 0.963867 0.111328 0.0722656
0 0.000334661 0.289062 0.616211 0.0839844 0.0878906
0 0.000334674 0.784668 0.437012 0.227539 0.182617
0 0.000334917 0.986328 0.608887 0.0214844 0.15918
0 0.000334949 0.318359 0.933594 0.0644531 0.113281
0 0.000335461 0.89209 0.361328 0.0615234 0.121094
0 0.000335542 0.312988 0.487793 0.0595703 0.0830078
0 0.000336145 0.666504 0.369629 0.295898 0.106445
0 0.00033626 0.209473 0.464844 0.0732422 0.0527344
0 0.000336936 0.89502 0.882324 0.0947266 0.145508
0 0.00033755 0.617676 0.303223 0.114258 0.0615234
0 0.000337734 0.980469 0.531738 0.0390625 0.0615234
0 0.000337774 0.292969 0.859863 0.0605469 0.116211
0 0.000338029 0.23877 0.959961 0.0595703 0.0800781
0 0.000338824 0.326172 0.363281 0.119141 0.0878906
0 0.000338976 0.269531 0.837402 0.0625 0.118164
0 0.000340418 0.246582 0.616699 0.0888672 0.0791016
0 0.000340647 0.379395 0.969727 0.202148 0.0605469
0 0.000341372 0.248047 0.618652 0.105469 0.174805
0 0.000341511 0.479492 0.106934 0.0996094 0.213867
0 0.000342387 0.94873 0.884277 0.0771484 0.12793
0 0.000342424 0.227539 0.171387 0.0703125 0.24707
0 0.000342594 0.413086 0.158203 0.146484 0.0976562
0 0.000342742 0.291016 0.516602 0.0625 0.0976562
0 0.00034315 0.791016 0.934082 0.0625 0.0947266
0 0.000343542 0.740723 0.276855 0.0361328 0.0576172
0 0.000343606 0.224609 0.883789 0.128906 0.150391
0 0.000343993 0.738281 0.27832 0.105469 0.0292969
0 0.000344503 0.729004 0.17041 0.0986328 0.124023
0 0.000344624 0.0424805 0.389648 0.0537109 0.103516
0 0.000345171 0.84375 0.178223 0.105469 0.270508
0 0.000345488 0.768555 0.932617 0.0625 0.0859375
0 0.000345526 0.334473 0.0522461 0.116211 0.0380859
0 0.000345577 0.124512 0.931641 0.237305 0.136719
0 0.00034559 0.260742 0.0839844 0.152344 0.167969
0 0.000345602 0.816895 0.216797 0.0966797 0.0136719
0 0.000346252 0.377441 0.362305 0.129883 0.0800781
0 0.000347888 0.17041 0.433105 0.172852 0.22168
0 0.000347907 0.97998 0.0849609 0.0400391 0.169922
0 0.000348258 0.0615234 0.344238 0.0839844 0.0908203
0 0.000348515 0.98584 0.366699 0.0283203 0.0732422
0 0.000348569 0.417969 0.271973 0.228516 0.198242
0 0.000349691 0.716797 0.93457 0.0625 0.0859375
0 0.000350542 0.279297 0.0961914 0.0683594 0.192383
0 0.000350663 0.264648 0.936523 0.0605469 0.107422
0 0.000350797 0.31543 0.0375977 0.175781 0.0380859
0 0.000350809 0.960449 0.198242 0.0634766 0.107422
0 0.000351286 0.487305 0.913574 0.0996094 0.151367
0 0.000352531 0.224609 0.57959 0.224609 0.223633
0 0.000354587 0.980957 0.191406 0.0380859 0.0664062
0 0.000354711 0.433105 0.315918 0.137695 0.0771484
0 0.00035512 0.980469 0.263672 0.0390625 0.0605469
0 0.000357079 0.320801 0.382324 0.188477 0.194336
0 0.000357284 0.211426 0.0952148 0.0615234 0.12793
0 0.000357395 0.370605 0.328125 0.366211 0.0878906
0 0.000358645 0.386719 0.0991211 0.0585938 0.149414
0 0.000359003 0.891602 0.73584 0.15625 0.280273
0 0.000361868 0.125488 0.03125 0.157227 0.0234375
0 0.000364218 0.866211 0.980469 0.105469 0.0390625
0 0.000365759 0.82373 0.0507812 0.163086 0.101562
0 0.000366739 0.0874023 0.389648 0.0341797 0.0898438
0 0.00036734 0.630371 0.277832 0.239258 0.186523
0 0.000367406 0.575195 0.285645 0.0351562 0.0927734
0 0.000367406 0.988281 0.889648 0.0234375 0.128906
0 0.000369092 0.518066 0.478027 0.28418 0.243164
0 0.000369744 0.514648 0.960938 0.115234 0.0742188
0 0.000369952 0.88916 0.930664 0.112305 0.113281
0 0.000370217 0.0366211 0.434082 0.0439453 0.0673828
0 0.000370342 0.193848 0.47998 0.0556641 0.0537109
0 0.000371322 0.560059 0.418945 0.274414 0.167969
0 0.000371434 0.0405273 0.831543 0.0810547 0.250977
0 0.000371774 0.884277 0.510254 0.0576172 0.114258
0 0.000371775 0.0341797 0.623535 0.0683594 0.204102
0 0.000372164 0.574707 0.830078 0.186523 0.248047
0 0.000373499 0.804199 0.504883 0.0439453 0.0722656
0 0.000374352 0.015625 0.568359 0.03125 0.115234
0 0.000374784 0.377441 0.425781 0.133789 0.15625
0 0.000375518 0.474121 0.470703 0.137695 0.169922
0 0.00037565 0.594727 0.0463867 0.103516 0.0927734
0 0.00037569 0.0273438 0.180176 0.0507812 0.295898
0 0.000376025 0.93457 0.359863 0.0683594 0.12207
0 0.000376599 0.102051 0.374512 0.0830078 0.0830078
0 0.000379812 0.270508 0.0439453 0.193359 0.0878906
0 0.000380266 0.418457 0.151855 0.30957 0.303711
0 0.000381737 0.0698242 0.0385742 0.139648 0.0380859
0 0.000381825 0.0620117 0.132324 0.124023 0.0380859
0 0.000382946 0.568359 0.371094 0.0664062 0.0722656
0 0.000383276 0.513672 0.937012 0.0644531 0.0908203
0 0.000383519 0.291504 0.509766 0.108398 0.134766
0 0.000383719 0.900391 0.433594 0.162109 0.193359
0 0.000384219 0.783203 0.531738 0.171875 0.182617
0 0.000387669 0.332031 0.141602 0.0878906 0.175781
0 0.000388913 0.422363 0.981934 0.0908203 0.0341797
0 0.000389427 0.629883 0.26123 0.152344 0.129883
0 0.000391529 0.416504 0.934082 0.0830078 0.118164
0 0.000391764 0.723633 0.519043 0.138672 0.188477
0 0.000392245 0.0654297 0.570801 0.109375 0.200195
0 0.000393816 0.484863 0.312012 0.102539 0.0888672
0 0.000394217 0.0664062 0.980957 0.0722656 0.0380859
0 0.000394304 0.516113 0.341309 0.18457 0.110352
0 0.000395704 0.138184 0.733887 0.0771484 0.0986328
0 0.000395752 0.284668 0.0883789 0.0791016 0.0673828
0 0.000395832 0.77002 0.161621 0.188477 0.219727
0 0.000397927 0.564941 0.223145 0.260742 0.188477
0 0.000398219 0.09375 0.931152 0.113281 0.12207
0 0.00039883 0.269531 0.249512 0.0644531 0.170898
0 0.000398869 0.0458984 0.141113 0.0566406 0.0556641
0 0.00039902 0.975098 0.909668 0.0380859 0.114258
0 0.000400184 0.422363 0.376953 0.182617 0.232422
0 0.000401377 0.910156 0.531738 0.179688 0.602539
0 0.000402969 0.343262 0.954102 0.0830078 0.0917969
0 0.000403714 0.978516 0.261719 0.0429688 0.0996094
0 0.000404627 0.368652 0.178711 0.12793 0.357422
0 0.000405185 0.0356445 0.512207 0.0537109 0.106445
0 0.00040542 0.477539 0.414551 0.130859 0.12207
0 0.000406254 0.163574 0.827637 0.15918 0.219727
0 0.00040783 0.72998 0.900391 0.458008 0.199219
0 0.000409396 0.345703 0.130371 0.212891 0.0810547
0 0.000410013 0.424805 0.470703 0.123047 0.164062
0 0.000410594 0.0429688 0.958984 0.0605469 0.0820312
0 0.000411301 0.935547 0.148438 0.128906 0.0390625
0 0.000411605 0.0400391 0.333984 0.0800781 0.175781
0 0.000413414 0.12207 0.481445 0.177734 0.230469
0 0.000416195 0.316895 0.0786133 0.120117 0.157227
0 0.000417409 0.175781 0.630371 0.199219 0.280273
0 0.000418363 0.470215 0.803711 0.563477 0.392578
0 0.00041874 0.0668945 0.512695 0.0810547 0.119141
0 0.00041906 0.510254 0.967285 0.0693359 0.0556641
0 0.000419175 0.754883 0.189453 0.0683594 0.0292969
0 0.000420908 0.0424805 0.979004 0.0478516 0.0419922
0 0.000423034 0.969238 0.0170898 0.0615234 0.0341797
0 0.000423722 0.315918 0.831055 0.0615234 0.134766
0 0.0004239 0.939941 0.71582 0.0712891 0.205078
0 0.00042527 0.804199 0.492188 0.0166016 0.046875
0 0.000425481 0.982422 0.0200195 0.0351562 0.0400391
0 0.000425805 0.514648 0.374512 0.242188 0.12207
0 0.000426194 0.223145 0.379395 0.243164 0.19043
0 0.000427067 0.944336 0.271973 0.0957031 0.155273
0 0.000429729 0.17041 0.731445 0.165039 0.267578
0 0.000431325 0.274902 0.361816 0.133789 0.100586
0 0.000433202 0.320312 0.30957 0.183594 0.0996094
0 0.000433311 0.0917969 0.876465 0.183594 0.24707
0 0.000434232 0.753906 0.362305 0.492188 0.724609
0 0.000437546 0.529785 0.367188 0.510742 0.328125
0 0.000437561 0.866211 0.0209961 0.109375 0.0419922
0 0.000437885 0.632812 0.134277 0.193359 0.268555
0 0.000439528 0.36377 0.933594 0.0830078 0.123047
0 0.000439966 0.885254 0.371094 0.168945 0.107422
0 0.000440717 0.174316 0.160645 0.348633 0.321289
0 0.000441262 0.148438 0.0634766 0.117188 0.126953
0 0.000443637 0.177246 0.327148 0.354492 0.511719
0 0.000444717 0.0410156 0.0415039 0.0820312 0.0830078
0 0.000445544 0.963867 0.731445 0.0546875 0.279297
0 0.00044568 0.976074 0.231934 0.0263672 0.100586
0 0.00044601 0.862305 0.0175781 0.046875 0.0351562
0 0.00044614 0.978516 0.445312 0.0429688 0.138672
0 0.000446159 0.331055 0.933105 0.210938 0.133789
0 0.000448412 0.72998 0.580566 0.250977 0.25293
0 0.000448476 0.00732422 0.669434 0.0146484 0.0361328
0 0.000448804 0.564453 0.96875 0.173828 0.0585938
0 0.000449505 0.137695 0.27832 0.015625 0.0410156
0 0.000450716 0.481934 0.257324 0.120117 0.0810547
0 0.00045205 0.861328 0.0537109 0.125 0.0371094
0 0.000452838 0.676758 0.0727539 0.0820312 0.145508
0 0.000453999 0.107422 0.059082 0.0957031 0.110352
0 0.000454561 0.620605 0.0888672 0.0849609 0.177734
0 0.000454924 0.956543 0.159668 0.0869141 0.131836
0 0.000458448 0.838867 0.480957 0.167969 0.180664
0 0.000459256 0.777832 0.9375 0.137695 0.0976562
0 0.000460856 0.466309 0.9375 0.0693359 0.107422
0 0.000462183 0.0615234 0.0737305 0.0898438 0.147461
0 0.000462369 0.84082 0.236328 0.111328 0.105469
0 0.00046481 0.268066 0.128418 0.530273 0.256836
0 0.000465841 0.806152 0.194336 0.21582 0.371094
0 0.000466847 0.862305 0.0610352 0.0351562 0.0693359
0 0.000467121 0.10791 0.415039 0.100586 0.0898438
0 0.000467754 0.578125 0.637207 0.398438 0.428711
0 0.000468388 0.474121 0.954102 0.116211 0.0917969
0 0.000469413 0.891113 0.161133 0.0498047 0.322266
0 0.000471072 0.398926 0.219238 0.0654297 0.0810547
0 0.000471358 0.889648 0.521973 0.140625 0.19043
0 0.000475575 0.279785 0.882812 0.145508 0.222656
0 0.000477279 0.0361328 0.564941 0.0605469 0.135742
0 0.000477817 0.787109 0.686523 0.285156 0.337891
0 0.000478081 0.155273 0.0385742 0.169922 0.0771484
0 0.000478416 0.577148 0.929688 0.183594 0.132812
0 0.00047908 0.208984 0.481934 0.0488281 0.0400391
0 0.000479409 0.210449 0.67627 0.338867 0.647461
0 0.000480852 0.0341797 0.471191 0.0683594 0.135742
0 0.000481495 0.273438 0.423828 0.154297 0.158203
0 0.000482099 0.490234 0.939453 0.0605469 0.0976562
0 0.000483345 0.772949 0.191406 0.0166016 0.0429688
0 0.000485835 0.16748 0.932129 0.0810547 0.133789
0 0.000488032 0.0351562 0.331055 0.0566406 0.0957031
0 0.000488301 0.955566 0.119141 0.0361328 0.238281
0 0.000491979 0.548828 0.282227 0.0332031 0.09375
0 0.000497718 0.197754 0.164551 0.194336 0.301758
0 0.000499488 0.0463867 0.925781 0.0927734 0.148438
0 0.000500395 0.679688 0.929688 0.207031 0.109375
0 0.000503212 0.873535 0.666504 0.24707 0.666992
0 0.000503986 0.873047 0.92334 0.253906 0.15332
0 0.000504003 0.964355 0.940918 0.0712891 0.0986328
0 0.00050443 0.416504 0.882812 0.166992 0.234375
0 0.000504852 0.180176 0.480957 0.112305 0.157227
0 0.000506058 0.169434 0.927734 0.18457 0.134766
0 0.000509015 0.344238 0.245605 0.0732422 0.0654297
0 0.000509571 0.320801 0.876953 0.290039 0.246094
0 0.000510274 0.67041 0.422363 0.274414 0.124023
0 0.000513744 0.390137 0.241211 0.0263672 0.0742188
0 0.000514745 0.474609 0.884766 0.162109 0.212891
0 0.000515944 0.911621 0.164062 0.176758 0.0566406
0 0.000516665 0.86377 0.03125 0.143555 0.0507812
0 0.000517955 0.224121 0.835449 0.225586 0.268555
0 0.000518107 0.108887 0.420898 0.143555 0.169922
0 0.000520144 0.713379 0.225586 0.106445 0.0742188
0 0.000520282 0.0385742 0.728027 0.0771484 0.239258
0 0.000521463 0.976074 0.987793 0.0341797 0.0244141
0 0.000522887 0.263184 0.081543 0.165039 0.0966797
0 0.000523106 0.871094 0.0986328 0.0546875 0.197266
0 0.00052357 0.677734 0.478027 0.244141 0.170898
0 0.000524612 0.675293 0.963867 0.186523 0.0585938
0 0.000530833 0.217773 0.490234 0.212891 0.203125
0 0.000531342 0.0478516 0.111816 0.0566406 0.188477
0 0.000534221 0.933105 0.334473 0.118164 0.182617
0 0.000535202 0.328613 0.218262 0.0849609 0.0888672
0 0.00053591 0.970703 0.509766 0.0585938 0.261719
0 0.000536763 0.507812 0.114258 0.183594 0.0546875
0 0.00053706 0.773926 0.193359 0.0634766 0.0175781
0 0.00053937 0.967773 0.336914 0.0644531 0.191406
0 0.000540526 0.786621 0.152832 0.163086 0.0576172
0 0.000540887 0.887207 0.831543 0.135742 0.219727
0 0.000541279 0.577637 0.0551758 0.180664 0.110352
0 0.000541906 0.351074 0.272949 0.702148 0.545898
0 0.000542007 0.971191 0.987793 0.0576172 0.0166016
0 0.000544103 0.938965 0.0522461 0.0576172 0.0966797
0 0.000553868 0.758789 0.275391 0.0488281 0.0429688
0 0.000555328 0.249512 0.23291 0.12207 0.0419922
0 0.000557315 0.466797 0.425781 0.199219 0.189453
0 0.000559425 0.258789 0.151367 0.0800781 0.302734
0 0.000560127 0.944336 0.180176 0.111328 0.0556641
0 0.000562991 0.973633 0.177246 0.0429688 0.272461
0 0.000564246 0.0371094 0.422363 0.0742188 0.182617
0 0.000565185 0.209961 0.11377 0.0917969 0.227539
0 0.000565315 0.29541 0.811523 0.0712891 0.128906
0 0.000565591 0.88916 0.35498 0.104492 0.0673828
0 0.000565707 0.25293 0.230469 0.0273438 0.103516
0 0.000566346 0.143066 0.273926 0.0166016 0.0576172
0 0.000568022 0.669922 0.882812 0.140625 0.132812
0 0.000570662 0.0688477 0.480957 0.118164 0.21582
0 0.000572375 0.324219 0.836914 0.126953 0.267578
0 0.000573695 0.10791 0.726074 0.139648 0.155273
0 0.000574737 0.917969 0.0756836 0.164062 0.0791016
0 0.000576638 0.830078 0.10791 0.0878906 0.21582
0 0.000578041 0.976562 0.317383 0.046875 0.123047
0 0.000581739 0.62207 0.856934 0.556641 0.286133
0 0.000581959 0.891113 0.157715 0.0810547 0.186523
0 0.000584498 0.0517578 0.0561523 0.103516 0.106445
0 0.000584832 0.833008 0.938965 0.144531 0.0986328
0 0.000585521 0.737793 0.074707 0.299805 0.149414
0 0.000585891 0.012207 0.435059 0.0224609 0.0654297
0 0.000586489 0.0683594 0.378418 0.0800781 0.0986328
0 0.00058941 0.773926 0.883301 0.143555 0.131836
0 0.000591384 0.835449 0.235352 0.0888672 0.0175781
0 0.000591694 0.847168 0.229004 0.0888672 0.0166016
0 0.000591812 0.112793 0.419434 0.225586 0.297852
0 0.000593365 0.834961 0.788086 0.1875 0.283203
0 0.000597672 0.470703 0.0595703 0.109375 0.119141
0 0.000598357 0.0888672 0.729492 0.177734 0.333984
0 0.000598714 0.629883 0.889648 0.193359 0.1875
0 0.000599461 0.345703 0.209961 0.207031 0.00976562
0 0.000600065 0.55127 0.371582 0.147461 0.0830078
0 0.000602123 0.848633 0.237793 0.046875 0.182617
0 0.000603131 0.724121 0.149414 0.329102 0.298828
0 0.000603941 0.287598 0.117676 0.0654297 0.0966797
0 0.000606169 0.0703125 0.0112305 0.115234 0.0224609
0 0.0006083 0.0537109 0.13916 0.0917969 0.0966797
0 0.00061493 0.42041 0.486328 0.18457 0.28125
0 0.000621463 0.0795898 0.118652 0.0927734 0.176758
0 0.000625869 0.884277 0.106445 0.145508 0.212891
0 0.000626474 0.976562 0.0375977 0.046875 0.0419922
0 0.000627201 0.777832 0.96582 0.170898 0.0585938
0 0.000628288 0.70752 0.106934 0.116211 0.213867
0 0.000628474 0.956543 0.0634766 0.0869141 0.0683594
0 0.000634679 0.518066 0.279785 0.295898 0.206055
0 0.000635519 0.978027 0.56543 0.0439453 0.0957031
0 0.00063945 0.32666 0.490723 0.290039 0.21582
0 0.000640263 0.984375 0.55957 0.03125 0.173828
0 0.000644526 0.0908203 0.132324 0.107422 0.0830078
0 0.000653366 0.736328 0.133301 0.0839844 0.266602
0 0.000657256 0.473145 0.320312 0.182617 0.181641
0 0.000662167 0.869629 0.435059 0.260742 0.518555
0 0.000666493 0.401855 0.0693359 0.168945 0.138672
0 0.000681998 0.51416 0.116211 0.0634766 0.144531
0 0.000683832 0.941406 0.673828 0.117188 0.289062
0 0.00068742 0.895508 0.157715 0.15625 0.0205078
0 0.000690632 0.0375977 0.203613 0.0478516 0.151367
0 0.000704348 0.938965 0.935547 0.12207 0.126953
0 0.000707447 0.717773 0.469727 0.554688 0.527344
0 0.000709523 0.504883 0.369141 0.123047 0.0957031
0 0.000709941 0.522461 0.225098 0.65625 0.450195
0 0.00071372 0.962891 0.833984 0.0585938 0.208984
0 0.000716681 0.327148 0.330078 0.328125 0.660156
0 0.000723407 0.728027 0.888672 0.233398 0.181641
0 0.000723927 0.0297852 0.614258 0.0498047 0.121094
0 0.000724551 0.910156 0.798828 0.179688 0.402344
0 0.000729891 0.787109 0.204102 0.244141 0.0703125
0 0.000730326 0.983887 0.94043 0.0322266 0.09375
0 0.000736386 0.486816 0.980957 0.0732422 0.0380859
0 0.000744322 0.0932617 0.395996 0.0283203 0.0458984
0 0.000751092 0.44873 0.984863 0.0615234 0.0302734
0 0.000753211 0.977539 0.494141 0.0449219 0.142578
0 0.000763754 0.0170898 0.337891 0.0341797 0.03125
0 0.000769707 0.167969 0.815918 0.335938 0.368164
0 0.000772191 0.72998 0.791504 0.301758 0.288086
0 0.000772962 0.0166016 0.616699 0.0332031 0.0966797
0 0.000776 0.601562 0.0844727 0.3125 0.168945
0 0.000779139 0.967285 0.22998 0.0654297 0.0361328
0 0.000802253 0.738281 0.0166016 0.0546875 0.0332031
0 0.000811459 0.72998 0.0615234 0.0927734 0.123047
0 0.000812484 0.0644531 0.379883 0.117188 0.154297
0 0.000827242 0.131348 0.47998 0.262695 0.59668
0 0.000829497 0.22168 0.936523 0.0859375 0.117188
0 0.000833431 0.936523 0.578613 0.09375 0.235352
0 0.000833492 0.933594 0.828613 0.0996094 0.211914
0 0.00083691 0.35498 0.228027 0.108398 0.0283203
0 0.00084025 0.712402 0.181641 0.141602 0.363281
0 0.000844318 0.424316 0.680664 0.469727 0.466797
0 0.000846813 0.88916 0.969727 0.176758 0.0566406
0 0.000854936 0.314453 0.453125 0.0214844 0.0292969
0 0.000859143 0.839355 0.885742 0.200195 0.189453
0 0.000870483 0.958984 0.443359 0.0761719 0.195312
0 0.000880662 0.313965 0.473145 0.563477 0.69043
0 0.000910231 0.46582 0.972168 0.0898438 0.0517578
0 0.000910808 0.288574 0.132324 0.165039 0.112305
0 0.000945949 0.930176 0.882324 0.139648 0.182617
0 0.000955039 0.357422 0.219727 0.212891 0.0175781
0 0.000962188 0.534668 0.168945 0.202148 0.337891
0 0.000976239 0.766113 0.19873 0.0517578 0.0966797
0 0.000987254 0.70752 0.259277 0.411133 0.305664
0 0.000989042 0.794434 0.225586 0.0673828 0.0878906
0 0.000990495 0.562012 0.280762 0.0302734 0.0908203
0 0.00101684 0.518066 0.605957 0.93457 0.788086
0 0.00101703 0.602051 0.227051 0.282227 0.454102
0 0.00102306 0.95166 0.0727539 0.0712891 0.145508
0 0.00102849 0.00878906 0.677734 0.0136719 0.0292969
0 0.00104481 0.0800781 0.13916 0.160156 0.237305
0 0.00106075 0.383789 0.237305 0.0566406 0.0859375
0 0.00106234 0.288086 0.138672 0.0996094 0.181641
0 0.0010663 0.978516 0.242676 0.0390625 0.165039
0 0.00108341 0.783203 0.322754 0.0136719 0.0537109
0 0.00109158 0.356445 0.224121 0.0332031 0.0595703
0 0.00110281 0.0898438 0.175781 0.103516 0.351562
0 0.00110411 0.925293 0.14502 0.102539 0.290039
0 0.00116229 0.786621 0.22998 0.280273 0.0849609
0 0.00121649 0.793457 0.223145 0.147461 0.0458984
0 0.00122065 0.464844 0.978027 0.0507812 0.0439453
0 0.00123264 0.727051 0.753418 0.52832 0.493164
0 0.00123364 0.702637 0.253906 0.594727 0.414062
0 0.00125038 0.576172 0.129883 0.511719 0.259766
0 0.00126055 0.185547 0.21875 0.236328 0.4375
0 0.001285 0.830078 0.856934 0.339844 0.286133
0 0.00128605 0.712402 0.382324 0.342773 0.764648
0 0.00129445 0.969727 0.966797 0.0605469 0.0664062
0 0.00130729 0.723633 0.246582 0.119141 0.141602
0 0.00133105 0.695312 0.204102 0.609375 0.408203
0 0.00135332 0.796387 0.138184 0.104492 0.276367
0 0.00135367 0.492188 0.110352 0.173828 0.220703
0 0.00138467 0.0874023 0.163086 0.0595703 0.326172
0 0.00141335 0.102051 0.27002 0.204102 0.540039
0 0.0015459 0.863281 0.393555 0.273438 0.787109
0 0.00164982 0.787109 0.224609 0.0917969 0.0292969
0 0.00168686 0.977539 0.961914 0.0351562 0.0625
0 0.00197432 0.37207 0.23584 0.134766 0.131836
0 0.00209473 0.504883 0.269043 0.304688 0.538086
