0 0.0010442 0.396973 0.924316 0.0400391 0.0361328
0 0.00104463 0.730957 0.232422 0.0419922 0.0683594
0 0.00104754 0.947266 0.961914 0.0839844 0.0761719
0 0.00104757 0.626465 0.612305 0.0263672 0.0253906
0 0.00104984 0.259277 0.271484 0.0908203 0.126953
0 0.00105058 0.587402 0.166992 0.0732422 0.0917969
0 0.00105326 0.378418 0.657715 0.0595703 0.0732422
0 0.00105394 0.710938 0.972656 0.0878906 0.0546875
0 0.00105525 0.293945 0.122559 0.0273438 0.0478516
0 0.00105968 0.554688 0.211914 0.0292969 0.0332031
0 0.00106067 0.159668 0.332031 0.0322266 0.0820312
0 0.00106172 0.731934 0.384277 0.258789 0.202148
0 0.00106308 0.447266 0.273926 0.0898438 0.131836
0 0.00106333 0.490723 0.845215 0.0146484 0.0224609
0 0.00106501 0.0405273 0.341309 0.0478516 0.0517578
0 0.00106531 0.90332 0.620117 0.0253906 0.0351562
0 0.00106969 0.990723 0.757324 0.0185547 0.0478516
0 0.00107011 0.00927734 0.51416 0.0185547 0.0517578
0 0.00107066 0.3125 0.602051 0.0859375 0.0908203
0 0.00107218 0.279297 0.960449 0.0371094 0.0556641
0 0.00107375 0.484863 0.308594 0.0888672 0.125
0 0.00107622 0.0727539 0.289551 0.145508 0.208008
0 0.00107828 0.229004 0.175781 0.0380859 0.0605469
0 0.00108025 0.0585938 0.598145 0.0234375 0.0341797
0 0.00108072 0.594238 0.532227 0.0322266 0.0625
0 0.00108369 0.40625 0.649414 0.0253906 0.0234375
0 0.00108554 0.316895 0.469238 0.0205078 0.0283203
0 0.00109113 0.0708008 0.719238 0.0751953 0.0595703
0 0.00109176 0.480469 0.73584 0.0332031 0.0576172
0 0.00109528 0.815918 0.780273 0.0576172 0.101562
0 0.00109688 0.217773 0.0805664 0.0703125 0.0654297
0 0.00110238 0.989746 0.106445 0.0205078 0.0429688
0 0.00110619 0.0561523 0.200684 0.0341797 0.0595703
0 0.00111268 0.912109 0.742676 0.158203 0.249023
0 0.00111478 0.228516 0.444336 0.0351562 0.0546875
0 0.00111554 0.122559 0.569824 0.0361328 0.0361328
0 0.00111641 0.012207 0.343262 0.0244141 0.0419922
0 0.00111814 0.635742 0.779297 0.0332031 0.0800781
0 0.00112182 0.398926 0.645508 0.0263672 0.0371094
0 0.00112247 0.641113 0.100586 0.0322266 0.0449219
0 0.00112328 0.0375977 0.179199 0.0283203 0.0556641
0 0.00112333 0.352051 0.0166016 0.0908203 0.0332031
0 0.00112691 0.290527 0.486328 0.0244141 0.0371094
0 0.00112766 0.320801 0.216797 0.0244141 0.0546875
0 0.00112941 0.0727539 0.21875 0.0263672 0.0390625
0 0.00113082 0.685059 0.015625 0.0576172 0.03125
0 0.00113323 0.566406 0.989258 0.0273438 0.0214844
0 0.00113413 0.934082 0.771973 0.0244141 0.0224609
0 0.00113587 0.149414 0.381348 0.0195312 0.0400391
0 0.0011364 0.901855 0.757324 0.0576172 0.0927734
0 0.00113743 0.155273 0.144043 0.0214844 0.0322266
0 0.00113857 0.199219 0.169922 0.03125 0.0527344
0 0.00113956 0.592285 0.0869141 0.0361328 0.0351562
0 0.00114366 0.728516 0.552246 0.195312 0.208008
0 0.00114493 0.246582 0.0507812 0.0166016 0.0214844
0 0.0011487 0.806641 0.704102 0.0253906 0.0410156
0 0.0011502 0.871094 0.670898 0.0195312 0.0351562
0 0.00115408 0.648438 0.73291 0.0429688 0.0771484
0 0.00115937 0.685059 0.670898 0.0166016 0.0390625
0 0.00116077 0.349609 0.469238 0.0195312 0.0341797
0 0.00116103 0.187988 0.193848 0.0283203 0.0439453
0 0.00116284 0.694824 0.48291 0.0283203 0.0400391
0 0.00116296 0.0356445 0.438965 0.0615234 0.19043
0 0.0011634 0.376465 0.0825195 0.0458984 0.106445
0 0.00116529 0.42627 0.967773 0.0927734 0.0644531
0 0.00116714 0.52832 0.705566 0.0332031 0.0419922
0 0.00116833 0.780762 0.730469 0.0380859 0.0605469
0 0.00116893 0.973145 0.370605 0.0537109 0.0693359
0 0.00117186 0.0942383 0.695801 0.0439453 0.0537109
0 0.0011727 0.799805 0.441406 0.0371094 0.0625
0 0.00117532 0.168457 0.398438 0.0869141 0.0996094
0 0.00117941 0.336914 0.349609 0.0292969 0.0449219
0 0.0011846 0.376953 0.783691 0.0273438 0.0380859
0 0.00118737 0.82373 0.0170898 0.0361328 0.0341797
0 0.00118833 0.840332 0.606934 0.0244141 0.0478516
0 0.0011888 0.936523 0.780762 0.0273438 0.0322266
0 0.00118957 0.64502 0.480469 0.0341797 0.0703125
0 0.00118975 0.143555 0.654297 0.015625 0.0351562
0 0.00119007 0.629395 0.622559 0.0107422 0.0244141
0 0.00119273 0.65332 0.0834961 0.0292969 0.0419922
0 0.00119618 0.0961914 0.149902 0.0322266 0.0400391
0 0.00119727 0.275879 0.477051 0.0283203 0.0244141
0 0.00120564 0.806152 0.215332 0.0263672 0.0380859
0 0.00120744 0.293945 0.416504 0.0371094 0.0654297
0 0.00120881 0.48291 0.169922 0.0478516 0.0488281
0 0.0012184 0.745117 0.974609 0.0878906 0.046875
0 0.00122018 0.724121 0.381836 0.0263672 0.0664062
0 0.00122092 0.57373 0.0869141 0.0224609 0.0351562
0 0.0012245 0.100586 0.711426 0.0292969 0.0537109
0 0.00122633 0.53418 0.139648 0.0136719 0.0214844
0 0.00122643 0.330566 0.350586 0.0185547 0.0195312
0 0.00122773 0.731934 0.508789 0.0380859 0.0683594
0 0.00122849 0.0708008 0.955078 0.0791016 0.0898438
0 0.0012349 0.600098 0.133789 0.0419922 0.0546875
0 0.00123714 0.33252 0.28125 0.0380859 0.0664062
0 0.00123715 0.0698242 0.487793 0.0419922 0.0654297
0 0.00124553 0.673828 0.399414 0.0976562 0.148438
0 0.00124605 0.499512 0.0976562 0.0166016 0.0214844
0 0.00124728 0.106445 0.241211 0.0253906 0.0761719
0 0.00124795 0.986328 0.952148 0.0273438 0.0957031
0 0.00124815 0.666504 0.744141 0.0244141 0.0566406
0 0.00124887 0.322754 0.572266 0.0244141 0.0449219
0 0.00125098 0.0688477 0.280762 0.0361328 0.0478516
0 0.00125446 0.549805 0.930664 0.0273438 0.0917969
0 0.00125621 0.794434 0.247559 0.0771484 0.114258
0 0.00126164 0.179199 0.376465 0.0380859 0.0556641
0 0.00126216 0.28418 0.436035 0.0214844 0.0380859
0 0.00126508 0.339355 0.299805 0.0302734 0.0488281
0 0.00126583 0.197266 0.152832 0.0449219 0.0771484
0 0.00126693 0.883789 0.981934 0.0371094 0.0322266
0 0.00127467 0.33252 0.416992 0.0244141 0.0253906
0 0.00128026 0.991211 0.525391 0.0175781 0.0507812
0 0.00128269 0.694336 0.392578 0.0273438 0.046875
0 0.00128338 0.0527344 0.475586 0.0996094 0.138672
0 0.00128475 0.46582 0.0986328 0.0214844 0.0253906
0 0.00128972 0.703613 0.489258 0.0205078 0.0371094
0 0.00130064 0.528809 0.509277 0.0224609 0.0341797
0 0.00130634 0.719727 0.767578 0.046875 0.0664062
0 0.00130789 0.473633 0.32959 0.0214844 0.0478516
0 0.00130821 0.226562 0.39209 0.0175781 0.0224609
0 0.00131136 0.371582 0.0112305 0.0419922 0.0224609
0 0.00131267 0.48877 0.748047 0.0224609 0.0507812
0 0.00131417 0.102539 0.280762 0.0292969 0.0478516
0 0.00131462 0.10498 0.216797 0.0458984 0.078125
0 0.00131562 0.556641 0.422363 0.0175781 0.0380859
0 0.00131809 0.676758 0.00976562 0.0214844 0.0195312
0 0.00132432 0.959961 0.67627 0.0195312 0.0283203
0 0.00132445 0.488281 0.355469 0.0273438 0.046875
0 0.00132487 0.980957 0.211914 0.0263672 0.046875
0 0.00132652 0.422363 0.0966797 0.0302734 0.0605469
0 0.00133174 0.645508 0.0664062 0.0292969 0.0722656
0 0.00133333 0.643066 0.582031 0.0419922 0.0644531
0 0.00133496 0.703613 0.53125 0.0361328 0.046875
0 0.00133891 0.552734 0.618164 0.0117188 0.015625
0 0.00134106 0.181641 0.299805 0.03125 0.0449219
0 0.00134483 0.180664 0.234863 0.199219 0.200195
0 0.00135113 0.553711 0.276367 0.015625 0.0292969
0 0.00135167 0.305664 0.00878906 0.0273438 0.0175781
0 0.00135493 0.493164 0.114746 0.0214844 0.0419922
0 0.00135499 0.5625 0.896484 0.0292969 0.0527344
0 0.00136341 0.860352 0.981934 0.0429688 0.0361328
0 0.00136416 0.670898 0.496094 0.0292969 0.0390625
0 0.00136515 0.291016 0.344238 0.015625 0.0322266
0 0.00136545 0.0112305 0.21582 0.0224609 0.0605469
0 0.00136657 0.538086 0.182617 0.0292969 0.0644531
0 0.00136826 0.729004 0.837891 0.0205078 0.0332031
0 0.00137033 0.244141 0.1875 0.0332031 0.0566406
0 0.00137791 0.993164 0.719238 0.0136719 0.0419922
0 0.00138419 0.766602 0.720703 0.0273438 0.0527344
0 0.00138708 0.141602 0.256836 0.0351562 0.0859375
0 0.00138829 0.299316 0.319336 0.0126953 0.0390625
0 0.00139538 0.702637 0.381348 0.0283203 0.0576172
0 0.00139728 0.878418 0.674316 0.100586 0.186523
0 0.00140036 0.288574 0.172852 0.21582 0.164062
0 0.001402 0.990234 0.0830078 0.0195312 0.0390625
0 0.00140283 0.522949 0.715332 0.0244141 0.0361328
0 0.00140413 0.173828 0.72168 0.0136719 0.0253906
0 0.0014081 0.639648 0.349121 0.0175781 0.0341797
0 0.00141002 0.486816 0.807129 0.0146484 0.0224609
0 0.00141094 0.266602 0.130371 0.0332031 0.0458984
0 0.001419 0.471191 0.116699 0.0263672 0.0517578
0 0.00142051 0.0703125 0.426758 0.0253906 0.0410156
0 0.00142442 0.852051 0.807617 0.0419922 0.0722656
0 0.0014255 0.388672 0.293945 0.0195312 0.0273438
0 0.00142574 0.400391 0.930664 0.00976562 0.0234375
0 0.00142639 0.112305 0.982422 0.0742188 0.0351562
0 0.00142844 0.148438 0.190918 0.0507812 0.0712891
0 0.0014297 0.864746 0.973633 0.0712891 0.0527344
0 0.001431 0.260742 0.743164 0.0195312 0.03125
0 0.0014322 0.0849609 0.493164 0.0332031 0.0800781
0 0.00143247 0.249512 0.434082 0.0185547 0.0283203
0 0.00143376 0.537598 0.15332 0.0185547 0.0410156
0 0.00143844 0.231934 0.119141 0.0361328 0.046875
0 0.00143967 0.569336 0.960938 0.0761719 0.078125
0 0.00144351 0.981445 0.50293 0.0371094 0.0859375
0 0.00144368 0.498535 0.390625 0.0205078 0.0351562
0 0.0014472 0.690918 0.408203 0.0244141 0.0351562
0 0.00144811 0.148438 0.430176 0.0253906 0.0419922
0 0.00145316 0.686523 0.0273438 0.0253906 0.0527344
0 0.00146283 0.117188 0.700684 0.0234375 0.0302734
0 0.00146566 0.983887 0.376953 0.0302734 0.0507812
0 0.00146589 0.625977 0.878418 0.101562 0.186523
0 0.00146611 0.345215 0.916016 0.0126953 0.0234375
0 0.00146646 0.517578 0.027832 0.0761719 0.0517578
0 0.00146765 0.593262 0.341797 0.0380859 0.0585938
0 0.00148207 0.413086 0.129883 0.0195312 0.046875
0 0.0014834 0.48291 0.777344 0.0244141 0.0390625
0 0.00148661 0.974121 0.909668 0.0517578 0.0615234
0 0.00148694 0.0175781 0.1875 0.0292969 0.03125
0 0.00149504 0.581055 0.866699 0.0820312 0.106445
0 0.00149952 0.36084 0.712402 0.0166016 0.0244141
0 0.00149955 0.28125 0.409668 0.0136719 0.0341797
0 0.00150257 0.913574 0.650391 0.0205078 0.0273438
0 0.00150439 0.0649414 0.230957 0.0712891 0.141602
0 0.00150441 0.832031 0.610352 0.0253906 0.0429688
0 0.00150838 0.570801 0.0825195 0.0732422 0.100586
0 0.00150896 0.0444336 0.555176 0.0361328 0.0478516
0 0.00151048 0.374512 0.991699 0.0283203 0.0166016
0 0.00151927 0.32373 0.433105 0.0244141 0.0361328
0 0.00152368 0.242188 0.129883 0.03125 0.0332031
0 0.00152526 0.293457 0.4375 0.0205078 0.0351562
0 0.00153104 0.0786133 0.950684 0.0341797 0.0712891
0 0.001535 0.644531 0.901855 0.0292969 0.0615234
0 0.00154173 0.525391 0.908691 0.0292969 0.0751953
0 0.00154552 0.476562 0.490234 0.0292969 0.0566406
0 0.00154732 0.482422 0.501465 0.0371094 0.0908203
0 0.00154935 0.375 0.630859 0.0234375 0.0742188
0 0.00155608 0.450195 0.808105 0.015625 0.0419922
0 0.00155711 0.639648 0.483887 0.015625 0.0283203
0 0.00155771 0.735352 0.251953 0.0253906 0.0292969
0 0.0015608 0.878906 0.988281 0.0214844 0.0234375
0 0.00156269 0.471191 0.97998 0.0380859 0.0400391
0 0.00156283 0.195312 0.805176 0.0429688 0.0595703
0 0.00156407 0.243652 0.143066 0.0478516 0.0732422
0 0.00156882 0.339844 0.614746 0.0332031 0.0576172
0 0.00157678 0.252441 0.711426 0.0341797 0.0458984
0 0.001577 0.693848 0.33252 0.0341797 0.0537109
0 0.00157996 0.635254 0.944336 0.0537109 0.0664062
0 0.00158489 0.330566 0.378906 0.0302734 0.0605469
0 0.00158511 0.393066 0.657227 0.0380859 0.046875
0 0.00158898 0.869629 0.619629 0.0751953 0.0732422
0 0.00159598 0.850586 0.632324 0.0253906 0.0361328
0 0.00159992 0.147949 0.31543 0.0166016 0.0371094
0 0.00161581 0.814453 0.217285 0.0546875 0.0517578
0 0.00162208 0.743164 0.98877 0.0507812 0.0224609
0 0.00162295 0.622559 0.989746 0.0341797 0.0205078
0 0.0016236 0.51709 0.933594 0.0283203 0.0546875
0 0.00162566 0.849121 0.845215 0.0595703 0.0712891
0 0.001631 0.520508 0.509766 0.0351562 0.0644531
0 0.00163429 0.479492 0.133301 0.0332031 0.0595703
0 0.00164068 0.493164 0.946777 0.0566406 0.0986328
0 0.0016412 0.651367 0.027832 0.0878906 0.0556641
0 0.00164133 0.506836 0.00830078 0.0273438 0.0166016
0 0.00164441 0.337891 0.416992 0.015625 0.0195312
0 0.00164508 0.73877 0.544434 0.0302734 0.0576172
0 0.00164718 0.302246 0.446289 0.0205078 0.0390625
0 0.00165092 0.444336 0.19873 0.00976562 0.0263672
0 0.0016519 0.649902 0.791992 0.0283203 0.0644531
0 0.00165548 0.772461 0.293457 0.0351562 0.0634766
0 0.00165632 0.731445 0.492188 0.0273438 0.046875
0 0.00166217 0.124023 0.241699 0.0292969 0.0830078
0 0.0016647 0.824707 0.425781 0.0322266 0.0605469
0 0.00166568 0.480957 0.453613 0.0283203 0.0791016
0 0.00166722 0.786133 0.453613 0.0839844 0.104492
0 0.00167002 0.708984 0.547363 0.0253906 0.0439453
0 0.00167147 0.63623 0.745605 0.0302734 0.0595703
0 0.00167298 0.705078 0.407715 0.0390625 0.0576172
0 0.00168432 0.990723 0.878418 0.0185547 0.0771484
0 0.0016885 0.493652 0.787109 0.0283203 0.0371094
0 0.00168885 0.963867 0.927734 0.0683594 0.0800781
0 0.00168967 0.194824 0.401855 0.0419922 0.0419922
0 0.00168993 0.484863 0.356934 0.0966797 0.133789
0 0.0016907 0.115234 0.194336 0.0488281 0.078125
0 0.00169331 0.445312 0.745605 0.0175781 0.0380859
0 0.00169356 0.0327148 0.349609 0.0654297 0.1875
0 0.00169371 0.327637 0.240234 0.0205078 0.0625
0 0.00169818 0.992676 0.350586 0.0146484 0.03125
0 0.00170505 0.635254 0.401367 0.0400391 0.0488281
0 0.00170695 0.372559 0.776367 0.0244141 0.0253906
0 0.0017195 0.034668 0.349609 0.0458984 0.117188
0 0.0017206 0.0141602 0.699707 0.0283203 0.0556641
0 0.0017219 0.288086 0.12207 0.0507812 0.0605469
0 0.00172548 0.630371 0.355469 0.0419922 0.0722656
0 0.00172864 0.728027 0.478516 0.0224609 0.0332031
0 0.00172929 0.986328 0.899902 0.0234375 0.0537109
0 0.00173784 0.499023 0.156738 0.0351562 0.0400391
0 0.00173865 0.285645 0.142578 0.0322266 0.0390625
0 0.00175008 0.231445 0.711426 0.0253906 0.0478516
0 0.00175093 0.318359 0.481934 0.0195312 0.0322266
0 0.00175493 0.291016 0.581543 0.0273438 0.0654297
0 0.00175723 0.419434 0.91748 0.0166016 0.0283203
0 0.00176528 0.35791 0.593262 0.0634766 0.0634766
0 0.00177189 0.626953 0.76416 0.0410156 0.0830078
0 0.00177491 0.849121 0.617188 0.0380859 0.0527344
0 0.00178255 0.292969 0.476562 0.0390625 0.0410156
0 0.00179013 0.492188 0.842285 0.00585938 0.0185547
0 0.00179217 0.0273438 0.216309 0.0429688 0.0595703
0 0.00180891 0.0922852 0.215332 0.0380859 0.0576172
0 0.00181165 0.303711 0.62793 0.0332031 0.0703125
0 0.00181311 0.121582 0.575684 0.0224609 0.0283203
0 0.00181545 0.671875 0.942383 0.0390625 0.0722656
0 0.00181756 0.572266 0.379395 0.0292969 0.0517578
0 0.00182697 0.172363 0.146484 0.0341797 0.046875
0 0.0018364 0.487305 0.11084 0.0390625 0.0498047
0 0.00184854 0.199707 0.279297 0.0263672 0.0527344
0 0.00184959 0.421387 0.345215 0.0361328 0.0712891
0 0.00185114 0.281738 0.604492 0.0263672 0.0429688
0 0.00185397 0.344727 0.144531 0.0253906 0.0351562
0 0.00185939 0.535645 0.843262 0.0224609 0.0380859
0 0.00186334 0.560059 0.0161133 0.0361328 0.0302734
0 0.00186405 0.556641 0.987305 0.0253906 0.0253906
0 0.00186689 0.588379 0.141602 0.0283203 0.0527344
0 0.00186939 0.291016 0.327637 0.0273438 0.0634766
0 0.00187088 0.318848 0.381836 0.0322266 0.0683594
0 0.00187539 0.0805664 0.213867 0.0439453 0.0839844
0 0.00188282 0.878906 0.831055 0.0371094 0.0585938
0 0.00188684 0.511719 0.520508 0.03125 0.0488281
0 0.00189245 0.330078 0.571289 0.0195312 0.0488281
0 0.00189858 0.0620117 0.606445 0.0283203 0.0214844
0 0.00190009 0.640137 0.45459 0.0224609 0.0263672
0 0.00190861 0.241211 0.247559 0.0371094 0.0458984
0 0.00191557 0.833008 0.0170898 0.0234375 0.0283203
0 0.00192124 0.880859 0.630371 0.0566406 0.0458984
0 0.00192202 0.388672 0.367188 0.0371094 0.0429688
0 0.00192687 0.661621 0.399902 0.0380859 0.0517578
0 0.00192963 0.0400391 0.546387 0.0683594 0.0810547
0 0.00193644 0.477539 0.403809 0.0625 0.110352
0 0.00195581 0.375 0.578613 0.0292969 0.0361328
0 0.00195581 0.365723 0.333984 0.0634766 0.0859375
0 0.00196093 0.638672 0.520996 0.0214844 0.0283203
0 0.00196213 0.504395 0.379883 0.0263672 0.0449219
0 0.00196262 0.790527 0.00732422 0.0322266 0.0126953
0 0.00196419 0.602539 0.383301 0.03125 0.0400391
0 0.00196535 0.675781 0.365723 0.0214844 0.0419922
0 0.00197107 0.685547 0.979492 0.0761719 0.0390625
0 0.00197665 0.216797 0.820312 0.0332031 0.0390625
0 0.00198136 0.0180664 0.449219 0.0361328 0.0839844
0 0.00198521 0.67334 0.760742 0.0283203 0.0488281
0 0.00198849 0.753906 0.559082 0.0390625 0.0556641
0 0.00199252 0.655762 0.67334 0.0185547 0.0419922
0 0.00200042 0.562988 0.930664 0.0400391 0.0820312
0 0.00200411 0.260254 0.269043 0.0205078 0.0380859
0 0.00200466 0.35791 0.450684 0.0166016 0.0224609
0 0.00200595 0.0493164 0.294434 0.0537109 0.0654297
0 0.00201369 0.850586 0.307129 0.0273438 0.0361328
0 0.00201572 0.693359 0.54834 0.0839844 0.135742
0 0.00202257 0.66748 0.0141602 0.0205078 0.0283203
0 0.00202319 0.712402 0.710938 0.0166016 0.0175781
0 0.00202666 0.678711 0.499023 0.0292969 0.0546875
0 0.00203702 0.70459 0.306641 0.0419922 0.0703125
0 0.00204562 0.367188 0.57373 0.0234375 0.0361328
0 0.00204992 0.525879 0.0522461 0.0400391 0.0751953
0 0.00205363 0.708496 0.478516 0.0224609 0.0449219
0 0.00205486 0.231934 0.135254 0.0478516 0.0341797
0 0.00207394 0.652832 0.93457 0.0361328 0.0585938
0 0.00207995 0.256836 0.794434 0.0371094 0.0615234
0 0.00210278 0.776367 0.416992 0.0371094 0.0410156
0 0.00210949 0.195312 0.130859 0.0253906 0.0371094
0 0.00211389 0.405273 0.0888672 0.0273438 0.0664062
0 0.00211556 0.308105 0.129395 0.0419922 0.0498047
0 0.00211594 0.366699 0.367676 0.0302734 0.0361328
0 0.00211616 0.767578 0.734863 0.0214844 0.0380859
0 0.00211675 0.33252 0.205078 0.0322266 0.0566406
0 0.00212151 0.974121 0.220703 0.0302734 0.0527344
0 0.00212376 0.964355 0.685547 0.0205078 0.03125
0 0.00213831 0.44043 0.259766 0.0253906 0.0273438
0 0.00214305 0.224609 0.20752 0.0273438 0.0478516
0 0.00214307 0.0209961 0.303711 0.0400391 0.0605469
0 0.00214379 0.695801 0.443848 0.0263672 0.0498047
0 0.00217465 0.412109 0.337891 0.0234375 0.0429688
0 0.00218316 0.193359 0.807129 0.0234375 0.0439453
0 0.00219265 0.321289 0.492188 0.0195312 0.0292969
0 0.00219819 0.588379 0.307129 0.0341797 0.0341797
0 0.00220033 0.743652 0.750488 0.0244141 0.0419922
0 0.00221003 0.64502 0.530273 0.0576172 0.0722656
0 0.00221052 0.666016 0.546875 0.0429688 0.0703125
0 0.00222935 0.251953 0.110352 0.0371094 0.0722656
0 0.00222952 0.442871 0.0888672 0.0166016 0.0195312
0 0.0022322 0.46875 0.741211 0.0351562 0.0488281
0 0.00224216 0.760742 0.710938 0.015625 0.0234375
0 0.0022423 0.475098 0.154297 0.0615234 0.0625
0 0.00224671 0.464355 0.359863 0.0224609 0.0400391
0 0.00225 0.327637 0.248047 0.0810547 0.207031
0 0.00225107 0.202148 0.837891 0.0332031 0.0546875
0 0.00225954 0.388184 0.295898 0.0146484 0.015625
0 0.00226275 0.379395 0.661133 0.0322266 0.046875
0 0.00226328 0.519043 0.95459 0.0849609 0.0908203
0 0.00226759 0.720215 0.409668 0.0380859 0.0712891
0 0.00226995 0.603027 0.421875 0.0400391 0.0507812
0 0.00227492 0.101074 0.26709 0.0419922 0.0986328
0 0.00227545 0.334961 0.298828 0.015625 0.0253906
0 0.00229942 0.64209 0.0913086 0.0224609 0.0361328
0 0.00229956 0.226074 0.0996094 0.0224609 0.0449219
0 0.00231173 0.229492 0.824219 0.0117188 0.0273438
0 0.0023123 0.684082 0.656738 0.0107422 0.0205078
0 0.00231275 0.505859 0.462402 0.0253906 0.0341797
0 0.00231303 0.125977 0.290527 0.0351562 0.0693359
0 0.00231503 0.0205078 0.506836 0.0390625 0.0585938
0 0.00231614 0.909668 0.721191 0.0810547 0.147461
0 0.00232189 0.729492 0.532227 0.0332031 0.0566406
0 0.0023343 0.735352 0.782715 0.1875 0.157227
0 0.00233901 0.557617 0.929688 0.0234375 0.0625
0 0.00234575 0.361816 0.954102 0.0693359 0.0917969
0 0.00234773 0.635254 0.427734 0.0244141 0.0566406
0 0.00235343 0.506836 0.0654297 0.015625 0.0292969
0 0.00235429 0.262695 0.168457 0.0195312 0.0576172
0 0.00235495 0.337891 0.166016 0.0429688 0.0644531
0 0.00235548 0.0703125 0.184082 0.140625 0.147461
0 0.00235718 0.631348 0.553223 0.0791016 0.100586
0 0.00236001 0.303223 0.407227 0.0146484 0.0351562
0 0.00236422 0.8125 0.711914 0.0195312 0.0273438
0 0.00236625 0.488281 0.990234 0.0273438 0.0195312
0 0.00237412 0.235352 0.229004 0.0214844 0.0380859
0 0.00238411 0.855957 0.850098 0.0244141 0.0537109
0 0.00238776 0.328613 0.278809 0.00878906 0.0400391
0 0.00239427 0.477539 0.769043 0.0175781 0.0283203
0 0.00239701 0.0678711 0.989746 0.0400391 0.0205078
0 0.00241368 0.250488 0.0576172 0.0185547 0.0332031
0 0.00242075 0.155273 0.163574 0.0234375 0.0478516
0 0.00242855 0.0263672 0.195312 0.0410156 0.0449219
0 0.00243473 0.333008 0.579102 0.0390625 0.0507812
0 0.00243562 0.451172 0.0986328 0.0175781 0.0292969
0 0.00243651 0.569824 0.296387 0.0244141 0.0263672
0 0.00244413 0.812012 0.734375 0.0302734 0.0664062
0 0.00244739 0.00976562 0.188965 0.0195312 0.0283203
0 0.00245517 0.171387 0.38623 0.0283203 0.0458984
0 0.00245746 0.77002 0.123535 0.0322266 0.0458984
0 0.00245919 0.312988 0.416992 0.0283203 0.0371094
0 0.00246232 0.100586 0.168945 0.0332031 0.046875
0 0.00246528 0.339355 0.928711 0.0185547 0.0390625
0 0.00248089 0.734375 0.981445 0.0527344 0.03125
0 0.00248502 0.0107422 0.317383 0.0214844 0.0527344
0 0.00248656 0.247559 0.745605 0.0380859 0.0537109
0 0.00248996 0.18457 0.21582 0.03125 0.0507812
0 0.00250389 0.747559 0.126953 0.0302734 0.0332031
0 0.0025127 0.563965 0.20166 0.0224609 0.0478516
0 0.00251349 0.555176 0.913574 0.0654297 0.12207
0 0.00251412 0.772461 0.600586 0.0234375 0.0546875
0 0.00251869 0.870117 0.759766 0.0390625 0.0703125
0 0.00252146 0.547852 0.317383 0.0273438 0.0566406
0 0.00252443 0.703125 0.341797 0.0253906 0.0605469
0 0.00252511 0.0292969 0.474609 0.0585938 0.0957031
0 0.00252592 0.101074 0.191895 0.0361328 0.0576172
0 0.00254863 0.523926 0.00976562 0.0361328 0.0195312
0 0.00254925 0.205078 0.818848 0.0488281 0.0595703
0 0.00256051 0.683105 0.337891 0.0224609 0.0390625
0 0.0025658 0.253906 0.424316 0.0195312 0.0224609
0 0.00258044 0.516602 0.299316 0.0214844 0.0361328
0 0.0025885 0.420898 0.0507812 0.0253906 0.0292969
0 0.0025906 0.862305 0.794922 0.0410156 0.0625
0 0.00262134 0.581055 0.347656 0.0332031 0.0429688
0 0.00262457 0.34082 0.920898 0.0117188 0.0253906
0 0.00262543 0.533203 0.883301 0.0371094 0.0576172
0 0.00262687 0.581543 0.316895 0.0302734 0.0517578
0 0.00264103 0.171875 0.212402 0.0234375 0.0400391
0 0.00264566 0.610352 0.300781 0.0117188 0.0214844
0 0.00266112 0.687012 0.51123 0.0341797 0.0458984
0 0.00266445 0.24707 0.206055 0.103516 0.126953
0 0.00267112 0.567871 0.963867 0.0361328 0.0644531
0 0.00267567 0.47998 0.984863 0.0341797 0.0302734
0 0.00268211 0.247559 0.72998 0.0517578 0.0576172
0 0.00268656 0.258301 0.808105 0.0615234 0.0830078
0 0.00269688 0.405762 0.661133 0.0322266 0.0429688
0 0.00269936 0.702637 0.621582 0.0185547 0.0302734
0 0.00270288 0.493164 0.491699 0.0703125 0.110352
0 0.002706 0.992676 0.895996 0.0146484 0.0498047
0 0.00271485 0.991699 0.931152 0.0146484 0.0537109
0 0.00273816 0.737305 0.603027 0.0214844 0.0419922
0 0.0027475 0.382324 0.29834 0.0341797 0.0224609
0 0.002761 0.0839844 0.515625 0.0195312 0.0390625
0 0.00276384 0.564941 0.355957 0.0185547 0.0263672
0 0.00277819 0.910156 0.635742 0.0253906 0.0371094
0 0.00278088 0.327148 0.36377 0.0214844 0.0341797
0 0.00278117 0.0327148 0.782227 0.0517578 0.0644531
0 0.00280046 0.764648 0.79834 0.0429688 0.0615234
0 0.00280065 0.634277 0.620117 0.0166016 0.0351562
0 0.00280679 0.251953 0.264648 0.0410156 0.0507812
0 0.00282485 0.519531 0.351562 0.0253906 0.0449219
0 0.00283247 0.712891 0.353027 0.0703125 0.102539
0 0.00284072 0.867676 0.609375 0.0341797 0.0449219
0 0.00284882 0.510742 0.352051 0.0625 0.0888672
0 0.00287407 0.47998 0.114258 0.0205078 0.0429688
0 0.00288311 0.530273 0.347168 0.0371094 0.0517578
0 0.00289949 0.735352 0.781738 0.0351562 0.0615234
0 0.00291454 0.652344 0.400391 0.0175781 0.0273438
0 0.00291864 0.654785 0.775391 0.0693359 0.140625
0 0.00292832 0.63916 0.443359 0.0224609 0.0253906
0 0.00294126 0.362305 0.676758 0.0214844 0.0332031
0 0.00295849 0.141113 0.658691 0.0166016 0.0166016
0 0.00296191 0.983887 0.358398 0.0322266 0.0332031
0 0.00296388 0.0834961 0.977539 0.0615234 0.0429688
0 0.00296587 0.330078 0.292969 0.0253906 0.0390625
0 0.00296661 0.387207 0.669922 0.0263672 0.0429688
0 0.00297879 0.61084 0.306152 0.0263672 0.0322266
0 0.00298276 0.558105 0.336914 0.0537109 0.0742188
0 0.0030068 0.22168 0.870605 0.0410156 0.0615234
0 0.00301063 0.701172 0.148438 0.03125 0.0429688
0 0.00301759 0.987793 0.741699 0.0185547 0.0986328
0 0.00306213 0.0600586 0.97998 0.0380859 0.0400391
0 0.00306773 0.718262 0.545898 0.0283203 0.0566406
0 0.00307668 0.870605 0.287109 0.0205078 0.0644531
0 0.0030832 0.488281 0.368652 0.0390625 0.0498047
0 0.00308532 0.662598 0.51123 0.0419922 0.0439453
0 0.00308813 0.505371 0.942871 0.0478516 0.0654297
0 0.00309211 0.294434 0.583008 0.0263672 0.0371094
0 0.00309961 0.644043 0.526855 0.0341797 0.0419922
0 0.00311361 0.87793 0.798828 0.195312 0.185547
0 0.00312646 0.370117 0.62793 0.0390625 0.101562
0 0.00312718 0.727051 0.481445 0.0341797 0.0839844
0 0.00312894 0.612793 0.0107422 0.0283203 0.0214844
0 0.0031306 0.245117 0.166016 0.0332031 0.0585938
0 0.00313865 0.680176 0.676758 0.0166016 0.0585938
0 0.00314051 0.124512 0.210449 0.0263672 0.0478516
0 0.00314691 0.313965 0.65332 0.0244141 0.03125
0 0.0031623 0.531738 0.208984 0.0224609 0.03125
0 0.00316486 0.122559 0.709961 0.0244141 0.0332031
0 0.00316713 0.22998 0.576172 0.0107422 0.0195312
0 0.00317707 0.533691 0.0419922 0.0732422 0.0839844
0 0.00319542 0.470215 0.16748 0.0322266 0.0361328
0 0.00319999 0.681152 0.659668 0.0166016 0.0302734
0 0.00320047 0.398438 0.059082 0.0234375 0.0595703
0 0.00320659 0.796875 0.709961 0.0273438 0.0371094
0 0.00321633 0.37207 0.778809 0.0117188 0.0380859
0 0.00323025 0.659668 0.666504 0.0341797 0.0400391
0 0.00323179 0.0883789 0.682129 0.0166016 0.0224609
0 0.00324199 0.146973 0.661133 0.0146484 0.03125
0 0.00325541 0.628906 0.617676 0.0175781 0.0244141
0 0.00327866 0.046875 0.271484 0.0566406 0.0605469
0 0.00328975 0.67334 0.404785 0.0712891 0.0927734
0 0.00329897 0.778809 0.567871 0.0185547 0.0302734
0 0.00333398 0.238281 0.861816 0.0683594 0.147461
0 0.00333742 0.250488 0.0893555 0.0263672 0.0537109
0 0.00333851 0.388672 0.324707 0.0332031 0.0517578
0 0.00334019 0.160645 0.274902 0.0263672 0.0458984
0 0.00334662 0.802246 0.250977 0.0341797 0.0507812
0 0.00334978 0.799805 0.417969 0.0332031 0.0527344
0 0.00336399 0.724609 0.209473 0.0507812 0.0908203
0 0.00338174 0.0585938 0.567871 0.0644531 0.0556641
0 0.00338204 0.00830078 0.635254 0.0166016 0.0302734
0 0.00338307 0.660645 0.430664 0.0771484 0.0996094
0 0.00338665 0.615234 0.300293 0.0136719 0.0244141
0 0.00340016 0.899902 0.78125 0.0205078 0.0488281
0 0.00341903 0.686523 0.388184 0.0351562 0.0869141
0 0.00342667 0.15332 0.40918 0.0332031 0.0742188
0 0.00343604 0.140625 0.568359 0.0253906 0.0351562
0 0.0034398 0.0126953 0.271484 0.0253906 0.0507812
0 0.00344542 0.667969 0.744629 0.0332031 0.102539
0 0.00344758 0.457031 0.275391 0.0410156 0.0488281
0 0.00344881 0.98584 0.525391 0.0263672 0.0898438
0 0.00347018 0.454102 0.736816 0.0351562 0.0478516
0 0.00347357 0.833984 0.40625 0.0253906 0.0332031
0 0.00347914 0.745117 0.57959 0.0351562 0.0634766
0 0.0034843 0.645508 0.895996 0.0214844 0.0361328
0 0.00349334 0.241211 0.101562 0.0390625 0.0527344
0 0.00349585 0.267578 0.95752 0.015625 0.0400391
0 0.00351093 0.929199 0.772949 0.0302734 0.0400391
0 0.00351183 0.499512 0.540527 0.0205078 0.0322266
0 0.00354275 0.631348 0.98291 0.0419922 0.0341797
0 0.00354619 0.134277 0.291016 0.0732422 0.0761719
0 0.00355057 0.174805 0.261719 0.0390625 0.0566406
0 0.0035597 0.0839844 0.565918 0.0214844 0.0283203
0 0.00356945 0.302734 0.168457 0.0292969 0.0771484
0 0.00357501 0.308105 0.583008 0.0439453 0.0332031
0 0.00357877 0.368164 0.466797 0.0351562 0.0507812
0 0.00358321 0.543457 0.0639648 0.0205078 0.0478516
0 0.00358676 0.48877 0.100586 0.0244141 0.0332031
0 0.0036309 0.728027 0.565918 0.0380859 0.0615234
0 0.00363526 0.158691 0.190918 0.0224609 0.0556641
0 0.0036469 0.884277 0.850098 0.0244141 0.0478516
0 0.00366086 0.541992 0.147949 0.015625 0.0283203
0 0.00369277 0.544434 0.200195 0.0400391 0.0566406
0 0.00371067 0.648926 0.461426 0.0185547 0.0341797
0 0.00372139 0.613281 0.00830078 0.0214844 0.0146484
0 0.0037237 0.243164 0.20166 0.0507812 0.108398
0 0.00372627 0.788574 0.243164 0.0302734 0.0410156
0 0.00374064 0.0229492 0.332031 0.0380859 0.0839844
0 0.00374431 0.240234 0.711426 0.0214844 0.0498047
0 0.00374475 0.436523 0.385254 0.0253906 0.0302734
0 0.00375002 0.691895 0.458008 0.0263672 0.0449219
0 0.00378354 0.777344 0.394043 0.0449219 0.0751953
0 0.00381192 0.0522461 0.574707 0.0263672 0.0400391
0 0.00381627 0.137695 0.211426 0.0273438 0.0498047
0 0.00382435 0.565918 0.411133 0.0615234 0.0507812
0 0.00384146 0.34082 0.202148 0.0234375 0.0253906
0 0.00387407 0.579102 0.30127 0.0195312 0.0263672
0 0.00390296 0.413574 0.657227 0.0185547 0.03125
0 0.00391434 0.185059 0.135254 0.0283203 0.0263672
0 0.00391676 0.30127 0.442871 0.0341797 0.0576172
0 0.00392318 0.623047 0.318359 0.0195312 0.046875
0 0.00392774 0.601562 0.123535 0.0234375 0.0341797
0 0.0039415 0.642578 0.0107422 0.0410156 0.0214844
0 0.00394783 0.486816 0.460938 0.0322266 0.0390625
0 0.00395513 0.0141602 0.76709 0.0283203 0.0322266
0 0.00395764 0.717285 0.467773 0.0673828 0.152344
0 0.00396951 0.814941 0.744141 0.0615234 0.0996094
0 0.00397964 0.301758 0.145996 0.0390625 0.0693359
0 0.00398238 0.318359 0.138672 0.0390625 0.03125
0 0.00405067 0.686035 0.433105 0.0400391 0.0615234
0 0.00405909 0.64502 0.756836 0.0341797 0.0644531
0 0.0040931 0.0688477 0.574219 0.0205078 0.0507812
0 0.00409325 0.991699 0.578613 0.0166016 0.0517578
0 0.00415013 0.35791 0.96875 0.0185547 0.0332031
0 0.00417573 0.819336 0.387695 0.0292969 0.0488281
0 0.00422679 0.492676 0.384277 0.0283203 0.0458984
0 0.00422815 0.356934 0.955566 0.0283203 0.0556641
0 0.00424019 0.230469 0.0629883 0.0214844 0.0478516
0 0.00425202 0.51123 0.484375 0.0283203 0.0761719
0 0.0042971 0.150879 0.303711 0.0224609 0.0488281
0 0.00431533 0.595215 0.396484 0.0322266 0.0527344
0 0.00433678 0.750977 0.361328 0.0253906 0.0429688
0 0.00442083 0.813965 0.458984 0.0380859 0.0605469
0 0.00444876 0.25 0.460449 0.0683594 0.0498047
0 0.0044646 0.981445 0.928223 0.0351562 0.0498047
0 0.00446802 0.464844 0.400879 0.0175781 0.0283203
0 0.00448191 0.0141602 0.692871 0.0224609 0.0322266
0 0.00448837 0.295898 0.61377 0.0332031 0.0517578
0 0.00450695 0.714844 0.520508 0.0507812 0.154297
0 0.00452102 0.396973 0.019043 0.0205078 0.0302734
0 0.00452423 0.648438 0.408691 0.0234375 0.0419922
0 0.00453852 0.674316 0.668457 0.0224609 0.0458984
0 0.0045609 0.49707 0.779297 0.0175781 0.0371094
0 0.00457398 0.994141 0.115234 0.0117188 0.0390625
0 0.00459322 0.851074 0.756348 0.0302734 0.0751953
0 0.00464182 0.628418 0.416992 0.0166016 0.0429688
0 0.00470922 0.150879 0.185059 0.0283203 0.0478516
0 0.00482908 0.92041 0.642578 0.0283203 0.0273438
0 0.00487753 0.425293 0.136719 0.0263672 0.0722656
0 0.00487943 0.0717773 0.154785 0.0419922 0.0380859
0 0.00490628 0.589844 0.370117 0.0292969 0.0410156
0 0.00491527 0.519531 0.717285 0.015625 0.0244141
0 0.00491827 0.507324 0.340332 0.0361328 0.0576172
0 0.00491933 0.70166 0.710938 0.0205078 0.0390625
0 0.00493601 0.0996094 0.729004 0.0761719 0.0849609
0 0.00494453 0.424316 0.375 0.0263672 0.0351562
0 0.00497162 0.273438 0.465332 0.0351562 0.0361328
0 0.00498159 0.986328 0.564453 0.0273438 0.0703125
0 0.00499265 0.888672 0.815918 0.0351562 0.102539
0 0.00499293 0.529297 0.89502 0.0273438 0.0341797
0 0.00502267 0.0170898 0.335449 0.0166016 0.0322266
0 0.0050259 0.759766 0.751953 0.0449219 0.0722656
0 0.00506361 0.419922 0.103027 0.0722656 0.112305
0 0.00507924 0.979492 0.231445 0.0214844 0.0449219
0 0.00508234 0.0625 0.744629 0.0742188 0.0517578
0 0.00509109 0.711426 0.557617 0.0283203 0.0859375
0 0.00510474 0.0566406 0.740723 0.0351562 0.0400391
0 0.00512767 0.716309 0.470215 0.0302734 0.0458984
0 0.00512978 0.727051 0.591797 0.0478516 0.0703125
0 0.00516648 0.669434 0.963379 0.0439453 0.0458984
0 0.00516911 0.393555 0.034668 0.0371094 0.0576172
0 0.00519896 0.259277 0.730957 0.0205078 0.0380859
0 0.00520276 0.844238 0.747559 0.0205078 0.0634766
0 0.00525375 0.364746 0.34375 0.0205078 0.0429688
0 0.00526064 0.0981445 0.208496 0.112305 0.143555
0 0.00529691 0.550293 0.157715 0.0341797 0.0556641
0 0.00532647 0.330566 0.279785 0.0185547 0.0595703
0 0.00533829 0.993652 0.097168 0.0126953 0.0439453
0 0.00535721 0.338379 0.603516 0.0224609 0.0371094
0 0.0053704 0.617676 0.308594 0.0205078 0.0449219
0 0.0053938 0.703613 0.628906 0.0126953 0.0234375
0 0.00541369 0.129395 0.262207 0.0458984 0.110352
0 0.00543836 0.0888672 0.741211 0.0292969 0.0351562
0 0.00545107 0.881836 0.771973 0.0390625 0.0537109
0 0.00545187 0.0102539 0.291016 0.0205078 0.0703125
0 0.00548328 0.363281 0.583984 0.0253906 0.0390625
0 0.00550435 0.078125 0.568359 0.03125 0.0429688
0 0.0055119 0.54248 0.85791 0.0380859 0.0751953
0 0.00551904 0.440918 0.097168 0.0205078 0.0400391
0 0.00559461 0.79541 0.41748 0.100586 0.108398
0 0.00561428 0.766602 0.42334 0.0195312 0.0283203
0 0.00562768 0.709961 0.613281 0.0332031 0.0585938
0 0.00565298 0.372559 0.463867 0.0205078 0.0273438
0 0.00566922 0.407227 0.925293 0.0175781 0.0224609
0 0.00566992 0.205566 0.126953 0.0283203 0.0273438
0 0.00567001 0.118164 0.271973 0.0390625 0.0771484
0 0.00568667 0.865234 0.306641 0.0527344 0.0664062
0 0.00572396 0.0385742 0.561035 0.0205078 0.0302734
0 0.00577564 0.389648 0.343262 0.0742188 0.0966797
0 0.00579008 0.160645 0.394531 0.0380859 0.0488281
0 0.00579592 0.103027 0.291992 0.0185547 0.0371094
0 0.00588041 0.677734 0.442871 0.0195312 0.0400391
0 0.0058811 0.59375 0.319336 0.0488281 0.0703125
0 0.00590954 0.180664 0.205566 0.0234375 0.0322266
0 0.00595689 0.727539 0.823242 0.0234375 0.0527344
0 0.00605386 0.414062 0.92334 0.0214844 0.0302734
0 0.00605767 0.775391 0.581055 0.0214844 0.046875
0 0.0061942 0.220215 0.156738 0.0556641 0.0712891
0 0.00619531 0.507812 0.30127 0.0234375 0.0341797
0 0.00621562 0.487793 0.756348 0.0380859 0.0576172
0 0.0062295 0.646484 0.945312 0.0625 0.109375
0 0.00624356 0.619629 0.413086 0.0185547 0.0390625
0 0.00633889 0.700684 0.334473 0.0380859 0.0986328
0 0.00636242 0.191406 0.829102 0.0195312 0.0410156
0 0.00636849 0.170898 0.209961 0.015625 0.0253906
0 0.00647144 0.0170898 0.240234 0.0322266 0.115234
0 0.00651972 0.146973 0.561035 0.0146484 0.0263672
0 0.00652609 0.677734 0.456543 0.0234375 0.0341797
0 0.00657554 0.803711 0.723145 0.0292969 0.0576172
0 0.0065907 0.436523 0.140137 0.0214844 0.0732422
0 0.0066244 0.524902 0.317383 0.0791016 0.0996094
0 0.00666694 0.47998 0.346191 0.0380859 0.0732422
0 0.00669598 0.36084 0.478027 0.0205078 0.0439453
0 0.00671525 0.477539 0.314941 0.0214844 0.0439453
0 0.00672166 0.195312 0.138672 0.0390625 0.0351562
0 0.00675285 0.699707 0.552734 0.0400391 0.109375
0 0.00685078 0.0107422 0.459473 0.0214844 0.0419922
0 0.00692974 0.166504 0.239746 0.0576172 0.116211
0 0.00697455 0.0668945 0.733887 0.0283203 0.0302734
0 0.00700529 0.345215 0.926758 0.0146484 0.0390625
0 0.00704615 0.572266 0.16748 0.0273438 0.0537109
0 0.00707713 0.87793 0.802734 0.046875 0.0664062
0 0.0070817 0.717285 0.788086 0.0126953 0.0429688
0 0.00721828 0.993164 0.535156 0.0136719 0.046875
0 0.00732729 0.148438 0.216309 0.0371094 0.0615234
0 0.00734214 0.552246 0.866699 0.0615234 0.114258
0 0.00736406 0.48291 0.363281 0.0654297 0.0839844
0 0.00736648 0.408203 0.372559 0.015625 0.0322266
0 0.00739645 0.781738 0.565918 0.0146484 0.0185547
0 0.00741485 0.402832 0.0874023 0.0458984 0.100586
0 0.00742318 0.132812 0.236816 0.03125 0.0595703
0 0.00745527 0.439453 0.128418 0.0664062 0.0830078
0 0.00748152 0.442383 0.734863 0.015625 0.0400391
0 0.00749914 0.371582 0.304199 0.0439453 0.0361328
0 0.00754068 0.503418 0.476074 0.0302734 0.0556641
0 0.00755752 0.218262 0.113281 0.0322266 0.0722656
0 0.00761615 0.861328 0.625488 0.0351562 0.0400391
0 0.00762199 0.553223 0.893066 0.0478516 0.0732422
0 0.00763578 0.738281 0.543457 0.0429688 0.110352
0 0.00783373 0.55957 0.148438 0.0332031 0.0527344
0 0.00788886 0.37207 0.0244141 0.0488281 0.0488281
0 0.00794365 0.385254 0.046875 0.0556641 0.0898438
0 0.00800067 0.656738 0.461426 0.0400391 0.0419922
0 0.00801186 0.773438 0.783691 0.0351562 0.0615234
0 0.00808855 0.429199 0.364746 0.0185547 0.0283203
0 0.00819099 0.0786133 0.557129 0.0244141 0.0341797
0 0.00823421 0.271484 0.777344 0.0175781 0.0390625
0 0.00825102 0.722656 0.46875 0.0195312 0.0332031
0 0.0083129 0.159668 0.178711 0.0146484 0.0410156
0 0.00836273 0.330078 0.140137 0.0273438 0.0244141
0 0.00837295 0.484375 0.810547 0.00976562 0.015625
0 0.00838931 0.605469 0.351562 0.0605469 0.119141
0 0.00840733 0.828613 0.224121 0.0185547 0.0439453
0 0.00862623 0.769043 0.569824 0.0400391 0.0576172
0 0.00866073 0.29248 0.308105 0.0185547 0.0439453
0 0.00877707 0.744629 0.759766 0.0380859 0.0546875
0 0.00891459 0.653809 0.769043 0.0380859 0.0830078
0 0.00901765 0.612793 0.399902 0.0185547 0.0205078
0 0.00903331 0.296875 0.13916 0.0214844 0.0244141
0 0.00906738 0.633301 0.990723 0.0341797 0.0185547
0 0.009115 0.475586 0.395996 0.0195312 0.0380859
0 0.00914931 0.432129 0.369629 0.0400391 0.0537109
0 0.00922196 0.852539 0.784668 0.0546875 0.143555
0 0.00933462 0.31543 0.616699 0.0292969 0.0498047
0 0.00939239 0.318848 0.195801 0.0302734 0.0791016
0 0.00943744 0.625 0.409668 0.0136719 0.0341797
0 0.00945262 0.736328 0.405762 0.0488281 0.0810547
0 0.00945913 0.583008 0.39502 0.0742188 0.0888672
0 0.00952269 0.264648 0.804199 0.0214844 0.0576172
0 0.00953141 0.252441 0.118652 0.0302734 0.0380859
0 0.00956251 0.0224609 0.261719 0.0253906 0.0292969
0 0.00957345 0.434082 0.100098 0.0205078 0.0498047
0 0.00963344 0.17627 0.396973 0.0439453 0.0595703
0 0.0096891 0.0444336 0.755371 0.0673828 0.0615234
0 0.00973832 0.491211 0.313477 0.0566406 0.0527344
0 0.00995229 0.891602 0.780762 0.03125 0.0576172
0 0.00999266 0.244629 0.0712891 0.0302734 0.046875
0 0.0100097 0.603027 0.412109 0.0244141 0.0429688
0 0.010285 0.0180664 0.467773 0.0302734 0.0644531
0 0.0103208 0.57959 0.0991211 0.0283203 0.0537109
0 0.0104543 0.258789 0.141113 0.03125 0.0810547
0 0.0104937 0.0366211 0.249512 0.0634766 0.100586
0 0.010548 0.990234 0.367676 0.0195312 0.0439453
0 0.0106012 0.882812 0.759277 0.0859375 0.151367
0 0.0106982 0.370117 0.611328 0.0273438 0.0546875
0 0.0107783 0.745605 0.603027 0.0185547 0.0341797
0 0.0108084 0.688477 0.455078 0.0527344 0.0546875
0 0.0109472 0.290039 0.451172 0.0234375 0.0507812
0 0.0109486 0.684082 0.418945 0.0146484 0.0214844
0 0.0110404 0.268555 0.455078 0.0351562 0.0332031
0 0.0111403 0.441406 0.115723 0.0292969 0.0654297
0 0.0111667 0.852539 0.833008 0.03125 0.0449219
0 0.0112029 0.479492 0.10498 0.0136719 0.0224609
0 0.0112593 0.320801 0.428711 0.0107422 0.0214844
0 0.0113558 0.581055 0.364746 0.0234375 0.0419922
0 0.011394 0.737793 0.383301 0.0322266 0.0654297
0 0.0114278 0.556641 0.953613 0.03125 0.0791016
0 0.0114966 0.655762 0.954102 0.0537109 0.0585938
0 0.0115522 0.370117 0.67041 0.0292969 0.0341797
0 0.011713 0.841309 0.76123 0.0361328 0.0986328
0 0.0117261 0.375977 0.783691 0.015625 0.0263672
0 0.0117594 0.351562 0.94043 0.0273438 0.0605469
0 0.0119535 0.540039 0.835449 0.0175781 0.0263672
0 0.012137 0.714355 0.79248 0.0263672 0.0341797
0 0.0122381 0.684082 0.350098 0.0302734 0.0634766
0 0.0122501 0.583496 0.361816 0.0478516 0.0556641
0 0.0123074 0.193848 0.39209 0.0224609 0.0302734
0 0.0124292 0.555664 0.397949 0.0234375 0.0458984
0 0.0124301 0.202148 0.239746 0.0371094 0.0595703
0 0.012519 0.591309 0.12793 0.0283203 0.0351562
0 0.0126742 0.378418 0.674316 0.0205078 0.0302734
0 0.0128596 0.652344 0.816895 0.03125 0.0732422
0 0.0129313 0.256348 0.164062 0.0517578 0.0839844
0 0.0132291 0.574707 0.132324 0.0302734 0.0517578
0 0.0132558 0.227539 0.578613 0.0078125 0.0126953
0 0.0132716 0.861328 0.301758 0.03125 0.0507812
0 0.0133133 0.304199 0.13916 0.0244141 0.0322266
0 0.0135803 0.634766 0.969238 0.0253906 0.0517578
0 0.0137573 0.179688 0.270996 0.0761719 0.106445
0 0.0138833 0.51709 0.305176 0.0400391 0.0419922
0 0.0139603 0.495605 0.103516 0.0166016 0.0214844
0 0.0140547 0.813965 0.433105 0.0517578 0.0947266
0 0.0141096 0.227051 0.228027 0.0185547 0.0361328
0 0.0141448 0.182129 0.391113 0.0244141 0.0263672
0 0.0141537 0.365723 0.356445 0.0224609 0.0234375
0 0.0141759 0.304688 0.600098 0.0546875 0.0595703
0 0.0143037 0.379883 0.324219 0.0253906 0.0410156
0 0.0144865 0.252441 0.42334 0.00878906 0.0205078
0 0.0145501 0.819824 0.228516 0.0322266 0.0488281
0 0.0147273 0.232422 0.460938 0.0292969 0.0371094
0 0.0147414 0.296387 0.46875 0.0224609 0.03125
0 0.0147933 0.0966797 0.737305 0.0332031 0.0527344
0 0.0148017 0.553223 0.416016 0.0126953 0.0253906
0 0.0148416 0.26123 0.181152 0.0146484 0.0419922
0 0.0148617 0.370117 0.453613 0.0175781 0.0166016
0 0.0148931 0.541992 0.0498047 0.03125 0.0683594
0 0.0150024 0.0834961 0.150391 0.0244141 0.0253906
0 0.0151858 0.785156 0.281738 0.0546875 0.0986328
0 0.0152391 0.629395 0.0146484 0.0537109 0.0273438
0 0.0156387 0.325195 0.356445 0.015625 0.0234375
0 0.0157862 0.485352 0.154297 0.0234375 0.0292969
0 0.0160945 0.549805 0.283691 0.0175781 0.0400391
0 0.0161141 0.335938 0.594727 0.0175781 0.0253906
0 0.0161513 0.723633 0.422363 0.0234375 0.0419922
0 0.0162764 0.336426 0.145508 0.0244141 0.0273438
0 0.0165538 0.776855 0.76416 0.0615234 0.0927734
0 0.0165638 0.328613 0.601074 0.0322266 0.0439453
0 0.0166718 0.583984 0.117676 0.0390625 0.0595703
0 0.0167151 0.748535 0.416504 0.0439453 0.0576172
0 0.0168822 0.699219 0.708984 0.015625 0.0234375
0 0.0169878 0.312012 0.633301 0.0224609 0.0517578
0 0.0171917 0.715332 0.431641 0.0244141 0.0371094
0 0.0172384 0.31543 0.165527 0.0761719 0.0947266
0 0.0173573 0.760742 0.39502 0.0273438 0.0615234
0 0.0175136 0.553711 0.90625 0.0273438 0.0410156
0 0.0175849 0.279785 0.460449 0.0478516 0.0615234
0 0.0179396 0.553711 0.976562 0.015625 0.0390625
0 0.0183756 0.494141 0.327148 0.0390625 0.0605469
0 0.0183948 0.234863 0.119141 0.0615234 0.117188
0 0.0185355 0.686523 0.535156 0.0605469 0.0683594
0 0.0187196 0.721191 0.437988 0.0283203 0.0849609
0 0.0190654 0.166992 0.410156 0.015625 0.0214844
0 0.0191809 0.586426 0.405273 0.0361328 0.0410156
0 0.0192862 0.963379 0.678711 0.0126953 0.0175781
0 0.0193883 0.0395508 0.316406 0.0576172 0.0683594
0 0.0194175 0.679688 0.415039 0.0195312 0.0234375
0 0.0195091 0.535645 0.0136719 0.0439453 0.0273438
0 0.0196713 0.574219 0.356445 0.0214844 0.0253906
0 0.0197087 0.473145 0.35498 0.0205078 0.0439453
0 0.0199742 0.226074 0.228516 0.0283203 0.0566406
0 0.0200784 0.330566 0.240234 0.0380859 0.117188
0 0.0207344 0.255859 0.178711 0.03125 0.078125
0 0.0209395 0.220703 0.209473 0.0410156 0.0849609
0 0.0214385 0.614746 0.331055 0.0400391 0.0878906
0 0.021804 0.648926 0.827637 0.0185547 0.0439453
0 0.022112 0.480469 0.303711 0.015625 0.0253906
0 0.0222179 0.813477 0.470703 0.03125 0.0292969
0 0.0224301 0.792969 0.256836 0.0390625 0.0859375
0 0.0224359 0.449219 0.264648 0.03125 0.0332031
0 0.0224726 0.722168 0.807617 0.0302734 0.0625
0 0.0226331 0.644043 0.969238 0.0498047 0.0615234
0 0.0227748 0.373535 0.585938 0.0185547 0.0214844
0 0.0231868 0.583008 0.123535 0.0234375 0.0302734
0 0.0232393 0.192383 0.259277 0.0351562 0.0595703
0 0.0236655 0.669922 0.501465 0.0605469 0.0830078
0 0.0240827 0.527832 0.338379 0.0205078 0.0478516
0 0.0242541 0.209473 0.138672 0.0478516 0.0429688
0 0.0246116 0.76709 0.595215 0.0244141 0.0341797
0 0.0247102 0.753418 0.574219 0.0556641 0.0917969
0 0.0259039 0.711426 0.791504 0.0146484 0.0263672
0 0.0260685 0.733398 0.797852 0.0527344 0.0859375
0 0.0262571 0.146484 0.660156 0.0175781 0.0136719
0 0.0263719 0.883789 0.776367 0.0527344 0.0976562
0 0.026662 0.240234 0.0839844 0.0527344 0.0644531
0 0.0266621 0.648926 0.429688 0.0361328 0.0605469
0 0.0267008 0.39209 0.012207 0.0185547 0.0224609
0 0.0275692 0.805176 0.746582 0.0263672 0.0673828
0 0.027571 0.501953 0.313477 0.03125 0.0332031
0 0.0276256 0.385254 0.0214844 0.0361328 0.0429688
0 0.0277504 0.0688477 0.967285 0.0419922 0.0654297
0 0.0280708 0.989258 0.916016 0.0195312 0.0273438
0 0.0281707 0.205078 0.185547 0.0371094 0.0742188
0 0.0284807 0.763184 0.586426 0.0400391 0.0537109
0 0.0284985 0.111816 0.288574 0.0322266 0.0615234
0 0.028712 0.527344 0.0297852 0.03125 0.0458984
0 0.0289321 0.617188 0.326172 0.0234375 0.0644531
0 0.0290252 0.255859 0.118164 0.0214844 0.015625
0 0.0290891 0.321777 0.592285 0.0302734 0.0302734
0 0.02922 0.608887 0.405273 0.0185547 0.0332031
0 0.029453 0.305176 0.146973 0.0361328 0.0361328
0 0.0300927 0.569336 0.148926 0.0371094 0.0771484
0 0.0304739 0.330566 0.594238 0.0166016 0.0283203
0 0.0307006 0.394043 0.0742188 0.0244141 0.0625
0 0.0307459 0.681152 0.42627 0.0244141 0.0380859
0 0.0315079 0.631348 0.616699 0.00878906 0.0185547
0 0.0317927 0.564941 0.408203 0.0341797 0.0253906
0 0.0318622 0.0131836 0.484863 0.0263672 0.0556641
0 0.0324851 0.758301 0.415527 0.0302734 0.0419922
0 0.0324959 0.414551 0.367188 0.0302734 0.0351562
0 0.0330526 0.315918 0.429688 0.00878906 0.0195312
0 0.0331498 0.98291 0.912109 0.0263672 0.0273438
0 0.0336083 0.990723 0.549805 0.0166016 0.0722656
0 0.0336725 0.660156 0.796875 0.0390625 0.101562
0 0.0341721 0.234863 0.169434 0.0771484 0.104492
0 0.0342381 0.213867 0.228516 0.0351562 0.0664062
0 0.0346367 0.539062 0.207031 0.0214844 0.0273438
0 0.0346838 0.252441 0.457031 0.0302734 0.03125
0 0.0347265 0.458496 0.380859 0.0263672 0.0371094
0 0.0353267 0.560059 0.171875 0.0556641 0.0839844
0 0.0353636 0.250488 0.262695 0.0263672 0.0332031
0 0.0356366 0.656738 0.664062 0.0126953 0.03125
0 0.0361147 0.666504 0.734375 0.0498047 0.179688
0 0.0363556 0.477539 0.159668 0.03125 0.0380859
0 0.0369927 0.36084 0.722168 0.0146484 0.0224609
0 0.0371896 0.665039 0.425293 0.0371094 0.0498047
0 0.0379397 0.470703 0.398438 0.0136719 0.0292969
0 0.0379925 0.50293 0.526367 0.0195312 0.0507812
0 0.039085 0.685547 0.528809 0.0292969 0.0341797
0 0.0403837 0.325684 0.150391 0.0458984 0.0429688
0 0.0407199 0.699219 0.14502 0.0214844 0.0244141
0 0.0409202 0.0107422 0.494141 0.0214844 0.0292969
0 0.0414152 0.708008 0.625488 0.00976562 0.0341797
0 0.0416136 0.0942383 0.193848 0.0556641 0.0927734
0 0.0423619 0.171387 0.404297 0.0263672 0.03125
0 0.0429018 0.757812 0.364258 0.0136719 0.0273438
0 0.044505 0.594727 0.412598 0.03125 0.0322266
0 0.0446382 0.544434 0.293457 0.0283203 0.0556641
0 0.0449039 0.027832 0.269531 0.0400391 0.0507812
0 0.0457608 0.716797 0.466309 0.015625 0.0341797
0 0.045782 0.556641 0.193359 0.0292969 0.0507812
0 0.0467072 0.548828 0.0166016 0.0253906 0.0332031
0 0.0495259 0.154297 0.175781 0.015625 0.0234375
0 0.0495986 0.362305 0.465332 0.0214844 0.0322266
0 0.0504343 0.492188 0.480957 0.0410156 0.0712891
0 0.0507942 0.574707 0.412598 0.0400391 0.0283203
0 0.0512222 0.433594 0.374023 0.0253906 0.0292969
0 0.05281 0.0605469 0.563965 0.0371094 0.0341797
0 0.0529757 0.755371 0.376953 0.0283203 0.0605469
0 0.0557718 0.525879 0.32959 0.0400391 0.0576172
0 0.0569106 0.380371 0.0385742 0.0302734 0.0556641
0 0.0576054 0.318359 0.186035 0.0214844 0.0419922
0 0.0604047 0.195801 0.391113 0.0166016 0.0166016
0 0.0604769 0.0834961 0.161133 0.0380859 0.046875
0 0.0634677 0.553711 0.00976562 0.0195312 0.015625
0 0.0638912 0.86084 0.825195 0.0439453 0.0703125
0 0.0684716 0.116211 0.717285 0.0292969 0.0400391
0 0.0685149 0.758789 0.130859 0.0449219 0.0449219
0 0.069333 0.197754 0.821777 0.0263672 0.0478516
0 0.0693666 0.708496 0.619629 0.0166016 0.0458984
0 0.0698341 0.479492 0.468262 0.0292969 0.0380859
0 0.0700129 0.180664 0.398926 0.0371094 0.0322266
0 0.0716802 0.0708008 0.560547 0.0185547 0.0351562
0 0.0734141 0.21582 0.194336 0.0683594 0.103516
0 0.0734481 0.0576172 0.180176 0.0410156 0.0673828
0 0.0751659 0.649902 0.446777 0.0283203 0.0302734
0 0.0753277 0.0146484 0.200195 0.0292969 0.0371094
0 0.0768398 0.381836 0.0439453 0.0195312 0.0351562
0 0.0813841 0.505859 0.503418 0.0273438 0.0908203
0 0.082532 0.555664 0.412109 0.0214844 0.0273438
0 0.0856549 0.15918 0.29248 0.0292969 0.0576172
0 0.0928897 0.233887 0.45166 0.0224609 0.0283203
0 0.0936356 0.248535 0.730957 0.0283203 0.0400391
0 0.0939096 0.680176 0.352539 0.0185547 0.0449219
0 0.0947588 0.555664 0.962891 0.0175781 0.0625
0 0.0990078 0.469727 0.390625 0.0195312 0.046875
0 0.0997666 0.371094 0.59668 0.0234375 0.0371094
0 0.10251 0.489746 0.77002 0.0244141 0.0419922
0 0.105382 0.388184 0.0615234 0.0244141 0.0644531
0 0.109213 0.678711 0.422363 0.0136719 0.0283203
0 0.110089 0.919922 0.642578 0.0136719 0.0234375
0 0.110248 0.367676 0.459473 0.0224609 0.0224609
0 0.114307 0.0449219 0.565918 0.0175781 0.0283203
0 0.118282 0.726562 0.56543 0.0527344 0.146484
0 0.118901 0.146484 0.659668 0.0078125 0.0126953
0 0.126139 0.0327148 0.289062 0.0498047 0.0820312
0 0.127167 0.29834 0.591309 0.0400391 0.0302734
0 0.134035 0.491211 0.310059 0.0371094 0.0361328
0 0.139698 0.199707 0.239746 0.0478516 0.110352
0 0.145968 0.655762 0.444824 0.0400391 0.0478516
0 0.161831 0.372559 0.35498 0.0244141 0.0361328
0 0.166284 0.666504 0.775391 0.0302734 0.0507812
0 0.168577 0.0273438 0.762207 0.0371094 0.0478516
0 0.169011 0.714844 0.587402 0.0292969 0.106445
0 0.170046 0.395508 0.344238 0.046875 0.0673828
0 0.174507 0.720703 0.430176 0.0136719 0.0283203
0 0.208692 0.441406 0.379883 0.0175781 0.0273438
0 0.211897 0.718262 0.445801 0.0185547 0.0576172
0 0.250924 0.674316 0.522461 0.0380859 0.0449219
0 0.254132 0.872559 0.80127 0.0634766 0.110352
0 0.257413 0.586914 0.416992 0.0214844 0.0234375
0 0.273237 0.803711 0.232422 0.0273438 0.0429688
0 0.324434 0.751465 0.391113 0.0419922 0.0791016
0 0.332943 0.288574 0.466797 0.0244141 0.0390625
0 0.33319 0.27002 0.791992 0.0244141 0.0507812
0 0.342234 0.131836 0.222656 0.0214844 0.0390625
0 0.353096 0.0727539 0.181641 0.0712891 0.0839844
0 0.354926 0.538574 0.0307617 0.0439453 0.0615234
0 0.366915 0.758301 0.780762 0.0576172 0.0771484
0 0.376927 0.106934 0.726562 0.0419922 0.0566406
0 0.37813 0.47168 0.37207 0.0214844 0.0449219
0 0.418303 0.405273 0.354004 0.0273438 0.0595703
0 0.42412 0.317383 0.165039 0.046875 0.0683594
0 0.428653 0.290039 0.591309 0.0175781 0.0263672
0 0.446114 0.37793 0.342285 0.0292969 0.0576172
0 0.460237 0.818848 0.40918 0.0400391 0.0664062
0 0.487515 0.562012 0.17041 0.0302734 0.0673828
0 0.49243 0.182617 0.275391 0.0371094 0.0585938
0 0.500503 0.537109 0.312012 0.0390625 0.0751953
0 0.501149 0.205078 0.210938 0.0371094 0.0605469
0 0.517475 0.432129 0.123047 0.0263672 0.0742188
0 0.55385 0.230469 0.0849609 0.0253906 0.0585938
0 0.555335 0.869629 0.310059 0.0244141 0.0537109
