0 0.00434254 0.502441 0.253906 0.0439453 0.0527344
0 0.00434977 0.991699 0.0546875 0.0166016 0.0761719
0 0.0043613 0.328125 0.0507812 0.0214844 0.0292969
0 0.00436313 0.349121 0.591797 0.0634766 0.0839844
0 0.00436871 0.39209 0.847168 0.0673828 0.0556641
0 0.00438622 0.292969 0.583984 0.0371094 0.0488281
0 0.00439206 0.34668 0.480957 0.0253906 0.0478516
0 0.0044041 0.414062 0.393066 0.0351562 0.0439453
0 0.00441693 0.166504 0.343262 0.0302734 0.0380859
0 0.00442238 0.852051 0.706543 0.0439453 0.0537109
0 0.00442559 0.843262 0.6875 0.0263672 0.0371094
0 0.00442638 0.884277 0.694824 0.0224609 0.0263672
0 0.00442907 0.286621 0.820801 0.0302734 0.0478516
0 0.00444975 0.567383 0.677734 0.03125 0.046875
0 0.00445211 0.488281 0.831055 0.0195312 0.0175781
0 0.00445586 0.0947266 0.984375 0.03125 0.0292969
0 0.00447533 0.73291 0.125488 0.0771484 0.0947266
0 0.00447746 0.602051 0.432617 0.0380859 0.0488281
0 0.00447784 0.103027 0.818359 0.0361328 0.0351562
0 0.00447914 0.456543 0.131836 0.0205078 0.0410156
0 0.00448149 0.539551 0.730469 0.0263672 0.0292969
0 0.00448348 0.291504 0.642578 0.0478516 0.0839844
0 0.00450644 0.691406 0.0332031 0.132812 0.0585938
0 0.00450747 0.165039 0.723145 0.0429688 0.0537109
0 0.0045083 0.967285 0.360352 0.0615234 0.121094
0 0.00451068 0.285645 0.334473 0.0322266 0.0380859
0 0.00451146 0.529785 0.512207 0.0419922 0.0654297
0 0.00451151 0.183105 0.80957 0.0224609 0.0429688
0 0.00451265 0.438477 0.407227 0.0566406 0.0566406
0 0.00451274 0.318848 0.987793 0.0712891 0.0244141
0 0.00451468 0.986816 0.379883 0.0185547 0.152344
0 0.00452459 0.664062 0.112793 0.0410156 0.0615234
0 0.0045286 0.428223 0.603027 0.0439453 0.0439453
0 0.00453685 0.66748 0.467285 0.0322266 0.0400391
0 0.00454248 0.986328 0.941895 0.0273438 0.0478516
0 0.0045462 0.444336 0.203125 0.03125 0.03125
0 0.00455277 0.0712891 0.226562 0.03125 0.0332031
0 0.00455476 0.689941 0.653809 0.0302734 0.0478516
0 0.00456398 0.529297 0.786621 0.0839844 0.0927734
0 0.00456808 0.437988 0.192871 0.0478516 0.0341797
0 0.00457161 0.39209 0.88623 0.0224609 0.0361328
0 0.00457797 0.494141 0.00732422 0.0351562 0.0107422
0 0.0045869 0.17627 0.14502 0.0263672 0.0361328
0 0.00459966 0.678223 0.296875 0.0400391 0.0410156
0 0.00460605 0.636719 0.318848 0.0566406 0.0576172
0 0.00460745 0.681152 0.920898 0.0419922 0.0566406
0 0.00461166 0.562988 0.431152 0.0341797 0.0380859
0 0.00461454 0.601562 0.745117 0.0449219 0.0527344
0 0.00462451 0.340332 0.666992 0.0419922 0.0527344
0 0.00462884 0.285645 0.901855 0.0302734 0.0439453
0 0.00462944 0.378906 0.0141602 0.0351562 0.0283203
0 0.0046312 0.0942383 0.966797 0.0654297 0.0625
0 0.0046658 0.539062 0.979492 0.0625 0.0332031
0 0.00467087 0.682617 0.714355 0.0800781 0.0947266
0 0.00467136 0.918457 0.0981445 0.0205078 0.0341797
0 0.00470799 0.557129 0.508301 0.0380859 0.0576172
0 0.00473081 0.705566 0.0898438 0.0205078 0.0488281
0 0.0047332 0.394043 0.00683594 0.0341797 0.0136719
0 0.00474016 0.918945 0.0708008 0.0664062 0.0751953
0 0.00474098 0.466797 0.14502 0.0351562 0.0458984
0 0.00474416 0.0693359 0.150879 0.03125 0.0322266
0 0.00474453 0.685059 0.311523 0.0380859 0.0449219
0 0.00475876 0.481445 0.146973 0.0429688 0.0361328
0 0.00476529 0.754883 0.475098 0.0253906 0.0439453
0 0.00477166 0.163574 0.110352 0.0361328 0.0371094
0 0.00477187 0.416992 0.956543 0.0410156 0.0634766
0 0.00477551 0.625977 0.30127 0.0214844 0.0224609
0 0.00480303 0.527344 0.0439453 0.0488281 0.0644531
0 0.00481654 0.8125 0.973145 0.0351562 0.0361328
0 0.00484085 0.846191 0.158691 0.0361328 0.0517578
0 0.00484877 0.782227 0.193848 0.0703125 0.100586
0 0.00485233 0.370605 0.735352 0.0244141 0.0429688
0 0.00485616 0.224609 0.34375 0.03125 0.0332031
0 0.00486144 0.214355 0.639648 0.0439453 0.0507812
0 0.0048699 0.172852 0.418945 0.0175781 0.0253906
0 0.00487636 0.320312 0.533203 0.078125 0.0996094
0 0.00488292 0.947754 0.467773 0.0478516 0.0488281
0 0.00488333 0.664062 0.0175781 0.0820312 0.0292969
0 0.00488393 0.411133 0.204102 0.00976562 0.0292969
0 0.00488397 0.0605469 0.774414 0.0371094 0.0449219
0 0.00488764 0.633301 0.23291 0.0205078 0.0556641
0 0.00489385 0.842773 0.222168 0.0449219 0.0478516
0 0.00489386 0.757324 0.306641 0.0205078 0.0351562
0 0.00489767 0.233398 0.257324 0.0332031 0.0341797
0 0.00489884 0.473145 0.288086 0.0185547 0.0273438
0 0.00491612 0.512207 0.553223 0.0380859 0.0615234
0 0.0049171 0.344727 0.37207 0.0585938 0.0546875
0 0.0049175 0.865723 0.989746 0.0302734 0.0205078
0 0.00492078 0.696777 0.874023 0.0439453 0.0449219
0 0.0049362 0.242188 0.77002 0.0488281 0.0537109
0 0.00494763 0.397461 0.61084 0.046875 0.0556641
0 0.00494862 0.901367 0.916016 0.046875 0.0546875
0 0.00494988 0.762207 0.542969 0.0458984 0.0507812
0 0.00501579 0.629395 0.758301 0.0458984 0.0595703
0 0.00501878 0.125977 0.38916 0.0507812 0.0615234
0 0.00502128 0.668945 0.543457 0.0507812 0.0517578
0 0.00502746 0.0771484 0.710449 0.0195312 0.0341797
0 0.00502851 0.556641 0.550781 0.046875 0.0507812
0 0.00504021 0.0839844 0.887207 0.0273438 0.0341797
0 0.00504105 0.269531 0.791016 0.0273438 0.0410156
0 0.00505029 0.295898 0.569824 0.0625 0.0732422
0 0.00505048 0.944336 0.720703 0.0878906 0.115234
0 0.00505322 0.658203 0.57959 0.0507812 0.0556641
0 0.00506227 0.66748 0.935547 0.0712891 0.0566406
0 0.00506699 0.191895 0.327148 0.0517578 0.0527344
0 0.00507664 0.0429688 0.961914 0.0488281 0.0546875
0 0.00507679 0.644043 0.204102 0.0283203 0.0546875
0 0.00508398 0.115234 0.958984 0.0351562 0.0429688
0 0.00509286 0.168457 0.331055 0.0263672 0.0292969
0 0.00509871 0.0361328 0.00683594 0.0292969 0.0136719
0 0.00510288 0.242188 0.740234 0.0253906 0.03125
0 0.00511167 0.125 0.862793 0.0273438 0.0361328
0 0.0051255 0.39209 0.146484 0.0244141 0.0449219
0 0.00513095 0.898438 0.751465 0.0449219 0.0458984
0 0.00514295 0.766113 0.0375977 0.0498047 0.0478516
0 0.0051469 0.616211 0.504395 0.0703125 0.0927734
0 0.00514697 0.847656 0.550293 0.0683594 0.0556641
0 0.00514801 0.277344 0.628418 0.193359 0.180664
0 0.00515219 0.256348 0.809082 0.0439453 0.0693359
0 0.00516203 0.467773 0.185059 0.0605469 0.0556641
0 0.00516304 0.299805 0.200195 0.0878906 0.0859375
0 0.00516723 0.0180664 0.392578 0.0283203 0.0859375
0 0.00516875 0.134766 0.640137 0.078125 0.0595703
0 0.00519908 0.157227 0.617188 0.046875 0.0605469
0 0.00520242 0.737793 0.135254 0.0517578 0.0517578
0 0.00521238 0.0825195 0.0932617 0.0419922 0.0283203
0 0.00521399 0.48291 0.325195 0.0478516 0.0351562
0 0.0052146 0.034668 0.557617 0.0400391 0.0507812
0 0.00521714 0.900391 0.978027 0.0234375 0.0439453
0 0.00522075 0.556152 0.0703125 0.0439453 0.0507812
0 0.00522104 0.432129 0.254883 0.0478516 0.0429688
0 0.00522633 0.849121 0.758301 0.0263672 0.0380859
0 0.00522641 0.266602 0.0546875 0.0371094 0.0488281
0 0.00523463 0.447754 0.372559 0.0498047 0.0576172
0 0.00525671 0.503906 0.239746 0.0332031 0.0419922
0 0.00526235 0.537598 0.493652 0.0400391 0.0419922
0 0.00526552 0.213379 0.257812 0.0302734 0.03125
0 0.00526724 0.655762 0.46875 0.0419922 0.0507812
0 0.00526828 0.321289 0.0727539 0.0566406 0.0712891
0 0.00527604 0.416504 0.980957 0.0595703 0.0380859
0 0.00528252 0.0791016 0.20459 0.0371094 0.0341797
0 0.00528475 0.194824 0.581543 0.0517578 0.0673828
0 0.00528544 0.65918 0.112793 0.0214844 0.0478516
0 0.00528731 0.883301 0.303711 0.0654297 0.0507812
0 0.00530163 0.386719 0.90918 0.0625 0.0878906
0 0.0053022 0.691895 0.705566 0.0361328 0.0615234
0 0.00530748 0.422363 0.364746 0.0205078 0.0400391
0 0.00531039 0.21582 0.881348 0.0371094 0.0673828
0 0.00532994 0.103516 0.750488 0.0546875 0.0556641
0 0.00533665 0.379883 0.952148 0.126953 0.0957031
0 0.00534073 0.480957 0.380859 0.0458984 0.0566406
0 0.00534436 0.304199 0.300293 0.0322266 0.0693359
0 0.00534683 0.969238 0.443848 0.0615234 0.0849609
0 0.00534794 0.439941 0.562988 0.0654297 0.0732422
0 0.00536133 0.124512 0.832031 0.0302734 0.0507812
0 0.00536212 0.268066 0.427246 0.0146484 0.0205078
0 0.00536779 0.467285 0.993164 0.0380859 0.0136719
0 0.00537222 0.289551 0.153809 0.0185547 0.0224609
0 0.00537958 0.718262 0.536621 0.0576172 0.0595703
0 0.00538252 0.255859 0.604004 0.0449219 0.0576172
0 0.00539633 0.215332 0.333984 0.0693359 0.0683594
0 0.00539909 0.45166 0.806641 0.0361328 0.0429688
0 0.00542804 0.167969 0.749512 0.0625 0.0869141
0 0.00543865 0.585938 0.503906 0.0429688 0.0683594
0 0.00547787 0.164551 0.0253906 0.0419922 0.046875
0 0.00550023 0.848633 0.695312 0.0292969 0.0332031
0 0.00550309 0.675781 0.247559 0.0292969 0.0341797
0 0.00553061 0.180176 0.813477 0.0400391 0.0566406
0 0.00553623 0.391602 0.890625 0.0429688 0.0546875
0 0.00553867 0.60791 0.98584 0.0712891 0.0185547
0 0.00555524 0.0307617 0.726074 0.0595703 0.0712891
0 0.00555737 0.889648 0.739746 0.0351562 0.0341797
0 0.00556099 0.45459 0.194824 0.0341797 0.0283203
0 0.00556331 0.842773 0.982422 0.0488281 0.0351562
0 0.00557431 0.229004 0.0551758 0.0654297 0.0556641
0 0.0055806 0.109863 0.830078 0.0439453 0.0488281
0 0.00558091 0.703613 0.699707 0.0458984 0.0830078
0 0.00560537 0.0668945 0.938477 0.102539 0.0859375
0 0.00562421 0.350586 0.37793 0.0253906 0.0429688
0 0.00562455 0.0078125 0.699707 0.015625 0.0244141
0 0.00562566 0.259766 0.973145 0.015625 0.0244141
0 0.00565365 0.363281 0.930176 0.046875 0.0537109
0 0.00565426 0.249512 0.257324 0.0419922 0.0537109
0 0.00565804 0.728516 0.0791016 0.0625 0.0390625
0 0.0056647 0.458008 0.0170898 0.0410156 0.0322266
0 0.00566639 0.0522461 0.914551 0.0439453 0.0341797
0 0.00567551 0.0371094 0.381348 0.0664062 0.0966797
0 0.00567973 0.856934 0.0166016 0.0751953 0.0332031
0 0.005684 0.643066 0.957031 0.114258 0.078125
0 0.005698 0.0107422 0.761719 0.0214844 0.0761719
0 0.00569937 0.992676 0.47168 0.0146484 0.0566406
0 0.00570097 0.00976562 0.910156 0.0175781 0.0761719
0 0.0057065 0.922363 0.87207 0.0419922 0.0488281
0 0.00570751 0.282715 0.879395 0.116211 0.108398
0 0.00571519 0.52002 0.373047 0.0458984 0.046875
0 0.00574806 0.801758 0.588379 0.0273438 0.0498047
0 0.00577697 0.82959 0.0952148 0.0654297 0.0712891
0 0.00580487 0.384277 0.436523 0.0634766 0.0410156
0 0.00586666 0.637207 0.0170898 0.0673828 0.0341797
0 0.00586849 0.872559 0.980957 0.0244141 0.0380859
0 0.0058731 0.883301 0.928711 0.0322266 0.0449219
0 0.00589648 0.304688 0.595703 0.0488281 0.0683594
0 0.00590383 0.75293 0.182617 0.0820312 0.0820312
0 0.00591278 0.00537109 0.181641 0.0107422 0.0253906
0 0.00592782 0.724609 0.959473 0.03125 0.0400391
0 0.00594123 0.00732422 0.416992 0.0146484 0.0390625
0 0.0059469 0.781738 0.00878906 0.0693359 0.0175781
0 0.00596646 0.983887 0.775391 0.0283203 0.0917969
0 0.00596832 0.586914 0.481445 0.0273438 0.03125
0 0.00597918 0.670898 0.864746 0.0429688 0.0771484
0 0.00598055 0.206543 0.327637 0.0302734 0.0322266
0 0.0059825 0.258789 0.645996 0.0527344 0.0732422
0 0.00599294 0.234375 0.745117 0.0292969 0.0351562
0 0.00600247 0.271973 0.197754 0.0458984 0.0458984
0 0.00600512 0.689941 0.644531 0.0205078 0.03125
0 0.00602462 0.602539 0.451172 0.0273438 0.03125
0 0.00602496 0.894043 0.904297 0.0771484 0.0917969
0 0.00602886 0.645996 0.248535 0.0458984 0.0458984
0 0.00603791 0.150391 0.437988 0.0527344 0.0595703
0 0.00605216 0.446289 0.364258 0.0175781 0.0253906
0 0.0060746 0.187012 0.771484 0.0263672 0.0351562
0 0.00609928 0.105469 0.00878906 0.03125 0.0175781
0 0.0061044 0.314453 0.199707 0.0488281 0.0478516
0 0.00612383 0.397461 0.617188 0.0253906 0.03125
0 0.00613544 0.729004 0.979004 0.0322266 0.0419922
0 0.00615395 0.237793 0.880371 0.0322266 0.0419922
0 0.00615984 0.217773 0.618164 0.0605469 0.0878906
0 0.00616513 0.731934 0.495605 0.0556641 0.0947266
0 0.00617271 0.632324 0.412598 0.0283203 0.0263672
0 0.00618702 0.656738 0.205566 0.0400391 0.0654297
0 0.00619333 0.560059 0.743652 0.0458984 0.0498047
0 0.00620659 0.445801 0.992188 0.0341797 0.0117188
0 0.00620844 0.960449 0.378906 0.0791016 0.226562
0 0.00621582 0.977051 0.256348 0.0361328 0.0283203
0 0.00622154 0.333984 0.981934 0.0839844 0.0283203
0 0.00622318 0.734375 0.739258 0.0234375 0.0273438
0 0.00623165 0.887695 0.569336 0.0546875 0.0566406
0 0.00623555 0.29834 0.162598 0.0400391 0.0498047
0 0.00623925 0.414062 0.94873 0.0761719 0.0849609
0 0.00624377 0.913086 0.758301 0.0371094 0.0478516
0 0.0062468 0.516113 0.212402 0.0263672 0.0400391
0 0.00624856 0.134277 0.127441 0.0380859 0.0498047
0 0.00626722 0.0288086 0.601562 0.0244141 0.0234375
0 0.00631399 0.473145 0.157227 0.0302734 0.0429688
0 0.00633171 0.58252 0.410645 0.0341797 0.0537109
0 0.00633959 0.629883 0.570801 0.0488281 0.0576172
0 0.0063493 0.329102 0.193848 0.03125 0.0419922
0 0.00635647 0.737793 0.811523 0.0400391 0.0410156
0 0.00637337 0.204102 0.398438 0.03125 0.0390625
0 0.00641968 0.0649414 0.938477 0.0556641 0.046875
0 0.00643449 0.680176 0.445312 0.0498047 0.0585938
0 0.00644581 0.144043 0.803711 0.0576172 0.0664062
0 0.00648299 0.711914 0.603027 0.0273438 0.0380859
0 0.00649092 0.942871 0.772949 0.0283203 0.0361328
0 0.00649607 0.993652 0.357422 0.0126953 0.0546875
0 0.00650638 0.170898 0.629395 0.046875 0.0595703
0 0.00652117 0.588379 0.448242 0.0556641 0.0605469
0 0.00652931 0.383789 0.949707 0.0214844 0.0380859
0 0.00657408 0.646484 0.555664 0.0683594 0.0761719
0 0.00657779 0.766602 0.0351562 0.0292969 0.03125
0 0.00659114 0.583008 0.991211 0.0703125 0.0175781
0 0.0066068 0.957031 0.57666 0.0820312 0.0888672
0 0.00661867 0.332031 0.325195 0.0214844 0.0292969
0 0.00662598 0.20752 0.897949 0.0322266 0.0419922
0 0.00663196 0.905762 0.448242 0.0712891 0.0976562
0 0.0066326 0.669434 0.591309 0.0498047 0.0576172
0 0.00664894 0.174805 0.631836 0.173828 0.148438
0 0.00664941 0.25293 0.8125 0.015625 0.03125
0 0.00665117 0.974121 0.92334 0.0498047 0.0888672
0 0.00665948 0.290527 0.839844 0.0341797 0.0664062
0 0.00666163 0.537598 0.237305 0.0185547 0.0234375
0 0.00667472 0.0854492 0.288574 0.0146484 0.0244141
0 0.00667893 0.734375 0.417969 0.0195312 0.0273438
0 0.00669953 0.563477 0.73877 0.0703125 0.0849609
0 0.00670577 0.82373 0.693848 0.0908203 0.0771484
0 0.00670888 0.945312 0.86377 0.0429688 0.0380859
0 0.00672608 0.523926 0.120117 0.0439453 0.0507812
0 0.0067586 0.293457 0.62793 0.0263672 0.0625
0 0.00676064 0.197266 0.984863 0.0234375 0.0263672
0 0.00677627 0.30957 0.28125 0.0253906 0.0566406
0 0.00681478 0.830078 0.987305 0.0507812 0.0253906
0 0.00683796 0.40625 0.897949 0.03125 0.0400391
0 0.00684313 0.110352 0.167969 0.0488281 0.0664062
0 0.00684509 0.990234 0.0214844 0.0195312 0.0429688
0 0.00687761 0.320312 0.0488281 0.0996094 0.078125
0 0.00687802 0.0927734 0.788086 0.0410156 0.046875
0 0.00688713 0.341309 0.864746 0.0322266 0.0341797
0 0.00688817 0.00976562 0.868164 0.0195312 0.0351562
0 0.00689184 0.208984 0.376953 0.0839844 0.0878906
0 0.00689568 0.695801 0.0170898 0.100586 0.0224609
0 0.00692092 0.652832 0.0078125 0.0380859 0.0136719
0 0.00692102 0.469727 0.208984 0.03125 0.0273438
0 0.00694302 0.451172 0.748047 0.0332031 0.0507812
0 0.00695165 0.990234 0.98877 0.0195312 0.0224609
0 0.00700163 0.620117 0.0112305 0.0507812 0.0224609
0 0.00700426 0.0185547 0.338867 0.0253906 0.0214844
0 0.00703702 0.779785 0.23877 0.0361328 0.0556641
0 0.00705528 0.573242 0.775391 0.0546875 0.0625
0 0.00706405 0.043457 0.858887 0.0400391 0.0517578
0 0.00707731 0.466797 0.235352 0.0722656 0.0722656
0 0.00709775 0.541504 0.14502 0.0302734 0.0322266
0 0.00710178 0.228516 0.456055 0.015625 0.015625
0 0.00711626 0.35498 0.643555 0.0341797 0.0371094
0 0.00711855 0.232422 0.592285 0.0507812 0.0556641
0 0.00718536 0.270508 0.770996 0.03125 0.0380859
0 0.00720541 0.841797 0.713379 0.0605469 0.0869141
0 0.00721525 0.944824 0.0585938 0.0634766 0.0722656
0 0.00722347 0.0112305 0.408691 0.0185547 0.0595703
0 0.0072448 0.28418 0.727051 0.0410156 0.0517578
0 0.0072695 0.0966797 0.989746 0.046875 0.0166016
0 0.00728412 0.656738 0.233398 0.0537109 0.0820312
0 0.00729289 0.0732422 0.209473 0.0664062 0.0537109
0 0.00731137 0.398438 0.305176 0.0136719 0.0380859
0 0.00732417 0.593262 0.237305 0.0224609 0.0351562
0 0.00733015 0.881836 0.978516 0.0214844 0.0429688
0 0.00733964 0.986816 0.0629883 0.0263672 0.108398
0 0.00737365 0.00732422 0.933594 0.0146484 0.0351562
0 0.00741244 0.86084 0.29541 0.0380859 0.0419922
0 0.00741673 0.615234 0.758789 0.0566406 0.078125
0 0.00745313 0.583984 0.21582 0.0253906 0.0449219
0 0.00745583 0.541504 0.767578 0.0556641 0.0761719
0 0.00748976 0.989258 0.886719 0.0214844 0.0410156
0 0.00749227 0.321289 0.616699 0.046875 0.0537109
0 0.00751157 0.808594 0.753906 0.078125 0.0566406
0 0.00758445 0.930664 0.744629 0.0429688 0.0634766
0 0.00758556 0.0673828 0.796387 0.0292969 0.0322266
0 0.00760129 0.0917969 0.774414 0.0859375 0.0859375
0 0.00760515 0.858398 0.737793 0.0683594 0.0751953
0 0.00760627 0.245117 0.37793 0.0117188 0.0234375
0 0.00761256 0.612305 0.182617 0.0410156 0.0546875
0 0.00764136 0.872559 0.978027 0.0537109 0.0322266
0 0.00769038 0.728516 0.461426 0.0546875 0.0576172
0 0.00769452 0.309082 0.517578 0.0400391 0.03125
0 0.00775603 0.00976562 0.892578 0.0195312 0.0371094
0 0.00776909 0.0825195 0.0112305 0.0400391 0.0205078
0 0.00780188 0.568848 0.989746 0.0322266 0.0205078
0 0.00782347 0.243164 0.185059 0.0273438 0.0458984
0 0.00782974 0.731934 0.233887 0.0478516 0.0556641
0 0.00784313 0.871582 0.00878906 0.0634766 0.0175781
0 0.00787645 0.494141 0.0107422 0.0566406 0.0214844
0 0.00788443 0.205566 0.567871 0.0341797 0.0380859
0 0.00790673 0.526855 0.990723 0.0166016 0.0185547
0 0.00792236 0.213379 0.804199 0.0673828 0.0712891
0 0.00795111 0.340332 0.617676 0.0400391 0.0478516
0 0.00796228 0.388184 0.505859 0.116211 0.138672
0 0.00796727 0.915527 0.726074 0.0126953 0.0205078
0 0.00797742 0.250977 0.307129 0.03125 0.0439453
0 0.00800383 0.353027 0.92041 0.0361328 0.0498047
0 0.00801216 0.307129 0.882812 0.0380859 0.078125
0 0.0080454 0.630859 0.352539 0.0546875 0.078125
0 0.00804994 0.27832 0.0268555 0.0664062 0.0537109
0 0.00808835 0.312988 0.136719 0.0537109 0.0429688
0 0.00809581 0.379395 0.789551 0.0244141 0.0322266
0 0.00810004 0.214355 0.231445 0.0380859 0.0507812
0 0.00810344 0.525391 0.541992 0.0527344 0.0820312
0 0.00810902 0.0400391 0.875488 0.0195312 0.0244141
0 0.00813681 0.174316 0.259277 0.0498047 0.0458984
0 0.00815523 0.990723 0.663574 0.0185547 0.0419922
0 0.00816926 0.967285 0.0424805 0.0634766 0.0771484
0 0.00817422 0.00585938 0.303223 0.0117188 0.0380859
0 0.00821097 0.257812 0.844727 0.0839844 0.121094
0 0.00821884 0.121094 0.00927734 0.0488281 0.0185547
0 0.00823137 0.771973 0.019043 0.0810547 0.0302734
0 0.00823944 0.208496 0.363281 0.0361328 0.0429688
0 0.00825234 0.0786133 0.990723 0.0283203 0.0146484
0 0.00826489 0.118652 0.0205078 0.0380859 0.0410156
0 0.00830265 0.362305 0.0234375 0.0839844 0.046875
0 0.00835216 0.13623 0.431152 0.0439453 0.0517578
0 0.0083714 0.67627 0.29248 0.0537109 0.0908203
0 0.00839348 0.268066 0.582031 0.0537109 0.0429688
0 0.00839671 0.141113 0.396484 0.0458984 0.0449219
0 0.00840428 0.751465 0.804199 0.0576172 0.0751953
0 0.00840536 0.645508 0.441406 0.0488281 0.0742188
0 0.00843976 0.24707 0.166992 0.0195312 0.0214844
0 0.00844911 0.312012 0.554688 0.0380859 0.0644531
0 0.00846803 0.382812 0.943848 0.0546875 0.0634766
0 0.00847246 0.336914 0.594238 0.0371094 0.0537109
0 0.00850459 0.138672 0.408203 0.0761719 0.113281
0 0.00853442 0.546875 0.740723 0.0371094 0.0400391
0 0.00855252 0.381348 0.155273 0.0205078 0.0390625
0 0.0085625 0.830078 0.130371 0.046875 0.0888672
0 0.00859669 0.245117 0.772949 0.0820312 0.0849609
0 0.00860677 0.0463867 0.915039 0.0302734 0.0214844
0 0.00860734 0.0458984 0.373047 0.0390625 0.0664062
0 0.00864856 0.636719 0.483398 0.0585938 0.0566406
0 0.00865375 0.417969 0.749512 0.0605469 0.0498047
0 0.00870276 0.751465 0.470215 0.0205078 0.0263672
0 0.00871609 0.157227 0.233398 0.03125 0.0390625
0 0.00872396 0.23291 0.23877 0.0361328 0.0458984
0 0.00873682 0.339355 0.940918 0.0810547 0.0947266
0 0.00876271 0.30127 0.25 0.0224609 0.03125
0 0.00877168 0.728516 0.415039 0.0273438 0.0390625
0 0.00882361 0.0795898 0.050293 0.0439453 0.0673828
0 0.00885604 0.40918 0.602051 0.0449219 0.0458984
0 0.00889138 0.742676 0.177734 0.0341797 0.0371094
0 0.00889442 0.993164 0.432617 0.0136719 0.0566406
0 0.0089097 0.356445 0.464355 0.0429688 0.0498047
0 0.00891891 0.703125 0.669922 0.0703125 0.0917969
0 0.00891994 0.242676 0.804199 0.0517578 0.0458984
0 0.008931 0.71582 0.0888672 0.0507812 0.0488281
0 0.00893826 0.60498 0.199219 0.0751953 0.0996094
0 0.00895086 0.400879 0.422363 0.0478516 0.0498047
0 0.00899114 0.699707 0.342773 0.0244141 0.046875
0 0.00900169 0.990234 0.358887 0.0195312 0.0751953
0 0.00900842 0.309082 0.916016 0.0263672 0.0351562
0 0.00902022 0.195801 0.280273 0.0419922 0.0527344
0 0.00904131 0.538086 0.932617 0.0390625 0.0546875
0 0.0090578 0.478027 0.0200195 0.0849609 0.0380859
0 0.00906012 0.0463867 0.00878906 0.0302734 0.0175781
0 0.00907234 0.889648 0.425781 0.0703125 0.115234
0 0.00912148 0.404785 0.722656 0.0439453 0.046875
0 0.00914521 0.743652 0.516602 0.0283203 0.0507812
0 0.00917719 0.393066 0.157715 0.0361328 0.0439453
0 0.00932151 0.291992 0.825195 0.0195312 0.0253906
0 0.00932171 0.418945 0.358887 0.0117188 0.0283203
0 0.00932491 0.644531 0.0102539 0.0507812 0.0205078
0 0.00936098 0.255859 0.240234 0.0371094 0.0488281
0 0.00936824 0.675781 0.984863 0.0605469 0.0205078
0 0.00940299 0.456055 0.974121 0.0371094 0.0439453
0 0.00943132 0.281738 0.595215 0.0458984 0.0556641
0 0.00945809 0.871094 0.712402 0.046875 0.0791016
0 0.00945959 0.180176 0.0385742 0.0224609 0.0205078
0 0.00947356 0.692871 0.581543 0.0439453 0.0595703
0 0.00948968 0.573242 0.717285 0.0429688 0.0830078
0 0.00952377 0.238281 0.097168 0.0742188 0.112305
0 0.0095317 0.0170898 0.883301 0.0302734 0.0576172
0 0.00955177 0.244629 0.254883 0.0322266 0.0292969
0 0.00956912 0.106445 0.198242 0.0488281 0.0351562
0 0.00962101 0.0429688 0.82373 0.0390625 0.0458984
0 0.00968138 0.712402 0.931152 0.0302734 0.0693359
0 0.00968917 0.908691 0.0419922 0.102539 0.0820312
0 0.00970963 0.52002 0.0771484 0.0341797 0.0722656
0 0.00973743 0.428223 0.373047 0.0224609 0.0410156
0 0.00977153 0.637207 0.413574 0.0458984 0.0517578
0 0.00977863 0.227051 0.820312 0.108398 0.121094
0 0.00978318 0.670898 0.567871 0.0507812 0.0556641
0 0.00980293 0.855469 0.991211 0.0273438 0.0175781
0 0.00980886 0.0878906 0.803223 0.0507812 0.0537109
0 0.00981229 0.616699 0.408203 0.0576172 0.0566406
0 0.00985003 0.700195 0.219727 0.0957031 0.0722656
0 0.00985273 0.804688 0.77002 0.0507812 0.0615234
0 0.00989704 0.12793 0.0649414 0.0976562 0.114258
0 0.00990373 0.301758 0.617676 0.03125 0.0517578
0 0.00995914 0.216797 0.864746 0.0605469 0.0966797
0 0.00998772 0.455566 0.0288086 0.0830078 0.0576172
0 0.0100259 0.528809 0.23291 0.0322266 0.0361328
0 0.0100691 0.895996 0.354004 0.0205078 0.0478516
0 0.0101018 0.0219727 0.866699 0.0322266 0.0380859
0 0.0101509 0.413574 0.593262 0.0732422 0.0869141
0 0.0101552 0.296387 0.710449 0.0478516 0.0576172
0 0.0101642 0.696777 0.981445 0.0595703 0.0351562
0 0.0101663 0.151855 0.0786133 0.0224609 0.0380859
0 0.0101729 0.678711 0.731934 0.0234375 0.0263672
0 0.0101827 0.0341797 0.593262 0.0371094 0.0380859
0 0.0101979 0.410156 0.00830078 0.0429688 0.0166016
0 0.0102172 0.697266 0.214844 0.046875 0.0488281
0 0.0102443 0.550293 0.584473 0.0498047 0.0615234
0 0.0102542 0.688965 0.351562 0.0400391 0.0585938
0 0.0102667 0.828125 0.779297 0.0449219 0.0664062
0 0.0102781 0.539062 0.400879 0.0214844 0.0263672
0 0.0102835 0.0556641 0.0136719 0.0332031 0.0273438
0 0.0103443 0.629883 0.248535 0.0175781 0.0400391
0 0.0103466 0.219727 0.291016 0.0449219 0.0605469
0 0.010372 0.350586 0.710938 0.0996094 0.0664062
0 0.0103936 0.915527 0.370117 0.149414 0.201172
0 0.0103979 0.319336 0.918945 0.0371094 0.0390625
0 0.0104452 0.577637 0.544434 0.0302734 0.0419922
0 0.0104495 0.279785 0.712402 0.0654297 0.0810547
0 0.0104772 0.971191 0.671387 0.0439453 0.0419922
0 0.0105146 0.168945 0.237305 0.0371094 0.0390625
0 0.0105151 0.190918 0.603027 0.0673828 0.0947266
0 0.0105489 0.0913086 0.821777 0.0205078 0.0263672
0 0.0105882 0.608887 0.817871 0.0498047 0.0966797
0 0.0106129 0.798828 0.642578 0.0390625 0.0332031
0 0.0106656 0.328613 0.862305 0.0361328 0.0351562
0 0.0106727 0.312012 0.866211 0.0224609 0.0546875
0 0.0106777 0.443359 0.492188 0.0273438 0.0351562
0 0.0106883 0.0493164 0.37207 0.0283203 0.0410156
0 0.0107048 0.245605 0.269531 0.0947266 0.0859375
0 0.0107426 0.46875 0.21875 0.0390625 0.0332031
0 0.0107919 0.155762 0.597168 0.0634766 0.0458984
0 0.010792 0.291992 0.870605 0.0527344 0.0869141
0 0.0108209 0.67041 0.52002 0.0673828 0.0654297
0 0.0108349 0.128418 0.616211 0.0498047 0.0605469
0 0.0108585 0.237305 0.268066 0.03125 0.0341797
0 0.0108631 0.694824 0.63916 0.0224609 0.0458984
0 0.0108978 0.964844 0.660156 0.0703125 0.0722656
0 0.0109187 0.464355 0.231445 0.0302734 0.0292969
0 0.0109583 0.447754 0.683594 0.0283203 0.0566406
0 0.0110151 0.333984 0.92041 0.046875 0.0498047
0 0.0110255 0.64209 0.53125 0.0400391 0.046875
0 0.0110566 0.0258789 0.831543 0.0283203 0.0400391
0 0.0110581 0.983887 0.687988 0.0322266 0.0693359
0 0.0110759 0.514648 0.30957 0.0273438 0.0390625
0 0.0110767 0.162598 0.366699 0.0244141 0.0263672
0 0.0111028 0.495605 0.38916 0.0439453 0.0615234
0 0.0111046 0.0942383 0.199707 0.0224609 0.0283203
0 0.0111444 0.325684 0.540527 0.0341797 0.0595703
0 0.0111482 0.4375 0.966797 0.0683594 0.0605469
0 0.0113202 0.20459 0.269043 0.0439453 0.0380859
0 0.0113828 0.333008 0.953125 0.0566406 0.0390625
0 0.0114299 0.240234 0.736328 0.0136719 0.0214844
0 0.0114312 0.986328 0.448242 0.0273438 0.101562
0 0.0114412 0.543945 0.398438 0.0761719 0.0625
0 0.0114516 0.634277 0.473633 0.110352 0.125
0 0.0115374 0.661133 0.268555 0.0800781 0.0996094
0 0.0115986 0.723145 0.96875 0.0498047 0.0605469
0 0.011621 0.330566 0.501465 0.0419922 0.0556641
0 0.0117121 0.838867 0.697754 0.0410156 0.0478516
0 0.0117162 0.574707 0.687988 0.0263672 0.0439453
0 0.0118484 0.296387 0.152344 0.0244141 0.0292969
0 0.0118515 0.0112305 0.81543 0.0224609 0.0449219
0 0.0118562 0.345215 0.00830078 0.0576172 0.0146484
0 0.0119069 0.321289 0.50293 0.0332031 0.0371094
0 0.0119273 0.227539 0.756836 0.0351562 0.0527344
0 0.0119379 0.391602 0.97168 0.0449219 0.0507812
0 0.0120009 0.266113 0.978027 0.0322266 0.0322266
0 0.012051 0.88916 0.458496 0.0439453 0.0458984
0 0.012058 0.879395 0.357422 0.0556641 0.0605469
0 0.0121325 0.334473 0.0341797 0.0654297 0.0546875
0 0.012157 0.405273 0.852539 0.0371094 0.03125
0 0.0121808 0.800781 0.782715 0.0996094 0.100586
0 0.012202 0.387207 0.13916 0.0361328 0.0712891
0 0.0122275 0.165527 0.419922 0.0224609 0.03125
0 0.0122926 0.0600586 0.307129 0.0185547 0.0244141
0 0.0122981 0.106445 0.0947266 0.0371094 0.0566406
0 0.0123008 0.598145 0.779297 0.0419922 0.0585938
0 0.012374 0.693848 0.427734 0.0419922 0.0566406
0 0.0123766 0.659668 0.484375 0.0771484 0.0839844
0 0.0124079 0.87207 0.358398 0.0703125 0.111328
0 0.0124339 0.54541 0.00878906 0.0498047 0.0175781
0 0.0124437 0.341309 0.892578 0.0419922 0.0644531
0 0.0124906 0.521484 0.487793 0.0175781 0.0205078
0 0.0125185 0.938965 0.456055 0.12207 0.103516
0 0.0125232 0.245117 0.873535 0.0585938 0.0458984
0 0.0125544 0.217773 0.214844 0.0527344 0.0585938
0 0.012555 0.346191 0.137695 0.0576172 0.0488281
0 0.0125646 0.637207 0.211914 0.0517578 0.0507812
0 0.0125857 0.498047 0.0571289 0.0507812 0.0419922
0 0.0125928 0.640137 0.416992 0.0302734 0.0273438
0 0.0126247 0.184082 0.293945 0.0380859 0.0527344
0 0.0126382 0.390625 0.666992 0.0703125 0.0839844
0 0.0126444 0.0688477 0.0161133 0.0537109 0.0263672
0 0.0127526 0.227539 0.156738 0.0234375 0.0283203
0 0.0127846 0.265137 0.783203 0.0458984 0.0546875
0 0.0128353 0.141113 0.814941 0.0361328 0.0380859
0 0.0129211 0.645508 0.515625 0.0703125 0.078125
0 0.0129567 0.628418 0.779785 0.0537109 0.0751953
0 0.0129656 0.179199 0.231934 0.0302734 0.0400391
0 0.0129745 0.893066 0.0117188 0.0595703 0.0234375
0 0.0129916 0.991211 0.490723 0.0175781 0.0439453
0 0.0130832 0.779785 0.197754 0.0322266 0.0439453
0 0.0130862 0.286621 0.233398 0.0498047 0.0605469
0 0.0131203 0.155273 0.378418 0.0371094 0.0556641
0 0.0132134 0.255371 0.0102539 0.0498047 0.0205078
0 0.0132202 0.914062 0.463867 0.0703125 0.0507812
0 0.0132624 0.323242 0.966309 0.0761719 0.0537109
0 0.0132692 0.396484 0.564941 0.0253906 0.0244141
0 0.013398 0.835449 0.796875 0.0185547 0.0253906
0 0.013404 0.445801 0.706055 0.0341797 0.0644531
0 0.0134255 0.993164 0.947266 0.0136719 0.0449219
0 0.0134433 0.585938 0.160156 0.0195312 0.0390625
0 0.0135714 0.380371 0.709961 0.0556641 0.0566406
0 0.0135765 0.141602 0.176758 0.046875 0.0488281
0 0.0135775 0.981445 0.0224609 0.03125 0.0429688
0 0.013586 0.666504 0.393066 0.0869141 0.114258
0 0.0135863 0.867188 0.966309 0.103516 0.0634766
0 0.0136861 0.186523 0.305664 0.0292969 0.0292969
0 0.0137187 0.597168 0.40625 0.0419922 0.0585938
0 0.0137223 0.0483398 0.792969 0.0654297 0.0332031
0 0.0137501 0.309082 0.0253906 0.0341797 0.03125
0 0.0137587 0.181641 0.260254 0.0292969 0.0263672
0 0.0138298 0.216797 0.312988 0.0488281 0.0400391
0 0.0138468 0.243652 0.0854492 0.0439453 0.0537109
0 0.0138849 0.248535 0.121582 0.0283203 0.0693359
0 0.013983 0.882324 0.731445 0.0341797 0.046875
0 0.0139831 0.495117 0.230469 0.0507812 0.0429688
0 0.0140944 0.192871 0.214844 0.0419922 0.0527344
0 0.0141158 0.12793 0.170898 0.0878906 0.09375
0 0.0141764 0.21875 0.580078 0.0566406 0.0683594
0 0.0143087 0.683105 0.724609 0.0322266 0.0527344
0 0.0143487 0.509277 0.803223 0.0361328 0.0380859
0 0.0145074 0.228516 0.793457 0.0351562 0.0322266
0 0.0145249 0.968262 0.764648 0.0419922 0.0566406
0 0.0145637 0.151367 0.789551 0.0371094 0.0458984
0 0.014617 0.826172 0.974609 0.0722656 0.0507812
0 0.0148302 0.34375 0.704102 0.0410156 0.046875
0 0.0148469 0.769531 0.779785 0.0449219 0.0595703
0 0.0148846 0.843262 0.16748 0.0595703 0.0732422
0 0.0149125 0.139648 0.0546875 0.046875 0.0644531
0 0.0149825 0.287598 0.187988 0.0302734 0.0322266
0 0.0150664 0.0913086 0.983398 0.0634766 0.0253906
0 0.0152446 0.172852 0.691895 0.0371094 0.0732422
0 0.0153116 0.538574 0.393066 0.0302734 0.0419922
0 0.0153824 0.274414 0.730957 0.0332031 0.0302734
0 0.0154215 0.349609 0.873047 0.0410156 0.0410156
0 0.0154249 0.540527 0.373535 0.0341797 0.0341797
0 0.0154358 0.366699 0.0102539 0.0517578 0.0205078
0 0.0154582 0.146973 0.0688477 0.0322266 0.0400391
0 0.0155606 0.281738 0.211914 0.0419922 0.0566406
0 0.0155791 0.234375 0.344727 0.0351562 0.0546875
0 0.0156949 0.830078 0.799316 0.0292969 0.0380859
0 0.0157891 0.673828 0.213379 0.0585938 0.0673828
0 0.0158602 0.645508 0.454102 0.0351562 0.0390625
0 0.015913 0.992676 0.928223 0.0146484 0.0537109
0 0.0159335 0.410645 0.167969 0.0322266 0.0410156
0 0.0159779 0.29248 0.606445 0.0341797 0.0664062
0 0.0160686 0.956055 0.677734 0.0566406 0.0332031
0 0.0161144 0.890625 0.928711 0.0507812 0.0683594
0 0.0161458 0.11377 0.972656 0.0478516 0.0488281
0 0.0161999 0.851074 0.199707 0.0439453 0.0576172
0 0.0163396 0.118652 0.108398 0.0302734 0.0429688
0 0.016524 0.335449 0.508301 0.0361328 0.0283203
0 0.0165352 0.247559 0.0205078 0.0419922 0.0390625
0 0.016582 0.623047 0.478027 0.0410156 0.0400391
0 0.0167187 0.0639648 0.224121 0.0283203 0.0556641
0 0.0168227 0.375488 0.0708008 0.0400391 0.0361328
0 0.0168941 0.622559 0.312012 0.0380859 0.0419922
0 0.0169001 0.967285 0.685059 0.0634766 0.0712891
0 0.0169713 0.0854492 0.76123 0.0380859 0.0400391
0 0.0170359 0.266602 0.0854492 0.0292969 0.0400391
0 0.0170981 0.649414 0.378418 0.0429688 0.0615234
0 0.0172711 0.52832 0.0927734 0.0742188 0.0820312
0 0.0172861 0.519043 0.0102539 0.0341797 0.0205078
0 0.0173045 0.0771484 0.034668 0.0234375 0.0302734
0 0.0174455 0.808105 0.986816 0.0322266 0.0263672
0 0.0174892 0.0859375 0.0205078 0.0527344 0.0410156
0 0.0175255 0.70752 0.948242 0.0595703 0.0957031
0 0.0175616 0.406738 0.672363 0.0380859 0.0361328
0 0.0175969 0.987305 0.745605 0.0253906 0.0517578
0 0.0176092 0.571777 0.756836 0.0302734 0.0488281
0 0.0176216 0.977051 0.885742 0.0419922 0.0527344
0 0.0176525 0.0185547 0.989746 0.0371094 0.0205078
0 0.0176657 0.103516 0.153809 0.0390625 0.0400391
0 0.0178814 0.570312 0.474121 0.0644531 0.100586
0 0.0178874 0.392578 0.98877 0.0585938 0.0224609
0 0.0179968 0.233398 0.313965 0.03125 0.0380859
0 0.0180333 0.544434 0.520996 0.0419922 0.0517578
0 0.0180546 0.885742 0.901855 0.0429688 0.0478516
0 0.018142 0.917969 0.772949 0.03125 0.0322266
0 0.0181717 0.140625 0.0991211 0.0351562 0.0419922
0 0.0181735 0.31543 0.00976562 0.0488281 0.0195312
0 0.0181967 0.785645 0.246582 0.0224609 0.0380859
0 0.0182237 0.253906 0.592285 0.0722656 0.0634766
0 0.0182659 0.430664 0.523438 0.046875 0.0566406
0 0.018393 0.36377 0.990234 0.0322266 0.0195312
0 0.0184904 0.702148 0.881348 0.0273438 0.0283203
0 0.0185062 0.450195 0.543457 0.0351562 0.0439453
0 0.0186098 0.67627 0.366211 0.0439453 0.0605469
0 0.0186143 0.502441 0.270508 0.0693359 0.0703125
0 0.0186477 0.151855 0.0932617 0.0341797 0.0498047
0 0.0186934 0.922363 0.0893555 0.0302734 0.0439453
0 0.0188617 0.241699 0.626953 0.0869141 0.0957031
0 0.0189547 0.531738 0.503906 0.0302734 0.0371094
0 0.0189874 0.409668 0.897949 0.0185547 0.0244141
0 0.0190837 0.109375 0.817383 0.0742188 0.0800781
0 0.0191323 0.859863 0.335449 0.0419922 0.0947266
0 0.0195164 0.57666 0.482422 0.0205078 0.0273438
0 0.0196268 0.199707 0.641113 0.0380859 0.0419922
0 0.0197078 0.988281 0.272949 0.0234375 0.0595703
0 0.0198537 0.243652 0.227051 0.0400391 0.0556641
0 0.020164 0.54834 0.100586 0.0263672 0.0449219
0 0.0202856 0.0170898 0.710938 0.0302734 0.0332031
0 0.0204 0.187012 0.979004 0.0439453 0.0419922
0 0.020422 0.716309 0.681152 0.0341797 0.0537109
0 0.0206598 0.218262 0.762207 0.0263672 0.0400391
0 0.0207141 0.836426 0.740723 0.0712891 0.0615234
0 0.020788 0.812012 0.797363 0.0478516 0.0615234
0 0.0209624 0.888672 0.975098 0.0429688 0.0478516
0 0.0209837 0.251953 0.977539 0.0195312 0.0332031
0 0.0212493 0.919922 0.0698242 0.119141 0.0966797
0 0.0212583 0.418945 0.577637 0.0371094 0.0439453
0 0.0212996 0.544434 0.559082 0.0732422 0.0927734
0 0.0214507 0.0336914 0.0415039 0.00878906 0.0205078
0 0.0214911 0.0297852 0.860352 0.0458984 0.0644531
0 0.0216195 0.386719 0.958008 0.0136719 0.03125
0 0.0216867 0.976074 0.480469 0.0419922 0.0507812
0 0.0218 0.459473 0.971191 0.0205078 0.0302734
0 0.0220107 0.284668 0.705078 0.0322266 0.0429688
0 0.0220836 0.879395 0.708008 0.0302734 0.0546875
0 0.0221169 0.034668 0.870117 0.0283203 0.0292969
0 0.0221202 0.302246 0.981934 0.0556641 0.0283203
0 0.0221913 0.583496 0.989746 0.0341797 0.0205078
0 0.0222239 0.191895 0.262207 0.0556641 0.0380859
0 0.022259 0.949707 0.0708008 0.0341797 0.0439453
0 0.0223222 0.349609 0.638184 0.046875 0.0634766
0 0.0223608 0.572754 0.424805 0.0361328 0.0371094
0 0.0223666 0.496094 0.236816 0.0800781 0.0673828
0 0.0226089 0.70752 0.98877 0.0498047 0.0224609
0 0.0228338 0.405273 0.489258 0.0371094 0.0585938
0 0.0230257 0.364746 0.501953 0.110352 0.0878906
0 0.0230441 0.741699 0.968262 0.0185547 0.0341797
0 0.0231086 0.137207 0.130371 0.102539 0.106445
0 0.0231836 0.126953 0.770508 0.0605469 0.0371094
0 0.0233665 0.0634766 0.79248 0.0976562 0.0634766
0 0.0235897 0.227539 0.783691 0.0546875 0.0595703
0 0.0236074 0.508301 0.050293 0.0537109 0.0693359
0 0.0236963 0.268555 0.0195312 0.0527344 0.0332031
0 0.0237171 0.912598 0.890137 0.0322266 0.0341797
0 0.0238304 0.296387 0.896973 0.0244141 0.0458984
0 0.0240091 0.677734 0.48291 0.115234 0.125977
0 0.0242438 0.665039 0.387695 0.0507812 0.0546875
0 0.0243694 0.514648 0.015625 0.0585938 0.0253906
0 0.0244424 0.98291 0.720703 0.0341797 0.117188
0 0.0244672 0.227539 0.0961914 0.0351562 0.0419922
0 0.0246005 0.689453 0.519043 0.0449219 0.0478516
0 0.0246196 0.32959 0.17334 0.0302734 0.0419922
0 0.0247338 0.853027 0.287598 0.0302734 0.0361328
0 0.0247562 0.307129 0.150391 0.0478516 0.0371094
0 0.0254048 0.0639648 0.979492 0.0361328 0.0332031
0 0.0256608 0.00878906 0.987793 0.0175781 0.0224609
0 0.0259757 0.691895 0.889648 0.0595703 0.123047
0 0.0261952 0.0566406 0.990234 0.0605469 0.0175781
0 0.0262556 0.138184 0.0117188 0.0517578 0.0234375
0 0.0263774 0.280762 0.685059 0.0595703 0.0693359
0 0.0263871 0.210938 0.55957 0.0234375 0.0292969
0 0.0264123 0.182129 0.0458984 0.0263672 0.0253906
0 0.0264366 0.561035 0.991699 0.0205078 0.0166016
0 0.026667 0.675293 0.318359 0.0439453 0.0644531
0 0.0267975 0.82373 0.868652 0.0224609 0.0341797
0 0.0268513 0.708984 0.960938 0.0351562 0.0371094
0 0.0269766 0.480957 0.290527 0.0380859 0.0380859
0 0.0270713 0.661621 0.456055 0.0595703 0.0527344
0 0.0271978 0.780762 0.55957 0.0595703 0.0546875
0 0.0272574 0.519043 0.274902 0.0283203 0.0341797
0 0.027762 0.218262 0.770508 0.0400391 0.0527344
0 0.0278006 0.708984 0.4375 0.0664062 0.0839844
0 0.0279439 0.101074 0.0297852 0.0244141 0.0361328
0 0.0280243 0.648926 0.807617 0.0419922 0.0644531
0 0.0282301 0.334473 0.683594 0.0517578 0.0644531
0 0.0283343 0.591309 0.441406 0.0380859 0.0410156
0 0.028425 0.484863 0.164062 0.0498047 0.0527344
0 0.0284393 0.990723 0.96582 0.0185547 0.0683594
0 0.0284714 0.648438 0.443848 0.0234375 0.0361328
0 0.0286738 0.314941 0.529785 0.0380859 0.0498047
0 0.0286989 0.911621 0.881836 0.0537109 0.0410156
0 0.0288701 0.140625 0.445801 0.0429688 0.0361328
0 0.0289561 0.402344 0.969238 0.111328 0.0595703
0 0.0291354 0.17041 0.652832 0.0361328 0.0439453
0 0.0292194 0.730957 0.518555 0.0400391 0.0566406
0 0.0293922 0.309082 0.0244141 0.0673828 0.0410156
0 0.0294831 0.875488 0.694824 0.0244141 0.0322266
0 0.0294861 0.166504 0.601074 0.0830078 0.0791016
0 0.0297329 0.03125 0.987793 0.0566406 0.0224609
0 0.0297827 0.357422 0.952637 0.0683594 0.0478516
0 0.0298101 0.285645 0.611328 0.0634766 0.0839844
0 0.0298918 0.0927734 0.0400391 0.046875 0.046875
0 0.0299408 0.438477 0.0175781 0.0996094 0.0332031
0 0.0299549 0.424805 0.515137 0.0625 0.0986328
0 0.0301102 0.0327148 0.819824 0.0615234 0.0751953
0 0.0301607 0.579102 0.494141 0.0234375 0.0546875
0 0.0302978 0.250977 0.0600586 0.0800781 0.0751953
0 0.0304622 0.307617 0.186523 0.0449219 0.0410156
0 0.0305621 0.140137 0.599609 0.0419922 0.0273438
0 0.0307196 0.526367 0.494141 0.0292969 0.0292969
0 0.0307383 0.888672 0.0195312 0.0761719 0.0371094
0 0.0307629 0.25293 0.816895 0.00976562 0.0224609
0 0.0310736 0.371094 0.448242 0.0371094 0.0332031
0 0.03111 0.154297 0.365234 0.0253906 0.0351562
0 0.0313456 0.42041 0.0141602 0.0556641 0.0244141
0 0.0313725 0.131348 0.10791 0.0400391 0.0498047
0 0.0315194 0.516602 0.419434 0.03125 0.0361328
0 0.0315213 0.688477 0.331543 0.0449219 0.0576172
0 0.0317391 0.685059 0.597656 0.0751953 0.078125
0 0.0322908 0.604004 0.333984 0.0361328 0.0429688
0 0.0324302 0.249023 0.880371 0.0292969 0.0322266
0 0.0325869 0.69043 0.463379 0.0507812 0.0498047
0 0.0326152 0.63623 0.465332 0.0498047 0.0458984
0 0.0331889 0.63623 0.334961 0.0927734 0.0996094
0 0.0334522 0.407715 0.675293 0.0185547 0.0244141
0 0.033963 0.953125 0.758789 0.0839844 0.0703125
0 0.034238 0.593262 0.421875 0.0732422 0.0703125
0 0.0342638 0.178223 0.697266 0.0263672 0.0351562
0 0.034447 0.483887 0.0371094 0.116211 0.0742188
0 0.0347396 0.281738 0.890137 0.0556641 0.0556641
0 0.0350083 0.00634766 0.943359 0.0107422 0.0429688
0 0.0350221 0.434082 0.496094 0.0302734 0.0273438
0 0.0351293 0.521484 0.112793 0.0234375 0.0341797
0 0.0351476 0.401367 0.397949 0.0175781 0.0185547
0 0.0352576 0.426758 0.492188 0.0507812 0.046875
0 0.0352696 0.174316 0.77832 0.0341797 0.0390625
0 0.0353383 0.802734 0.568848 0.0957031 0.0576172
0 0.035512 0.694824 0.465332 0.0322266 0.0322266
0 0.0358044 0.675293 0.828125 0.0341797 0.0566406
0 0.0362714 0.50293 0.306641 0.0507812 0.0585938
0 0.036717 0.485352 0.399414 0.0742188 0.0664062
0 0.0369833 0.638672 0.806152 0.0996094 0.116211
0 0.037163 0.121094 0.847168 0.0292969 0.0478516
0 0.0374743 0.116699 0.761719 0.0478516 0.0351562
0 0.0374798 0.327637 0.58252 0.0361328 0.0556641
0 0.0375829 0.553223 0.590332 0.0341797 0.0380859
0 0.0376187 0.522949 0.0595703 0.0185547 0.03125
0 0.0377984 0.228027 0.278809 0.0458984 0.0380859
0 0.0381602 0.103027 0.871582 0.0498047 0.0361328
0 0.0385413 0.163574 0.121582 0.0478516 0.0380859
0 0.0385471 0.703613 0.59375 0.0361328 0.0566406
0 0.0388786 0.358887 0.0170898 0.0537109 0.0302734
0 0.0389121 0.467773 0.401855 0.0371094 0.0458984
0 0.0393657 0.0678711 0.265137 0.0185547 0.0361328
0 0.0394602 0.0410156 0.57373 0.0527344 0.0673828
0 0.0395195 0.209473 0.16748 0.0517578 0.0380859
0 0.0400294 0.623047 0.591797 0.03125 0.0566406
0 0.0401392 0.332031 0.872559 0.0507812 0.0498047
0 0.0402451 0.294434 0.0102539 0.0478516 0.0205078
0 0.0403001 0.0742188 0.0458984 0.0234375 0.0429688
0 0.0406497 0.513672 0.225098 0.0429688 0.0458984
0 0.0406729 0.184082 0.207031 0.0341797 0.0351562
0 0.0408203 0.638672 0.588867 0.0664062 0.0664062
0 0.0408544 0.59375 0.336914 0.0214844 0.0273438
0 0.041083 0.229492 0.1875 0.0859375 0.0800781
0 0.0413923 0.820801 0.180664 0.0966797 0.0898438
0 0.0414607 0.287598 0.984375 0.0224609 0.0253906
0 0.0418371 0.456055 0.687012 0.0449219 0.0908203
0 0.0425495 0.231445 0.189941 0.0175781 0.0224609
0 0.0429468 0.581543 0.743652 0.0419922 0.0498047
0 0.0430715 0.206543 0.197266 0.0517578 0.0566406
0 0.0435569 0.335938 0.658691 0.0625 0.0986328
0 0.0435926 0.13623 0.599121 0.0224609 0.0185547
0 0.0441729 0.314453 0.858398 0.0175781 0.0273438
0 0.0444157 0.418945 0.556641 0.0605469 0.0644531
0 0.0445368 0.181152 0.822754 0.0244141 0.0302734
0 0.0450165 0.682129 0.212891 0.0400391 0.0429688
0 0.0452117 0.422852 0.704102 0.103516 0.103516
0 0.0456318 0.522461 0.404297 0.0507812 0.0664062
0 0.0456447 0.197266 0.310547 0.0527344 0.0410156
0 0.0456581 0.414062 0.432617 0.0390625 0.0332031
0 0.0458669 0.379395 0.706055 0.100586 0.0898438
0 0.0459214 0.21875 0.197754 0.0449219 0.0380859
0 0.0466668 0.369141 0.476074 0.0644531 0.0576172
0 0.0470819 0.925781 0.894043 0.0996094 0.0654297
0 0.0471974 0.855469 0.213867 0.03125 0.0351562
0 0.0476055 0.388184 0.978027 0.0791016 0.0341797
0 0.0476161 0.117188 0.986328 0.0429688 0.0214844
0 0.0476375 0.706055 0.910156 0.0332031 0.0761719
0 0.0505642 0.672852 0.84668 0.0644531 0.115234
0 0.050864 0.57666 0.536133 0.0205078 0.0332031
0 0.0511733 0.00830078 0.956543 0.0166016 0.0400391
0 0.0512541 0.521484 0.79834 0.0625 0.0498047
0 0.0513512 0.984375 0.250488 0.0253906 0.0283203
0 0.051353 0.319824 0.623535 0.0908203 0.135742
0 0.0518086 0.532227 0.110352 0.0371094 0.0390625
0 0.0518194 0.292969 0.0166016 0.0761719 0.03125
0 0.0521766 0.168945 0.648438 0.0761719 0.0703125
0 0.0523555 0.0615234 0.206543 0.0332031 0.0419922
0 0.0523791 0.371094 0.722656 0.0390625 0.046875
0 0.0523966 0.928711 0.762695 0.0507812 0.0449219
0 0.0525311 0.0136719 0.793945 0.0253906 0.0273438
0 0.0528705 0.253906 0.0307617 0.0859375 0.0517578
0 0.0531506 0.342285 0.369141 0.0322266 0.0371094
0 0.0532854 0.589355 0.169922 0.0322266 0.0507812
0 0.0536598 0.171387 0.709961 0.0283203 0.0449219
0 0.0536693 0.663086 0.100586 0.0273438 0.0527344
0 0.0540587 0.234375 0.305176 0.0507812 0.0517578
0 0.0543051 0.164062 0.17334 0.0859375 0.0830078
0 0.0547506 0.411133 0.854492 0.0195312 0.0195312
0 0.0548214 0.322266 0.558594 0.0488281 0.0957031
0 0.0553605 0.241211 0.126465 0.0625 0.0693359
0 0.0553957 0.455566 0.375488 0.0322266 0.0341797
0 0.0577547 0.666504 0.542969 0.0849609 0.078125
0 0.0582271 0.0820312 0.779297 0.0488281 0.0390625
0 0.0590695 0.109863 0.0361328 0.0341797 0.0351562
0 0.0598957 0.189453 0.214844 0.0839844 0.0683594
0 0.0599128 0.17041 0.222656 0.0537109 0.0566406
0 0.0600668 0.324219 0.0654297 0.0332031 0.046875
0 0.0608141 0.530273 0.383301 0.0488281 0.0498047
0 0.0611582 0.230957 0.209961 0.110352 0.0644531
0 0.0612831 0.467773 0.660645 0.0371094 0.0341797
0 0.0614403 0.625 0.472168 0.0292969 0.0224609
0 0.0616247 0.866211 0.563477 0.0820312 0.0605469
0 0.0621773 0.817383 0.983398 0.03125 0.03125
0 0.0624595 0.208984 0.260254 0.0722656 0.0654297
0 0.0641108 0.779785 0.161621 0.0185547 0.0400391
0 0.0645486 0.0102539 0.970215 0.0205078 0.0322266
0 0.0645857 0.111328 0.861328 0.0488281 0.0507812
0 0.064594 0.177734 0.984863 0.0195312 0.0224609
0 0.0646865 0.324219 0.890625 0.0683594 0.0859375
0 0.0648671 0.938477 0.0795898 0.0546875 0.0517578
0 0.0651657 0.584473 0.114746 0.0126953 0.0146484
0 0.0659914 0.746582 0.819336 0.0322266 0.0390625
0 0.0665484 0.483398 0.259277 0.0546875 0.0810547
0 0.0683805 0.320801 0.182617 0.0341797 0.0449219
0 0.06865 0.987305 0.918457 0.0214844 0.0439453
0 0.069809 0.0185547 0.976562 0.0351562 0.0390625
0 0.0716579 0.284668 0.726074 0.0263672 0.0341797
0 0.07182 0.591309 0.76123 0.0615234 0.0849609
0 0.0719187 0.554688 0.53125 0.0683594 0.0761719
0 0.0722731 0.271484 0.660645 0.0585938 0.0751953
0 0.0726224 0.527832 0.951172 0.0556641 0.0859375
0 0.0728681 0.260742 0.884766 0.0546875 0.0429688
0 0.0736651 0.143066 0.337891 0.0205078 0.0234375
0 0.0740427 0.575684 0.51416 0.0263672 0.0751953
0 0.0754922 0.271484 0.623047 0.105469 0.123047
0 0.076182 0.264648 0.0737305 0.0390625 0.0400391
0 0.0766905 0.254883 0.216797 0.046875 0.0585938
0 0.0771709 0.791992 0.783203 0.0566406 0.0683594
0 0.0775984 0.0288086 0.794922 0.0576172 0.0449219
0 0.0776436 0.319336 0.155273 0.0664062 0.0566406
0 0.0792669 0.615234 0.784668 0.0878906 0.112305
0 0.0794631 0.60498 0.205078 0.0517578 0.0585938
0 0.0798926 0.019043 0.726562 0.0341797 0.0410156
0 0.0803684 0.852539 0.306641 0.0273438 0.0546875
0 0.0814166 0.438965 0.722656 0.0537109 0.0742188
0 0.0829659 0.234375 0.195312 0.0292969 0.0351562
0 0.0842391 0.711914 0.519531 0.0839844 0.0664062
0 0.0846336 0.492188 0.288574 0.0605469 0.0634766
0 0.0855437 0.164551 0.71875 0.0205078 0.0371094
0 0.0856214 0.443359 0.739258 0.0332031 0.0429688
0 0.0859768 0.20459 0.240723 0.0419922 0.0361328
0 0.0885031 0.94873 0.873535 0.0634766 0.0478516
0 0.0894714 0.147949 0.113281 0.0595703 0.0585938
0 0.0894981 0.408203 0.475586 0.0585938 0.0703125
0 0.0898247 0.58252 0.432617 0.0439453 0.0449219
0 0.0901155 0.146973 0.352051 0.0244141 0.0458984
0 0.0902981 0.989258 0.257812 0.0214844 0.0292969
0 0.0911494 0.266602 0.205566 0.0917969 0.0576172
0 0.091718 0.681152 0.738281 0.0166016 0.0214844
0 0.0927012 0.513672 0.0625 0.0410156 0.0390625
0 0.0943143 0.249512 0.141113 0.0224609 0.0361328
0 0.0983727 0.777832 0.194824 0.0205078 0.0283203
0 0.0985205 0.14502 0.416016 0.0537109 0.0664062
0 0.0996377 0.407227 0.447266 0.0546875 0.0703125
0 0.099785 0.185059 0.647949 0.0556641 0.0478516
0 0.100012 0.495605 0.356445 0.0615234 0.0820312
0 0.100401 0.213379 0.289551 0.0869141 0.0751953
0 0.10133 0.241211 0.374512 0.015625 0.0341797
0 0.103958 0.700684 0.654297 0.0283203 0.046875
0 0.104008 0.711914 0.973633 0.046875 0.0410156
0 0.104671 0.330566 0.60791 0.0576172 0.0849609
0 0.105871 0.550293 0.106934 0.0185547 0.0283203
0 0.10691 0.791992 0.574219 0.0449219 0.0566406
0 0.106939 0.471191 0.244141 0.0380859 0.0507812
0 0.10696 0.154297 0.161621 0.0566406 0.0537109
0 0.108125 0.234863 0.596191 0.0869141 0.0908203
0 0.110945 0.0322266 0.838379 0.0253906 0.0224609
0 0.113889 0.188965 0.170898 0.0341797 0.0410156
0 0.11934 0.129883 0.0336914 0.0644531 0.0537109
0 0.121126 0.219238 0.37207 0.0498047 0.0507812
0 0.124145 0.112793 0.992188 0.0322266 0.015625
0 0.124567 0.974609 0.743652 0.0429688 0.0771484
0 0.125737 0.0361328 0.837891 0.0390625 0.0351562
0 0.125944 0.0957031 0.879395 0.0332031 0.0283203
0 0.126016 0.495117 0.341309 0.046875 0.0439453
0 0.126792 0.192383 0.187988 0.0429688 0.0556641
0 0.128178 0.564453 0.536621 0.0449219 0.0478516
0 0.128407 0.987305 0.675293 0.0234375 0.0439453
0 0.129509 0.962891 0.471191 0.0742188 0.0673828
0 0.130129 0.0410156 0.977051 0.0742188 0.0380859
0 0.131189 0.210938 0.555664 0.0175781 0.0175781
0 0.133906 0.241211 0.043457 0.0625 0.0400391
0 0.134112 0.15625 0.135254 0.0585938 0.0693359
0 0.136839 0.387695 0.726074 0.0605469 0.0556641
0 0.137185 0.0683594 0.787598 0.0410156 0.0341797
0 0.137452 0.827148 0.105957 0.0292969 0.0380859
0 0.14211 0.30127 0.27002 0.0244141 0.0595703
0 0.143127 0.100098 0.11377 0.0517578 0.0439453
0 0.149822 0.542969 0.114746 0.0351562 0.0380859
0 0.149965 0.338867 0.911133 0.0664062 0.0878906
0 0.152309 0.666992 0.572754 0.0957031 0.0927734
0 0.156744 0.373047 0.459473 0.0507812 0.0498047
0 0.158098 0.0732422 0.700684 0.0195312 0.0263672
0 0.158681 0.609863 0.785645 0.0458984 0.0791016
0 0.162021 0.203613 0.202148 0.0341797 0.0332031
0 0.162357 0.59375 0.217285 0.0351562 0.0517578
0 0.167334 0.343262 0.934082 0.0615234 0.0537109
0 0.179596 0.23584 0.368652 0.0283203 0.0458984
0 0.182737 0.236328 0.155762 0.0371094 0.0380859
0 0.197261 0.598145 0.181152 0.0439453 0.0712891
0 0.197373 0.412109 0.735352 0.0800781 0.0488281
0 0.1999 0.0180664 0.803223 0.0341797 0.0498047
0 0.202629 0.460938 0.389648 0.0390625 0.0527344
0 0.202671 0.663086 0.819336 0.0527344 0.0703125
0 0.208199 0.515137 0.387695 0.0732422 0.0722656
0 0.209733 0.678223 0.339355 0.0576172 0.0947266
0 0.210958 0.291504 0.198242 0.0439453 0.0410156
0 0.216942 0.243652 0.206055 0.0439453 0.0507812
0 0.221271 0.408691 0.570312 0.0380859 0.0332031
0 0.224011 0.119629 0.189453 0.0556641 0.0488281
0 0.231048 0.897461 0.89209 0.0488281 0.0439453
0 0.233418 0.12207 0.0429688 0.0390625 0.046875
0 0.244882 0.961914 0.890625 0.0742188 0.0703125
0 0.249191 0.207031 0.379883 0.0390625 0.0449219
0 0.276175 0.328613 0.14209 0.0478516 0.0380859
0 0.278762 0.77832 0.174805 0.0273438 0.0605469
0 0.282061 0.213867 0.907227 0.0273438 0.0351562
0 0.287276 0.165527 0.62793 0.104492 0.0917969
0 0.306811 0.981445 0.90625 0.0351562 0.0625
0 0.318303 0.241211 0.13916 0.0390625 0.0634766
0 0.32235 0.152832 0.0161133 0.0537109 0.0322266
0 0.334892 0.0991211 0.768066 0.0576172 0.0419922
0 0.344844 0.707031 0.665527 0.0449219 0.0634766
0 0.345303 0.234375 0.109375 0.0429688 0.0644531
0 0.347513 0.661621 0.258301 0.0517578 0.0517578
0 0.348917 0.185059 0.984375 0.0322266 0.0292969
0 0.349069 0.831543 0.756348 0.0537109 0.0458984
0 0.354588 0.388184 0.462402 0.0810547 0.0693359
0 0.392521 0.662109 0.366699 0.0625 0.0830078
0 0.400075 0.617188 0.328125 0.0605469 0.0605469
0 0.402738 0.322266 0.51416 0.0449219 0.0341797
0 0.440685 0.436523 0.541992 0.0566406 0.0566406
0 0.472742 0.162109 0.783691 0.0371094 0.0458984
