0 0.0130886 0.142578 0.529297 0.0175781 0.0273438
0 0.0130923 0.501465 0.179199 0.0224609 0.0244141
0 0.013128 0.505859 0.315918 0.0175781 0.0380859
0 0.0131414 0.364258 0.543945 0.0371094 0.0449219
0 0.0131835 0.989746 0.989746 0.0205078 0.0166016
0 0.0132716 0.286621 0.21875 0.0205078 0.0332031
0 0.0132752 0.103027 0.611328 0.0166016 0.0234375
0 0.0132987 0.501465 0.0581055 0.0244141 0.0341797
0 0.0133416 0.313965 0.20459 0.0166016 0.0244141
0 0.0133643 0.325684 0.641113 0.0166016 0.0380859
0 0.0134276 0.208496 0.237305 0.0244141 0.0253906
0 0.0134585 0.548828 0.321777 0.0234375 0.0263672
0 0.0134756 0.507812 0.0678711 0.0664062 0.0634766
0 0.0134859 0.339355 0.506836 0.0439453 0.0664062
0 0.0135263 0.480957 0.397461 0.0224609 0.0273438
0 0.0135534 0.224121 0.147461 0.0166016 0.0214844
0 0.0135583 0.328125 0.723145 0.0214844 0.0302734
0 0.013571 0.297363 0.53125 0.0126953 0.0175781
0 0.0136256 0.0874023 0.410645 0.0205078 0.0302734
0 0.0136744 0.0507812 0.476562 0.0136719 0.0253906
0 0.013701 0.239746 0.356934 0.0166016 0.0341797
0 0.0137121 0.302246 0.0756836 0.0673828 0.0615234
0 0.0137821 0.466309 0.276855 0.0126953 0.0166016
0 0.013872 0.0698242 0.245605 0.0458984 0.0283203
0 0.013876 0.24707 0.666016 0.0117188 0.015625
0 0.013898 0.611328 0.0551758 0.0253906 0.0224609
0 0.0139043 0.111816 0.368652 0.0146484 0.0283203
0 0.0139197 0.103027 0.635254 0.0126953 0.0244141
0 0.0139221 0.230957 0.313965 0.0185547 0.0224609
0 0.013979 0.446777 0.43457 0.0166016 0.0292969
0 0.0140267 0.251953 0.282715 0.0234375 0.0341797
0 0.0140331 0.244141 0.416992 0.0117188 0.0214844
0 0.0140427 0.360352 0.108887 0.0234375 0.0302734
0 0.0140705 0.447266 0.379395 0.0195312 0.0302734
0 0.0141081 0.166992 0.562012 0.0292969 0.0224609
0 0.0141239 0.432617 0.413086 0.0175781 0.0214844
0 0.0141535 0.125488 0.305176 0.0224609 0.0341797
0 0.0141559 0.513184 0.421875 0.0693359 0.0585938
0 0.0141624 0.252441 0.674316 0.0166016 0.0283203
0 0.0141854 0.992676 0.986328 0.0146484 0.0273438
0 0.0143123 0.159668 0.676758 0.00878906 0.015625
0 0.0144139 0.625488 0.677246 0.0146484 0.0126953
0 0.0144746 0.524414 0.48291 0.0253906 0.0302734
0 0.0145052 0.344238 0.250977 0.0146484 0.0234375
0 0.0145077 0.451172 0.658203 0.03125 0.046875
0 0.0145467 0.322266 0.289062 0.0175781 0.0195312
0 0.0145732 0.353516 0.799805 0.0273438 0.03125
0 0.0146027 0.0366211 0.462402 0.0341797 0.0361328
0 0.0146536 0.40332 0.787109 0.0136719 0.0253906
0 0.0146576 0.229492 0.72168 0.0195312 0.0292969
0 0.0146979 0.143555 0.191406 0.0390625 0.0527344
0 0.0147076 0.27832 0.183594 0.015625 0.0234375
0 0.0147213 0.0263672 0.259277 0.0234375 0.0302734
0 0.0147344 0.283203 0.697754 0.0351562 0.0302734
0 0.0147616 0.619629 0.0395508 0.0263672 0.0478516
0 0.0147912 0.186523 0.166992 0.0195312 0.0390625
0 0.0147925 0.424805 0.640137 0.0175781 0.0244141
0 0.0147938 0.528809 0.588867 0.0205078 0.0253906
0 0.0148476 0.621094 0.383301 0.0351562 0.0556641
0 0.0148803 0.331055 0.0712891 0.0214844 0.0253906
0 0.0148936 0.12793 0.256836 0.0214844 0.0253906
0 0.0149356 0.185059 0.282227 0.0166016 0.0175781
0 0.015025 0.170898 0.523926 0.015625 0.0283203
0 0.015031 0.533691 0.291016 0.0458984 0.0566406
0 0.0151485 0.0517578 0.427246 0.0332031 0.0244141
0 0.0152149 0.310547 0.262695 0.0351562 0.046875
0 0.0152169 0.473633 0.469727 0.0703125 0.0742188
0 0.0152397 0.299805 0.114258 0.0234375 0.03125
0 0.0152432 0.378418 0.649902 0.0185547 0.0244141
0 0.0152471 0.549316 0.248047 0.0205078 0.0351562
0 0.0153155 0.363281 0.387207 0.0195312 0.0263672
0 0.0153177 0.375977 0.355957 0.0136719 0.0205078
0 0.0153913 0.487793 0.361816 0.0146484 0.0244141
0 0.0154281 0.486816 0.816895 0.0205078 0.0380859
0 0.0154524 0.114258 0.421875 0.0117188 0.0195312
0 0.0154539 0.322754 0.772949 0.0126953 0.0283203
0 0.0155486 0.11084 0.378418 0.0146484 0.0244141
0 0.0155503 0.467285 0.309082 0.0556641 0.0595703
0 0.0156165 0.277832 0.202148 0.0126953 0.0253906
0 0.0156381 0.282227 0.686523 0.015625 0.0332031
0 0.0156521 0.299316 0.0317383 0.0166016 0.0283203
0 0.0156752 0.60791 0.113281 0.0361328 0.0527344
0 0.0156897 0.33252 0.358887 0.0126953 0.0185547
0 0.0157142 0.310059 0.0947266 0.0224609 0.0273438
0 0.0157655 0.318848 0.0415039 0.0146484 0.0341797
0 0.0157761 0.202637 0.119141 0.0146484 0.0273438
0 0.0158128 0.255371 0.317383 0.0205078 0.03125
0 0.0158244 0.416016 0.254395 0.0175781 0.0224609
0 0.0158378 0.588867 0.362305 0.0273438 0.0253906
0 0.0158581 0.390625 0.714844 0.0117188 0.0117188
0 0.0158816 0.520508 0.17041 0.03125 0.0322266
0 0.0158863 0.617188 0.0834961 0.0234375 0.0283203
0 0.0158976 0.512207 0.564941 0.0205078 0.0419922
0 0.0159239 0.0595703 0.673828 0.0136719 0.0273438
0 0.0159421 0.327148 0.431641 0.0195312 0.0292969
0 0.0159456 0.402832 0.32959 0.0205078 0.0283203
0 0.0159459 0.324707 0.480469 0.0146484 0.0273438
0 0.0159614 0.335938 0.0600586 0.0410156 0.0517578
0 0.0160327 0.366699 0.855469 0.0576172 0.0859375
0 0.0160416 0.487793 0.540527 0.0166016 0.0224609
0 0.0160658 0.248535 0.89502 0.0205078 0.0400391
0 0.0161695 0.365723 0.400391 0.0302734 0.0429688
0 0.0161798 0.290527 0.977539 0.0380859 0.0273438
0 0.0162367 0.196289 0.378906 0.0351562 0.0429688
0 0.0162646 0.396484 0.527344 0.0175781 0.0195312
0 0.0162953 0.609863 0.716309 0.0185547 0.0244141
0 0.0162953 0.482422 0.37793 0.0175781 0.0292969
0 0.0164498 0.117676 0.256348 0.0205078 0.0244141
0 0.0164937 0.461426 0.200195 0.0185547 0.0410156
0 0.0165244 0.334961 0.866211 0.0625 0.078125
0 0.0165348 0.5 0.376953 0.0175781 0.0351562
0 0.0165983 0.355469 0.137207 0.0253906 0.0283203
0 0.0166422 0.180176 0.327148 0.0244141 0.0351562
0 0.0166521 0.207031 0.0522461 0.0214844 0.0302734
0 0.0167526 0.195312 0.566895 0.0117188 0.0166016
0 0.016781 0.23877 0.677246 0.0126953 0.0244141
0 0.0167891 0.516113 0.553223 0.0400391 0.0673828
0 0.0168029 0.0107422 0.357422 0.0175781 0.0351562
0 0.0168113 0.297363 0.0458984 0.0166016 0.0332031
0 0.0168462 0.413574 0.851074 0.0185547 0.0341797
0 0.0168559 0.0922852 0.618652 0.0400391 0.0419922
0 0.016973 0.150879 0.526855 0.0146484 0.0283203
0 0.0170094 0.134277 0.531738 0.0146484 0.0263672
0 0.0170181 0.141602 0.796875 0.0273438 0.0292969
0 0.017027 0.38916 0.632324 0.0322266 0.0322266
0 0.0170306 0.197266 0.0668945 0.015625 0.0322266
0 0.0170388 0.266602 0.115723 0.0214844 0.0263672
0 0.0170917 0.304688 0.28418 0.0429688 0.0390625
0 0.0170929 0.194824 0.919434 0.0244141 0.0400391
0 0.0171082 0.344238 0.743652 0.0341797 0.0380859
0 0.0171151 0.187012 0.226562 0.0224609 0.03125
0 0.0171242 0.441406 0.0717773 0.015625 0.0380859
0 0.0171467 0.292969 0.253418 0.0195312 0.0341797
0 0.0171668 0.341309 0.868164 0.0224609 0.03125
0 0.0171765 0.450195 0.265137 0.0273438 0.0400391
0 0.0171859 0.563477 0.128906 0.015625 0.0195312
0 0.017208 0.520996 0.706055 0.0126953 0.0273438
0 0.0172773 0.379395 0.756348 0.0185547 0.0322266
0 0.0172917 0.359863 0.645996 0.0107422 0.0322266
0 0.0173538 0.455078 0.371582 0.0234375 0.0302734
0 0.0174259 0.279297 0.646484 0.0117188 0.0195312
0 0.0175056 0.122559 0.776367 0.0146484 0.0234375
0 0.0175845 0.328613 0.149414 0.0458984 0.046875
0 0.017593 0.37207 0.03125 0.0078125 0.0175781
0 0.0176562 0.500488 0.0249023 0.0224609 0.0419922
0 0.0177416 0.20752 0.361328 0.0771484 0.0800781
0 0.0177571 0.310547 0.278809 0.0175781 0.0263672
0 0.0178427 0.141602 0.774902 0.0175781 0.0302734
0 0.0179431 0.646484 0.280273 0.015625 0.0273438
0 0.0180096 0.411621 0.521484 0.0166016 0.0195312
0 0.018022 0.154297 0.890625 0.0410156 0.0703125
0 0.0180637 0.416016 0.440918 0.015625 0.0283203
0 0.0180721 0.30127 0.959473 0.0537109 0.0537109
0 0.0180751 0.365723 0.355469 0.0185547 0.0234375
0 0.0181551 0.102539 0.587891 0.00976562 0.0136719
0 0.0181594 0.0825195 0.746094 0.0126953 0.03125
0 0.0181702 0.208008 0.332031 0.0214844 0.0253906
0 0.0181846 0.422852 0.757812 0.03125 0.046875
0 0.0182035 0.106445 0.868164 0.0195312 0.0292969
0 0.0182156 0.453125 0.300781 0.03125 0.0371094
0 0.018236 0.496582 0.466797 0.0361328 0.0449219
0 0.0183268 0.226562 0.589844 0.0136719 0.0175781
0 0.0183582 0.242188 0.159668 0.0195312 0.0283203
0 0.0183593 0.245117 0.541016 0.0234375 0.0273438
0 0.0184036 0.300781 0.64209 0.0214844 0.0302734
0 0.0184224 0.141113 0.938477 0.0537109 0.0644531
0 0.0184963 0.344238 0.436035 0.0205078 0.0244141
0 0.0185466 0.524902 0.438477 0.0283203 0.0371094
0 0.0185587 0.350586 0.604004 0.0136719 0.0283203
0 0.0185587 0.300293 0.100098 0.0419922 0.0576172
0 0.0186278 0.441895 0.3125 0.0419922 0.0625
0 0.0186337 0.32373 0.412109 0.0166016 0.015625
0 0.0186754 0.151855 0.458984 0.0166016 0.0175781
0 0.0186887 0.446777 0.644043 0.0302734 0.0400391
0 0.018727 0.629883 0.24707 0.015625 0.0292969
0 0.0187744 0.160156 0.910156 0.0273438 0.0410156
0 0.0188266 0.0415039 0.437012 0.0224609 0.0302734
0 0.0188589 0.288574 0.459961 0.0185547 0.0253906
0 0.0188644 0.383789 0.871094 0.0195312 0.03125
0 0.0188892 0.201172 0.76416 0.0214844 0.0205078
0 0.018897 0.378418 0.637207 0.0439453 0.0498047
0 0.018912 0.330078 0.12793 0.0429688 0.0351562
0 0.0190292 0.209961 0.409668 0.0195312 0.0283203
0 0.0191048 0.202148 0.133301 0.0175781 0.0302734
0 0.0191124 0.499512 0.376465 0.0224609 0.0146484
0 0.0191165 0.603027 0.0947266 0.0224609 0.0273438
0 0.0192104 0.210449 0.469727 0.0126953 0.0195312
0 0.0192976 0.208496 0.820312 0.0146484 0.0253906
0 0.0194155 0.630859 0.219727 0.0292969 0.0292969
0 0.0194342 0.580078 0.302734 0.0214844 0.03125
0 0.0194532 0.240723 0.672363 0.00878906 0.0185547
0 0.0195285 0.346191 0.121094 0.0205078 0.0273438
0 0.0195387 0.383301 0.317383 0.0146484 0.0332031
0 0.0197703 0.45459 0.474121 0.0205078 0.0380859
0 0.019772 0.429688 0.720215 0.0175781 0.0478516
0 0.0199359 0.409668 0.255371 0.0166016 0.0283203
0 0.0200147 0.163086 0.933594 0.0859375 0.0800781
0 0.0200538 0.587891 0.491699 0.0175781 0.0224609
0 0.0202106 0.301758 0.436035 0.0253906 0.0478516
0 0.0202134 0.17041 0.237793 0.0146484 0.0224609
0 0.0203056 0.526367 0.315918 0.0195312 0.0341797
0 0.0203392 0.48877 0.111816 0.0205078 0.0322266
0 0.0203695 0.514648 0.532227 0.0234375 0.0429688
0 0.0204911 0.609863 0.734863 0.0224609 0.0517578
0 0.0205189 0.537109 0.439941 0.0214844 0.0341797
0 0.0205472 0.479492 0.591309 0.0195312 0.0283203
0 0.0206039 0.0976562 0.497559 0.0117188 0.0244141
0 0.0206509 0.333496 0.708008 0.0107422 0.0234375
0 0.0207055 0.674805 0.364258 0.015625 0.03125
0 0.0207678 0.294434 0.939453 0.0380859 0.0390625
0 0.0208105 0.0493164 0.413574 0.0341797 0.0498047
0 0.0208701 0.610352 0.353516 0.03125 0.0273438
0 0.0208814 0.123047 0.44043 0.0136719 0.0234375
0 0.0208826 0.337891 0.268066 0.0214844 0.0341797
0 0.0208937 0.121094 0.865234 0.0214844 0.0351562
0 0.0209142 0.586914 0.090332 0.0136719 0.0263672
0 0.0209441 0.147461 0.815918 0.0546875 0.0576172
0 0.0209571 0.54541 0.477051 0.0185547 0.0224609
0 0.0210009 0.308105 0.412598 0.0166016 0.0244141
0 0.0210688 0.304199 0.0444336 0.0224609 0.0380859
0 0.02117 0.308105 0.269531 0.0224609 0.0234375
0 0.0212629 0.104492 0.5625 0.015625 0.0136719
0 0.0213429 0.347656 0.258301 0.015625 0.0263672
0 0.0214354 0.397949 0.414062 0.0380859 0.0507812
0 0.0214885 0.213867 0.177246 0.0253906 0.0458984
0 0.0215346 0.297852 0.677246 0.0136719 0.0283203
0 0.0215904 0.571289 0.295898 0.0234375 0.0214844
0 0.0215956 0.314941 0.238281 0.0205078 0.03125
0 0.0216678 0.313965 0.706543 0.0166016 0.0361328
0 0.0216734 0.265625 0.00927734 0.0175781 0.0146484
0 0.0216777 0.547852 0.488281 0.0625 0.0488281
0 0.0216964 0.605957 0.0488281 0.0322266 0.0214844
0 0.0216981 0.278809 0.268066 0.0302734 0.0263672
0 0.0217337 0.0454102 0.400391 0.0224609 0.03125
0 0.0217455 0.344727 0.611328 0.0292969 0.0546875
0 0.0218011 0.248535 0.700684 0.0263672 0.0380859
0 0.0218186 0.524414 0.410645 0.0234375 0.0302734
0 0.021911 0.452637 0.210938 0.0166016 0.0214844
0 0.0219126 0.494629 0.374512 0.0380859 0.0458984
0 0.0219683 0.44873 0.452637 0.0185547 0.0400391
0 0.0220313 0.463379 0.538086 0.0166016 0.0507812
0 0.022052 0.491699 0.837402 0.0283203 0.0361328
0 0.0221045 0.631348 0.0141602 0.0205078 0.0283203
0 0.0222184 0.153809 0.375 0.0224609 0.0253906
0 0.0222244 0.27832 0.25293 0.03125 0.03125
0 0.0222534 0.375 0.717773 0.0175781 0.0292969
0 0.0223684 0.22998 0.124023 0.0244141 0.0273438
0 0.0223846 0.197266 0.598145 0.0214844 0.0244141
0 0.0224055 0.544434 0.370605 0.0224609 0.0283203
0 0.0224587 0.487793 0.456055 0.0224609 0.0253906
0 0.0224822 0.243164 0.325684 0.0234375 0.0244141
0 0.0225089 0.592773 0.0810547 0.0214844 0.0332031
0 0.0226882 0.0209961 0.463867 0.0146484 0.0273438
0 0.0226964 0.620605 0.115723 0.0126953 0.0283203
0 0.022699 0.28125 0.027832 0.03125 0.0498047
0 0.0227541 0.192383 0.32959 0.0214844 0.0322266
0 0.0227916 0.161621 0.382324 0.0244141 0.0244141
0 0.0228501 0.291992 0.268555 0.0214844 0.0234375
0 0.0228926 0.390625 0.778809 0.0214844 0.0263672
0 0.022979 0.131348 0.919922 0.0263672 0.0429688
0 0.0229867 0.4375 0.422852 0.0234375 0.03125
0 0.0230265 0.313965 0.441406 0.0302734 0.046875
0 0.0230654 0.256836 0.894043 0.0273438 0.0341797
0 0.0230672 0.206543 0.475586 0.0185547 0.0234375
0 0.0230845 0.125488 0.195312 0.0244141 0.0332031
0 0.0232895 0.42041 0.323242 0.0341797 0.0371094
0 0.0233845 0.453125 0.492188 0.015625 0.0390625
0 0.0234671 0.155762 0.838379 0.0244141 0.0283203
0 0.023479 0.276855 0.916992 0.0244141 0.0527344
0 0.0235266 0.617188 0.0966797 0.0136719 0.0292969
0 0.0235705 0.28125 0.661621 0.015625 0.0263672
0 0.0235969 0.163574 0.393555 0.0244141 0.0292969
0 0.0236216 0.322754 0.12207 0.0166016 0.0195312
0 0.0237234 0.469238 0.406738 0.0166016 0.0224609
0 0.0237991 0.529297 0.269043 0.0195312 0.0224609
0 0.0238013 0.338867 0.416992 0.0332031 0.0292969
0 0.0238699 0.377441 0.268555 0.0302734 0.0351562
0 0.023995 0.183105 0.453613 0.0126953 0.0146484
0 0.0240066 0.558105 0.499512 0.0263672 0.0322266
0 0.0240072 0.446777 0.090332 0.0146484 0.0244141
0 0.0240353 0.200195 0.165527 0.0390625 0.0654297
0 0.0240548 0.204102 0.756348 0.0234375 0.0302734
0 0.0242272 0.137695 0.768066 0.0214844 0.0224609
0 0.0242366 0.333496 0.868164 0.0185547 0.03125
0 0.0242602 0.143555 0.824707 0.0195312 0.0283203
0 0.0243711 0.0419922 0.521484 0.0253906 0.0410156
0 0.0245047 0.368652 0.644531 0.0185547 0.0351562
0 0.0245433 0.586914 0.46875 0.0273438 0.0292969
0 0.0246515 0.640625 0.839844 0.0214844 0.0390625
0 0.0246604 0.441406 0.301758 0.0273438 0.0449219
0 0.0247072 0.319336 0.464355 0.015625 0.0263672
0 0.0247579 0.182129 0.394043 0.0166016 0.0283203
0 0.0247632 0.194336 0.461914 0.0273438 0.0292969
0 0.0247639 0.1875 0.9375 0.0449219 0.0839844
0 0.0247747 0.609863 0.266602 0.0380859 0.0371094
0 0.024788 0.410645 0.409668 0.0146484 0.0224609
0 0.0247909 0.185059 0.10791 0.0244141 0.0322266
0 0.0248042 0.493652 0.400879 0.0166016 0.0166016
0 0.0248366 0.510254 0.304688 0.0166016 0.0390625
0 0.0250177 0.324219 0.79248 0.015625 0.0283203
0 0.0250327 0.40332 0.779785 0.0214844 0.0302734
0 0.0250578 0.406738 0.632812 0.0185547 0.0234375
0 0.0251169 0.291016 0.146484 0.0136719 0.0175781
0 0.0251463 0.634277 0.0317383 0.0205078 0.0361328
0 0.0253465 0.227051 0.540039 0.0166016 0.0175781
0 0.0253525 0.553223 0.299316 0.0205078 0.0185547
0 0.0253767 0.476562 0.864746 0.0332031 0.0537109
0 0.0253791 0.114258 0.76709 0.0175781 0.0283203
0 0.0254058 0.217773 0.311035 0.0195312 0.0263672
0 0.0255426 0.128418 0.931152 0.0166016 0.0419922
0 0.0256216 0.413574 0.771484 0.0400391 0.0390625
0 0.0256633 0.157715 0.212402 0.0322266 0.0517578
0 0.0256926 0.615723 0.680176 0.0185547 0.0126953
0 0.0257462 0.245605 0.0351562 0.0302734 0.0253906
0 0.025787 0.484375 0.318359 0.0234375 0.0332031
0 0.0258298 0.324219 0.587891 0.015625 0.0332031
0 0.0258813 0.179199 0.296387 0.0126953 0.0361328
0 0.0258896 0.239258 0.369141 0.015625 0.0253906
0 0.0259312 0.291016 0.153809 0.015625 0.0224609
0 0.025934 0.523926 0.221191 0.0263672 0.0341797
0 0.0260385 0.277832 0.488281 0.0205078 0.0214844
0 0.0261384 0.313477 0.42041 0.0371094 0.0341797
0 0.0261433 0.116699 0.481934 0.0224609 0.0263672
0 0.0262633 0.59375 0.0927734 0.0175781 0.0292969
0 0.0262882 0.575684 0.119629 0.0361328 0.0517578
0 0.0263143 0.272461 0.518066 0.0117188 0.0205078
0 0.0263176 0.541016 0.533691 0.0234375 0.0380859
0 0.0263398 0.0439453 0.42627 0.0332031 0.0400391
0 0.0263755 0.188965 0.623535 0.0166016 0.0166016
0 0.0265692 0.312012 0.0205078 0.0224609 0.0351562
0 0.0266207 0.0317383 0.462891 0.0166016 0.0253906
0 0.0267128 0.43457 0.739746 0.0136719 0.0205078
0 0.0268516 0.229492 0.0693359 0.0234375 0.03125
0 0.0268896 0.385254 0.304688 0.0185547 0.0273438
0 0.0269071 0.633301 0.406738 0.0205078 0.0263672
0 0.0269962 0.347656 0.456055 0.0175781 0.0234375
0 0.0270242 0.373047 0.633301 0.0175781 0.0380859
0 0.0270457 0.288086 0.55127 0.0195312 0.0380859
0 0.0273099 0.30957 0.900391 0.0390625 0.0527344
0 0.0273808 0.268555 0.258789 0.03125 0.0253906
0 0.027443 0.444336 0.462402 0.0195312 0.0283203
0 0.0274755 0.475098 0.469238 0.0263672 0.0361328
0 0.0275198 0.5 0.361328 0.0292969 0.0292969
0 0.0275302 0.489746 0.804688 0.0224609 0.0390625
0 0.0277079 0.484863 0.303223 0.0283203 0.0517578
0 0.0277288 0.489258 0.847168 0.0136719 0.0322266
0 0.0277362 0.346191 0.882324 0.0205078 0.0400391
0 0.0277553 0.285156 0.751953 0.0136719 0.0234375
0 0.0277954 0.293945 0.242188 0.0195312 0.0292969
0 0.0279198 0.302246 0.931152 0.0341797 0.0341797
0 0.0279224 0.0214844 0.360352 0.0351562 0.0449219
0 0.0279535 0.44043 0.27832 0.0234375 0.0292969
0 0.0280258 0.484863 0.584961 0.0185547 0.0234375
0 0.0280626 0.137207 0.29834 0.0146484 0.0205078
0 0.0281294 0.319336 0.0112305 0.00976562 0.0205078
0 0.0282357 0.393555 0.317383 0.0195312 0.0371094
0 0.0282425 0.135742 0.757324 0.0351562 0.0419922
0 0.0282649 0.254883 0.665527 0.0136719 0.0146484
0 0.0283104 0.469727 0.598633 0.0175781 0.0253906
0 0.0283141 0.380859 0.76709 0.0273438 0.0361328
0 0.0283175 0.0366211 0.456055 0.0205078 0.0234375
0 0.0283692 0.316895 0.623047 0.0146484 0.0292969
0 0.0284278 0.987305 0.908691 0.0234375 0.0517578
0 0.0285206 0.303711 0.0595703 0.0253906 0.03125
0 0.0285388 0.334961 0.050293 0.0234375 0.0302734
0 0.0285422 0.240723 0.327148 0.0302734 0.0429688
0 0.0285549 0.314941 0.272949 0.0205078 0.0224609
0 0.0285642 0.352539 0.428711 0.0175781 0.0410156
0 0.0286363 0.0922852 0.665527 0.0107422 0.0244141
0 0.0286594 0.230469 0.353516 0.0195312 0.0371094
0 0.0286875 0.222656 0.388672 0.0234375 0.0351562
0 0.0287163 0.363281 0.815918 0.0292969 0.0458984
0 0.0287261 0.446289 0.260254 0.015625 0.0283203
0 0.0287455 0.351562 0.0473633 0.0390625 0.0537109
0 0.0287527 0.312988 0.0380859 0.0263672 0.0449219
0 0.0288173 0.329102 0.63623 0.0332031 0.0458984
0 0.0288333 0.499023 0.592773 0.03125 0.0410156
0 0.028904 0.504395 0.428223 0.0244141 0.0322266
0 0.029119 0.0708008 0.414551 0.0205078 0.0302734
0 0.0291583 0.122559 0.754395 0.0166016 0.0400391
0 0.0291583 0.492676 0.582031 0.0146484 0.0292969
0 0.0292527 0.121582 0.73291 0.0107422 0.0341797
0 0.0292652 0.621094 0.68457 0.0214844 0.0195312
0 0.0292915 0.455078 0.323242 0.03125 0.03125
0 0.0293666 0.46582 0.39502 0.0195312 0.0302734
0 0.0295853 0.314453 0.852539 0.0234375 0.0429688
0 0.0295988 0.20459 0.0371094 0.0146484 0.0253906
0 0.0296173 0.271484 0.319824 0.0214844 0.0322266
0 0.0296321 0.274902 0.980469 0.0244141 0.0253906
0 0.0299073 0.339355 0.202148 0.0224609 0.0292969
0 0.029927 0.251953 0.125488 0.0273438 0.0263672
0 0.0300045 0.332031 0.543945 0.03125 0.0625
0 0.0300214 0.27832 0.263184 0.046875 0.0517578
0 0.030178 0.490234 0.618164 0.0117188 0.0234375
0 0.030226 0.260254 0.529785 0.0146484 0.0185547
0 0.0302394 0.202148 0.458984 0.0175781 0.0234375
0 0.0302918 0.241211 0.23877 0.0214844 0.0322266
0 0.0303102 0.329102 0.799805 0.0136719 0.0195312
0 0.030344 0.234863 0.255371 0.0185547 0.0244141
0 0.0303691 0.164062 0.609375 0.0332031 0.0351562
0 0.0304626 0.254395 0.734863 0.0146484 0.0361328
0 0.0306055 0.242188 0.286621 0.0371094 0.0439453
0 0.030609 0.46582 0.841309 0.0214844 0.0322266
0 0.0306813 0.327148 0.755859 0.015625 0.0195312
0 0.0308209 0.334473 0.775879 0.0185547 0.0400391
0 0.0312987 0.182617 0.459473 0.015625 0.0205078
0 0.0313595 0.324707 0.0610352 0.0244141 0.0263672
0 0.0314028 0.674316 0.349121 0.0166016 0.0322266
0 0.0315194 0.28125 0.282715 0.0292969 0.0380859
0 0.031547 0.166992 0.229492 0.0175781 0.0234375
0 0.0317128 0.586914 0.481445 0.0234375 0.0332031
0 0.0317358 0.459961 0.643066 0.0332031 0.0595703
0 0.0317423 0.333496 0.765137 0.0146484 0.0322266
0 0.0318181 0.367188 0.744629 0.03125 0.0322266
0 0.031847 0.249512 0.699707 0.0166016 0.0244141
0 0.0318749 0.416504 0.292969 0.0185547 0.0273438
0 0.0319492 0.230957 0.0571289 0.0322266 0.0458984
0 0.0319501 0.600098 0.345703 0.0302734 0.0351562
0 0.0320301 0.194824 0.74707 0.0205078 0.0371094
0 0.0320384 0.345215 0.210449 0.0166016 0.0224609
0 0.0320617 0.219727 0.0600586 0.0351562 0.0537109
0 0.0322253 0.133789 0.40625 0.0117188 0.0234375
0 0.0324197 0.188477 0.185547 0.0273438 0.0351562
0 0.0325584 0.52832 0.328613 0.015625 0.0263672
0 0.0326132 0.649414 0.335449 0.0195312 0.0205078
0 0.0326288 0.108887 0.767578 0.0146484 0.0214844
0 0.0327181 0.254395 0.525391 0.0166016 0.0292969
0 0.0327522 0.354492 0.361328 0.0136719 0.0253906
0 0.0328089 0.471191 0.550293 0.0185547 0.0205078
0 0.0328517 0.562012 0.274902 0.0244141 0.0380859
0 0.0330269 0.493164 0.253418 0.0117188 0.0185547
0 0.0330926 0.232422 0.0424805 0.0332031 0.0341797
0 0.0332864 0.152344 0.921387 0.0292969 0.0322266
0 0.0333482 0.463867 0.640137 0.0273438 0.0341797
0 0.0333749 0.529297 0.526855 0.0566406 0.0634766
0 0.0335689 0.336914 0.792969 0.0214844 0.0273438
0 0.0335752 0.149902 0.450684 0.0146484 0.0302734
0 0.0335912 0.220215 0.0429688 0.0244141 0.0351562
0 0.0336705 0.494629 0.825195 0.0205078 0.0234375
0 0.0337139 0.26416 0.0234375 0.0302734 0.0351562
0 0.0337173 0.589355 0.125488 0.0185547 0.0283203
0 0.0338966 0.614746 0.252441 0.0283203 0.0400391
0 0.0339759 0.479004 0.617676 0.0224609 0.0283203
0 0.0343708 0.0170898 0.48877 0.0185547 0.0263672
0 0.0344565 0.338867 0.92627 0.015625 0.0224609
0 0.034553 0.45752 0.263672 0.0205078 0.0253906
0 0.0345685 0.342773 0.47168 0.0371094 0.0566406
0 0.0347375 0.405273 0.532227 0.0253906 0.0351562
0 0.0349894 0.251465 0.484863 0.0146484 0.0244141
0 0.0349999 0.227051 0.0922852 0.0146484 0.0283203
0 0.0351285 0.567871 0.354492 0.0283203 0.0273438
0 0.0352168 0.582031 0.361328 0.0175781 0.0175781
0 0.0352474 0.388184 0.642578 0.0224609 0.03125
0 0.0352762 0.181641 0.523926 0.0195312 0.0263672
0 0.0352836 0.219238 0.724609 0.0205078 0.0273438
0 0.0354263 0.231934 0.125977 0.0400391 0.046875
0 0.0355506 0.0683594 0.793945 0.015625 0.0253906
0 0.0356168 0.375 0.858398 0.0234375 0.0449219
0 0.0356275 0.319824 0.173828 0.0224609 0.0332031
0 0.0356636 0.180176 0.279785 0.0126953 0.0166016
0 0.0357971 0.540039 0.081543 0.0253906 0.0263672
0 0.0357994 0.261719 0.240723 0.0234375 0.0224609
0 0.0359451 0.317383 0.835449 0.0136719 0.0224609
0 0.0360998 0.258301 0.111816 0.0283203 0.0419922
0 0.0362185 0.236816 0.376953 0.0185547 0.0273438
0 0.0362905 0.34668 0.26709 0.0214844 0.0380859
0 0.0363397 0.391602 0.33252 0.0175781 0.0244141
0 0.0363733 0.358887 0.736816 0.0146484 0.0244141
0 0.0364965 0.572754 0.151855 0.0205078 0.0341797
0 0.0368049 0.225098 0.730469 0.0205078 0.0332031
0 0.036831 0.254883 0.825684 0.015625 0.0224609
0 0.0368748 0.112793 0.756348 0.0205078 0.0400391
0 0.0369572 0.252441 0.230469 0.0283203 0.03125
0 0.0369579 0.52002 0.498535 0.0224609 0.0322266
0 0.0369838 0.452148 0.481934 0.0117188 0.0244141
0 0.0370262 0.417969 0.635254 0.0195312 0.0224609
0 0.0370314 0.625 0.513672 0.0234375 0.0332031
0 0.0370431 0.278809 0.452637 0.0107422 0.0146484
0 0.0374889 0.516602 0.508301 0.0195312 0.0302734
0 0.0375298 0.266113 0.102051 0.0205078 0.0400391
0 0.0376203 0.472656 0.60791 0.0214844 0.0322266
0 0.0376905 0.11377 0.433594 0.0166016 0.0214844
0 0.037699 0.63623 0.416016 0.0185547 0.0195312
0 0.0378841 0.31543 0.568848 0.0117188 0.0205078
0 0.0379783 0.216309 0.367676 0.0244141 0.0361328
0 0.037991 0.20752 0.741211 0.0263672 0.0351562
0 0.0380312 0.355957 0.353516 0.0126953 0.0234375
0 0.0380453 0.51709 0.285645 0.0224609 0.0283203
0 0.038306 0.169922 0.909668 0.0253906 0.0380859
0 0.0383376 0.472656 0.150391 0.0214844 0.0390625
0 0.0383723 0.331055 0.889648 0.0175781 0.0429688
0 0.0383885 0.0727539 0.624512 0.0146484 0.0166016
0 0.0384631 0.498535 0.606934 0.0224609 0.0341797
0 0.0387283 0.259277 0.476074 0.0146484 0.0244141
0 0.038794 0.103516 0.387695 0.0136719 0.0175781
0 0.0389081 0.205566 0.468262 0.0146484 0.0244141
0 0.0390552 0.249023 0.332031 0.0273438 0.0292969
0 0.0390909 0.263184 0.791504 0.0146484 0.0185547
0 0.0394104 0.446777 0.0654297 0.0146484 0.03125
0 0.0394179 0.422852 0.449707 0.015625 0.0283203
0 0.0396146 0.198242 0.371582 0.0175781 0.0263672
0 0.0397851 0.23584 0.734375 0.0400391 0.0546875
0 0.0398942 0.521973 0.178711 0.0185547 0.0234375
0 0.0399978 0.407227 0.525391 0.0136719 0.0195312
0 0.0402352 0.481934 0.0888672 0.0224609 0.0234375
0 0.0402498 0.208984 0.34668 0.0214844 0.0332031
0 0.0402827 0.593262 0.110352 0.0244141 0.0371094
0 0.0403711 0.455078 0.364746 0.0136719 0.0224609
0 0.0404096 0.298828 0.219238 0.03125 0.0419922
0 0.0405692 0.306152 0.237305 0.0224609 0.03125
0 0.0406853 0.64209 0.285156 0.0166016 0.0253906
0 0.0407124 0.31543 0.149414 0.0253906 0.0292969
0 0.0409089 0.257324 0.501953 0.0244141 0.0488281
0 0.0410937 0.129395 0.857422 0.0322266 0.0410156
0 0.0411173 0.288574 0.895508 0.0341797 0.0292969
0 0.0411589 0.235352 0.230469 0.0253906 0.03125
0 0.0414592 0.379883 0.399414 0.015625 0.0195312
0 0.0414824 0.367676 0.112793 0.0146484 0.0322266
0 0.0417168 0.319824 0.28125 0.0205078 0.0234375
0 0.0417465 0.196289 0.732422 0.0253906 0.0507812
0 0.0417778 0.30957 0.431641 0.0214844 0.0292969
0 0.0418129 0.200195 0.299805 0.0136719 0.0214844
0 0.0419815 0.0732422 0.510742 0.0117188 0.0273438
0 0.0420307 0.515137 0.192871 0.0166016 0.0419922
0 0.0420368 0.301758 0.0708008 0.0332031 0.0322266
0 0.0421175 0.410645 0.55127 0.0126953 0.0166016
0 0.0422665 0.479004 0.41748 0.0244141 0.0439453
0 0.0423758 0.264648 0.238281 0.0390625 0.03125
0 0.0423768 0.458984 0.224609 0.0351562 0.0585938
0 0.0423852 0.139648 0.874023 0.046875 0.0722656
0 0.0424185 0.287109 0.343262 0.0195312 0.0263672
0 0.0425116 0.635742 0.257324 0.015625 0.0224609
0 0.0425199 0.217773 0.149414 0.0234375 0.0332031
0 0.0427606 0.278809 0.655273 0.0126953 0.0214844
0 0.0428998 0.310059 0.868164 0.0224609 0.0546875
0 0.0432147 0.605957 0.0917969 0.0322266 0.0625
0 0.043217 0.0561523 0.109863 0.0244141 0.0244141
0 0.0432371 0.56543 0.960449 0.0175781 0.0205078
0 0.0433176 0.550781 0.0917969 0.03125 0.0234375
0 0.043342 0.219238 0.336426 0.0146484 0.0283203
0 0.0433452 0.306641 0.692383 0.0234375 0.0390625
0 0.0436062 0.341309 0.750488 0.0146484 0.0185547
0 0.0436115 0.298828 0.102539 0.0234375 0.0253906
0 0.0440793 0.205078 0.307617 0.0371094 0.03125
0 0.0445885 0.0830078 0.425293 0.015625 0.0205078
0 0.0446008 0.441895 0.667969 0.0166016 0.0273438
0 0.0447285 0.21582 0.342285 0.046875 0.0478516
0 0.044999 0.51123 0.412109 0.0302734 0.0546875
0 0.0451048 0.403809 0.423828 0.0205078 0.0253906
0 0.0452327 0.294434 0.42627 0.0166016 0.0244141
0 0.0453642 0.303223 0.627441 0.0185547 0.0341797
0 0.0453977 0.433105 0.28125 0.0205078 0.0273438
0 0.0458107 0.338379 0.885742 0.0458984 0.046875
0 0.0460236 0.388672 0.53418 0.0175781 0.0195312
0 0.0460534 0.254883 0.0341797 0.0195312 0.0273438
0 0.0464507 0.171387 0.302734 0.00878906 0.0273438
0 0.0469276 0.097168 0.618164 0.0166016 0.0253906
0 0.0471036 0.240234 0.0571289 0.0214844 0.0185547
0 0.0472113 0.154785 0.917969 0.0595703 0.046875
0 0.0472727 0.379883 0.725098 0.0195312 0.0322266
0 0.0474308 0.48291 0.410156 0.0185547 0.0234375
0 0.0475456 0.330566 0.447754 0.0302734 0.0302734
0 0.0476241 0.543945 0.374023 0.0117188 0.0195312
0 0.0478271 0.226074 0.632324 0.0107422 0.0185547
0 0.0478798 0.335449 0.471191 0.0146484 0.0302734
0 0.047935 0.496582 0.40625 0.0302734 0.0292969
0 0.048038 0.34668 0.443848 0.0136719 0.0263672
0 0.0483807 0.0664062 0.505859 0.0195312 0.0273438
0 0.0486804 0.295898 0.668945 0.0136719 0.0195312
0 0.0488899 0.541016 0.299316 0.0253906 0.0263672
0 0.0492759 0.0585938 0.865234 0.0175781 0.0332031
0 0.0496548 0.132324 0.786621 0.0126953 0.0244141
0 0.0496779 0.524902 0.242188 0.0263672 0.0253906
0 0.0498031 0.606445 0.121582 0.0273438 0.0283203
0 0.0498516 0.560547 0.473145 0.0234375 0.0361328
0 0.0502856 0.289551 0.187988 0.0244141 0.0283203
0 0.0503461 0.117676 0.312012 0.00878906 0.0263672
0 0.0503482 0.20752 0.128906 0.0205078 0.046875
0 0.0505317 0.334961 0.354492 0.0136719 0.015625
0 0.0508485 0.46875 0.463867 0.0371094 0.0585938
0 0.0508935 0.489746 0.607422 0.0478516 0.0410156
0 0.0511773 0.395996 0.544922 0.0400391 0.0566406
0 0.0512675 0.419922 0.422852 0.0214844 0.0273438
0 0.0513457 0.287109 0.53125 0.0292969 0.0351562
0 0.0514869 0.0883789 0.421387 0.0205078 0.0244141
0 0.0516845 0.325195 0.780762 0.0136719 0.0302734
0 0.0516902 0.206055 0.0454102 0.0136719 0.0283203
0 0.0518325 0.213867 0.230469 0.0234375 0.0292969
0 0.0524958 0.521973 0.254883 0.0185547 0.015625
0 0.0525542 0.0146484 0.888672 0.0175781 0.0253906
0 0.052945 0.287109 0.556152 0.0136719 0.0244141
0 0.0530342 0.178711 0.456543 0.0117188 0.0185547
0 0.0531141 0.48291 0.46875 0.0205078 0.0488281
0 0.0535145 0.237793 0.755371 0.0126953 0.0224609
0 0.0544494 0.184082 0.616699 0.0244141 0.0302734
0 0.0544736 0.272949 0.304199 0.0185547 0.0244141
0 0.0546166 0.272461 0.32959 0.0214844 0.0224609
0 0.0546351 0.622559 0.350586 0.0224609 0.03125
0 0.0548626 0.266602 0.702637 0.0195312 0.0263672
0 0.0552376 0.252441 0.714844 0.0302734 0.0527344
0 0.0552664 0.626953 0.381348 0.0292969 0.0361328
0 0.0552794 0.284668 0.968262 0.0458984 0.0498047
0 0.0556967 0.340332 0.603027 0.0166016 0.0478516
0 0.0557696 0.385742 0.678223 0.0175781 0.0205078
0 0.0564511 0.0800781 0.415527 0.0214844 0.0322266
0 0.0564967 0.463867 0.263184 0.0117188 0.0244141
0 0.0565248 0.486816 0.417969 0.0224609 0.0332031
0 0.0565613 0.333496 0.647949 0.0126953 0.0244141
0 0.0570162 0.380371 0.632812 0.0224609 0.0410156
0 0.0571085 0.280762 0.973145 0.0302734 0.0322266
0 0.0571826 0.150391 0.753906 0.0195312 0.0273438
0 0.0571984 0.464844 0.483887 0.0253906 0.0419922
0 0.0574339 0.499023 0.561035 0.015625 0.0263672
0 0.0577671 0.490234 0.257812 0.0136719 0.0195312
0 0.058154 0.172363 0.196777 0.0205078 0.0205078
0 0.0581627 0.0297852 0.418457 0.0205078 0.0224609
0 0.0585523 0.276367 0.699707 0.0175781 0.0244141
0 0.0585948 0.32373 0.518066 0.0166016 0.0283203
0 0.0588171 0.316895 0.0288086 0.0146484 0.0302734
0 0.0589152 0.263672 0.483398 0.0371094 0.0351562
0 0.0591592 0.614258 0.121094 0.0136719 0.0234375
0 0.0594697 0.156738 0.387207 0.0205078 0.0263672
0 0.0597171 0.25293 0.302734 0.0195312 0.0273438
0 0.0597811 0.567383 0.262207 0.0195312 0.0283203
0 0.0600801 0.163574 0.6875 0.0185547 0.0234375
0 0.0602742 0.0454102 0.473633 0.0146484 0.0234375
0 0.060606 0.555664 0.351074 0.0429688 0.0400391
0 0.0607083 0.192871 0.20166 0.0341797 0.0283203
0 0.0609514 0.107422 0.350586 0.0117188 0.0195312
0 0.0611195 0.550293 0.292969 0.0244141 0.0234375
0 0.0611532 0.233887 0.35498 0.0283203 0.0595703
0 0.0616745 0.308105 0.888672 0.0185547 0.0332031
0 0.0617813 0.51123 0.262695 0.0283203 0.015625
0 0.0623192 0.341309 0.256836 0.0166016 0.0195312
0 0.0625986 0.418457 0.461914 0.0224609 0.0488281
0 0.0628136 0.186035 0.311035 0.0458984 0.0400391
0 0.0629279 0.233398 0.30127 0.0214844 0.0263672
0 0.0637958 0.0703125 0.604004 0.0234375 0.0205078
0 0.0640114 0.255371 0.292969 0.0205078 0.0429688
0 0.0640244 0.216309 0.739258 0.0380859 0.046875
0 0.0640637 0.0996094 0.626465 0.0175781 0.0341797
0 0.0640941 0.224121 0.081543 0.0166016 0.0322266
0 0.0646085 0.386719 0.719727 0.015625 0.0195312
0 0.0647768 0.358398 0.128906 0.0273438 0.0273438
0 0.0647997 0.309082 0.179199 0.0419922 0.0361328
0 0.064897 0.342773 0.133789 0.0273438 0.0253906
0 0.0656199 0.483887 0.297852 0.0126953 0.0273438
0 0.0659217 0.32959 0.191406 0.0322266 0.0332031
0 0.0661957 0.0859375 0.317871 0.0214844 0.0283203
0 0.0666002 0.503906 0.562988 0.0214844 0.0341797
0 0.0667971 0.384277 0.27002 0.0126953 0.0166016
0 0.0670626 0.327637 0.287109 0.0126953 0.0175781
0 0.0673834 0.645996 0.402832 0.0224609 0.0341797
0 0.0677512 0.287109 0.926758 0.0488281 0.0644531
0 0.067776 0.525879 0.302734 0.0302734 0.0449219
0 0.068365 0.604004 0.25293 0.0107422 0.0175781
0 0.0685012 0.0380859 0.429199 0.0253906 0.0224609
0 0.0686403 0.316895 0.425781 0.0205078 0.03125
0 0.0691322 0.0297852 0.455566 0.0185547 0.0185547
0 0.0691563 0.291504 0.635742 0.0224609 0.0332031
0 0.069341 0.413574 0.311035 0.0380859 0.0419922
0 0.0695264 0.264648 0.268555 0.03125 0.0449219
0 0.0700272 0.51709 0.0175781 0.0263672 0.03125
0 0.0702952 0.221191 0.100098 0.0263672 0.0556641
0 0.0706008 0.334961 0.481934 0.0175781 0.0263672
0 0.0707439 0.493652 0.273926 0.0126953 0.0263672
0 0.0709085 0.220215 0.380371 0.0361328 0.0341797
0 0.0711334 0.372559 0.833984 0.0224609 0.0273438
0 0.0712996 0.469238 0.626953 0.0224609 0.0390625
0 0.0718845 0.220215 0.540039 0.00878906 0.0175781
0 0.0726414 0.536133 0.421875 0.0214844 0.0253906
0 0.0728312 0.509277 0.28418 0.0126953 0.0214844
0 0.0733942 0.429199 0.736328 0.0185547 0.0253906
0 0.0736731 0.0991211 0.674316 0.0126953 0.0341797
0 0.0737421 0.413086 0.307617 0.0214844 0.0273438
0 0.0739958 0.0556641 0.505371 0.015625 0.0244141
0 0.0742034 0.47998 0.109375 0.0302734 0.0292969
0 0.0742183 0.314941 0.882324 0.0302734 0.0517578
0 0.0743245 0.461426 0.379883 0.0205078 0.0332031
0 0.0743714 0.646484 0.415527 0.0273438 0.0224609
0 0.0744913 0.385742 0.774414 0.015625 0.0214844
0 0.0745578 0.333496 0.532715 0.0185547 0.0341797
0 0.0752798 0.213379 0.362305 0.0380859 0.0585938
0 0.0761524 0.439453 0.684082 0.015625 0.0224609
0 0.0762967 0.58252 0.253906 0.0126953 0.0175781
0 0.0768805 0.280273 0.332031 0.0214844 0.0253906
0 0.0781501 0.291504 0.415527 0.0185547 0.0380859
0 0.0782192 0.601074 0.0654297 0.0322266 0.0371094
0 0.078251 0.0273438 0.509277 0.0351562 0.0380859
0 0.0782768 0.359863 0.47998 0.0185547 0.0224609
0 0.0795489 0.288574 0.756836 0.0224609 0.0332031
0 0.0798066 0.0449219 0.541504 0.0234375 0.0146484
0 0.0803852 0.338379 0.508301 0.0283203 0.0439453
0 0.0804557 0.135254 0.192383 0.0263672 0.03125
0 0.0806401 0.47998 0.455566 0.0185547 0.0380859
0 0.0807641 0.210938 0.201172 0.015625 0.0273438
0 0.0808159 0.271973 0.476074 0.0322266 0.0361328
0 0.08096 0.249512 0.67041 0.0146484 0.0166016
0 0.0809881 0.602539 0.501953 0.015625 0.0214844
0 0.0812979 0.472656 0.112793 0.015625 0.0244141
0 0.0822192 0.337402 0.585449 0.0107422 0.0224609
0 0.0825135 0.428711 0.424316 0.0214844 0.0302734
0 0.0827405 0.54248 0.485352 0.0322266 0.0332031
0 0.0835491 0.379883 0.113281 0.0253906 0.0390625
0 0.0849465 0.483398 0.539062 0.0136719 0.0175781
0 0.0854041 0.51123 0.0297852 0.0419922 0.0537109
0 0.0860558 0.277344 0.903809 0.0371094 0.0419922
0 0.0861914 0.32666 0.140137 0.0341797 0.0283203
0 0.086226 0.288086 0.472656 0.0195312 0.0253906
0 0.086226 0.22998 0.253418 0.0322266 0.0361328
0 0.0863111 0.372559 0.735352 0.0224609 0.0332031
0 0.0873289 0.651367 0.350098 0.0195312 0.0283203
0 0.0884091 0.332031 0.517578 0.0195312 0.0253906
0 0.0885768 0.240234 0.462402 0.0117188 0.0224609
0 0.0888438 0.344727 0.473145 0.0234375 0.0283203
0 0.0893198 0.312012 0.229492 0.0205078 0.0234375
0 0.0895514 0.322754 0.675781 0.0107422 0.0214844
0 0.0900329 0.144043 0.763672 0.0185547 0.0253906
0 0.0901585 0.219238 0.0791016 0.0126953 0.03125
0 0.090728 0.512695 0.290039 0.0136719 0.0253906
0 0.0916466 0.289062 0.516113 0.0175781 0.0283203
0 0.0920203 0.188477 0.31543 0.0253906 0.03125
0 0.0925239 0.256348 0.700195 0.0146484 0.0234375
0 0.0925778 0.216309 0.345215 0.0146484 0.0302734
0 0.0926389 0.379883 0.402832 0.03125 0.0322266
0 0.0928219 0.394043 0.291504 0.0244141 0.0419922
0 0.0930944 0.259766 0.27002 0.0214844 0.0283203
0 0.0942351 0.342285 0.504395 0.0146484 0.0263672
0 0.0942569 0.0766602 0.405762 0.0166016 0.0283203
0 0.0943332 0.621582 0.343262 0.0419922 0.0458984
0 0.0943749 0.338379 0.515625 0.0166016 0.0253906
0 0.0944025 0.243652 0.67334 0.0107422 0.0224609
0 0.0957807 0.44873 0.310547 0.0166016 0.0292969
0 0.0959109 0.599121 0.492188 0.0224609 0.0371094
0 0.095938 0.351074 0.487305 0.0205078 0.03125
0 0.0962767 0.405273 0.303223 0.03125 0.0244141
0 0.0970246 0.421875 0.323242 0.0234375 0.0234375
0 0.0976517 0.143066 0.605469 0.0146484 0.0292969
0 0.0977892 0.395996 0.400391 0.0185547 0.0195312
0 0.0979626 0.190918 0.764648 0.0166016 0.0214844
0 0.0996623 0.253906 0.707031 0.0195312 0.03125
0 0.100389 0.495605 0.831543 0.0126953 0.0244141
0 0.100554 0.243652 0.226562 0.0224609 0.0292969
0 0.101103 0.365723 0.888672 0.0224609 0.0371094
0 0.101874 0.146484 0.85791 0.0390625 0.0478516
0 0.102066 0.288574 0.508789 0.0126953 0.0175781
0 0.102534 0.556641 0.0966797 0.0195312 0.0136719
0 0.102575 0.277344 0.461426 0.0117188 0.0244141
0 0.102996 0.374023 0.711426 0.0078125 0.0205078
0 0.103534 0.459961 0.511719 0.0175781 0.0273438
0 0.103614 0.271973 0.288086 0.0400391 0.0527344
0 0.104251 0.63916 0.856445 0.0224609 0.0449219
0 0.104507 0.182617 0.196289 0.0253906 0.0234375
0 0.104971 0.311523 0.130371 0.0253906 0.0322266
0 0.10506 0.370117 0.846191 0.0292969 0.0478516
0 0.106587 0.324219 0.0649414 0.0429688 0.0361328
0 0.107251 0.178223 0.557129 0.0146484 0.0205078
0 0.107394 0.369629 0.871582 0.0380859 0.0615234
0 0.108445 0.185547 0.333984 0.0273438 0.0566406
0 0.108916 0.564453 0.490234 0.0175781 0.0292969
0 0.109844 0.428711 0.318848 0.0292969 0.0244141
0 0.109993 0.445312 0.296387 0.00976562 0.0185547
0 0.110525 0.618652 0.486816 0.0146484 0.0302734
0 0.111061 0.440918 0.270508 0.0126953 0.0273438
0 0.111333 0.478027 0.865234 0.0224609 0.0371094
0 0.111841 0.523926 0.523438 0.0244141 0.0390625
0 0.112279 0.449707 0.234375 0.0126953 0.0273438
0 0.113566 0.139648 0.818359 0.015625 0.0214844
0 0.114209 0.463379 0.252441 0.0185547 0.0322266
0 0.114729 0.512695 0.550781 0.0175781 0.0253906
0 0.115811 0.438477 0.296875 0.0195312 0.0253906
0 0.115987 0.406738 0.547852 0.0166016 0.0253906
0 0.116571 0.131836 0.297852 0.0214844 0.0253906
0 0.116598 0.654297 0.355469 0.0332031 0.0371094
0 0.116643 0.34375 0.492676 0.0195312 0.0302734
0 0.117173 0.241699 0.300293 0.0244141 0.0263672
0 0.117481 0.212402 0.305176 0.0244141 0.0224609
0 0.117998 0.330566 0.584473 0.0283203 0.0478516
0 0.118615 0.199219 0.163086 0.0234375 0.0488281
0 0.119287 0.365234 0.857422 0.0234375 0.0371094
0 0.120659 0.490234 0.0737305 0.0390625 0.0380859
0 0.122384 0.193359 0.71582 0.0195312 0.03125
0 0.122973 0.21582 0.26709 0.0214844 0.0185547
0 0.123251 0.401855 0.399902 0.0126953 0.0185547
0 0.123537 0.250977 0.5 0.0136719 0.0214844
0 0.124043 0.336426 0.544434 0.0185547 0.0302734
0 0.125717 0.335938 0.591309 0.015625 0.0361328
0 0.126364 0.307129 0.112793 0.0302734 0.0478516
0 0.126644 0.212891 0.354004 0.0136719 0.0224609
0 0.126835 0.285645 0.181641 0.0205078 0.0195312
0 0.128462 0.229004 0.0356445 0.0146484 0.0244141
0 0.129448 0.188965 0.45752 0.0205078 0.0185547
0 0.130607 0.279297 0.193359 0.015625 0.0273438
0 0.130921 0.401855 0.407227 0.0185547 0.0292969
0 0.131763 0.158691 0.800781 0.0263672 0.0273438
0 0.133312 0.62207 0.362793 0.0214844 0.0302734
0 0.133317 0.53125 0.0708008 0.0292969 0.0380859
0 0.133505 0.0795898 0.313965 0.0146484 0.0205078
0 0.133825 0.34668 0.202637 0.0195312 0.0263672
0 0.134924 0.152832 0.199707 0.0283203 0.0380859
0 0.135315 0.35498 0.805664 0.0166016 0.0195312
0 0.135375 0.537598 0.319336 0.0400391 0.0585938
0 0.136211 0.30957 0.117676 0.0214844 0.0224609
0 0.136581 0.344727 0.261719 0.00976562 0.0195312
0 0.136818 0.197266 0.526855 0.0117188 0.0166016
0 0.136933 0.184082 0.350098 0.0263672 0.0244141
0 0.137219 0.667969 0.35498 0.0292969 0.0341797
0 0.139923 0.219727 0.248535 0.0390625 0.0478516
0 0.140013 0.203613 0.376465 0.0166016 0.0205078
0 0.140321 0.558105 0.485352 0.0302734 0.0390625
0 0.141442 0.0185547 0.500488 0.0253906 0.0380859
0 0.142219 0.151367 0.846191 0.0292969 0.0302734
0 0.142544 0.271973 0.23877 0.0244141 0.0205078
0 0.142803 0.118164 0.438477 0.0136719 0.0175781
0 0.143885 0.465332 0.871094 0.0244141 0.0292969
0 0.144389 0.296875 0.171387 0.0253906 0.0361328
0 0.146364 0.176758 0.101562 0.015625 0.0234375
0 0.146569 0.264648 0.0893555 0.00976562 0.0263672
0 0.147364 0.322266 0.574707 0.015625 0.0302734
0 0.147417 0.514648 0.178711 0.0195312 0.0273438
0 0.147636 0.292969 0.177734 0.0234375 0.0195312
0 0.147844 0.520996 0.295898 0.0205078 0.0292969
0 0.151002 0.317871 0.416016 0.0205078 0.0214844
0 0.151543 0.472656 0.310547 0.0390625 0.0332031
0 0.151546 0.176758 0.515625 0.0175781 0.0214844
0 0.152057 0.540527 0.288086 0.0263672 0.0214844
0 0.152464 0.453125 0.224609 0.0234375 0.0273438
0 0.154476 0.227051 0.751465 0.0146484 0.0283203
0 0.154777 0.605957 0.499512 0.0185547 0.0380859
0 0.155121 0.322754 0.183105 0.0185547 0.0244141
0 0.156383 0.522461 0.418457 0.0332031 0.0400391
0 0.156941 0.274414 0.0146484 0.0234375 0.0234375
0 0.158753 0.650391 0.382812 0.0253906 0.0351562
0 0.161181 0.0405273 0.513672 0.0166016 0.0273438
0 0.161495 0.526855 0.301758 0.0205078 0.0214844
0 0.163161 0.305176 0.225586 0.0244141 0.03125
0 0.16338 0.227539 0.381836 0.0175781 0.0253906
0 0.164119 0.413574 0.27832 0.0205078 0.0253906
0 0.165477 0.441406 0.449219 0.0214844 0.0429688
0 0.165835 0.624023 0.258301 0.0234375 0.0205078
0 0.167426 0.279297 0.46875 0.0214844 0.0292969
0 0.169003 0.146973 0.191895 0.0244141 0.0283203
0 0.170315 0.14502 0.766602 0.0146484 0.0136719
0 0.170639 0.285156 0.0664062 0.015625 0.0332031
0 0.170786 0.203613 0.210449 0.0283203 0.0478516
0 0.170858 0.30127 0.15625 0.0341797 0.0429688
0 0.170929 0.530273 0.428223 0.0292969 0.0361328
0 0.17119 0.197754 0.19043 0.0341797 0.0390625
0 0.174425 0.258789 0.484863 0.0214844 0.0224609
0 0.176576 0.336426 0.753418 0.0126953 0.0185547
0 0.176592 0.333984 0.62207 0.0214844 0.0585938
0 0.178157 0.19873 0.15332 0.0166016 0.0292969
0 0.178196 0.442383 0.0869141 0.015625 0.0273438
0 0.178304 0.290527 0.0717773 0.0283203 0.0400391
0 0.17899 0.535156 0.328125 0.0253906 0.0332031
0 0.180128 0.521973 0.54248 0.0341797 0.0380859
0 0.180832 0.446777 0.318848 0.0263672 0.0322266
0 0.181628 0.314453 0.138672 0.0390625 0.0371094
0 0.181943 0.237305 0.461426 0.00976562 0.0166016
0 0.182236 0.340332 0.452148 0.0185547 0.0253906
0 0.18432 0.282715 0.295898 0.0322266 0.0351562
0 0.184938 0.423828 0.72998 0.0136719 0.0283203
0 0.186277 0.473145 0.438477 0.0302734 0.0527344
0 0.187151 0.287598 0.643555 0.0185547 0.0273438
0 0.188081 0.215332 0.160645 0.0341797 0.0419922
0 0.188807 0.458496 0.868652 0.0146484 0.0224609
0 0.190693 0.533691 0.239258 0.0244141 0.0234375
0 0.190987 0.54834 0.34375 0.0341797 0.0253906
0 0.192228 0.503906 0.0864258 0.0273438 0.0419922
0 0.192305 0.630859 0.263672 0.0234375 0.0234375
0 0.195327 0.282715 0.650879 0.0146484 0.0244141
0 0.197656 0.140137 0.929688 0.0341797 0.0449219
0 0.197784 0.57373 0.154297 0.0107422 0.0253906
0 0.198594 0.637695 0.379395 0.0488281 0.0556641
0 0.199582 0.584961 0.260254 0.0117188 0.0205078
0 0.203833 0.0136719 0.381348 0.0234375 0.0439453
0 0.203913 0.589844 0.347656 0.0273438 0.0429688
0 0.204821 0.618652 0.390625 0.0224609 0.0292969
0 0.204839 0.177734 0.311523 0.0195312 0.0390625
0 0.205994 0.411133 0.480469 0.0214844 0.0234375
0 0.206792 0.326172 0.563477 0.0253906 0.0410156
0 0.206892 0.255371 0.721191 0.0166016 0.0478516
0 0.207461 0.587891 0.26416 0.0175781 0.0302734
0 0.207513 0.637207 0.341797 0.0322266 0.0488281
0 0.207932 0.533691 0.294922 0.0302734 0.0292969
0 0.209733 0.249023 0.126953 0.0175781 0.015625
0 0.211935 0.51123 0.0571289 0.0224609 0.0341797
0 0.214718 0.0522461 0.409668 0.0244141 0.0302734
0 0.217952 0.401855 0.108398 0.0244141 0.0273438
0 0.220577 0.421387 0.436035 0.0185547 0.0341797
0 0.22239 0.301758 0.0947266 0.0253906 0.0332031
0 0.223259 0.330566 0.553711 0.0244141 0.03125
0 0.224701 0.580566 0.302246 0.0146484 0.0166016
0 0.225257 0.223633 0.163574 0.0175781 0.0361328
0 0.225383 0.456055 0.372559 0.0136719 0.0205078
0 0.226186 0.489746 0.11084 0.0341797 0.0458984
0 0.23021 0.36084 0.409668 0.0126953 0.0244141
0 0.230306 0.145508 0.456543 0.0214844 0.0205078
0 0.230735 0.466797 0.612793 0.0136719 0.0263672
0 0.234117 0.63916 0.275391 0.0185547 0.0292969
0 0.235377 0.393555 0.416992 0.0214844 0.0332031
0 0.236357 0.387207 0.552734 0.0302734 0.0390625
0 0.236365 0.0566406 0.678711 0.0136719 0.0253906
0 0.237363 0.629395 0.356934 0.0361328 0.0283203
0 0.237816 0.363281 0.40332 0.0175781 0.0273438
0 0.238255 0.353516 0.479004 0.0195312 0.0283203
0 0.238979 0.147461 0.811035 0.0332031 0.0361328
0 0.240248 0.493164 0.0917969 0.03125 0.0371094
0 0.245268 0.304688 0.692383 0.015625 0.0214844
0 0.245593 0.614258 0.72168 0.0292969 0.0292969
0 0.249499 0.327637 0.726562 0.0107422 0.015625
0 0.251362 0.519531 0.516113 0.0175781 0.0322266
0 0.251913 0.45459 0.652832 0.0166016 0.0361328
0 0.254583 0.647949 0.38916 0.0146484 0.0244141
0 0.254716 0.09375 0.672363 0.0175781 0.0341797
0 0.258383 0.640625 0.866699 0.0175781 0.0322266
0 0.261083 0.380859 0.729004 0.0117188 0.0224609
0 0.261227 0.206543 0.194336 0.0224609 0.0351562
0 0.26239 0.382324 0.561035 0.0224609 0.0283203
0 0.265006 0.433105 0.69043 0.0146484 0.0175781
0 0.265515 0.627441 0.0258789 0.0283203 0.0517578
0 0.268402 0.509766 0.596191 0.0273438 0.0439453
0 0.269335 0.375977 0.879883 0.0273438 0.0390625
0 0.269811 0.192871 0.604492 0.0322266 0.0351562
0 0.270744 0.611328 0.76709 0.0214844 0.0380859
0 0.271062 0.333008 0.0629883 0.0234375 0.0283203
0 0.272205 0.365234 0.746094 0.0175781 0.0253906
0 0.276443 0.250488 0.535156 0.0205078 0.0273438
0 0.276957 0.204102 0.305176 0.0195312 0.0244141
0 0.277177 0.622559 0.680664 0.0146484 0.0136719
0 0.27837 0.367188 0.393555 0.0195312 0.0253906
0 0.279722 0.600098 0.258789 0.0146484 0.0351562
0 0.280386 0.28418 0.532715 0.0214844 0.0205078
0 0.28366 0.516113 0.259766 0.0107422 0.015625
0 0.283811 0.296387 0.0825195 0.0341797 0.0537109
0 0.286903 0.531738 0.989746 0.0380859 0.0205078
0 0.287741 0.312012 0.446777 0.0146484 0.0244141
0 0.288429 0.386719 0.40918 0.015625 0.0273438
0 0.289934 0.397949 0.541504 0.0283203 0.0322266
0 0.290549 0.492188 0.837891 0.015625 0.0292969
0 0.294198 0.195801 0.226074 0.0205078 0.0224609
0 0.298225 0.365234 0.121582 0.0175781 0.0205078
0 0.298334 0.635742 0.327148 0.0195312 0.0253906
0 0.300431 0.332031 0.634277 0.015625 0.0380859
0 0.302178 0.494629 0.367188 0.0185547 0.0253906
0 0.303787 0.277344 0.896973 0.0234375 0.0283203
0 0.309382 0.579102 0.121582 0.0292969 0.0283203
0 0.310934 0.142578 0.352539 0.0175781 0.0292969
0 0.317562 0.657715 0.41748 0.0126953 0.0166016
0 0.317967 0.297363 0.150879 0.0244141 0.0244141
0 0.319708 0.38623 0.106445 0.0126953 0.0351562
0 0.32113 0.29834 0.217285 0.0166016 0.0263672
0 0.328881 0.422363 0.852539 0.0263672 0.0390625
0 0.340042 0.254883 0.531738 0.0117188 0.0224609
0 0.341126 0.542969 0.336914 0.0332031 0.046875
0 0.344275 0.119629 0.741699 0.0166016 0.0439453
0 0.349509 0.460938 0.496094 0.0234375 0.046875
0 0.349767 0.357422 0.0463867 0.0253906 0.0322266
0 0.349821 0.480957 0.0776367 0.0224609 0.0302734
0 0.351303 0.457031 0.321777 0.015625 0.0244141
0 0.354291 0.21875 0.116211 0.03125 0.0390625
0 0.363576 0.64209 0.359863 0.0615234 0.0517578
0 0.364345 0.612305 0.116699 0.0234375 0.0263672
0 0.365418 0.240723 0.334961 0.0185547 0.0273438
0 0.369444 0.443359 0.30127 0.0175781 0.0224609
0 0.370677 0.479004 0.875 0.0146484 0.0234375
0 0.372678 0.530273 0.53418 0.0332031 0.0410156
0 0.37828 0.435059 0.441406 0.0322266 0.0507812
0 0.378618 0.378906 0.267578 0.0175781 0.0214844
0 0.388856 0.519043 0.0620117 0.0361328 0.0419922
0 0.390813 0.599121 0.470215 0.0224609 0.0380859
0 0.391349 0.616699 0.758789 0.0283203 0.0507812
0 0.392703 0.621094 0.500488 0.0292969 0.0517578
0 0.397353 0.493164 0.262695 0.0136719 0.0273438
0 0.40083 0.513672 0.216309 0.0195312 0.0400391
0 0.412793 0.395508 0.294922 0.0195312 0.0214844
0 0.414862 0.48291 0.433594 0.0185547 0.0507812
0 0.418816 0.468262 0.245117 0.0146484 0.0273438
0 0.433375 0.462891 0.558594 0.0117188 0.0195312
0 0.43642 0.620117 0.730957 0.03125 0.0517578
0 0.439167 0.158691 0.215332 0.0205078 0.0263672
0 0.439373 0.483887 0.308105 0.0166016 0.0302734
0 0.442243 0.498535 0.0991211 0.0244141 0.0263672
0 0.444171 0.505371 0.015625 0.0361328 0.03125
0 0.445568 0.595215 0.264648 0.0244141 0.0351562
0 0.460178 0.334961 0.784668 0.015625 0.0205078
0 0.466824 0.474121 0.131348 0.0244141 0.0537109
0 0.468567 0.628418 0.82959 0.0283203 0.0341797
0 0.474141 0.358887 0.279297 0.0205078 0.0253906
0 0.48891 0.458008 0.216797 0.0253906 0.0332031
0 0.49889 0.560547 0.266602 0.015625 0.0273438
0 0.501499 0.631348 0.222656 0.0146484 0.0273438
0 0.509223 0.172852 0.0229492 0.0273438 0.0341797
0 0.535919 0.222168 0.261719 0.0302734 0.0292969
0 0.543598 0.569336 0.964844 0.0195312 0.0234375
0 0.55377 0.491699 0.482422 0.0263672 0.0332031
0 0.563313 0.509766 0.404297 0.0332031 0.0234375
0 0.589041 0.446289 0.0761719 0.0195312 0.0429688
0 0.617138 0.409668 0.10791 0.0185547 0.0244141
0 0.673755 0.482422 0.787109 0.0351562 0.0585938
