0 0.0142597 0.947266 0.0883789 0.0273438 0.0361328
0 0.0143281 0.930176 0.101562 0.0166016 0.0253906
0 0.0143757 0.755859 0.0385742 0.0195312 0.0224609
0 0.0145372 0.991699 0.557617 0.0166016 0.0371094
0 0.0145405 0.460449 0.498047 0.0244141 0.0351562
0 0.0145454 0.097168 0.470703 0.0224609 0.0332031
0 0.0145691 0.114258 0.0981445 0.0449219 0.0595703
0 0.0146046 0.451172 0.491699 0.0273438 0.0263672
0 0.014636 0.691895 0.805664 0.0185547 0.0351562
0 0.0146596 0.215332 0.492676 0.0205078 0.0224609
0 0.0146757 0.133301 0.617188 0.0478516 0.0527344
0 0.0147346 0.936523 0.305176 0.0195312 0.0263672
0 0.0147582 0.499023 0.491211 0.0292969 0.03125
0 0.0147756 0.731934 0.53418 0.0185547 0.0644531
0 0.0147791 0.727539 0.670898 0.0136719 0.0253906
0 0.0148261 0.496094 0.716797 0.0292969 0.0625
0 0.0148884 0.971191 0.197266 0.0244141 0.03125
0 0.0148998 0.523438 0.441406 0.0195312 0.0390625
0 0.0149719 0.410645 0.742188 0.0302734 0.046875
0 0.0149813 0.907227 0.0976562 0.0175781 0.0292969
0 0.0149903 0.712402 0.237305 0.0224609 0.0234375
0 0.0150047 0.690918 0.56543 0.0185547 0.0390625
0 0.0150109 0.625 0.485352 0.0332031 0.0449219
0 0.0150195 0.769043 0.09375 0.0361328 0.0429688
0 0.0150876 0.381836 0.98877 0.0332031 0.0166016
0 0.0151496 0.49707 0.569336 0.0195312 0.0292969
0 0.0151593 0.418945 0.727051 0.0351562 0.0380859
0 0.0151601 0.963867 0.452637 0.0273438 0.0380859
0 0.0151623 0.866211 0.26709 0.03125 0.0615234
0 0.0151672 0.499023 0.637207 0.0234375 0.0263672
0 0.0151737 0.168457 0.949707 0.0302734 0.0498047
0 0.0151772 0.0913086 0.480957 0.0615234 0.0595703
0 0.0152132 0.64209 0.685547 0.0283203 0.0507812
0 0.0152194 0.35498 0.98877 0.0283203 0.0185547
0 0.0152875 0.0375977 0.344238 0.0263672 0.0419922
0 0.015324 0.75 0.707031 0.0214844 0.0273438
0 0.0153453 0.97998 0.196777 0.0302734 0.0224609
0 0.0153655 0.15625 0.638672 0.046875 0.0429688
0 0.0154244 0.260254 0.32373 0.0263672 0.0380859
0 0.0154316 0.302734 0.673828 0.0214844 0.0214844
0 0.0154417 0.970703 0.316406 0.0332031 0.0410156
0 0.015496 0.194336 0.609375 0.0253906 0.0351562
0 0.0155277 0.749023 0.339355 0.0214844 0.0322266
0 0.0155793 0.212891 0.478516 0.0292969 0.0410156
0 0.0157351 0.851074 0.371094 0.0615234 0.0605469
0 0.0157469 0.729492 0.51416 0.0136719 0.0419922
0 0.015782 0.653809 0.540039 0.0166016 0.0195312
0 0.015871 0.521973 0.477051 0.0263672 0.0361328
0 0.0159045 0.400879 0.703613 0.0830078 0.0810547
0 0.0159533 0.00878906 0.762207 0.0175781 0.0830078
0 0.0159715 0.666016 0.552734 0.0429688 0.0507812
0 0.0159824 0.430176 0.597656 0.0380859 0.0449219
0 0.0159987 0.787109 0.853027 0.0273438 0.0341797
0 0.01605 0.493164 0.562988 0.0332031 0.0537109
0 0.0160907 0.95166 0.553711 0.0302734 0.0449219
0 0.0161035 0.0756836 0.306152 0.0322266 0.0361328
0 0.0161158 0.100098 0.432617 0.0380859 0.0605469
0 0.0161297 0.207031 0.619629 0.0371094 0.0361328
0 0.0161836 0.69043 0.308594 0.103516 0.105469
0 0.0162322 0.297363 0.384277 0.0185547 0.0283203
0 0.0162352 0.204102 0.689453 0.0214844 0.0351562
0 0.0162775 0.801758 0.119629 0.0332031 0.0478516
0 0.0163521 0.0195312 0.572754 0.0390625 0.0849609
0 0.0163826 0.890137 0.775879 0.0205078 0.0283203
0 0.0163934 0.935547 0.341309 0.0351562 0.0595703
0 0.0164109 0.150391 0.860352 0.128906 0.146484
0 0.0164203 0.991699 0.844727 0.0126953 0.0234375
0 0.016439 0.579102 0.601074 0.046875 0.0556641
0 0.0165 0.0454102 0.352051 0.0498047 0.0634766
0 0.0165009 0.82373 0.105957 0.0205078 0.0302734
0 0.0165304 0.0966797 0.379883 0.0429688 0.0527344
0 0.0166008 0.533691 0.446777 0.0224609 0.0322266
0 0.0166329 0.851074 0.0224609 0.0400391 0.0449219
0 0.0167304 0.216797 0.307129 0.0371094 0.0537109
0 0.0167318 0.711914 0.333496 0.0273438 0.0361328
0 0.0167596 0.189941 0.429199 0.0185547 0.0439453
0 0.0167873 0.23584 0.898926 0.100586 0.106445
0 0.0168309 0.404297 0.726562 0.0332031 0.03125
0 0.0169209 0.937012 0.00830078 0.0322266 0.0146484
0 0.0169505 0.914551 0.300293 0.0244141 0.0302734
0 0.0169918 0.879883 0.79248 0.0234375 0.0341797
0 0.0170165 0.373535 0.449707 0.0537109 0.0634766
0 0.0170353 0.646484 0.883301 0.0078125 0.0166016
0 0.0170523 0.130371 0.223633 0.0361328 0.0429688
0 0.0170535 0.685059 0.507812 0.0361328 0.03125
0 0.0171141 0.090332 0.557129 0.0400391 0.0556641
0 0.0171657 0.807617 0.628418 0.03125 0.0458984
0 0.0172198 0.720215 0.117676 0.0341797 0.0556641
0 0.0172419 0.10498 0.394531 0.0419922 0.03125
0 0.0172502 0.561523 0.600586 0.0195312 0.03125
0 0.0172718 0.154785 0.79248 0.0634766 0.0947266
0 0.0172966 0.785645 0.310547 0.0146484 0.0214844
0 0.0173912 0.487793 0.587891 0.0224609 0.0449219
0 0.0174295 0.901855 0.933105 0.0322266 0.0419922
0 0.0174635 0.0551758 0.1875 0.0302734 0.03125
0 0.0174799 0.639648 0.524414 0.0664062 0.0722656
0 0.0175381 0.741211 0.0664062 0.015625 0.0351562
0 0.0175437 0.971191 0.661133 0.0126953 0.0253906
0 0.0176252 0.208008 0.604492 0.0488281 0.0566406
0 0.0176421 0.53418 0.539551 0.0390625 0.0498047
0 0.0176536 0.880371 0.436035 0.0126953 0.0205078
0 0.0176582 0.977539 0.384766 0.0117188 0.0175781
0 0.0176824 0.92041 0.19043 0.0166016 0.0292969
0 0.0176886 0.012207 0.734375 0.0244141 0.0625
0 0.0176898 0.470703 0.432129 0.0234375 0.0244141
0 0.0177103 0.861328 0.156738 0.0136719 0.0244141
0 0.0177323 0.85498 0.237793 0.0146484 0.0263672
0 0.0177554 0.451172 0.525391 0.0253906 0.0273438
0 0.017759 0.563477 0.318359 0.0234375 0.046875
0 0.0177657 0.925781 0.662109 0.0253906 0.046875
0 0.017773 0.788574 0.462891 0.0107422 0.0214844
0 0.0178465 0.841797 0.163086 0.015625 0.0234375
0 0.0179184 0.289551 0.679199 0.0322266 0.0302734
0 0.0179195 0.700684 0.440918 0.0185547 0.0419922
0 0.0180299 0.0942383 0.428223 0.0927734 0.139648
0 0.0180913 0.79541 0.705078 0.0244141 0.0546875
0 0.0181601 0.430664 0.680664 0.0351562 0.0390625
0 0.0181857 0.691895 0.20752 0.0458984 0.0517578
0 0.0181876 0.384277 0.655762 0.0458984 0.0576172
0 0.018298 0.928223 0.487793 0.0126953 0.0224609
0 0.0183332 0.161621 0.961914 0.0322266 0.0585938
0 0.0183422 0.793457 0.333008 0.0283203 0.0585938
0 0.0183483 0.0102539 0.159668 0.0205078 0.0576172
0 0.0183627 0.69873 0.186523 0.0927734 0.121094
0 0.0184425 0.254395 0.416016 0.0380859 0.046875
0 0.0184843 0.657715 0.500488 0.0400391 0.0498047
0 0.0185336 0.351562 0.426758 0.109375 0.09375
0 0.0186243 0.630859 0.36377 0.0332031 0.0322266
0 0.0187347 0.943848 0.295898 0.0322266 0.0390625
0 0.0187358 0.382324 0.731934 0.0595703 0.0458984
0 0.0187693 0.790527 0.308105 0.0185547 0.0263672
0 0.0187719 0.602539 0.3125 0.0195312 0.0488281
0 0.0188207 0.875977 0.385254 0.0195312 0.0244141
0 0.0188482 0.563477 0.558105 0.078125 0.0869141
0 0.0188611 0.95166 0.425293 0.0146484 0.0244141
0 0.0189201 0.594238 0.344727 0.0361328 0.0625
0 0.0189494 0.347656 0.748047 0.0273438 0.0332031
0 0.019075 0.713379 0.437988 0.0400391 0.0576172
0 0.0191195 0.361816 0.720703 0.0439453 0.0449219
0 0.0191498 0.881348 0.376465 0.0361328 0.0400391
0 0.0191746 0.439453 0.736328 0.0234375 0.0351562
0 0.0192234 0.0996094 0.232422 0.0292969 0.0507812
0 0.0192256 0.550293 0.555664 0.0322266 0.046875
0 0.0192748 0.181152 0.833496 0.0458984 0.0576172
0 0.0193712 0.489746 0.5 0.0302734 0.0410156
0 0.0194151 0.043457 0.26709 0.0498047 0.0517578
0 0.0194265 0.96875 0.722168 0.00976562 0.0146484
0 0.0195808 0.243164 0.589355 0.0332031 0.0556641
0 0.0196217 0.627441 0.651367 0.0185547 0.0273438
0 0.0196413 0.76416 0.524414 0.0107422 0.0175781
0 0.0197111 0.712402 0.128418 0.0244141 0.0498047
0 0.019999 0.356934 0.643555 0.0322266 0.046875
0 0.0200227 0.155762 0.770996 0.0380859 0.0849609
0 0.0201278 0.416992 0.484375 0.0449219 0.0605469
0 0.0201419 0.467285 0.546387 0.0419922 0.0478516
0 0.0201796 0.0385742 0.631348 0.0400391 0.0439453
0 0.0201942 0.638184 0.526855 0.0224609 0.0283203
0 0.0203113 0.151367 0.98291 0.0253906 0.0283203
0 0.0203554 0.103027 0.333984 0.0322266 0.0488281
0 0.0204607 0.741211 0.836914 0.0175781 0.0253906
0 0.0205053 0.229004 0.426758 0.0439453 0.0546875
0 0.0205592 0.303711 0.61084 0.046875 0.0615234
0 0.0205784 0.268555 0.439941 0.111328 0.12793
0 0.0205855 0.453125 0.484863 0.046875 0.0478516
0 0.020599 0.324707 0.578613 0.0263672 0.0498047
0 0.0206233 0.777832 0.318848 0.0205078 0.0302734
0 0.0206838 0.381836 0.69873 0.0292969 0.0322266
0 0.020728 0.965332 0.189941 0.0107422 0.0205078
0 0.0208065 0.925293 0.36084 0.0361328 0.0380859
0 0.0210008 0.0683594 0.583008 0.0390625 0.0429688
0 0.0210302 0.0205078 0.281738 0.0351562 0.0478516
0 0.0210434 0.580566 0.674805 0.0322266 0.0429688
0 0.0210459 0.665527 0.416016 0.0205078 0.0273438
0 0.0210925 0.0996094 0.242188 0.0214844 0.0292969
0 0.0211217 0.227539 0.387207 0.0429688 0.0361328
0 0.0212097 0.196289 0.399902 0.0234375 0.0478516
0 0.0212099 0.394043 0.986816 0.0244141 0.0224609
0 0.0212682 0.131348 0.50293 0.0302734 0.0507812
0 0.0212701 0.958496 0.668457 0.0556641 0.0478516
0 0.0213576 0.938965 0.211914 0.0166016 0.0253906
0 0.0215209 0.741699 0.62793 0.0166016 0.0214844
0 0.0215604 0.129395 0.728027 0.0146484 0.0263672
0 0.0216137 0.432129 0.731934 0.0263672 0.0341797
0 0.0216727 0.0610352 0.612305 0.0830078 0.0683594
0 0.021691 0.793945 0.0375977 0.0351562 0.0263672
0 0.0217198 0.993164 0.701172 0.0136719 0.0449219
0 0.0217213 0.0761719 0.267578 0.0332031 0.0371094
0 0.021791 0.922363 0.659668 0.0146484 0.0263672
0 0.0217916 0.12207 0.369141 0.0351562 0.0371094
0 0.0218349 0.77832 0.312988 0.0429688 0.0537109
0 0.0218923 0.385254 0.624512 0.0341797 0.0517578
0 0.0220189 0.638672 0.293457 0.0664062 0.0869141
0 0.0220281 0.306641 0.67041 0.0332031 0.0400391
0 0.0220568 0.963379 0.226562 0.0205078 0.0332031
0 0.0220622 0.84375 0.243164 0.0214844 0.0351562
0 0.0220809 0.529297 0.602539 0.0390625 0.0546875
0 0.0221669 0.249023 0.321289 0.0390625 0.0507812
0 0.0221958 0.266113 0.724121 0.0556641 0.0478516
0 0.022322 0.674316 0.32666 0.0302734 0.0458984
0 0.022374 0.38623 0.566895 0.0322266 0.0595703
0 0.0224359 0.140137 0.476074 0.0185547 0.0263672
0 0.0225739 0.808105 0.699219 0.0361328 0.0664062
0 0.0225766 0.990234 0.65918 0.0175781 0.0371094
0 0.0225792 0.124512 0.755371 0.0322266 0.0693359
0 0.0227071 0.73584 0.54834 0.0166016 0.0380859
0 0.0228065 0.91748 0.259277 0.0146484 0.0244141
0 0.0228126 0.151367 0.567871 0.0429688 0.0517578
0 0.0228173 0.181152 0.330078 0.0400391 0.0546875
0 0.0228384 0.912109 0.118652 0.0253906 0.0478516
0 0.0228735 0.702148 0.220703 0.0371094 0.0605469
0 0.0228818 0.97998 0.346191 0.0185547 0.0263672
0 0.0228879 0.0527344 0.358887 0.0839844 0.0869141
0 0.0229446 0.927246 0.160645 0.0146484 0.0263672
0 0.0230505 0.446777 0.677246 0.0185547 0.0224609
0 0.0231122 0.207031 0.295898 0.0546875 0.0566406
0 0.0231153 0.953613 0.378418 0.0146484 0.0283203
0 0.0231716 0.0986328 0.208496 0.03125 0.0380859
0 0.0232094 0.802246 0.369629 0.0224609 0.0322266
0 0.0232132 0.73877 0.460938 0.0126953 0.0214844
0 0.0232607 0.205078 0.445801 0.0449219 0.0439453
0 0.0232891 0.262207 0.683594 0.0341797 0.03125
0 0.0233199 0.779297 0.342773 0.0332031 0.0527344
0 0.0233589 0.922363 0.0615234 0.0146484 0.0195312
0 0.0234391 0.273926 0.416504 0.0380859 0.0400391
0 0.0234595 0.979004 0.65918 0.0244141 0.03125
0 0.0234716 0.437012 0.638184 0.0126953 0.0185547
0 0.0235527 0.207031 0.464844 0.0371094 0.0390625
0 0.0236262 0.0771484 0.166504 0.0488281 0.0791016
0 0.0236888 0.366699 0.987793 0.0478516 0.0244141
0 0.0237042 0.836914 0.667969 0.0117188 0.015625
0 0.0237458 0.703613 0.317871 0.0341797 0.0576172
0 0.0237547 0.0649414 0.247559 0.0361328 0.0302734
0 0.0238493 0.203613 0.364258 0.0380859 0.0371094
0 0.0241289 0.29541 0.80957 0.0380859 0.0683594
0 0.0241398 0.982422 0.262207 0.0273438 0.0361328
0 0.0241423 0.206543 0.23877 0.0224609 0.0263672
0 0.0241834 0.666016 0.406738 0.0195312 0.0244141
0 0.0241859 0.759277 0.181641 0.0322266 0.0585938
0 0.024403 0.830078 0.259277 0.0078125 0.0166016
0 0.0244391 0.215332 0.592773 0.0849609 0.0996094
0 0.0245064 0.96875 0.967285 0.0234375 0.0341797
0 0.0245546 0.925293 0.408691 0.0380859 0.0556641
0 0.0246074 0.104492 0.366699 0.0332031 0.0498047
0 0.0246107 0.92334 0.436035 0.0146484 0.0166016
0 0.024677 0.12207 0.594727 0.0878906 0.101562
0 0.0247257 0.488281 0.868652 0.015625 0.0205078
0 0.0247883 0.0141602 0.193848 0.0283203 0.0419922
0 0.0248148 0.0415039 0.182129 0.0458984 0.0458984
0 0.0248692 0.650391 0.717285 0.0292969 0.0400391
0 0.0249779 0.104492 0.161133 0.0644531 0.123047
0 0.0249833 0.043457 0.0117188 0.0439453 0.0195312
0 0.0250832 0.990723 0.193848 0.0166016 0.0322266
0 0.0252 0.765137 0.665527 0.0205078 0.0361328
0 0.0252035 0.160645 0.199707 0.0224609 0.0283203
0 0.025219 0.896484 0.299805 0.0351562 0.0566406
0 0.0256057 0.992676 0.32666 0.0146484 0.0283203
0 0.0256166 0.90625 0.246582 0.0195312 0.0302734
0 0.0257199 0.782715 0.293945 0.0419922 0.03125
0 0.0258892 0.165039 0.489258 0.0136719 0.0195312
0 0.0259023 0.475586 0.429199 0.0371094 0.0400391
0 0.0259271 0.709961 0.458496 0.03125 0.0458984
0 0.0259313 0.14209 0.00927734 0.0341797 0.0185547
0 0.0259809 0.234375 0.928711 0.0332031 0.0390625
0 0.0259824 0.157227 0.295898 0.0371094 0.0625
0 0.0260271 0.668945 0.462891 0.0214844 0.0292969
0 0.0260616 0.772461 0.652344 0.0644531 0.0878906
0 0.0260981 0.67627 0.399414 0.0244141 0.0390625
0 0.0261374 0.966309 0.967773 0.0126953 0.0175781
0 0.0262792 0.382324 0.46582 0.0419922 0.0566406
0 0.0264205 0.556641 0.51123 0.0371094 0.0400391
0 0.0264566 0.39502 0.725586 0.0224609 0.0214844
0 0.0266316 0.458984 0.819336 0.00976562 0.0136719
0 0.0266679 0.642578 0.462402 0.03125 0.0439453
0 0.0267155 0.0791016 0.128418 0.0390625 0.0634766
0 0.0267473 0.561523 0.360352 0.0195312 0.0292969
0 0.0267975 0.851562 0.458008 0.015625 0.0351562
0 0.026833 0.0336914 0.120605 0.0673828 0.106445
0 0.0268417 0.665527 0.577148 0.0185547 0.0175781
0 0.0268801 0.938965 0.870605 0.0107422 0.0263672
0 0.0270102 0.34375 0.645508 0.03125 0.0625
0 0.0270205 0.502441 0.757324 0.00878906 0.0244141
0 0.027049 0.569336 0.664062 0.03125 0.0371094
0 0.0271396 0.466309 0.721191 0.0244141 0.0380859
0 0.0272261 0.316895 0.621094 0.0400391 0.0546875
0 0.0273316 0.118164 0.344727 0.0410156 0.0546875
0 0.0274237 0.394043 0.45459 0.0419922 0.0498047
0 0.0275248 0.951172 0.268066 0.0234375 0.0205078
0 0.0275898 0.247559 0.685547 0.0283203 0.046875
0 0.0276414 0.366699 0.580078 0.0361328 0.0527344
0 0.0278028 0.800781 0.345215 0.0488281 0.0732422
0 0.0278327 0.608887 0.693359 0.0224609 0.03125
0 0.0279812 0.690918 0.307617 0.0322266 0.0546875
0 0.0280499 0.230469 0.33252 0.0566406 0.0654297
0 0.0280727 0.962402 0.866211 0.0322266 0.0449219
0 0.0282017 0.147461 0.262695 0.0371094 0.046875
0 0.028335 0.583984 0.609375 0.0214844 0.0273438
0 0.028339 0.102539 0.29248 0.0488281 0.0693359
0 0.0283553 0.716797 0.149414 0.0273438 0.0292969
0 0.0285781 0.427734 0.680176 0.0195312 0.0263672
0 0.0287067 0.724121 0.556152 0.0283203 0.0341797
0 0.0287157 0.159668 0.527832 0.0771484 0.100586
0 0.0287503 0.48291 0.655273 0.0224609 0.03125
0 0.0287912 0.0668945 0.52002 0.0556641 0.0654297
0 0.0288251 0.0498047 0.019043 0.0507812 0.0341797
0 0.0288477 0.199707 0.982422 0.0107422 0.0253906
0 0.028916 0.869629 0.158203 0.0263672 0.0253906
0 0.0289342 0.890625 0.303711 0.0253906 0.0292969
0 0.029105 0.771973 0.108398 0.0380859 0.0429688
0 0.0291933 0.816406 0.291016 0.0136719 0.0195312
0 0.0291951 0.359375 0.964355 0.0332031 0.0537109
0 0.0292759 0.883789 0.431641 0.0234375 0.0175781
0 0.0293217 0.567871 0.287598 0.0244141 0.0244141
0 0.0294223 0.826172 0.366211 0.0253906 0.046875
0 0.0294485 0.789551 0.365723 0.0166016 0.0341797
0 0.0294487 0.112305 0.356445 0.105469 0.115234
0 0.0294715 0.28418 0.65625 0.03125 0.0429688
0 0.0294955 0.272461 0.354004 0.0195312 0.0302734
0 0.0296509 0.186035 0.349609 0.0849609 0.0820312
0 0.0298216 0.294434 0.66748 0.0244141 0.0341797
0 0.0298335 0.1875 0.718262 0.0488281 0.0732422
0 0.0298383 0.0341797 0.279785 0.0410156 0.0576172
0 0.0298647 0.884277 0.228516 0.0185547 0.0332031
0 0.0298972 0.753418 0.0463867 0.0244141 0.0341797
0 0.0300324 0.418945 0.554199 0.0976562 0.114258
0 0.0300427 0.27002 0.654785 0.0458984 0.0615234
0 0.0300773 0.641602 0.672852 0.015625 0.0234375
0 0.0302342 0.846191 0.102539 0.0146484 0.0273438
0 0.0302692 0.144043 0.308105 0.0439453 0.0712891
0 0.0304421 0.674805 0.228027 0.0332031 0.0341797
0 0.0305366 0.103027 0.182617 0.0283203 0.0488281
0 0.0305524 0.34668 0.678711 0.0410156 0.0605469
0 0.030735 0.484375 0.638672 0.0234375 0.0390625
0 0.0308274 0.123535 0.521973 0.106445 0.0908203
0 0.0309017 0.916992 0.138672 0.015625 0.0332031
0 0.0309268 0.329102 0.717773 0.0859375 0.0703125
0 0.0309282 0.0991211 0.618652 0.0673828 0.0673828
0 0.0310441 0.553223 0.649414 0.0322266 0.0429688
0 0.0312322 0.760742 0.349121 0.0214844 0.0400391
0 0.0314384 0.977539 0.210938 0.0195312 0.03125
0 0.0314583 0.398926 0.482422 0.0361328 0.0507812
0 0.0314648 0.807617 0.0351562 0.03125 0.0371094
0 0.0316261 0.872559 0.270508 0.0185547 0.03125
0 0.0316816 0.994141 0.487305 0.0117188 0.0292969
0 0.0318253 0.754883 0.0791016 0.03125 0.0429688
0 0.0318904 0.941406 0.687988 0.0195312 0.0244141
0 0.0319209 0.650879 0.432129 0.0126953 0.0302734
0 0.031999 0.230957 0.564941 0.0126953 0.0205078
0 0.0320044 0.92041 0.637207 0.0185547 0.0380859
0 0.0320635 0.82959 0.390625 0.0302734 0.0410156
0 0.0320826 0.253906 0.664551 0.0390625 0.0341797
0 0.03211 0.481934 0.545898 0.0302734 0.0351562
0 0.0321773 0.123535 0.5625 0.0517578 0.0546875
0 0.0322352 0.970215 0.0424805 0.0595703 0.0830078
0 0.0323035 0.15625 0.317871 0.03125 0.0576172
0 0.032644 0.126465 0.307617 0.0400391 0.0546875
0 0.0327061 0.0449219 0.302734 0.0390625 0.0390625
0 0.0328193 0.019043 0.0830078 0.0361328 0.0644531
0 0.0328408 0.166992 0.331543 0.03125 0.0400391
0 0.0334174 0.0463867 0.588867 0.0830078 0.0976562
0 0.0334302 0.821289 0.773926 0.0136719 0.0302734
0 0.0336164 0.706055 0.189941 0.0351562 0.0439453
0 0.0336337 0.459961 0.591309 0.0195312 0.0361328
0 0.0338434 0.182129 0.618164 0.0361328 0.0371094
0 0.0339821 0.62207 0.472656 0.0253906 0.03125
0 0.0340497 0.665527 0.488281 0.0283203 0.0390625
0 0.0341638 0.760254 0.321777 0.0283203 0.0458984
0 0.0342086 0.880371 0.25293 0.0263672 0.0351562
0 0.0342805 0.280273 0.67041 0.0292969 0.0302734
0 0.0343176 0.796387 0.666504 0.0126953 0.0244141
0 0.0343515 0.259277 0.460449 0.0595703 0.0595703
0 0.0344788 0.790039 0.612305 0.0292969 0.0449219
0 0.0345252 0.804199 0.70752 0.0185547 0.0517578
0 0.0347152 0.100098 0.405762 0.0361328 0.0302734
0 0.0347237 0.935059 0.245605 0.0224609 0.0322266
0 0.0347393 0.0722656 0.0981445 0.0507812 0.0673828
0 0.035082 0.332031 0.437988 0.0410156 0.0439453
0 0.0350981 0.602051 0.35791 0.0361328 0.0615234
0 0.0352719 0.959473 0.216797 0.0146484 0.0292969
0 0.035278 0.769531 0.675781 0.0175781 0.0703125
0 0.0353579 0.825195 0.397949 0.015625 0.0205078
0 0.0354012 0.756348 0.097168 0.0302734 0.0322266
0 0.0354298 0.125 0.262695 0.0859375 0.125
0 0.0355021 0.738281 0.293457 0.0644531 0.0380859
0 0.0355401 0.772461 0.331055 0.0234375 0.0410156
0 0.0358802 0.0195312 0.261719 0.0292969 0.0664062
0 0.0359405 0.0327148 0.255859 0.0439453 0.0527344
0 0.0360033 0.573242 0.602051 0.0273438 0.0283203
0 0.0362857 0.86377 0.269531 0.0224609 0.0332031
0 0.0364535 0.266602 0.439941 0.0507812 0.0810547
0 0.0365772 0.747559 0.33252 0.0166016 0.0224609
0 0.0366144 0.57373 0.493652 0.0244141 0.0302734
0 0.0366211 0.914551 0.398438 0.0380859 0.0507812
0 0.0366536 0.744141 0.17627 0.0292969 0.0380859
0 0.0366812 0.228516 0.344238 0.0390625 0.0458984
0 0.0367928 0.684082 0.558594 0.0126953 0.0234375
0 0.0368228 0.329102 0.643066 0.0449219 0.0615234
0 0.0368403 0.00976562 0.0175781 0.0195312 0.0351562
0 0.0369406 0.702148 0.350586 0.0195312 0.03125
0 0.036981 0.970703 0.260254 0.0585938 0.0634766
0 0.0371588 0.919434 0.12207 0.0166016 0.0292969
0 0.0372588 0.317383 0.413574 0.03125 0.0478516
0 0.0372923 0.265137 0.929199 0.0341797 0.0302734
0 0.0373057 0.758789 0.643066 0.0332031 0.0537109
0 0.0373126 0.662598 0.566406 0.0244141 0.0371094
0 0.0374299 0.578125 0.344727 0.0390625 0.0488281
0 0.0375529 0.0219727 0.0224609 0.0439453 0.0410156
0 0.0375958 0.89502 0.375 0.0224609 0.0292969
0 0.0376688 0.173828 0.29541 0.0292969 0.0380859
0 0.0376925 0.00878906 0.183105 0.015625 0.0517578
0 0.0378553 0.297852 0.430664 0.0292969 0.0390625
0 0.0378639 0.994141 0.247559 0.0117188 0.0302734
0 0.0379019 0.186035 0.523438 0.0146484 0.0292969
0 0.0379366 0.679199 0.567871 0.0224609 0.0380859
0 0.0380323 0.477051 0.73291 0.0341797 0.0439453
0 0.0381351 0.046875 0.336426 0.0371094 0.0498047
0 0.0381741 0.779785 0.259766 0.0283203 0.046875
0 0.0383687 0.240234 0.415527 0.0371094 0.0419922
0 0.0384309 0.880859 0.158691 0.0253906 0.0263672
0 0.0385354 0.0576172 0.145996 0.0566406 0.0654297
0 0.0387238 0.955078 0.129883 0.0371094 0.03125
0 0.0387524 0.747559 0.70459 0.0107422 0.0205078
0 0.0388061 0.166504 0.62793 0.0517578 0.0488281
0 0.0389356 0.253906 0.703125 0.0371094 0.0527344
0 0.0390593 0.081543 0.582031 0.0537109 0.0546875
0 0.039099 0.522949 0.529785 0.0185547 0.0263672
0 0.0393828 0.366211 0.692871 0.03125 0.0400391
0 0.0395755 0.474121 0.582031 0.0595703 0.0761719
0 0.0398569 0.757812 0.143066 0.0273438 0.0322266
0 0.0400032 0.0727539 0.264648 0.0537109 0.0527344
0 0.0401978 0.670898 0.367676 0.0234375 0.0263672
0 0.0403987 0.785645 0.679199 0.0322266 0.0771484
0 0.0406975 0.682129 0.28418 0.0380859 0.0527344
0 0.0407822 0.193848 0.425781 0.0361328 0.0644531
0 0.0408604 0.674316 0.356445 0.0185547 0.0371094
0 0.040862 0.143066 0.230469 0.0419922 0.0488281
0 0.040944 0.54541 0.45166 0.0185547 0.0302734
0 0.0410242 0.818359 0.81543 0.00976562 0.0117188
0 0.0410769 0.352051 0.657715 0.0322266 0.0517578
0 0.0414883 0.00585938 0.755859 0.00976562 0.0332031
0 0.0415755 0.901367 0.173828 0.03125 0.0195312
0 0.0419598 0.269531 0.404297 0.0351562 0.0410156
0 0.0419787 0.509277 0.485352 0.0478516 0.0546875
0 0.0421782 0.119141 0.465332 0.0664062 0.0791016
0 0.0421867 0.669922 0.623047 0.00976562 0.0195312
0 0.0422199 0.844238 0.0185547 0.0341797 0.0332031
0 0.0422248 0.458008 0.580078 0.0371094 0.0625
0 0.042379 0.48877 0.666016 0.0302734 0.0625
0 0.0428481 0.0698242 0.491211 0.102539 0.126953
0 0.0429135 0.0322266 0.0776367 0.0644531 0.0830078
0 0.0429616 0.286621 0.705078 0.0341797 0.0507812
0 0.0429748 0.0576172 0.0229492 0.0976562 0.0458984
0 0.0430486 0.978027 0.963867 0.0400391 0.0664062
0 0.0431304 0.993652 0.160156 0.0126953 0.0371094
0 0.043156 0.541016 0.492676 0.03125 0.0439453
0 0.04329 0.796875 0.236328 0.0234375 0.0273438
0 0.0434355 0.686523 0.159668 0.0195312 0.0322266
0 0.0434392 0.0488281 0.0556641 0.0820312 0.09375
0 0.0434612 0.734863 0.831055 0.0263672 0.03125
0 0.0434906 0.876465 0.214355 0.0126953 0.0263672
0 0.0438028 0.0996094 0.520508 0.0527344 0.0410156
0 0.0438958 0.245605 0.632812 0.0439453 0.0585938
0 0.0440306 0.207031 0.317871 0.0390625 0.0556641
0 0.0441585 0.125 0.383301 0.0546875 0.0654297
0 0.0442826 0.597168 0.483398 0.0263672 0.0332031
0 0.044659 0.70752 0.416504 0.0185547 0.0283203
0 0.0447725 0.689453 0.26416 0.0429688 0.0732422
0 0.0447831 0.939941 0.41748 0.0263672 0.0341797
0 0.0449399 0.0898438 0.334473 0.0332031 0.0439453
0 0.0449721 0.119629 0.651367 0.0419922 0.046875
0 0.0451663 0.677734 0.499023 0.0214844 0.03125
0 0.0452044 0.947266 0.0805664 0.0175781 0.0244141
0 0.0453439 0.523926 0.630371 0.0166016 0.0224609
0 0.0453473 0.342285 0.592773 0.0400391 0.0585938
0 0.045376 0.67627 0.459961 0.0126953 0.0214844
0 0.0455224 0.00683594 0.425293 0.0117188 0.0302734
0 0.0456878 0.418457 0.677734 0.0224609 0.0292969
0 0.0457147 0.150391 0.147461 0.0332031 0.0546875
0 0.0458214 0.355957 0.414062 0.0341797 0.0410156
0 0.045836 0.62793 0.467773 0.015625 0.0253906
0 0.0464243 0.566895 0.526367 0.0380859 0.0351562
0 0.0470763 0.810059 0.624023 0.0166016 0.0292969
0 0.0472999 0.702148 0.421875 0.0214844 0.03125
0 0.0473924 0.508789 0.693359 0.0175781 0.0371094
0 0.0474591 0.32959 0.584961 0.0380859 0.0976562
0 0.0475048 0.876465 0.234375 0.0263672 0.0566406
0 0.0475135 0.376953 0.422852 0.0546875 0.0625
0 0.0475793 0.400879 0.656738 0.0419922 0.0693359
0 0.0475856 0.595215 0.304199 0.0322266 0.0517578
0 0.0477764 0.293945 0.655273 0.0351562 0.0605469
0 0.0479124 0.528809 0.449707 0.0439453 0.0693359
0 0.0481299 0.772461 0.634277 0.0273438 0.0419922
0 0.048393 0.768066 0.0483398 0.0361328 0.0439453
0 0.0484098 0.0302734 0.189453 0.03125 0.0410156
0 0.0486777 0.164551 0.59375 0.0400391 0.0507812
0 0.0487646 0.196777 0.456543 0.0341797 0.0498047
0 0.0490012 0.387207 0.442383 0.0341797 0.0253906
0 0.0492514 0.299316 0.798828 0.0224609 0.046875
0 0.0494002 0.0195312 0.134766 0.03125 0.0371094
0 0.0495188 0.481934 0.734863 0.0166016 0.0302734
0 0.0498573 0.77002 0.150391 0.0283203 0.0449219
0 0.0500549 0.29248 0.394531 0.0244141 0.0449219
0 0.0503728 0.57959 0.361328 0.0341797 0.0273438
0 0.0506346 0.702637 0.456055 0.0166016 0.0253906
0 0.0506826 0.110352 0.240723 0.0371094 0.0419922
0 0.0507721 0.966797 0.126953 0.015625 0.0253906
0 0.0510257 0.914062 0.253418 0.0175781 0.0263672
0 0.0511288 0.702148 0.344238 0.0332031 0.0341797
0 0.0512478 0.81543 0.711914 0.0351562 0.0507812
0 0.0513225 0.936523 0.134277 0.0195312 0.0263672
0 0.0513704 0.467773 0.475098 0.0195312 0.0419922
0 0.0517876 0.581055 0.494629 0.0273438 0.0400391
0 0.0519044 0.0458984 0.291504 0.0585938 0.0576172
0 0.052209 0.470703 0.5 0.0371094 0.0410156
0 0.0522979 0.375 0.682617 0.0371094 0.046875
0 0.0523285 0.138672 0.258789 0.0332031 0.0253906
0 0.0523879 0.561035 0.58252 0.0244141 0.0380859
0 0.0525682 0.14209 0.331543 0.0322266 0.0458984
0 0.0526076 0.740234 0.642578 0.03125 0.0410156
0 0.0529419 0.916504 0.313477 0.0419922 0.0527344
0 0.0533471 0.252441 0.73584 0.0302734 0.0244141
0 0.0534118 0.596191 0.605469 0.0185547 0.0253906
0 0.0535206 0.958008 0.0273438 0.0488281 0.0546875
0 0.0537493 0.444336 0.526855 0.0136719 0.0283203
0 0.0540025 0.754395 0.172363 0.0244141 0.0361328
0 0.0541438 0.925293 0.109863 0.0146484 0.0263672
0 0.0542902 0.333984 0.658691 0.0332031 0.0322266
0 0.0543677 0.851074 0.475586 0.0166016 0.0253906
0 0.0544657 0.608398 0.477051 0.0195312 0.0224609
0 0.0545073 0.0727539 0.558594 0.0634766 0.0722656
0 0.0546605 0.276367 0.682617 0.0429688 0.0410156
0 0.0548438 0.369141 0.977539 0.0527344 0.0332031
0 0.0549437 0.98584 0.671387 0.0244141 0.0537109
0 0.054944 0.696289 0.510254 0.00976562 0.0166016
0 0.0551191 0.0742188 0.10791 0.0292969 0.0615234
0 0.0552524 0.953125 0.439941 0.0234375 0.0361328
0 0.0552978 0.479492 0.776855 0.0136719 0.0185547
0 0.0556887 0.106445 0.221191 0.0351562 0.0498047
0 0.0557066 0.0922852 0.181641 0.0498047 0.0644531
0 0.055935 0.193848 0.291504 0.106445 0.114258
0 0.0559767 0.751465 0.970703 0.0185547 0.0234375
0 0.0564514 0.126465 0.833008 0.0615234 0.0585938
0 0.0566872 0.401855 0.509277 0.0205078 0.0322266
0 0.0567287 0.558594 0.560547 0.0214844 0.0429688
0 0.056895 0.774414 0.827148 0.015625 0.0449219
0 0.0569451 0.243164 0.696777 0.0175781 0.0224609
0 0.0569878 0.149902 0.352539 0.0458984 0.046875
0 0.0570245 0.977051 0.379883 0.0166016 0.015625
0 0.0571855 0.550781 0.483887 0.0351562 0.0654297
0 0.0572939 0.930176 0.241211 0.0146484 0.0234375
0 0.0576093 0.976562 0.238281 0.0253906 0.0292969
0 0.0576461 0.776855 0.246582 0.0166016 0.0244141
0 0.0577075 0.474609 0.490723 0.0605469 0.0537109
0 0.057815 0.322754 0.565918 0.0185547 0.0322266
0 0.057997 0.747559 0.0859375 0.0263672 0.0664062
0 0.0581813 0.0947266 0.317383 0.0253906 0.0292969
0 0.058215 0.763184 0.287109 0.0224609 0.0273438
0 0.0583056 0.17627 0.612305 0.0595703 0.0664062
0 0.0588573 0.404297 0.509277 0.03125 0.0537109
0 0.0590816 0.460938 0.730469 0.0371094 0.0371094
0 0.0590879 0.929688 0.430176 0.0234375 0.0283203
0 0.0593614 0.346191 0.541016 0.0205078 0.0234375
0 0.0596972 0.917969 0.523438 0.0117188 0.0234375
0 0.0597934 0.939941 0.201172 0.0224609 0.0371094
0 0.0599681 0.270996 0.674316 0.0283203 0.0283203
0 0.0600715 0.111328 0.467285 0.0410156 0.0439453
0 0.0603335 0.779785 0.854492 0.0185547 0.0429688
0 0.0609461 0.404297 0.620117 0.0351562 0.0703125
0 0.0612083 0.48291 0.553223 0.0380859 0.0634766
0 0.0612846 0.742676 0.143066 0.0341797 0.0380859
0 0.0613963 0.792969 0.357422 0.0273438 0.0429688
0 0.0619797 0.209473 0.406738 0.0322266 0.0517578
0 0.0622037 0.217773 0.353516 0.0410156 0.0371094
0 0.0622488 0.230957 0.293457 0.0576172 0.0888672
0 0.0624077 0.658203 0.30957 0.0195312 0.0605469
0 0.0624374 0.55127 0.45166 0.0126953 0.0263672
0 0.0625211 0.0288086 0.619629 0.0576172 0.0654297
0 0.062631 0.548828 0.814453 0.00976562 0.0175781
0 0.0626861 0.0869141 0.00878906 0.0488281 0.015625
0 0.0632137 0.94043 0.673828 0.0292969 0.0488281
0 0.0632139 0.288574 0.603027 0.0263672 0.0361328
0 0.0633368 0.158203 0.231445 0.0332031 0.0332031
0 0.06349 0.138184 0.755859 0.0556641 0.0820312
0 0.0635703 0.754395 0.131836 0.0361328 0.0527344
0 0.0636589 0.33252 0.619141 0.0419922 0.0742188
0 0.0637956 0.270508 0.62207 0.0351562 0.0546875
0 0.0640056 0.949707 0.36377 0.0224609 0.0244141
0 0.0641167 0.081543 0.537598 0.0595703 0.0615234
0 0.0642575 0.407227 0.76709 0.0136719 0.0224609
0 0.0649226 0.223633 0.266602 0.0605469 0.0800781
0 0.0649776 0.019043 0.603027 0.0380859 0.0615234
0 0.0650184 0.939941 0.404297 0.0361328 0.0546875
0 0.0654528 0.397461 0.524414 0.0292969 0.0449219
0 0.0655886 0.653809 0.463867 0.0166016 0.0214844
0 0.0656411 0.944824 0.391113 0.0166016 0.0244141
0 0.066291 0.730957 0.158691 0.0341797 0.0322266
0 0.066507 0.812012 0.0820312 0.0283203 0.0761719
0 0.066624 0.137207 0.225098 0.0654297 0.0693359
0 0.0667309 0.0595703 0.172852 0.0683594 0.0585938
0 0.0672392 0.88623 0.526855 0.0126953 0.0244141
0 0.0672666 0.753906 0.108887 0.03125 0.0400391
0 0.0673594 0.947754 0.865723 0.0244141 0.0341797
0 0.0674388 0.878906 0.430176 0.0117188 0.0126953
0 0.067857 0.991699 0.683105 0.0146484 0.0458984
0 0.0678581 0.198242 0.571289 0.0253906 0.0410156
0 0.0679167 0.95166 0.123535 0.0185547 0.0244141
0 0.0681255 0.303223 0.975098 0.0166016 0.0224609
0 0.0682023 0.858398 0.246094 0.0175781 0.0351562
0 0.0686124 0.355957 0.438477 0.0361328 0.0371094
0 0.0689649 0.961914 0.565918 0.0273438 0.0458984
0 0.0692357 0.967285 0.285156 0.0400391 0.0410156
0 0.0693393 0.0717773 0.090332 0.108398 0.102539
0 0.0694641 0.722168 0.42041 0.0166016 0.0263672
0 0.0699035 0.617676 0.265625 0.0166016 0.0371094
0 0.0699482 0.695801 0.158691 0.0283203 0.0283203
0 0.0703015 0.419922 0.588867 0.0273438 0.0410156
0 0.0703731 0.404785 0.491211 0.0244141 0.0351562
0 0.0704974 0.829102 0.253906 0.015625 0.0234375
0 0.0708187 0.717285 0.293945 0.0849609 0.0527344
0 0.0711467 0.516113 0.589844 0.0283203 0.0371094
0 0.0716782 0.714355 0.561523 0.0224609 0.0273438
0 0.0716997 0.253906 0.929199 0.0605469 0.0439453
0 0.0717935 0.567871 0.595703 0.0224609 0.0292969
0 0.0718263 0.88623 0.291016 0.0185547 0.0214844
0 0.0719195 0.244629 0.356445 0.0634766 0.0664062
0 0.0722792 0.495605 0.554199 0.0751953 0.0732422
0 0.0725569 0.0185547 0.244629 0.0214844 0.0263672
0 0.0726662 0.0581055 0.253906 0.0673828 0.0527344
0 0.0734043 0.865723 0.254883 0.0205078 0.0273438
0 0.07432 0.68457 0.453125 0.0273438 0.0332031
0 0.0743811 0.608887 0.525391 0.0205078 0.0253906
0 0.0747378 0.88916 0.430176 0.0126953 0.0146484
0 0.074845 0.688965 0.697266 0.0126953 0.0234375
0 0.0749326 0.102051 0.015625 0.0673828 0.03125
0 0.0750537 0.693359 0.289062 0.0273438 0.0566406
0 0.0751185 0.895996 0.151367 0.0224609 0.0253906
0 0.0751744 0.354004 0.704102 0.0283203 0.0429688
0 0.0755827 0.77832 0.666016 0.0332031 0.0488281
0 0.0757184 0.15918 0.342285 0.0273438 0.0400391
0 0.0761211 0.126953 0.0102539 0.0527344 0.0205078
0 0.0764501 0.837891 0.361328 0.0410156 0.0546875
0 0.0767698 0.578125 0.333984 0.0566406 0.0917969
0 0.0772114 0.792969 0.0507812 0.0546875 0.0585938
0 0.077361 0.779785 0.0585938 0.0263672 0.0585938
0 0.0775018 0.954102 0.288574 0.0175781 0.0263672
0 0.0778512 0.368164 0.637695 0.0664062 0.0683594
0 0.0783738 0.265137 0.675781 0.0693359 0.0898438
0 0.0785264 0.0107422 0.281738 0.0214844 0.0302734
0 0.0802655 0.230469 0.630859 0.0332031 0.0488281
0 0.0803158 0.960938 0.284668 0.0351562 0.0244141
0 0.0806818 0.974121 0.32666 0.0107422 0.0244141
0 0.0816492 0.411133 0.456543 0.0371094 0.0615234
0 0.0820384 0.805664 0.116211 0.0175781 0.0371094
0 0.082325 0.680664 0.350586 0.0234375 0.0390625
0 0.0825713 0.28125 0.395508 0.0390625 0.0546875
0 0.0829611 0.277832 0.464355 0.0244141 0.0341797
0 0.0829635 0.177246 0.777832 0.0634766 0.0830078
0 0.082974 0.773926 0.0419922 0.0205078 0.0253906
0 0.0830322 0.935547 0.146484 0.015625 0.0332031
0 0.0832447 0.22998 0.573242 0.0185547 0.0390625
0 0.0837066 0.740723 0.166016 0.0263672 0.0292969
0 0.0839445 0.877441 0.168457 0.0263672 0.0361328
0 0.0844868 0.772949 0.0844727 0.0517578 0.0693359
0 0.0851281 0.609863 0.523926 0.0400391 0.0400391
0 0.0855433 0.836914 0.856445 0.0136719 0.0214844
0 0.0857475 0.689941 0.51123 0.0205078 0.0205078
0 0.0860335 0.141602 0.115723 0.0390625 0.0517578
0 0.0862728 0.827148 0.245605 0.0175781 0.0341797
0 0.0867032 0.231445 0.428223 0.0859375 0.104492
0 0.0871264 0.907715 0.13623 0.0224609 0.0283203
0 0.0871425 0.0874023 0.311035 0.0615234 0.0478516
0 0.0875556 0.994141 0.134766 0.00976562 0.0253906
0 0.0875757 0.12793 0.418945 0.0253906 0.0429688
0 0.0875917 0.229004 0.36377 0.0947266 0.110352
0 0.0876089 0.201172 0.416016 0.03125 0.0410156
0 0.0876678 0.131348 0.39209 0.0224609 0.0361328
0 0.0882638 0.29541 0.429199 0.0791016 0.0869141
0 0.0882854 0.421875 0.746094 0.0273438 0.046875
0 0.0882861 0.915527 0.398438 0.0205078 0.0351562
0 0.0887739 0.197754 0.353516 0.0380859 0.0449219
0 0.089065 0.437012 0.407715 0.0166016 0.0263672
0 0.0896357 0.351562 0.580078 0.0351562 0.0664062
0 0.0898297 0.946289 0.356934 0.0332031 0.0341797
0 0.0898921 0.960449 0.202148 0.0166016 0.0351562
0 0.0900171 0.680664 0.553223 0.015625 0.0185547
0 0.0903983 0.909668 0.39209 0.0205078 0.0361328
0 0.0920129 0.647949 0.45752 0.0126953 0.0244141
0 0.0922969 0.55127 0.646484 0.0205078 0.0292969
0 0.092505 0.112793 0.421387 0.0419922 0.0419922
0 0.0926383 0.733887 0.14502 0.0810547 0.0888672
0 0.0926412 0.101562 0.352539 0.0214844 0.0390625
0 0.0928125 0.0947266 0.103516 0.0605469 0.0703125
0 0.0928137 0.0146484 0.59375 0.0253906 0.0371094
0 0.0928453 0.693848 0.810547 0.0126953 0.0214844
0 0.0928551 0.889648 0.172852 0.0390625 0.0390625
0 0.09293 0.810059 0.723145 0.0166016 0.0302734
0 0.0930351 0.914551 0.130371 0.0146484 0.0244141
0 0.0938835 0.132812 0.379883 0.0292969 0.0488281
0 0.093967 0.924316 0.171875 0.0224609 0.03125
0 0.0949334 0.699707 0.282227 0.0185547 0.0351562
0 0.0950417 0.984863 0.776855 0.0185547 0.0380859
0 0.0950811 0.975586 0.57959 0.0175781 0.0322266
0 0.0951866 0.190918 0.525879 0.0146484 0.0283203
0 0.0952095 0.158691 0.497559 0.0224609 0.0380859
0 0.0955806 0.090332 0.246582 0.104492 0.0693359
0 0.0959602 0.776367 0.838867 0.0214844 0.0625
0 0.0959651 0.690918 0.243652 0.0361328 0.0400391
0 0.096016 0.664062 0.487305 0.0195312 0.0234375
0 0.0960267 0.672852 0.427734 0.0175781 0.0546875
0 0.0962061 0.838379 0.353516 0.0302734 0.03125
0 0.0968993 0.29248 0.415039 0.0419922 0.0566406
0 0.0970087 0.208984 0.432617 0.0585938 0.0761719
0 0.0976528 0.0229492 0.181152 0.0419922 0.0654297
0 0.0983264 0.17627 0.592285 0.0986328 0.0810547
0 0.0984415 0.987305 0.272461 0.0214844 0.0292969
0 0.0985212 0.222656 0.227051 0.0371094 0.0341797
0 0.0985242 0.265137 0.345215 0.0302734 0.0400391
0 0.0988541 0.0678711 0.52832 0.0869141 0.0976562
0 0.0990471 0.609375 0.48584 0.0273438 0.0283203
0 0.0991008 0.314453 0.65625 0.0371094 0.0390625
0 0.102449 0.814453 0.105957 0.0195312 0.0380859
0 0.102634 0.791992 0.661621 0.0136719 0.0263672
0 0.103018 0.98877 0.495117 0.0185547 0.03125
0 0.103075 0.224609 0.480957 0.0273438 0.0458984
0 0.103097 0.179688 0.527344 0.0273438 0.0546875
0 0.103443 0.0668945 0.313477 0.102539 0.123047
0 0.103518 0.166504 0.533691 0.0205078 0.0322266
0 0.10352 0.762207 0.0620117 0.0458984 0.0556641
0 0.103778 0.0703125 0.372559 0.0273438 0.0400391
0 0.105085 0.0908203 0.397949 0.03125 0.0439453
0 0.105337 0.352539 0.68457 0.0234375 0.0410156
0 0.105407 0.127441 0.292969 0.0576172 0.0644531
0 0.105465 0.791016 0.628906 0.0175781 0.0644531
0 0.106228 0.902344 0.381836 0.0195312 0.03125
0 0.10642 0.11377 0.360352 0.0673828 0.0625
0 0.106487 0.719727 0.178711 0.0429688 0.0527344
0 0.106703 0.20166 0.582031 0.0400391 0.0507812
0 0.107274 0.143066 0.821289 0.104492 0.0898438
0 0.107977 0.138184 0.368652 0.0263672 0.0283203
0 0.108216 0.828613 0.767578 0.0166016 0.0253906
0 0.10824 0.817871 0.239258 0.0205078 0.0371094
0 0.109456 0.283691 0.417969 0.0205078 0.0332031
0 0.110102 0.131836 0.739258 0.0234375 0.0488281
0 0.110211 0.664062 0.280273 0.0253906 0.0566406
0 0.110428 0.785645 0.0791016 0.0361328 0.0488281
0 0.111768 0.853027 0.390137 0.0439453 0.0400391
0 0.112243 0.12793 0.325195 0.09375 0.101562
0 0.112521 0.158691 0.530273 0.0361328 0.0449219
0 0.113347 0.365723 0.665527 0.0634766 0.0693359
0 0.11342 0.490234 0.67627 0.015625 0.0244141
0 0.113691 0.759766 0.306641 0.0390625 0.0605469
0 0.113832 0.691895 0.256348 0.0166016 0.0263672
0 0.114282 0.156738 0.335938 0.0439453 0.0605469
0 0.114343 0.702148 0.430176 0.0371094 0.0537109
0 0.115972 0.0239258 0.141602 0.0439453 0.0605469
0 0.116526 0.597656 0.499512 0.0410156 0.0537109
0 0.116543 0.908691 0.179199 0.0322266 0.0263672
0 0.116609 0.716797 0.141602 0.0390625 0.0625
0 0.119086 0.192871 0.557129 0.0302734 0.0673828
0 0.119698 0.0644531 0.307129 0.0234375 0.0283203
0 0.120106 0.537598 0.50293 0.0595703 0.0820312
0 0.121063 0.224121 0.46875 0.0400391 0.0566406
0 0.121645 0.727539 0.503418 0.0078125 0.0185547
0 0.122152 0.915527 0.178711 0.0146484 0.0195312
0 0.122316 0.779785 0.106445 0.0849609 0.0976562
0 0.12369 0.531738 0.461914 0.0361328 0.03125
0 0.12377 0.554688 0.573242 0.0273438 0.0527344
0 0.124658 0.719727 0.170898 0.0878906 0.0722656
0 0.125965 0.937012 0.150879 0.0244141 0.0517578
0 0.126253 0.728516 0.120117 0.03125 0.0390625
0 0.127393 0.654785 0.549316 0.0185547 0.0244141
0 0.127754 0.850098 0.293945 0.0107422 0.0195312
0 0.127767 0.648438 0.441895 0.0136719 0.0439453
0 0.129501 0.181641 0.303223 0.0332031 0.0458984
0 0.1296 0.355469 0.695312 0.0175781 0.0332031
0 0.12965 0.208008 0.254883 0.0351562 0.046875
0 0.129861 0.418945 0.48584 0.0332031 0.0341797
0 0.13141 0.570801 0.51709 0.0263672 0.0302734
0 0.132665 0.769531 0.327148 0.015625 0.0273438
0 0.132779 0.744141 0.293945 0.0371094 0.0292969
0 0.134625 0.449219 0.677734 0.0117188 0.015625
0 0.13548 0.446289 0.533691 0.0234375 0.0380859
0 0.135789 0.433594 0.577637 0.0507812 0.0673828
0 0.138485 0.683105 0.178223 0.0283203 0.0419922
0 0.140229 0.821289 0.774414 0.0078125 0.0214844
0 0.141132 0.185059 0.741211 0.0732422 0.125
0 0.142443 0.970215 0.57373 0.0263672 0.0439453
0 0.14311 0.16748 0.310547 0.0556641 0.0761719
0 0.143919 0.797852 0.239746 0.0390625 0.0380859
0 0.144617 0.660645 0.553223 0.0322266 0.0302734
0 0.144953 0.609863 0.690918 0.0126953 0.0185547
0 0.145129 0.708008 0.463379 0.015625 0.0302734
0 0.145553 0.152832 0.166016 0.0302734 0.0507812
0 0.14657 0.398438 0.566406 0.0507812 0.078125
0 0.147096 0.763672 0.163574 0.03125 0.0576172
0 0.148287 0.956055 0.365234 0.0175781 0.0214844
0 0.149617 0.831543 0.361816 0.0205078 0.0341797
0 0.149725 0.138672 0.336914 0.0507812 0.0722656
0 0.150168 0.589844 0.526855 0.0214844 0.0302734
0 0.150617 0.762695 0.119141 0.0625 0.0566406
0 0.150664 0.946289 0.261719 0.0136719 0.0214844
0 0.150683 0.77832 0.145508 0.0253906 0.0371094
0 0.15129 0.693848 0.169922 0.0322266 0.0410156
0 0.151934 0.83252 0.764648 0.0107422 0.0195312
0 0.152219 0.922363 0.407715 0.0244141 0.0302734
0 0.152511 0.834961 0.702637 0.0195312 0.0263672
0 0.153293 0.521973 0.463379 0.0185547 0.0205078
0 0.155559 0.718262 0.297363 0.0419922 0.0361328
0 0.15708 0.388672 0.54541 0.03125 0.0400391
0 0.15716 0.492676 0.680664 0.0224609 0.0390625
0 0.157412 0.344727 0.66748 0.0253906 0.0400391
0 0.158019 0.810059 0.0517578 0.0322266 0.0585938
0 0.159486 0.772461 0.815918 0.015625 0.0263672
0 0.160531 0.693848 0.271484 0.0205078 0.0449219
0 0.16226 0.875 0.180176 0.0449219 0.0302734
0 0.162625 0.081543 0.34375 0.0302734 0.0410156
0 0.164202 0.89502 0.178223 0.0263672 0.0244141
0 0.165108 0.946289 0.0205078 0.0351562 0.0371094
0 0.165119 0.651367 0.367676 0.015625 0.0166016
0 0.166648 0.265137 0.508301 0.0263672 0.0302734
0 0.168607 0.425781 0.486328 0.0175781 0.0253906
0 0.169074 0.70752 0.15918 0.0380859 0.0292969
0 0.169219 0.231934 0.584961 0.0263672 0.0507812
0 0.169334 0.745117 0.120117 0.0332031 0.0371094
0 0.169478 0.73291 0.164062 0.0517578 0.0507812
0 0.170681 0.553223 0.524414 0.0341797 0.0429688
0 0.171043 0.807617 0.10498 0.03125 0.0517578
0 0.171286 0.631348 0.513672 0.0283203 0.0449219
0 0.171309 0.119629 0.456055 0.0341797 0.0566406
0 0.171829 0.27002 0.470703 0.0380859 0.0410156
0 0.171974 0.081543 0.130371 0.0615234 0.0986328
0 0.173791 0.342773 0.547852 0.03125 0.0371094
0 0.175017 0.531738 0.512207 0.0322266 0.0400391
0 0.178092 0.92041 0.625977 0.0185547 0.0214844
0 0.178945 0.129395 0.473145 0.0341797 0.0458984
0 0.180999 0.165039 0.769043 0.0996094 0.118164
0 0.181668 0.596191 0.299805 0.0537109 0.0722656
0 0.181925 0.161133 0.230957 0.0214844 0.0205078
0 0.18311 0.945312 0.126953 0.0195312 0.0234375
0 0.184008 0.450684 0.729492 0.0126953 0.0234375
0 0.184248 0.564453 0.515137 0.109375 0.0654297
0 0.184905 0.0610352 0.307617 0.0439453 0.0410156
0 0.185535 0.376465 0.440918 0.0419922 0.0361328
0 0.185944 0.82959 0.395508 0.0185547 0.0292969
0 0.186062 0.133789 0.364258 0.0390625 0.0546875
0 0.186926 0.188477 0.309082 0.0566406 0.0654297
0 0.188023 0.896973 0.474609 0.0146484 0.0234375
0 0.188099 0.683594 0.183105 0.046875 0.0595703
0 0.188145 0.129883 0.25293 0.0546875 0.0488281
0 0.188546 0.288086 0.626953 0.0585938 0.0761719
0 0.1887 0.0405273 0.161133 0.0810547 0.0839844
0 0.188985 0.898926 0.144043 0.0224609 0.0263672
0 0.191102 0.90625 0.0932617 0.0136719 0.0166016
0 0.19663 0.26123 0.364258 0.0322266 0.0683594
0 0.196902 0.146973 0.588867 0.0517578 0.0664062
0 0.199268 0.782715 0.63916 0.0302734 0.0693359
0 0.199714 0.149414 0.496582 0.0332031 0.0458984
0 0.199936 0.491211 0.48877 0.0214844 0.0244141
0 0.200537 0.567871 0.355469 0.0322266 0.0332031
0 0.201714 0.977539 0.133789 0.0136719 0.0214844
0 0.202768 0.683105 0.415527 0.0439453 0.0322266
0 0.203859 0.381348 0.64502 0.0849609 0.114258
0 0.204937 0.209961 0.334961 0.0585938 0.0664062
0 0.206326 0.446777 0.544922 0.0322266 0.0605469
0 0.210906 0.946777 0.433105 0.0224609 0.0263672
0 0.211463 0.241211 0.394043 0.0546875 0.0439453
0 0.211981 0.231934 0.609375 0.0361328 0.0722656
0 0.21285 0.22998 0.405762 0.0537109 0.0537109
0 0.217417 0.203613 0.249023 0.0224609 0.0273438
0 0.219657 0.70459 0.232422 0.0302734 0.0273438
0 0.219873 0.360352 0.566895 0.09375 0.0986328
0 0.222939 0.431152 0.419434 0.0283203 0.0439453
0 0.223723 0.851562 0.479492 0.0117188 0.0136719
0 0.223967 0.719727 0.117676 0.0195312 0.0322266
0 0.22555 0.356934 0.949707 0.0244141 0.0302734
0 0.22706 0.96582 0.456543 0.015625 0.0263672
0 0.228649 0.244141 0.65332 0.0351562 0.0371094
0 0.228914 0.740234 0.129883 0.0449219 0.0625
0 0.229657 0.264648 0.500977 0.0351562 0.0507812
0 0.230175 0.107422 0.0112305 0.0566406 0.0166016
0 0.234125 0.991211 0.337891 0.015625 0.0253906
0 0.235417 0.850098 0.456055 0.0126953 0.0195312
0 0.236094 0.813477 0.296875 0.0195312 0.0214844
0 0.237531 0.756836 0.294922 0.0292969 0.0332031
0 0.238572 0.0908203 0.408203 0.0214844 0.0273438
0 0.239801 0.87207 0.378906 0.0234375 0.0273438
0 0.240785 0.412598 0.575684 0.0419922 0.0595703
0 0.24119 0.0102539 0.807617 0.0205078 0.0410156
0 0.243485 0.746094 0.0585938 0.0175781 0.0390625
0 0.243634 0.841309 0.95459 0.0146484 0.0224609
0 0.246412 0.733887 0.559082 0.0205078 0.0263672
0 0.246422 0.891113 0.249512 0.0146484 0.0205078
0 0.24646 0.651367 0.716309 0.015625 0.0322266
0 0.247253 0.668945 0.679688 0.0136719 0.0253906
0 0.248166 0.130371 0.516602 0.0517578 0.0449219
0 0.248848 0.419922 0.439453 0.0410156 0.0703125
0 0.249529 0.537598 0.473145 0.0439453 0.0615234
0 0.251162 0.972656 0.227051 0.0292969 0.0419922
0 0.253797 0.117188 0.634277 0.0546875 0.0673828
0 0.253971 0.223145 0.314941 0.0927734 0.112305
0 0.256967 0.763184 0.181641 0.0146484 0.0449219
0 0.257518 0.188965 0.536133 0.0205078 0.0527344
0 0.257631 0.674316 0.44873 0.0126953 0.0361328
0 0.258162 0.133789 0.621582 0.0878906 0.0830078
0 0.258446 0.708984 0.166992 0.0507812 0.0507812
0 0.258667 0.155762 0.607422 0.0595703 0.0703125
0 0.260673 0.78418 0.246094 0.0234375 0.0332031
0 0.263832 0.192871 0.416992 0.0166016 0.0371094
0 0.267595 0.0830078 0.355469 0.046875 0.0585938
0 0.269846 0.0341797 0.034668 0.0605469 0.0673828
0 0.271053 0.490723 0.632324 0.0263672 0.0302734
0 0.271944 0.518555 0.592773 0.015625 0.0253906
0 0.273726 0.786133 0.117188 0.046875 0.0507812
0 0.273852 0.932617 0.187988 0.0253906 0.0537109
0 0.273866 0.503418 0.694336 0.0244141 0.046875
0 0.273876 0.95459 0.85791 0.0283203 0.0361328
0 0.274784 0.394531 0.635254 0.0429688 0.0693359
0 0.27577 0.869629 0.279297 0.0205078 0.0253906
0 0.278388 0.932617 0.406738 0.03125 0.0302734
0 0.280018 0.335938 0.424805 0.0664062 0.0605469
0 0.282101 0.779785 0.132324 0.0341797 0.0517578
0 0.283486 0.729004 0.292969 0.0361328 0.0273438
0 0.286359 0.769531 0.654785 0.0253906 0.0556641
0 0.287726 0.482422 0.491211 0.0371094 0.03125
0 0.287788 0.256836 0.333984 0.0410156 0.0546875
0 0.288686 0.112305 0.298828 0.0351562 0.0429688
0 0.290267 0.963867 0.196777 0.0117188 0.0244141
0 0.290945 0.257812 0.389648 0.0292969 0.0527344
0 0.293762 0.342285 0.603516 0.0478516 0.115234
0 0.296073 0.119629 0.238281 0.0576172 0.0605469
0 0.296263 0.675293 0.215332 0.0498047 0.0634766
0 0.296809 0.156738 0.191895 0.0263672 0.0380859
0 0.301858 0.21875 0.583496 0.0546875 0.0576172
0 0.302153 0.691406 0.231445 0.0527344 0.0410156
0 0.304364 0.0488281 0.273926 0.0839844 0.0830078
0 0.306276 0.933105 0.206055 0.0263672 0.03125
0 0.306909 0.606445 0.293945 0.0214844 0.0527344
0 0.308371 0.588379 0.515137 0.0400391 0.0517578
0 0.313336 0.848145 0.396484 0.0244141 0.0292969
0 0.317066 0.978027 0.277832 0.0439453 0.0322266
0 0.317224 0.358398 0.428223 0.0527344 0.0498047
0 0.318856 0.763672 0.337402 0.0234375 0.0439453
0 0.319055 0.137695 0.486328 0.0273438 0.0371094
0 0.320709 0.218262 0.394531 0.0244141 0.0292969
0 0.32179 0.199707 0.707031 0.0341797 0.0625
0 0.324009 0.116211 0.111816 0.0703125 0.0810547
0 0.324167 0.123047 0.44043 0.0273438 0.0488281
0 0.327506 0.79541 0.081543 0.0556641 0.0849609
0 0.333352 0.923828 0.248535 0.0195312 0.0361328
0 0.340562 0.811035 0.230469 0.0302734 0.0449219
0 0.34556 0.13916 0.131836 0.0556641 0.0878906
0 0.347041 0.464355 0.487305 0.0322266 0.0351562
0 0.347744 0.679199 0.308105 0.0498047 0.0849609
0 0.34922 0.48291 0.575684 0.0419922 0.0478516
0 0.356874 0.158691 0.512695 0.0283203 0.0605469
0 0.360247 0.79248 0.608398 0.0166016 0.0273438
0 0.360756 0.933105 0.166016 0.0224609 0.03125
0 0.369556 0.671387 0.558105 0.0341797 0.0283203
0 0.370318 0.688477 0.336426 0.0332031 0.0576172
0 0.375145 0.711426 0.567871 0.0126953 0.0302734
0 0.375216 0.140137 0.55957 0.0283203 0.0429688
0 0.38722 0.263672 0.634766 0.0566406 0.0761719
0 0.388043 0.426758 0.737793 0.0214844 0.0283203
0 0.39256 0.338867 0.560059 0.046875 0.0634766
0 0.400297 0.547852 0.463379 0.0214844 0.0439453
0 0.401163 0.982422 0.334473 0.0292969 0.0380859
0 0.405675 0.938477 0.350586 0.0234375 0.0253906
0 0.408642 0.241211 0.480469 0.0527344 0.0566406
0 0.416796 0.862793 0.183105 0.0185547 0.0283203
0 0.422336 0.60791 0.362793 0.0224609 0.0380859
0 0.422927 0.115723 0.519531 0.0322266 0.0390625
0 0.425946 0.73584 0.634277 0.0224609 0.0244141
0 0.428057 0.552246 0.582031 0.0205078 0.0273438
0 0.430704 0.588867 0.601562 0.0292969 0.0351562
0 0.439074 0.814453 0.62793 0.0136719 0.0234375
0 0.446022 0.945801 0.397461 0.0263672 0.0332031
0 0.447257 0.571777 0.665039 0.0166016 0.0253906
0 0.449304 0.39502 0.54248 0.0439453 0.0673828
0 0.455209 0.260742 0.48584 0.0546875 0.0673828
0 0.455251 0.553711 0.701172 0.0214844 0.0214844
0 0.455275 0.665527 0.203613 0.0263672 0.0498047
0 0.456657 0.898926 0.307129 0.0283203 0.0302734
0 0.458941 0.540527 0.525879 0.0439453 0.0517578
0 0.465256 0.671875 0.413574 0.0214844 0.0283203
0 0.467855 0.618164 0.502441 0.0527344 0.0673828
0 0.479956 0.306641 0.63623 0.0566406 0.0791016
0 0.484514 0.352539 0.735352 0.0351562 0.0488281
0 0.484952 0.616211 0.274902 0.0253906 0.0537109
0 0.489622 0.462402 0.562988 0.0673828 0.0732422
0 0.511118 0.711914 0.422363 0.0292969 0.0361328
0 0.514354 0.666992 0.296387 0.0351562 0.0830078
0 0.520893 0.879883 0.219727 0.0214844 0.0351562
0 0.528391 0.854492 0.0131836 0.0390625 0.0244141
0 0.539309 0.92334 0.316406 0.0283203 0.0332031
0 0.550165 0.574707 0.311035 0.0419922 0.0712891
0 0.559133 0.389648 0.681152 0.0546875 0.0537109
0 0.569351 0.270508 0.70459 0.0625 0.0634766
0 0.587175 0.486816 0.418457 0.0205078 0.0380859
0 0.599445 0.313965 0.428711 0.0400391 0.0566406
0 0.650912 0.856934 0.338867 0.0263672 0.0449219
0 0.667718 0.520996 0.42041 0.0263672 0.0498047
