0 0.10625 0.409375 0.03 0.03875
0 0.219375 0.4475 0.02125 0.035
0 0.231875 0.649375 0.02875 0.02875
0 0.230625 0.7775 0.03625 0.05
0 0.51375 0.55875 0.03 0.0425
0 0.5025 0.51125 0.025 0.0475
0 0.570625 0.499375 0.02375 0.03875
0 0.7825 0.525625 0.0175 0.03375
0 0.915625 0.420625 0.02375 0.03125
0 0.701875 0.4 0.02625 0.045
0 0.431875 0.53625 0.01125 0.0275
0 0.44875 0.546875 0.0175 0.02625
0 0.660625 0.695 0.01625 0.025
0 0.666875 0.58375 0.01875 0.0375
0 0.86 0.8525 0.045 0.045
0 0.831875 0.520625 0.02875 0.03875
0 0.129375 0.418125 0.01875 0.03125
0 0.230625 0.476875 0.02125 0.03375
