0 0.134375 0.894375 0.03625 0.06375
0 0.16375 0.905625 0.0225 0.04625
0 0.231875 0.979375 0.02125 0.03875
0 0.261875 0.951875 0.01375 0.04125
0 0.275625 0.95875 0.01125 0.0325
0 0.291875 0.92 0.01875 0.045
0 0.314375 0.935 0.02125 0.08
0 0.32625 0.869375 0.0225 0.05125
0 0.335 0.814375 0.015 0.02625
0 0.389375 0.8725 0.04125 0.07
0 0.375625 0.91625 0.03875 0.0425
0 0.40375 0.958125 0.0175 0.05875
0 0.4225 0.909375 0.0275 0.04875
0 0.45375 0.90625 0.0275 0.0475
0 0.336875 0.72625 0.00875 0.0275
0 0.470625 0.490625 0.01375 0.02125
0 0.445625 0.518125 0.00875 0.01375
0 0.45875 0.5725 0.0075 0.0275
0 0.388125 0.648125 0.00625 0.01375
0 0.19625 0.765625 0.045 0.07375
0 0.365625 0.593125 0.02125 0.04125
0 0.418125 0.565625 0.01625 0.02625
0 0.4125 0.53625 0.015 0.02
0 0.4425 0.500625 0.005 0.01125
0 0.426875 0.515 0.00375 0.015
0 0.325625 0.59875 0.01125 0.0275
0 0.166875 0.966875 0.08125 0.06625
