0 0.3125 0.398125 0.0575 0.06125
0 0.355625 0.46875 0.06375 0.095
0 0.411875 0.421875 0.06125 0.08625
0 0.384375 0.349375 0.03375 0.05375
0 0.449375 0.369375 0.07625 0.10375
0 0.53625 0.314375 0.1025 0.11625
0 0.525 0.41375 0.035 0.055
0 0.515625 0.495625 0.06875 0.07875
0 0.5925 0.47 0.0725 0.095
0 0.615625 0.40875 0.05375 0.0725
0 0.67375 0.4025 0.05 0.09
0 0.724375 0.24125 0.02375 0.0425
0 0.66875 0.513125 0.03 0.08125
0 0.77875 0.535 0.065 0.065
0 0.826875 0.4075 0.04375 0.075
0 0.724375 0.528125 0.02375 0.03375
0 0.83875 0.58125 0.035 0.0275
0 0.886875 0.565625 0.03625 0.04625
0 0.24 0.47375 0.0375 0.045
