15 0.405250 0.698833 0.068000 0.084333
15 0.414500 0.632667 0.014500 0.048667
15 0.552750 0.563167 0.038000 0.039000
15 0.540125 0.471833 0.021750 0.025667
15 0.594875 0.439833 0.020750 0.057667
15 0.365125 0.454167 0.035250 0.027667
15 0.266125 0.480833 0.094250 0.059000
15 0.261875 0.403667 0.059750 0.100000
15 0.468250 0.058000 0.058000 0.113333
15 0.517625 0.072333 0.026750 0.030667
15 0.524750 0.021333 0.047500 0.040667
15 0.606625 0.033833 0.049250 0.044333
15 0.636000 0.017833 0.024000 0.035000
15 0.546625 0.525667 0.006250 0.020667
15 0.949375 0.114500 0.101250 0.075000
