0 0.682044 0.555556 0.027447 0.032407
0 0.645337 0.558201 0.024802 0.029101
0 0.662037 0.548280 0.012566 0.035053
0 0.680225 0.461640 0.015873 0.012566
0 0.527612 0.526124 0.039352 0.032407
0 0.503142 0.449405 0.036045 0.015212
0 0.565642 0.341931 0.020833 0.017196
0 0.558366 0.849372 0.055225 0.046627
0 0.742725 0.939649 0.063492 0.079696
0 0.485615 0.902612 0.038029 0.032077
0 0.433201 0.952050 0.039021 0.048942
0 0.400959 0.957176 0.031415 0.038690
0 0.400628 0.918485 0.018188 0.030093
0 0.379464 0.942791 0.028108 0.016534
