0 0.63625 0.499375 0.0225 0.05625
0 0.641875 0.298125 0.02125 0.06875
0 0.6825 0.296875 0.025 0.03625
0 0.68875 0.25 0.0125 0.035
0 0.77625 0.263125 0.0225 0.03875
0 0.82875 0.328125 0.0125 0.03125
0 0.870625 0.10875 0.03875 0.075
0 0.566875 0.268125 0.01625 0.05375
0 0.5825 0.210625 0.0325 0.02875
0 0.295625 0.56875 0.04125 0.0525
0 0.1775 0.379375 0.0275 0.02875
0 0.049375 0.263125 0.02625 0.03125
0 0.408125 0.365 0.01625 0.0575
0 0.413125 0.42625 0.02125 0.0425
0 0.566875 0.4875 0.01375 0.01
0 0.579375 0.401875 0.00875 0.02375
0 0.6025 0.263125 0.0225 0.01875
0 0.268125 0.030625 0.03875 0.06125
