0 0.255 0.57 0.0325 0.045
0 0.275 0.6475 0.0525 0.06
0 0.331875 0.455625 0.02125 0.02875
0 0.36125 0.446875 0.0225 0.02875
0 0.366875 0.3975 0.03625 0.0225
0 0.336875 0.381875 0.01875 0.11125
0 0.43375 0.348125 0.025 0.03125
0 0.634375 0.339375 0.03375 0.05125
0 0.571875 0.264375 0.03125 0.05625
0 0.598125 0.338125 0.02875 0.07375
0 0.643125 0.4125 0.03625 0.06
0 0.62 0.458125 0.0225 0.03375
0 0.581875 0.44375 0.02875 0.0625
0 0.845 0.38625 0.0725 0.0775
0 0.986875 0.196875 0.02625 0.04125
0 0.795625 0.5325 0.06625 0.075
0 0.824375 0.60375 0.03375 0.065
0 0.8525 0.5375 0.0475 0.0775
0 0.87375 0.601875 0.045 0.03375
0 0.89875 0.600625 0.035 0.06875
0 0.92375 0.65625 0.0325 0.035
0 0.963125 0.6625 0.03875 0.0475
