0 0.00347231 0.958984 0.494629 0.0664062 0.110352
0 0.0034759 0.789062 0.913574 0.015625 0.0244141
0 0.0034789 0.703613 0.142578 0.0498047 0.0546875
0 0.00349055 0.735352 0.458984 0.0332031 0.0371094
0 0.00350266 0.395996 0.603516 0.0107422 0.0175781
0 0.00351251 0.882324 0.0839844 0.192383 0.167969
0 0.00351912 0.850586 0.861328 0.0292969 0.0410156
0 0.00352022 0.746582 0.150879 0.0830078 0.0986328
0 0.00354006 0.661621 0.472168 0.0322266 0.0537109
0 0.00354701 0.94873 0.0253906 0.0341797 0.0507812
0 0.00355668 0.460938 0.340332 0.0195312 0.0439453
0 0.00356256 0.708984 0.485352 0.0292969 0.0351562
0 0.00357401 0.598633 0.578125 0.0234375 0.03125
0 0.00357729 0.833984 0.185059 0.03125 0.0439453
0 0.00358321 0.989746 0.149902 0.0205078 0.0458984
0 0.00359205 0.911133 0.735352 0.177734 0.179688
0 0.00359218 0.951172 0.717285 0.0410156 0.0576172
0 0.00360627 0.78125 0.426758 0.0332031 0.0566406
0 0.00360878 0.89209 0.432129 0.0400391 0.0498047
0 0.00365405 0.67334 0.257812 0.0224609 0.0449219
0 0.003671 0.595215 0.25293 0.0380859 0.0625
0 0.00367237 0.714355 0.758301 0.0341797 0.0498047
0 0.00368059 0.700684 0.4375 0.0341797 0.0546875
0 0.00370365 0.646484 0.793457 0.0234375 0.0263672
0 0.00370593 0.977051 0.430176 0.0439453 0.0576172
0 0.00371369 0.703613 0.989258 0.0283203 0.0214844
0 0.00373666 0.338379 0.172363 0.0205078 0.0361328
0 0.00373913 0.493164 0.0107422 0.0253906 0.0214844
0 0.00374256 0.547852 0.283691 0.015625 0.0244141
0 0.00377809 0.922363 0.219238 0.0283203 0.0341797
0 0.00377922 0.186523 0.100098 0.0234375 0.0419922
0 0.00378757 0.513672 0.331055 0.0214844 0.0332031
0 0.00379114 0.746582 0.391602 0.0244141 0.0371094
0 0.00379789 0.523438 0.294922 0.0332031 0.0488281
0 0.00381075 0.496582 0.0209961 0.0322266 0.0419922
0 0.0038234 0.6875 0.0800781 0.0390625 0.0546875
0 0.00384421 0.603027 0.461426 0.0400391 0.0537109
0 0.00386399 0.0854492 0.303711 0.0205078 0.0195312
0 0.00387094 0.464355 0.293945 0.0400391 0.0761719
0 0.0038749 0.424805 0.065918 0.0371094 0.0908203
0 0.00387637 0.925781 0.146484 0.0253906 0.0332031
0 0.00388151 0.67041 0.462402 0.0400391 0.0517578
0 0.00388427 0.0991211 0.478516 0.0185547 0.0195312
0 0.00390415 0.849609 0.0693359 0.0410156 0.0585938
0 0.00393707 0.413086 0.766113 0.0195312 0.0302734
0 0.0039626 0.57373 0.19043 0.0244141 0.0351562
0 0.0039674 0.866211 0.991211 0.0214844 0.0175781
0 0.00397058 0.549316 0.138672 0.0263672 0.0371094
0 0.00397862 0.895508 0.889648 0.0527344 0.0507812
0 0.0040046 0.39502 0.136719 0.0263672 0.0390625
0 0.00400741 0.427246 0.855469 0.0166016 0.0214844
0 0.00403254 0.516113 0.203125 0.0400391 0.0605469
0 0.0040328 0.59082 0.364746 0.0253906 0.0341797
0 0.00403366 0.880371 0.59375 0.0341797 0.0507812
0 0.00404418 0.617188 0.0107422 0.0273438 0.0214844
0 0.00405532 0.630371 0.27832 0.0400391 0.0488281
0 0.00407158 0.244629 0.043457 0.0380859 0.0693359
0 0.00407236 0.944824 0.808105 0.0849609 0.104492
0 0.00407972 0.689453 0.412598 0.0253906 0.0478516
0 0.00413003 0.459961 0.948242 0.0136719 0.0292969
0 0.00414924 0.815918 0.0795898 0.0322266 0.0341797
0 0.00415602 0.699219 0.497559 0.0371094 0.0517578
0 0.00416865 0.772461 0.395508 0.0410156 0.046875
0 0.00417719 0.479004 0.0102539 0.0283203 0.0185547
0 0.00423409 0.79248 0.697754 0.0166016 0.0283203
0 0.00423656 0.608398 0.131836 0.0410156 0.0585938
0 0.00423659 0.387207 0.800781 0.0302734 0.0429688
0 0.00424403 0.561035 0.0107422 0.0185547 0.0214844
0 0.0042464 0.710449 0.0673828 0.0322266 0.0390625
0 0.00425588 0.75 0.520508 0.0214844 0.0390625
0 0.00426244 0.849609 0.899902 0.0214844 0.0244141
0 0.0042814 0.712891 0.0292969 0.0625 0.0585938
0 0.00428965 0.67627 0.227539 0.0263672 0.0546875
0 0.00430206 0.527832 0.269043 0.0966797 0.12793
0 0.00431126 0.388672 0.712891 0.0332031 0.0410156
0 0.00432327 0.991211 0.625977 0.0175781 0.0410156
0 0.00435731 0.669922 0.208496 0.0214844 0.0517578
0 0.00439772 0.794922 0.469727 0.0351562 0.0351562
0 0.00441685 0.768066 0.0517578 0.0419922 0.0546875
0 0.00441937 0.778809 0.5 0.0146484 0.0273438
0 0.00442543 0.435059 0.0693359 0.0283203 0.0722656
0 0.00442855 0.475098 0.229492 0.0322266 0.0429688
0 0.00443845 0.541504 0.727051 0.0146484 0.0263672
0 0.00444714 0.44043 0.0761719 0.167969 0.152344
0 0.00446208 0.70459 0.792969 0.0400391 0.0488281
0 0.00447224 0.557617 0.822266 0.0195312 0.0488281
0 0.00449717 0.660156 0.462891 0.015625 0.0371094
0 0.00453103 0.789551 0.455078 0.0263672 0.0410156
0 0.00454827 0.651367 0.6875 0.0351562 0.0429688
0 0.00458176 0.782715 0.176758 0.0185547 0.0292969
0 0.00458243 0.212891 0.0131836 0.0292969 0.0205078
0 0.00459312 0.597168 0.739746 0.0263672 0.0283203
0 0.0046168 0.743164 0.314453 0.015625 0.0351562
0 0.00462101 0.491699 0.92627 0.0380859 0.0498047
0 0.00462287 0.913574 0.987793 0.0126953 0.0205078
0 0.00463341 0.570312 0.492676 0.0390625 0.0595703
0 0.00464733 0.700195 0.0385742 0.0410156 0.0595703
0 0.00464749 0.977051 0.791992 0.0400391 0.0527344
0 0.00465677 0.725586 0.145508 0.0371094 0.0488281
0 0.00466835 0.511719 0.25293 0.0234375 0.0351562
0 0.00467243 0.344238 0.175781 0.0341797 0.0488281
0 0.00467941 0.865234 0.599121 0.0253906 0.0341797
0 0.00468232 0.650391 0.317383 0.0429688 0.0488281
0 0.0046835 0.723633 0.541016 0.0292969 0.0429688
0 0.00468359 0.970703 0.583496 0.0371094 0.0517578
0 0.00472617 0.390137 0.989258 0.0439453 0.0214844
0 0.00474585 0.330566 0.0214844 0.0458984 0.0371094
0 0.00474705 0.737305 0.00537109 0.0195312 0.0107422
0 0.00474709 0.457031 0.986328 0.0175781 0.0214844
0 0.00474817 0.466309 0.0107422 0.0400391 0.0214844
0 0.0047539 0.71582 0.853027 0.0429688 0.0361328
0 0.00478191 0.770508 0.275879 0.046875 0.0537109
0 0.00478578 0.720703 0.128418 0.0351562 0.0478516
0 0.00480504 0.5625 0.203613 0.0332031 0.0478516
0 0.00482002 0.227051 0.0229492 0.0400391 0.0439453
0 0.00483722 0.704102 0.169434 0.0292969 0.0361328
0 0.00483843 0.580566 0.365234 0.0380859 0.0429688
0 0.00484174 0.990723 0.351074 0.0185547 0.0341797
0 0.00488984 0.474609 0.0639648 0.046875 0.0634766
0 0.00489562 0.589844 0.130859 0.0410156 0.0527344
0 0.00492686 0.616699 0.23584 0.0302734 0.0400391
0 0.00498284 0.629883 0.51123 0.0429688 0.0498047
0 0.00498886 0.0239258 0.680176 0.0302734 0.0400391
0 0.00500634 0.655762 0.102051 0.0224609 0.0400391
0 0.00502093 0.783691 0.914551 0.0166016 0.0283203
0 0.00503943 0.803711 0.656738 0.0351562 0.0576172
0 0.00505003 0.848633 0.682617 0.0234375 0.0527344
0 0.00505133 0.478516 0.181152 0.207031 0.198242
0 0.00505865 0.955566 0.0805664 0.0458984 0.0517578
0 0.00507237 0.549316 0.42627 0.0322266 0.0458984
0 0.00513539 0.773926 0.504883 0.0224609 0.0332031
0 0.00514126 0.897949 0.779785 0.0322266 0.0498047
0 0.00514875 0.647461 0.356934 0.0273438 0.0478516
0 0.00516127 0.712402 0.42334 0.0244141 0.0380859
0 0.00516595 0.827148 0.648438 0.207031 0.189453
0 0.00518844 0.6875 0.439453 0.0195312 0.03125
0 0.0052009 0.550293 0.294922 0.0263672 0.0371094
0 0.00522163 0.452637 0.31543 0.0888672 0.0859375
0 0.00522834 0.745117 0.0874023 0.0527344 0.0810547
0 0.00523316 0.178223 0.0683594 0.0185547 0.0507812
0 0.00523347 0.35498 0.0175781 0.0751953 0.0351562
0 0.00524705 0.896973 0.431641 0.0205078 0.03125
0 0.0052514 0.216309 0.0810547 0.0498047 0.078125
0 0.00526781 0.719238 0.338867 0.0263672 0.046875
0 0.00527471 0.710449 0.206543 0.0302734 0.0380859
0 0.00528499 0.60498 0.517578 0.0283203 0.0449219
0 0.00530113 0.939941 0.865234 0.0732422 0.0820312
0 0.00532729 0.195312 0.558105 0.0371094 0.0361328
0 0.00534405 0.769043 0.727051 0.0224609 0.0419922
0 0.00535859 0.608887 0.688477 0.0185547 0.0273438
0 0.00539624 0.897461 0.218262 0.0761719 0.0849609
0 0.00543555 0.881836 0.444824 0.0449219 0.0517578
0 0.00544743 0.831055 0.568359 0.0292969 0.0410156
0 0.00545003 0.638672 0.118652 0.0371094 0.0556641
0 0.0054517 0.356934 0.823242 0.0205078 0.0234375
0 0.00547042 0.764648 0.559082 0.0390625 0.0419922
0 0.00547321 0.49707 0.03125 0.0214844 0.0429688
0 0.0054922 0.686035 0.180664 0.0361328 0.0449219
0 0.00550063 0.76416 0.743164 0.0341797 0.0566406
0 0.00555901 0.802734 0.924316 0.0351562 0.0400391
0 0.00557364 0.560059 0.402832 0.0361328 0.0439453
0 0.00560525 0.769043 0.194336 0.0244141 0.0371094
0 0.00565295 0.802246 0.628906 0.0380859 0.0546875
0 0.00565502 0.599609 0.623535 0.0292969 0.0693359
0 0.00568141 0.427734 0.0375977 0.0273438 0.0537109
0 0.00568601 0.587891 0.661621 0.0195312 0.0302734
0 0.00569354 0.98877 0.705078 0.0185547 0.109375
0 0.00570209 0.830566 0.961914 0.0458984 0.0429688
0 0.00573622 0.647949 0.395996 0.0322266 0.0771484
0 0.00575095 0.29248 0.0571289 0.0380859 0.0634766
0 0.00575104 0.871582 0.873535 0.0341797 0.0419922
0 0.00576867 0.595703 0.619141 0.0136719 0.046875
0 0.00579107 0.477539 0.105957 0.0351562 0.0341797
0 0.00587688 0.753906 0.233887 0.015625 0.0205078
0 0.00587934 0.864258 0.453125 0.0546875 0.0507812
0 0.00588809 0.730957 0.473633 0.0419922 0.0585938
0 0.00590056 0.45166 0.145996 0.0302734 0.0439453
0 0.00592191 0.787598 0.967773 0.0419922 0.0585938
0 0.00592387 0.633789 0.583984 0.0253906 0.0351562
0 0.00594895 0.985352 0.687012 0.0292969 0.0537109
0 0.00601096 0.92627 0.768555 0.0341797 0.0449219
0 0.00607579 0.73877 0.507324 0.0322266 0.0517578
0 0.00609168 0.662109 0.0175781 0.0273438 0.0351562
0 0.00609337 0.532715 0.887695 0.176758 0.171875
0 0.00609501 0.894043 0.012207 0.0478516 0.0244141
0 0.00610175 0.755859 0.243652 0.0175781 0.0400391
0 0.00610772 0.629395 0.244629 0.0400391 0.0478516
0 0.00617695 0.231445 0.635742 0.0117188 0.0234375
0 0.00619214 0.842773 0.176758 0.0351562 0.0449219
0 0.00620153 0.990234 0.043457 0.0195312 0.0517578
0 0.00626793 0.512207 0.703613 0.0146484 0.0380859
0 0.00628769 0.388184 0.760254 0.0341797 0.0654297
0 0.00638482 0.425293 0.116211 0.0224609 0.0449219
0 0.00638565 0.514648 0.318359 0.0253906 0.03125
0 0.00638815 0.287109 0.130371 0.0234375 0.0302734
0 0.00644668 0.55957 0.103516 0.03125 0.0898438
0 0.0064477 0.738281 0.765625 0.0371094 0.0585938
0 0.00646107 0.370117 0.169922 0.0410156 0.0507812
0 0.0065432 0.628418 0.368164 0.0205078 0.046875
0 0.0065726 0.424805 0.0683594 0.0253906 0.0605469
0 0.00657992 0.968262 0.0751953 0.0341797 0.046875
0 0.00658603 0.672363 0.513672 0.0244141 0.0371094
0 0.00661063 0.461426 0.902344 0.0341797 0.0605469
0 0.00661526 0.668457 0.572266 0.0224609 0.0273438
0 0.00663576 0.859375 0.0771484 0.0332031 0.0507812
0 0.00667731 0.960938 0.0361328 0.0214844 0.0371094
0 0.00672023 0.814453 0.0283203 0.0410156 0.0507812
0 0.00672051 0.979492 0.148926 0.0410156 0.0439453
0 0.00673729 0.896484 0.0307617 0.0410156 0.0498047
0 0.00674568 0.818359 0.316895 0.03125 0.0380859
0 0.00676265 0.61377 0.497559 0.0361328 0.0478516
0 0.00676437 0.751953 0.972656 0.0234375 0.0390625
0 0.00678343 0.869629 0.51416 0.0205078 0.0322266
0 0.00680564 0.523438 0.341309 0.0253906 0.0439453
0 0.00682429 0.711914 0.0800781 0.0429688 0.0644531
0 0.00684493 0.569824 0.0942383 0.0322266 0.0634766
0 0.00686064 0.865723 0.870605 0.0595703 0.0634766
0 0.00687662 0.307129 0.0268555 0.0400391 0.0458984
0 0.0068858 0.651855 0.847656 0.0126953 0.0488281
0 0.00694428 0.393555 0.217285 0.0351562 0.0458984
0 0.00695166 0.255859 0.52002 0.0136719 0.0244141
0 0.00696111 0.376953 0.811035 0.0449219 0.0400391
0 0.00697979 0.486328 0.143555 0.0410156 0.0605469
0 0.00698256 0.425781 0.372559 0.015625 0.0185547
0 0.00700652 0.702148 0.537598 0.0371094 0.0556641
0 0.00701895 0.818359 0.616211 0.0429688 0.0488281
0 0.0070338 0.776367 0.60498 0.03125 0.0439453
0 0.00704052 0.904297 0.202148 0.0351562 0.0371094
0 0.0070687 0.418945 0.297852 0.0136719 0.0195312
0 0.00710362 0.521484 0.974609 0.0488281 0.0410156
0 0.00713609 0.687012 0.283203 0.0283203 0.046875
0 0.00714589 0.845215 0.398926 0.0341797 0.0361328
0 0.00720301 0.84375 0.637695 0.046875 0.101562
0 0.0072736 0.466309 0.880371 0.0341797 0.0458984
0 0.00728206 0.296875 0.0375977 0.0449219 0.0595703
0 0.00730071 0.680664 0.301758 0.0820312 0.136719
0 0.00730766 0.959961 0.891602 0.0175781 0.0273438
0 0.00739185 0.692871 0.169922 0.0341797 0.0390625
0 0.00741514 0.248047 0.522949 0.0273438 0.0283203
0 0.00742439 0.181641 0.0444336 0.03125 0.0439453
0 0.00747269 0.702637 0.282227 0.0673828 0.105469
0 0.00751651 0.824707 0.351562 0.0185547 0.0195312
0 0.00752684 0.73877 0.354492 0.0322266 0.046875
0 0.00752773 0.552734 0.0678711 0.0214844 0.0556641
0 0.00754248 0.279785 0.124023 0.0283203 0.0410156
0 0.00755749 0.812988 0.574707 0.0673828 0.0615234
0 0.00756743 0.901367 0.0908203 0.0488281 0.0644531
0 0.00758749 0.437012 0.336426 0.0283203 0.0361328
0 0.00762416 0.863281 0.958984 0.0273438 0.0390625
0 0.00767803 0.59668 0.065918 0.0351562 0.0771484
0 0.00771819 0.588379 0.649414 0.0185547 0.0292969
0 0.00772622 0.550781 0.481934 0.0292969 0.0478516
0 0.00775244 0.609375 0.680176 0.0253906 0.0419922
0 0.00775796 0.648438 0.344727 0.0449219 0.0585938
0 0.00777094 0.961914 0.40918 0.0761719 0.0957031
0 0.00777257 0.494141 0.120117 0.0332031 0.0429688
0 0.00777693 0.568848 0.381836 0.0283203 0.046875
0 0.00778813 0.669922 0.101562 0.0410156 0.0644531
0 0.00779293 0.52002 0.181152 0.0361328 0.0634766
0 0.00779667 0.947754 0.753418 0.0712891 0.0908203
0 0.0078039 0.777832 0.332031 0.0341797 0.0410156
0 0.00785088 0.437012 0.324219 0.0361328 0.0332031
0 0.00785561 0.626465 0.0166016 0.0224609 0.0292969
0 0.0078595 0.630859 0.105469 0.0253906 0.0585938
0 0.00788683 0.467285 0.0200195 0.0498047 0.0380859
0 0.00792967 0.775391 0.406738 0.0292969 0.0361328
0 0.00795842 0.554688 0.881836 0.0449219 0.0605469
0 0.00798156 0.635742 0.0166016 0.0488281 0.0332031
0 0.00799906 0.625 0.120605 0.0332031 0.0576172
0 0.0080139 0.890137 0.208496 0.0302734 0.0341797
0 0.00805875 0.668457 0.569824 0.0380859 0.0380859
0 0.00806476 0.731934 0.132812 0.0341797 0.0507812
0 0.00807628 0.629395 0.502441 0.0185547 0.0263672
0 0.00808249 0.562012 0.905762 0.0205078 0.0458984
0 0.00808725 0.711426 0.21875 0.0244141 0.0351562
0 0.0081219 0.680176 0.774414 0.0322266 0.0429688
0 0.00814605 0.793457 0.329102 0.0361328 0.046875
0 0.00818787 0.749023 0.121094 0.0449219 0.0449219
0 0.0081923 0.739258 0.32666 0.03125 0.0732422
0 0.00820018 0.961914 0.0136719 0.0253906 0.0214844
0 0.00820733 0.444336 0.101074 0.046875 0.0439453
0 0.00823481 0.52832 0.832031 0.0273438 0.0332031
0 0.00825503 0.723145 0.162598 0.0458984 0.0439453
0 0.00826811 0.601562 0.506836 0.0253906 0.0273438
0 0.00830714 0.664551 0.0458984 0.0263672 0.0585938
0 0.00838061 0.476562 0.434082 0.0351562 0.0498047
0 0.00841126 0.4375 0.0185547 0.0234375 0.0371094
0 0.00843114 0.965332 0.539551 0.0576172 0.0849609
0 0.00847162 0.653809 0.117676 0.0517578 0.0947266
0 0.00852182 0.470215 0.169922 0.0361328 0.0585938
0 0.00854454 0.989258 0.408691 0.0175781 0.0458984
0 0.00856062 0.896973 0.568848 0.0185547 0.0244141
0 0.00860224 0.379883 0.775391 0.0546875 0.0800781
0 0.00862247 0.837891 0.0268555 0.03125 0.0517578
0 0.00867826 0.243652 0.0883789 0.0283203 0.0576172
0 0.0087113 0.641113 0.631836 0.0380859 0.0585938
0 0.00871882 0.452637 0.874512 0.0732422 0.108398
0 0.00881862 0.765137 0.200195 0.0126953 0.0214844
0 0.00884602 0.601074 0.293457 0.0419922 0.0869141
0 0.00885603 0.527344 0.354492 0.0292969 0.0449219
0 0.0088921 0.272461 0.0742188 0.0273438 0.0546875
0 0.00890254 0.586426 0.538086 0.0810547 0.0996094
0 0.00891178 0.632324 0.618164 0.0322266 0.046875
0 0.0089587 0.620117 0.0395508 0.101562 0.0791016
0 0.00901199 0.352051 0.816895 0.0205078 0.0224609
0 0.00903002 0.875 0.0878906 0.0488281 0.0566406
0 0.00904713 0.853516 0.419922 0.0507812 0.0546875
0 0.00905498 0.942871 0.0136719 0.0576172 0.0273438
0 0.00909157 0.798828 0.237305 0.0253906 0.0332031
0 0.00912696 0.667969 0.464355 0.0214844 0.0322266
0 0.00912978 0.94873 0.393066 0.0380859 0.0478516
0 0.00914002 0.830566 0.582031 0.0439453 0.0566406
0 0.00918575 0.650391 0.468262 0.0234375 0.0341797
0 0.00921138 0.971191 0.0708008 0.0556641 0.0712891
0 0.00923573 0.557617 0.0922852 0.0195312 0.0556641
0 0.00923728 0.623535 0.151855 0.0400391 0.0673828
0 0.00926474 0.65332 0.0078125 0.0253906 0.0136719
0 0.00931605 0.489746 0.830078 0.0224609 0.0488281
0 0.00932483 0.849121 0.0410156 0.0478516 0.0605469
0 0.00935655 0.385254 0.738281 0.0400391 0.0449219
0 0.0094379 0.79248 0.345703 0.0380859 0.0410156
0 0.00944507 0.90918 0.494141 0.0195312 0.0253906
0 0.00948326 0.473633 0.0927734 0.0390625 0.0410156
0 0.00949406 0.88623 0.560059 0.0380859 0.0751953
0 0.00950929 0.592773 0.507324 0.0214844 0.0283203
0 0.00951426 0.658691 0.275879 0.0400391 0.0810547
0 0.00952304 0.9375 0.0102539 0.03125 0.0205078
0 0.00952941 0.793457 0.0151367 0.0361328 0.0283203
0 0.00957378 0.817871 0.594727 0.0400391 0.0507812
0 0.00960052 0.575684 0.294434 0.0361328 0.0693359
0 0.00962542 0.74707 0.737793 0.0195312 0.0419922
0 0.00970032 0.913086 0.717285 0.0429688 0.0615234
0 0.00973446 0.634277 0.00878906 0.0263672 0.0175781
0 0.00977669 0.838867 0.617188 0.0332031 0.0507812
0 0.00979592 0.489258 0.788574 0.0234375 0.0380859
0 0.00981398 0.687988 0.153809 0.0478516 0.0478516
0 0.00985425 0.608398 0.0209961 0.0410156 0.0419922
0 0.00987201 0.958984 0.106934 0.0507812 0.0576172
0 0.00987523 0.535645 0.842773 0.0302734 0.0410156
0 0.00993307 0.720703 0.486816 0.0410156 0.0498047
0 0.00996271 0.465332 0.330566 0.0185547 0.0380859
0 0.00997038 0.648438 0.617188 0.0253906 0.0371094
0 0.00997527 0.928223 0.552734 0.0146484 0.0195312
0 0.0100101 0.79248 0.693848 0.0244141 0.0458984
0 0.0100555 0.450195 0.0825195 0.0351562 0.0439453
0 0.0100565 0.893555 0.6875 0.0332031 0.0390625
0 0.0100906 0.626953 0.251953 0.0839844 0.078125
0 0.0100994 0.635742 0.163574 0.0371094 0.0478516
0 0.0101256 0.26416 0.103516 0.0302734 0.046875
0 0.0101371 0.867188 0.0117188 0.0429688 0.0234375
0 0.0102166 0.766602 0.888672 0.0351562 0.046875
0 0.0102249 0.475586 0.462891 0.0332031 0.0390625
0 0.0102288 0.380859 0.139648 0.015625 0.0234375
0 0.0102597 0.869629 0.96582 0.0224609 0.0429688
0 0.0102651 0.905762 0.842285 0.0400391 0.0615234
0 0.0103672 0.507324 0.241699 0.0263672 0.0341797
0 0.0104953 0.777344 0.186035 0.0273438 0.0439453
0 0.0105019 0.850098 0.901855 0.0576172 0.0810547
0 0.0105058 0.431152 0.865723 0.0322266 0.0634766
0 0.0105122 0.770996 0.718262 0.0146484 0.0205078
0 0.0105364 0.45752 0.320801 0.0166016 0.0380859
0 0.0105441 0.500488 0.745117 0.0283203 0.0566406
0 0.0105514 0.398926 0.196777 0.0537109 0.0732422
0 0.0105713 0.767578 0.930176 0.0507812 0.0908203
0 0.0105744 0.501465 0.231934 0.0302734 0.0380859
0 0.0105935 0.199707 0.012207 0.0302734 0.0244141
0 0.0106311 0.555176 0.209961 0.0595703 0.113281
0 0.0107001 0.851562 0.569824 0.0292969 0.0419922
0 0.0107504 0.51416 0.830078 0.0400391 0.0371094
0 0.0107867 0.258301 0.518555 0.0126953 0.0136719
0 0.0107873 0.59082 0.732422 0.0566406 0.0429688
0 0.0108212 0.786133 0.625488 0.0351562 0.0595703
0 0.0108257 0.74707 0.572266 0.0214844 0.0449219
0 0.010837 0.52002 0.396484 0.0302734 0.0585938
0 0.0110131 0.832031 0.240723 0.015625 0.0185547
0 0.0110474 0.989746 0.580566 0.0205078 0.0693359
0 0.0110955 0.501465 0.210938 0.0908203 0.138672
0 0.0111254 0.814453 0.392578 0.0390625 0.046875
0 0.0111367 0.658203 0.787598 0.03125 0.0322266
0 0.0112742 0.529785 0.47998 0.0205078 0.0400391
0 0.0112832 0.638672 0.0859375 0.0410156 0.0683594
0 0.0113402 0.587402 0.0927734 0.0283203 0.0605469
0 0.0113403 0.625 0.578125 0.0214844 0.0292969
0 0.0113735 0.558594 0.158691 0.0742188 0.112305
0 0.0114162 0.560547 0.0209961 0.0253906 0.0419922
0 0.0114279 0.895996 0.827148 0.0400391 0.0527344
0 0.011447 0.446777 0.289551 0.0439453 0.0634766
0 0.0115049 0.575195 0.75 0.0175781 0.0292969
0 0.0115085 0.730469 0.48584 0.03125 0.0380859
0 0.0115713 0.617188 0.274902 0.0273438 0.0498047
0 0.011601 0.983398 0.0463867 0.0273438 0.0400391
0 0.0118135 0.885254 0.875977 0.0419922 0.0351562
0 0.0118228 0.564941 0.043457 0.0361328 0.0576172
0 0.0119163 0.674805 0.34375 0.0703125 0.0859375
0 0.0119292 0.748535 0.364258 0.0361328 0.0546875
0 0.0119493 0.452637 0.0112305 0.0283203 0.0205078
0 0.0120023 0.824219 0.685547 0.0761719 0.117188
0 0.0120424 0.54248 0.306152 0.0263672 0.0380859
0 0.0120554 0.949219 0.506836 0.0390625 0.046875
0 0.0120617 0.455566 0.312012 0.0380859 0.0595703
0 0.0120986 0.30127 0.0449219 0.0771484 0.0800781
0 0.0121015 0.456543 0.980957 0.0107422 0.0185547
0 0.0121501 0.82373 0.405762 0.0439453 0.0478516
0 0.0121504 0.464355 0.452148 0.0166016 0.0214844
0 0.0122766 0.705566 0.328125 0.0322266 0.046875
0 0.0123957 0.833984 0.430176 0.0488281 0.0595703
0 0.0124043 0.814941 0.716309 0.0185547 0.0322266
0 0.0124581 0.927734 0.158691 0.03125 0.0419922
0 0.0124641 0.702637 0.426758 0.0595703 0.0625
0 0.01254 0.803223 0.59668 0.0419922 0.0507812
0 0.0126649 0.930664 0.125 0.138672 0.150391
0 0.0126653 0.737305 0.320801 0.0195312 0.0380859
0 0.0126671 0.914551 0.225586 0.0302734 0.0429688
0 0.012678 0.728027 0.00683594 0.0283203 0.0136719
0 0.0128056 0.692383 0.10791 0.0371094 0.0439453
0 0.0128433 0.536621 0.192383 0.0361328 0.0546875
0 0.0130564 0.920898 0.794922 0.0371094 0.0449219
0 0.013081 0.675781 0.271484 0.0195312 0.0429688
0 0.0131879 0.493652 0.37793 0.0126953 0.0234375
0 0.0132319 0.550293 0.531738 0.0341797 0.0615234
0 0.0132384 0.678711 0.0126953 0.0332031 0.0234375
0 0.0136038 0.535645 0.246582 0.0302734 0.0712891
0 0.0136179 0.982422 0.565918 0.0351562 0.0556641
0 0.0136643 0.785645 0.990234 0.0263672 0.0175781
0 0.0138745 0.546387 0.744629 0.0732422 0.0498047
0 0.0139128 0.271484 0.11377 0.0351562 0.0478516
0 0.0139167 0.256348 0.0820312 0.0419922 0.0625
0 0.0139287 0.773926 0.321777 0.0244141 0.0322266
0 0.0139291 0.633789 0.515625 0.0175781 0.0292969
0 0.0139797 0.87793 0.0429688 0.0429688 0.0566406
0 0.0140886 0.452148 0.32959 0.0332031 0.0361328
0 0.014115 0.618652 0.0205078 0.0185547 0.0332031
0 0.0141367 0.388672 0.166992 0.0332031 0.0722656
0 0.0142043 0.56543 0.181152 0.0371094 0.0673828
0 0.0142519 0.822266 0.319824 0.0136719 0.0244141
0 0.0144135 0.405273 0.981445 0.0449219 0.0371094
0 0.0144205 0.922852 0.0947266 0.0253906 0.0410156
0 0.0144976 0.436035 0.0527344 0.0146484 0.0371094
0 0.0145246 0.490234 0.300781 0.0351562 0.0429688
0 0.0146426 0.450684 0.273438 0.0693359 0.0722656
0 0.0146515 0.689453 0.555664 0.0332031 0.0429688
0 0.0147038 0.818359 0.00976562 0.03125 0.0195312
0 0.0147809 0.510742 0.445312 0.0839844 0.0800781
0 0.0147919 0.68457 0.119141 0.0332031 0.0429688
0 0.0148733 0.628418 0.266113 0.0302734 0.0380859
0 0.0148894 0.722656 0.0615234 0.046875 0.0566406
0 0.0149239 0.770996 0.936523 0.0341797 0.0507812
0 0.0149329 0.901367 0.791016 0.0644531 0.0898438
0 0.0149349 0.597168 0.0258789 0.0283203 0.0498047
0 0.0149669 0.767578 0.115723 0.0214844 0.0283203
0 0.0149927 0.401367 0.68457 0.0136719 0.0234375
0 0.015013 0.596191 0.255371 0.0244141 0.0380859
0 0.0150591 0.527832 0.732422 0.0341797 0.046875
0 0.0151315 0.36377 0.0078125 0.0439453 0.015625
0 0.01515 0.820312 0.950195 0.0449219 0.046875
0 0.0151585 0.916504 0.777344 0.0400391 0.0488281
0 0.0151629 0.555664 0.834961 0.03125 0.0527344
0 0.0151655 0.638184 0.66748 0.0361328 0.0556641
0 0.0152527 0.646484 0.397461 0.0234375 0.03125
0 0.0153168 0.695801 0.185547 0.0244141 0.0390625
0 0.0153172 0.605957 0.536133 0.0146484 0.046875
0 0.0153233 0.531738 0.305664 0.0341797 0.0449219
0 0.0153741 0.591797 0.571777 0.0390625 0.0458984
0 0.0153772 0.938477 0.130371 0.0546875 0.0849609
0 0.0154885 0.716797 0.321289 0.0234375 0.0449219
0 0.0154955 0.796875 0.0395508 0.0820312 0.0791016
0 0.0154987 0.505859 0.453613 0.0390625 0.0361328
0 0.0155327 0.838867 0.467773 0.046875 0.0527344
0 0.0155535 0.584961 0.0336914 0.0273438 0.0478516
0 0.0155917 0.98877 0.410156 0.0224609 0.078125
0 0.0156821 0.956055 0.0834961 0.0625 0.0830078
0 0.0157081 0.989746 0.0693359 0.0205078 0.0429688
0 0.0157192 0.643555 0.00683594 0.0273438 0.0136719
0 0.0157706 0.990234 0.60791 0.0195312 0.0361328
0 0.0158716 0.664062 0.649414 0.0292969 0.0371094
0 0.015894 0.681641 0.567383 0.0410156 0.0351562
0 0.0159534 0.615234 0.458008 0.0214844 0.0332031
0 0.0159614 0.302246 0.00878906 0.0322266 0.0175781
0 0.0160201 0.682617 0.513184 0.0332031 0.0439453
0 0.0160201 0.759277 0.254395 0.0224609 0.0400391
0 0.0160371 0.724121 0.554199 0.0439453 0.0556641
0 0.0160539 0.411621 0.136719 0.0302734 0.0351562
0 0.0161133 0.987305 0.379395 0.0234375 0.0595703
0 0.016199 0.510742 0.961426 0.0410156 0.0498047
0 0.0163738 0.503906 0.912109 0.0410156 0.0527344
0 0.0165975 0.830566 0.605957 0.0419922 0.0458984
0 0.0166823 0.956055 0.14502 0.0742188 0.0615234
0 0.0167766 0.961426 0.0292969 0.0712891 0.0585938
0 0.0168209 0.521484 0.93457 0.0488281 0.0839844
0 0.0168384 0.856445 0.700684 0.0351562 0.0654297
0 0.0168889 0.40332 0.685059 0.0195312 0.0400391
0 0.0168979 0.467285 0.256348 0.0361328 0.0498047
0 0.0169542 0.46582 0.869629 0.0546875 0.0615234
0 0.0169583 0.493652 0.169922 0.0419922 0.0625
0 0.0169697 0.865723 0.807617 0.0224609 0.0351562
0 0.0171463 0.55127 0.0410156 0.0185547 0.0605469
0 0.0172062 0.765625 0.336914 0.0351562 0.0488281
0 0.0172209 0.969727 0.0126953 0.0195312 0.0214844
0 0.0172445 0.22998 0.528809 0.0302734 0.0302734
0 0.0174834 0.847656 0.669434 0.0175781 0.0263672
0 0.0175594 0.805664 0.0131836 0.0390625 0.0263672
0 0.0176135 0.598633 0.339844 0.0253906 0.0488281
0 0.0176345 0.210938 0.0932617 0.0273438 0.0302734
0 0.0176777 0.588379 0.532227 0.0322266 0.0703125
0 0.0176807 0.541992 0.228027 0.0332031 0.0732422
0 0.017702 0.659668 0.0908203 0.0302734 0.046875
0 0.0177194 0.705078 0.223633 0.0332031 0.0527344
0 0.0177249 0.568848 0.879883 0.0439453 0.101562
0 0.0178569 0.706055 0.117676 0.0507812 0.0576172
0 0.0179054 0.46875 0.146973 0.0898438 0.165039
0 0.0179137 0.83252 0.0117188 0.0400391 0.0234375
0 0.0179188 0.552734 0.0112305 0.0175781 0.0224609
0 0.0181437 0.912598 0.0117188 0.0244141 0.0214844
0 0.0181772 0.409668 0.678711 0.0244141 0.0214844
0 0.0181804 0.805664 0.628906 0.0625 0.0800781
0 0.018201 0.60791 0.633301 0.0283203 0.0556641
0 0.0182314 0.618652 0.655273 0.0302734 0.0625
0 0.0182642 0.806641 0.655762 0.0488281 0.0927734
0 0.0184173 0.425293 0.136719 0.0283203 0.0390625
0 0.0186115 0.440918 0.201172 0.0302734 0.0488281
0 0.0186199 0.980957 0.0112305 0.0361328 0.0224609
0 0.0186357 0.830078 0.634277 0.0371094 0.0615234
0 0.0186551 0.711914 0.306152 0.0253906 0.0537109
0 0.0186888 0.653809 0.647461 0.0400391 0.0527344
0 0.0187063 0.630859 0.350098 0.0683594 0.0888672
0 0.0187878 0.553711 0.369629 0.0332031 0.0498047
0 0.0187976 0.479004 0.115723 0.0556641 0.112305
0 0.0188526 0.736328 0.533691 0.0585938 0.0830078
0 0.0189562 0.722656 0.0141602 0.0488281 0.0283203
0 0.0189592 0.590332 0.350586 0.0322266 0.0507812
0 0.0190717 0.462891 0.781738 0.0214844 0.0673828
0 0.0191162 0.416016 0.0942383 0.0195312 0.0380859
0 0.0191551 0.578613 0.280273 0.0263672 0.046875
0 0.0194191 0.455566 0.189941 0.0341797 0.0810547
0 0.019436 0.027832 0.675781 0.0185547 0.0273438
0 0.0195295 0.668945 0.486816 0.03125 0.0341797
0 0.0195366 0.663574 0.56543 0.0185547 0.0332031
0 0.0195655 0.678223 0.0893555 0.0302734 0.0537109
0 0.0196333 0.65332 0.17627 0.0253906 0.0380859
0 0.0196394 0.416504 0.282227 0.0185547 0.0292969
0 0.0196395 0.665039 0.530762 0.015625 0.0380859
0 0.0197273 0.199707 0.03125 0.0361328 0.0625
0 0.0197489 0.527344 0.46582 0.0292969 0.0527344
0 0.0198432 0.621094 0.58252 0.0605469 0.0595703
0 0.0198558 0.560547 0.904297 0.0292969 0.0761719
0 0.0199508 0.671387 0.263672 0.0322266 0.0839844
0 0.0201038 0.495117 0.29248 0.0234375 0.0263672
0 0.0201605 0.583008 0.0683594 0.0449219 0.0644531
0 0.0201702 0.986816 0.0585938 0.0205078 0.0292969
0 0.0201932 0.515625 0.453613 0.046875 0.0615234
0 0.0203137 0.48584 0.896484 0.0810547 0.0957031
0 0.0204584 0.577148 0.520508 0.0234375 0.0585938
0 0.0205505 0.478516 0.419434 0.0136719 0.0263672
0 0.0205788 0.575195 0.86377 0.03125 0.0595703
0 0.0207079 0.42041 0.116699 0.0263672 0.0732422
0 0.0207414 0.59668 0.458496 0.0117188 0.0322266
0 0.0207471 0.638672 0.29541 0.0449219 0.0751953
0 0.0208872 0.602539 0.45752 0.0253906 0.0380859
0 0.0208978 0.665039 0.543945 0.0234375 0.0585938
0 0.0210857 0.411621 0.744141 0.0263672 0.0390625
0 0.0211755 0.78418 0.665527 0.0273438 0.0556641
0 0.0213106 0.537109 0.732422 0.015625 0.0351562
0 0.0214066 0.331543 0.0219727 0.0810547 0.0439453
0 0.0214586 0.509277 0.762695 0.0634766 0.0742188
0 0.0216063 0.991211 0.0942383 0.0175781 0.0517578
0 0.0216858 0.98877 0.44873 0.0224609 0.0498047
0 0.0217393 0.400391 0.877441 0.0234375 0.0361328
0 0.021789 0.855957 0.0449219 0.0986328 0.0839844
0 0.0221202 0.446289 0.893066 0.0351562 0.0517578
0 0.0223296 0.779297 0.57373 0.0351562 0.0341797
0 0.0223431 0.609863 0.276367 0.0849609 0.0976562
0 0.0224453 0.467285 0.848633 0.0751953 0.107422
0 0.0224489 0.645508 0.266113 0.0195312 0.0498047
0 0.0226172 0.547363 0.845215 0.0400391 0.0537109
0 0.0226735 0.42041 0.192383 0.0322266 0.0507812
0 0.0227833 0.960938 0.0263672 0.0332031 0.0527344
0 0.0230155 0.806152 0.680664 0.0400391 0.0625
0 0.0230707 0.983887 0.614746 0.0322266 0.0400391
0 0.023091 0.630371 0.629395 0.0419922 0.0849609
0 0.023329 0.714355 0.246094 0.0302734 0.0605469
0 0.0233796 0.79248 0.949707 0.0888672 0.100586
0 0.0234525 0.713379 0.775391 0.0732422 0.0644531
0 0.023658 0.506836 0.416992 0.0273438 0.0488281
0 0.0237159 0.51709 0.900391 0.0341797 0.0507812
0 0.0237183 0.495117 0.777344 0.0351562 0.0488281
0 0.0237783 0.711914 0.286621 0.0332031 0.0732422
0 0.0238777 0.604004 0.0117188 0.0146484 0.0195312
0 0.0239166 0.491211 0.383789 0.0195312 0.0351562
0 0.0239281 0.599609 0.310547 0.0253906 0.046875
0 0.0239314 0.541016 0.291992 0.0195312 0.0410156
0 0.0240139 0.824219 0.24707 0.0253906 0.0292969
0 0.0242486 0.646973 0.887695 0.0166016 0.0546875
0 0.0244679 0.26123 0.0771484 0.0732422 0.0859375
0 0.0244997 0.720703 0.104004 0.046875 0.0673828
0 0.0245244 0.453125 0.0214844 0.0234375 0.0390625
0 0.0246358 0.561035 0.474609 0.0107422 0.0273438
0 0.0246716 0.800781 0.297363 0.0683594 0.12793
0 0.0247317 0.436523 0.847168 0.0234375 0.0361328
0 0.0248025 0.983398 0.0874023 0.0332031 0.0830078
0 0.0249035 0.648438 0.129883 0.0957031 0.125
0 0.0249852 0.764648 0.324219 0.0507812 0.0566406
0 0.0251187 0.765625 0.27002 0.0253906 0.0419922
0 0.0251202 0.536133 0.179199 0.0253906 0.0341797
0 0.0251843 0.445801 0.0244141 0.0302734 0.0488281
0 0.0255423 0.775879 0.34668 0.0419922 0.046875
0 0.0256165 0.396973 0.777344 0.0263672 0.0429688
0 0.025688 0.481934 0.24707 0.0361328 0.0507812
0 0.0259594 0.494629 0.759766 0.0263672 0.0410156
0 0.0259681 0.362793 0.809082 0.0361328 0.0341797
0 0.0263565 0.425293 0.313477 0.0205078 0.0429688
0 0.0265546 0.608887 0.248047 0.0205078 0.03125
0 0.0266794 0.544922 0.986328 0.0332031 0.0253906
0 0.0267172 0.462891 0.939453 0.0214844 0.0390625
0 0.0268986 0.486816 0.868164 0.0322266 0.0449219
0 0.027017 0.565918 0.520508 0.0341797 0.0605469
0 0.0272442 0.353027 0.0117188 0.0458984 0.0234375
0 0.0273172 0.629883 0.799316 0.0078125 0.0185547
0 0.027347 0.508301 0.765625 0.0322266 0.046875
0 0.0274562 0.236328 0.074707 0.0214844 0.0498047
0 0.0274709 0.912598 0.0288086 0.0419922 0.0517578
0 0.0276226 0.936035 0.731934 0.0302734 0.0400391
0 0.0277257 0.793457 0.64502 0.0380859 0.0888672
0 0.0277532 0.605469 0.0185547 0.0175781 0.0371094
0 0.0277859 0.619141 0.628906 0.0253906 0.0742188
0 0.0279279 0.688965 0.196777 0.0322266 0.0498047
0 0.0279667 0.892578 0.0600586 0.0449219 0.0576172
0 0.028086 0.799316 0.405762 0.0322266 0.0458984
0 0.0281539 0.655273 0.487793 0.0214844 0.0302734
0 0.0282992 0.935059 0.103027 0.0556641 0.0654297
0 0.0287792 0.532715 0.265625 0.0576172 0.0800781
0 0.0290081 0.390625 0.602051 0.0136719 0.0205078
0 0.0292838 0.791992 0.377441 0.09375 0.106445
0 0.0294056 0.993652 0.0263672 0.0126953 0.0449219
0 0.0297929 0.788574 0.923828 0.0185547 0.0332031
0 0.0298392 0.579102 0.563477 0.0273438 0.0488281
0 0.0299106 0.560547 0.986328 0.0234375 0.0253906
0 0.0299794 0.753418 0.910156 0.0224609 0.0507812
0 0.0300217 0.929688 0.0224609 0.0527344 0.0449219
0 0.0300849 0.839355 0.675781 0.0322266 0.078125
0 0.0303553 0.643555 0.611816 0.0195312 0.0224609
0 0.0303831 0.774902 0.0327148 0.0419922 0.0517578
0 0.03068 0.746094 0.749023 0.0332031 0.0507812
0 0.0312668 0.853516 0.437012 0.0371094 0.0478516
0 0.031307 0.915527 0.844727 0.0947266 0.0996094
0 0.0313589 0.819336 0.260742 0.0292969 0.0507812
0 0.0314612 0.550293 0.962402 0.0595703 0.0693359
0 0.0320919 0.672363 0.0200195 0.0205078 0.0400391
0 0.0323241 0.756348 0.0419922 0.0419922 0.0429688
0 0.0326922 0.536621 0.741211 0.0244141 0.0507812
0 0.0327629 0.668945 0.781738 0.0371094 0.0380859
0 0.0329745 0.482422 0.182129 0.0429688 0.0673828
0 0.0330052 0.184082 0.0830078 0.0263672 0.0527344
0 0.0336464 0.666992 0.226562 0.0371094 0.0859375
0 0.0341805 0.650879 0.424316 0.0146484 0.0283203
0 0.0342187 0.341309 0.0107422 0.0439453 0.015625
0 0.0342495 0.530762 0.873535 0.0166016 0.0478516
0 0.0342533 0.524414 0.318848 0.0292969 0.0478516
0 0.0345268 0.725098 0.141113 0.0634766 0.0712891
0 0.0345694 0.740234 0.0566406 0.0546875 0.0625
0 0.0346426 0.543945 0.866699 0.046875 0.0751953
0 0.0346452 0.973145 0.55127 0.0380859 0.0537109
0 0.0349306 0.472168 0.908691 0.0341797 0.0673828
0 0.0352618 0.897461 0.740723 0.0761719 0.118164
0 0.0354312 0.881348 0.0214844 0.0693359 0.0371094
0 0.0355041 0.702148 0.526855 0.0878906 0.0966797
0 0.0356335 0.716309 0.0751953 0.0791016 0.115234
0 0.0359676 0.664062 0.254395 0.0214844 0.0537109
0 0.0360415 0.519531 0.419434 0.03125 0.0615234
0 0.0362287 0.681152 0.34082 0.0322266 0.0390625
0 0.0362689 0.501953 0.956055 0.0214844 0.0292969
0 0.036289 0.900391 0.700195 0.0390625 0.046875
0 0.0365691 0.420898 0.171875 0.0878906 0.107422
0 0.036609 0.430176 0.335449 0.0341797 0.0537109
0 0.0368553 0.490234 0.914062 0.0292969 0.0332031
0 0.0369161 0.741211 0.535156 0.03125 0.0683594
0 0.0369466 0.937988 0.148438 0.0439453 0.0449219
0 0.0370768 0.676758 0.291504 0.0390625 0.0810547
0 0.037648 0.873047 0.430176 0.0449219 0.0400391
0 0.037687 0.856934 0.592285 0.0283203 0.0478516
0 0.0380303 0.282227 0.0805664 0.0371094 0.0654297
0 0.0381697 0.860352 0.0541992 0.0429688 0.0771484
0 0.0383019 0.934082 0.78418 0.0517578 0.0585938
0 0.0385639 0.573242 0.330566 0.0761719 0.104492
0 0.0386175 0.569824 0.566895 0.0263672 0.0556641
0 0.0390284 0.601562 0.646973 0.03125 0.0478516
0 0.0390344 0.578613 0.118652 0.0302734 0.0810547
0 0.0393797 0.979492 0.589844 0.0390625 0.0761719
0 0.0394579 0.518066 0.76123 0.0302734 0.0498047
0 0.0395761 0.54541 0.381348 0.0380859 0.0517578
0 0.040612 0.500488 0.430664 0.0302734 0.0429688
0 0.0409612 0.84375 0.908691 0.0253906 0.0322266
0 0.0410905 0.656738 0.166992 0.0419922 0.0507812
0 0.0411501 0.788574 0.28125 0.0263672 0.0800781
0 0.04123 0.628906 0.115234 0.0429688 0.113281
0 0.0414464 0.509277 0.71875 0.0166016 0.0566406
0 0.0415736 0.432617 0.191895 0.03125 0.0576172
0 0.0418895 0.859863 0.837891 0.0322266 0.0449219
0 0.0419881 0.536621 0.280762 0.0244141 0.0517578
0 0.0420608 0.530762 0.891113 0.0263672 0.0654297
0 0.0424988 0.543945 0.181641 0.0273438 0.0546875
0 0.0426092 0.825684 0.4375 0.0927734 0.09375
0 0.0426483 0.428223 0.101562 0.0380859 0.0527344
0 0.042922 0.780762 0.585938 0.0537109 0.0683594
0 0.0429497 0.571289 0.321777 0.0546875 0.0634766
0 0.0439392 0.484375 0.412109 0.0214844 0.0488281
0 0.0441577 0.805664 0.383301 0.0332031 0.0322266
0 0.0442445 0.518555 0.246094 0.0390625 0.0527344
0 0.0442756 0.797852 0.443359 0.0390625 0.0566406
0 0.0444638 0.574219 0.505371 0.0195312 0.0322266
0 0.0447455 0.310059 0.0131836 0.0517578 0.0263672
0 0.0451791 0.55957 0.568848 0.03125 0.0498047
0 0.0451955 0.537109 0.407227 0.0292969 0.0566406
0 0.0456891 0.443359 0.845703 0.0332031 0.0566406
0 0.0459734 0.710449 0.291992 0.0185547 0.0410156
0 0.0460264 0.60498 0.663086 0.0322266 0.046875
0 0.04603 0.929688 0.737305 0.0546875 0.0742188
0 0.0461118 0.500977 0.405273 0.0273438 0.0546875
0 0.0465561 0.888672 0.574707 0.0234375 0.0361328
0 0.0467028 0.969727 0.546387 0.0253906 0.0361328
0 0.0468864 0.958496 0.775391 0.0556641 0.0507812
0 0.0469438 0.473145 0.203125 0.0224609 0.0390625
0 0.0470603 0.841797 0.950684 0.0429688 0.0478516
0 0.047196 0.44043 0.881348 0.03125 0.0439453
0 0.0475146 0.801758 0.260254 0.0351562 0.0634766
0 0.0478005 0.493652 0.85498 0.0263672 0.0419922
0 0.0478336 0.978027 0.0673828 0.0341797 0.0410156
0 0.0483009 0.908691 0.0302734 0.0810547 0.0605469
0 0.049328 0.685547 0.0576172 0.0859375 0.115234
0 0.049806 0.848633 0.592773 0.0410156 0.0722656
0 0.0499856 0.967773 0.12793 0.0644531 0.0761719
0 0.0509901 0.822754 0.683594 0.0380859 0.0644531
0 0.0515286 0.691895 0.21875 0.0498047 0.0800781
0 0.0518738 0.424316 0.284668 0.0244141 0.0361328
0 0.0519291 0.557617 0.505371 0.0371094 0.0673828
0 0.0519932 0.590332 0.0439453 0.0361328 0.0820312
0 0.052349 0.62793 0.603027 0.0429688 0.0615234
0 0.0540822 0.791016 0.312988 0.0234375 0.0380859
0 0.054425 0.452637 0.0415039 0.0419922 0.0693359
0 0.0545125 0.718262 0.26416 0.0283203 0.0478516
0 0.0546425 0.829102 0.135742 0.0214844 0.0429688
0 0.0547894 0.643555 0.257324 0.0449219 0.0576172
0 0.0548634 0.555664 0.322266 0.0253906 0.0371094
0 0.0548762 0.725586 0.505859 0.0390625 0.0566406
0 0.0554574 0.81543 0.328125 0.0234375 0.0390625
0 0.0566643 0.782715 0.366699 0.0654297 0.0458984
0 0.0566682 0.498535 0.143066 0.0302734 0.0771484
0 0.0577536 0.896484 0.868164 0.03125 0.046875
0 0.0578782 0.687012 0.121582 0.0517578 0.0654297
0 0.058002 0.818848 0.461426 0.0400391 0.0361328
0 0.0582942 0.433105 0.281738 0.0458984 0.0419922
0 0.0586821 0.476074 0.206055 0.0361328 0.0703125
0 0.0587387 0.668457 0.0791016 0.0361328 0.0507812
0 0.058887 0.602051 0.554688 0.0244141 0.0410156
0 0.0589149 0.92334 0.760742 0.0693359 0.0722656
0 0.0589273 0.319824 0.0102539 0.0458984 0.0146484
0 0.059483 0.854004 0.0214844 0.0341797 0.0429688
0 0.0595252 0.672363 0.0327148 0.0283203 0.0595703
0 0.0596373 0.92627 0.8125 0.0322266 0.0410156
0 0.0605172 0.665039 0.23291 0.0195312 0.0634766
0 0.0611691 0.984863 0.358398 0.0302734 0.0390625
0 0.0613664 0.95166 0.878418 0.0283203 0.0458984
0 0.061761 0.972168 0.991211 0.0361328 0.0175781
0 0.0621696 0.474609 0.44873 0.0351562 0.0341797
0 0.0626657 0.954102 0.519531 0.03125 0.0390625
0 0.0627796 0.678223 0.135742 0.0498047 0.046875
0 0.0627927 0.805176 0.598145 0.0791016 0.0712891
0 0.0631175 0.972656 0.0209961 0.0371094 0.0380859
0 0.0631246 0.993164 0.0131836 0.0136719 0.0263672
0 0.063552 0.928223 0.806641 0.0224609 0.0253906
0 0.0635535 0.960449 0.53125 0.0361328 0.0507812
0 0.0662328 0.47998 0.916504 0.0341797 0.0419922
0 0.0663553 0.672363 0.53125 0.0302734 0.0527344
0 0.0664381 0.77832 0.987793 0.0214844 0.0224609
0 0.0666913 0.441895 0.158203 0.0244141 0.0429688
0 0.0668719 0.861328 0.569336 0.0332031 0.0644531
0 0.0670627 0.245117 0.0688477 0.0351562 0.0595703
0 0.067562 0.933594 0.846191 0.0429688 0.0595703
0 0.0678384 0.793945 0.933594 0.0273438 0.0449219
0 0.0680153 0.536621 0.414062 0.0732422 0.0878906
0 0.0687178 0.661621 0.681641 0.0283203 0.0488281
0 0.0689135 0.753906 0.138184 0.0585938 0.0615234
0 0.0692586 0.647461 0.42334 0.0117188 0.0205078
0 0.0692761 0.807129 0.941895 0.0458984 0.0478516
0 0.0695313 0.506348 0.412109 0.0576172 0.0898438
0 0.0698103 0.811523 0.27832 0.03125 0.0585938
0 0.0701288 0.40625 0.754395 0.0253906 0.0419922
0 0.0706379 0.456055 0.268066 0.0390625 0.0556641
0 0.0710915 0.398438 0.158691 0.0273438 0.0478516
0 0.071219 0.635742 0.0795898 0.0253906 0.0458984
0 0.0714457 0.612793 0.641113 0.0498047 0.0732422
0 0.0727867 0.803711 0.422363 0.0742188 0.0908203
0 0.0729388 0.345703 0.180664 0.0234375 0.0273438
0 0.0732046 0.489258 0.0317383 0.0273438 0.0537109
0 0.0733158 0.558105 0.330566 0.0400391 0.0478516
0 0.0735262 0.541016 0.32373 0.0371094 0.0576172
0 0.0741592 0.842285 0.922852 0.0361328 0.0664062
0 0.0743539 0.54248 0.574707 0.0205078 0.0498047
0 0.0747692 0.607422 0.56543 0.0195312 0.0449219
0 0.0761345 0.500488 0.838379 0.0263672 0.0458984
0 0.0762209 0.53125 0.339355 0.0292969 0.0615234
0 0.0764111 0.510254 0.705078 0.00878906 0.0214844
0 0.0766063 0.814453 0.342773 0.0351562 0.0605469
0 0.0769407 0.724609 0.768555 0.0351562 0.0546875
0 0.0772263 0.899902 0.0805664 0.0849609 0.0966797
0 0.0794653 0.371094 0.729492 0.0195312 0.0175781
0 0.0800129 0.62793 0.513184 0.0253906 0.0380859
0 0.0815536 0.833496 0.614746 0.0576172 0.0849609
0 0.0821856 0.470703 0.769043 0.0253906 0.0361328
0 0.0822514 0.603516 0.336914 0.046875 0.078125
0 0.0826389 0.672852 0.554199 0.0371094 0.0615234
0 0.0830169 0.488281 0.228516 0.0390625 0.0605469
0 0.0831891 0.697266 0.3125 0.0449219 0.0761719
0 0.0836283 0.679688 0.297363 0.0214844 0.0537109
0 0.0837014 0.452637 0.825195 0.0244141 0.0585938
0 0.0837201 0.844727 0.0170898 0.0253906 0.0341797
0 0.0854818 0.493164 0.205566 0.0449219 0.0869141
0 0.0877922 0.882812 0.833984 0.0625 0.0742188
0 0.0880481 0.512207 0.733398 0.0361328 0.0683594
0 0.0901645 0.693848 0.785645 0.0380859 0.0498047
0 0.0913237 0.522949 0.885254 0.0244141 0.0458984
0 0.0924703 0.874512 0.709473 0.0263672 0.0400391
0 0.0930509 0.805176 0.457031 0.0419922 0.0390625
0 0.0932542 0.740723 0.15332 0.0634766 0.0546875
0 0.0937322 0.70752 0.0126953 0.0439453 0.0234375
0 0.0938539 0.555664 0.387207 0.03125 0.0439453
0 0.0939205 0.572754 0.111816 0.0498047 0.143555
0 0.0957048 0.546875 0.38623 0.0585938 0.106445
0 0.0958792 0.562988 0.97168 0.0263672 0.0488281
0 0.096369 0.685059 0.177734 0.0634766 0.0859375
0 0.096801 0.566895 0.496582 0.0224609 0.0400391
0 0.0971309 0.494629 0.870117 0.0380859 0.0722656
0 0.0974576 0.541992 0.936523 0.0273438 0.0644531
0 0.100478 0.552246 0.97998 0.0419922 0.0380859
0 0.102168 0.888672 0.862793 0.0585938 0.0498047
0 0.102307 0.559082 0.491211 0.0244141 0.0488281
0 0.102951 0.668945 0.140137 0.0742188 0.0830078
0 0.104058 0.84082 0.705566 0.0332031 0.0478516
0 0.104536 0.910645 0.81543 0.0498047 0.0527344
0 0.106039 0.523926 0.452148 0.0283203 0.0351562
0 0.107128 0.631348 0.0761719 0.0166016 0.0292969
0 0.107267 0.640625 0.649414 0.0644531 0.0898438
0 0.109803 0.397461 0.181641 0.0332031 0.0742188
0 0.110449 0.908203 0.76416 0.0351562 0.0498047
0 0.110721 0.607422 0.262207 0.0371094 0.0537109
0 0.110724 0.621582 0.320312 0.0498047 0.0507812
0 0.111205 0.984863 0.130859 0.0283203 0.0605469
0 0.111335 0.912598 0.858887 0.0576172 0.0595703
0 0.111759 0.480469 0.0419922 0.0390625 0.0722656
0 0.116642 0.87793 0.577637 0.046875 0.0556641
0 0.117385 0.756836 0.984863 0.0234375 0.0263672
0 0.117815 0.651367 0.412598 0.0214844 0.0419922
0 0.11796 0.557617 0.0664062 0.0273438 0.0878906
0 0.118638 0.395996 0.878906 0.0146484 0.0234375
0 0.118964 0.808594 0.36084 0.046875 0.0498047
0 0.120139 0.572266 0.342285 0.046875 0.0576172
0 0.120239 0.674316 0.336426 0.0419922 0.0654297
0 0.12113 0.443848 0.180176 0.0341797 0.0791016
0 0.122285 0.19043 0.0576172 0.0390625 0.0605469
0 0.122868 0.205566 0.019043 0.0302734 0.0380859
0 0.123945 0.590332 0.30957 0.0361328 0.09375
0 0.124238 0.698242 0.520508 0.046875 0.0585938
0 0.125493 0.553223 0.181152 0.0380859 0.0849609
0 0.125839 0.791992 0.387207 0.0527344 0.0673828
0 0.127418 0.381836 0.724609 0.0390625 0.03125
0 0.127698 0.48877 0.42334 0.0283203 0.0322266
0 0.12888 0.863281 0.695801 0.0839844 0.100586
0 0.131628 0.793945 0.30127 0.0351562 0.0654297
0 0.133024 0.548828 0.206055 0.0273438 0.0566406
0 0.133167 0.555176 0.352051 0.0556641 0.0791016
0 0.134332 0.871582 0.533691 0.0341797 0.0615234
0 0.134992 0.756836 0.263184 0.0175781 0.0263672
0 0.135469 0.575684 0.542969 0.0322266 0.0839844
0 0.136767 0.733887 0.11377 0.0634766 0.0927734
0 0.138432 0.863281 0.855957 0.0371094 0.0361328
0 0.140731 0.375488 0.794922 0.0361328 0.0449219
0 0.141364 0.594238 0.322266 0.0302734 0.0488281
0 0.141706 0.397949 0.736328 0.0361328 0.0546875
0 0.143009 0.885254 0.428223 0.0283203 0.0263672
0 0.144446 0.464844 0.181152 0.0664062 0.0986328
0 0.146823 0.570312 0.138672 0.0371094 0.0683594
0 0.147289 0.87793 0.0610352 0.0664062 0.0830078
0 0.149478 0.200195 0.09375 0.0390625 0.0371094
0 0.153111 0.749023 0.341309 0.0410156 0.0517578
0 0.155194 0.473145 0.791504 0.0380859 0.0498047
0 0.155998 0.395996 0.76416 0.0322266 0.0419922
0 0.157078 0.871094 0.816406 0.0273438 0.0429688
0 0.157792 0.217773 0.0390625 0.0527344 0.0703125
0 0.158479 0.467773 0.928711 0.0273438 0.0488281
0 0.159405 0.788574 0.943359 0.0439453 0.0585938
0 0.159803 0.821777 0.359375 0.0205078 0.0253906
0 0.160165 0.869141 0.708984 0.0488281 0.0507812
0 0.161836 0.596191 0.654297 0.0283203 0.0273438
0 0.164188 0.560547 0.47998 0.0175781 0.0400391
0 0.168743 0.837402 0.40918 0.0380859 0.0429688
0 0.170397 0.820801 0.455566 0.0712891 0.0498047
0 0.171254 0.535645 0.426758 0.0380859 0.0644531
0 0.17195 0.417969 0.147461 0.0371094 0.046875
0 0.17288 0.553223 0.0229492 0.0166016 0.0419922
0 0.174261 0.460938 0.76123 0.015625 0.0302734
0 0.17567 0.587891 0.280762 0.0332031 0.0810547
0 0.180055 0.557617 0.043457 0.0195312 0.0791016
0 0.184297 0.657715 0.242676 0.0302734 0.0732422
0 0.195205 0.432129 0.167969 0.0478516 0.078125
0 0.195655 0.459961 0.0932617 0.0351562 0.0419922
0 0.198405 0.420898 0.288574 0.0136719 0.0224609
0 0.205962 0.696777 0.0200195 0.0654297 0.0380859
0 0.206475 0.791992 0.247559 0.0273438 0.0380859
0 0.207758 0.790527 0.413574 0.0361328 0.0498047
0 0.209275 0.760742 0.0429688 0.078125 0.0761719
0 0.212128 0.853027 0.706543 0.0224609 0.0361328
0 0.213723 0.423828 0.0952148 0.0195312 0.0419922
0 0.217129 0.864258 0.0332031 0.0390625 0.0546875
0 0.221509 0.492676 0.414062 0.0263672 0.078125
0 0.222315 0.547363 0.561523 0.0302734 0.0664062
0 0.225219 0.570312 0.0649414 0.046875 0.104492
0 0.228108 0.744629 0.331055 0.0166016 0.046875
0 0.229624 0.215332 0.0605469 0.0732422 0.0820312
0 0.232274 0.634277 0.141113 0.0361328 0.0712891
0 0.234512 0.989258 0.674316 0.0195312 0.0458984
0 0.236529 0.790039 0.676758 0.0253906 0.0527344
0 0.243247 0.669434 0.153809 0.0478516 0.0576172
0 0.243457 0.818848 0.700195 0.0244141 0.0527344
0 0.246606 0.978516 0.369141 0.0390625 0.0527344
0 0.250655 0.68457 0.533691 0.0527344 0.0673828
0 0.260985 0.766113 0.981934 0.0380859 0.0361328
0 0.26369 0.413574 0.164062 0.0517578 0.0742188
0 0.273044 0.331055 0.0117188 0.0722656 0.0234375
0 0.273673 0.762695 0.124512 0.0332031 0.0361328
0 0.27594 0.605469 0.551758 0.0136719 0.0332031
0 0.276003 0.85498 0.849609 0.0341797 0.0332031
0 0.285435 0.791504 0.608398 0.0478516 0.0507812
0 0.286565 0.273438 0.09375 0.0273438 0.0546875
0 0.288911 0.549805 0.405762 0.0390625 0.0595703
0 0.300835 0.483398 0.455566 0.0351562 0.0283203
0 0.303001 0.68457 0.0419922 0.0566406 0.0761719
0 0.307598 0.496094 0.392578 0.0195312 0.0527344
0 0.308058 0.538574 0.355469 0.0302734 0.0585938
0 0.310109 0.635254 0.319824 0.0322266 0.0419922
0 0.316514 0.961426 0.0224609 0.0185547 0.0371094
0 0.319438 0.561523 0.854004 0.0566406 0.0712891
0 0.322217 0.90332 0.739746 0.046875 0.0849609
0 0.326081 0.499023 0.890625 0.0507812 0.0644531
0 0.327023 0.461914 0.0839844 0.0488281 0.0683594
0 0.33284 0.554688 0.890625 0.0527344 0.138672
0 0.339344 0.194824 0.0810547 0.0439453 0.0664062
0 0.353977 0.233398 0.0615234 0.0351562 0.0664062
0 0.35532 0.712891 0.51416 0.0449219 0.0576172
0 0.356736 0.584473 0.0849609 0.0419922 0.146484
0 0.358237 0.457031 0.811523 0.0253906 0.0449219
0 0.359372 0.584961 0.271973 0.0214844 0.0478516
0 0.368873 0.501953 0.823242 0.0195312 0.0507812
0 0.372771 0.48584 0.776855 0.0244141 0.0361328
0 0.374275 0.650391 0.865723 0.0175781 0.0830078
0 0.38453 0.671875 0.0561523 0.0351562 0.0888672
0 0.390107 0.394531 0.202637 0.0332031 0.0380859
0 0.396237 0.586426 0.334473 0.0439453 0.0634766
0 0.400988 0.663086 0.478027 0.0195312 0.0244141
0 0.401821 0.922363 0.0166016 0.0341797 0.03125
0 0.407685 0.728516 0.0791016 0.0449219 0.0664062
0 0.40791 0.490723 0.170898 0.0537109 0.128906
0 0.409064 0.559082 0.154297 0.0419922 0.0625
0 0.412772 0.401855 0.677734 0.0166016 0.0195312
0 0.414003 0.941895 0.865234 0.0400391 0.0605469
0 0.419184 0.743164 0.556641 0.03125 0.0488281
0 0.419518 0.487305 0.441406 0.0371094 0.0585938
0 0.431778 0.566895 0.980957 0.0185547 0.0380859
0 0.437323 0.891113 0.712402 0.0517578 0.0673828
0 0.437576 0.84082 0.448242 0.0488281 0.0527344
0 0.44115 0.54541 0.917969 0.0400391 0.09375
0 0.441894 0.529785 0.26416 0.0302734 0.0595703
0 0.450244 0.720215 0.251465 0.0224609 0.0302734
0 0.451225 0.80127 0.282227 0.0458984 0.0820312
0 0.453734 0.654785 0.669434 0.0439453 0.0654297
0 0.462671 0.762207 0.351562 0.0634766 0.0605469
0 0.478783 0.833496 0.159668 0.0341797 0.0654297
0 0.479808 0.96582 0.381348 0.0664062 0.0712891
0 0.490372 0.989258 0.433594 0.0195312 0.0546875
0 0.493333 0.562012 0.537109 0.0498047 0.105469
0 0.497916 0.88916 0.078125 0.0595703 0.0585938
0 0.501547 0.830078 0.663574 0.046875 0.110352
0 0.512017 0.696777 0.208008 0.0380859 0.0410156
0 0.519852 0.87207 0.554688 0.0488281 0.0957031
0 0.520205 0.521484 0.746582 0.0429688 0.0556641
0 0.520246 0.584473 0.743164 0.0341797 0.0332031
0 0.523929 0.756836 0.89502 0.0273438 0.0478516
0 0.524476 0.90332 0.214844 0.0507812 0.0410156
0 0.528545 0.467285 0.0585938 0.0634766 0.103516
0 0.528569 0.682129 0.315918 0.0302734 0.0751953
0 0.532712 0.387695 0.78418 0.0371094 0.0527344
0 0.541271 0.637207 0.359375 0.0263672 0.0625
0 0.553086 0.695312 0.42334 0.0273438 0.0517578
0 0.570291 0.73584 0.156738 0.0380859 0.0400391
0 0.573848 0.621582 0.585938 0.0341797 0.0332031
0 0.579054 0.39502 0.720703 0.0283203 0.0332031
0 0.579146 0.832031 0.936523 0.0605469 0.0664062
0 0.591578 0.768555 0.963867 0.0410156 0.0664062
0 0.593707 0.445801 0.871094 0.0400391 0.0722656
0 0.611994 0.429688 0.330566 0.0273438 0.0263672
0 0.616458 0.790527 0.0302734 0.0458984 0.0585938
0 0.677011 0.955078 0.112793 0.0839844 0.114258
