0 0.555 0.61 0.0775 0.115
0 0.705 0.4825 0.0175 0.055
0 0.5125 0.365625 0.0375 0.06875
0 0.476875 0.275625 0.03375 0.07625
0 0.449375 0.3525 0.05375 0.075
0 0.44625 0.44625 0.065 0.0925
0 0.28 0.543125 0.035 0.06125
0 0.326875 0.42125 0.02625 0.0675
0 0.35625 0.339375 0.0675 0.04875
0 0.396875 0.279375 0.03375 0.06875
0 0.361875 0.24625 0.02625 0.0525
0 0.400625 0.19125 0.02375 0.065
0 0.28125 0.21875 0.0275 0.0575
0 0.1975 0.1925 0.0225 0.045
0 0.130625 0.1975 0.03375 0.065
0 0.16625 0.399375 0.045 0.09375
0 0.068125 0.34125 0.05625 0.0725
0 0.018125 0.38375 0.03625 0.075
0 0.199375 0.94125 0.12125 0.1175
0 0.914375 0.4325 0.03875 0.06
0 0.509375 0.17625 0.00875 0.0375
0 0.268125 0.131875 0.00875 0.02125
