0 0.353125 0.05625 0.05625 0.04
0 0.426875 0.11375 0.07125 0.0675
0 0.426875 0.049375 0.04125 0.05375
0 0.446875 0.028125 0.01875 0.02625
0 0.4975 0.050625 0.04 0.04625
0 0.525 0.05125 0.0175 0.0525
0 0.546875 0.063125 0.01625 0.03625
0 0.565 0.03875 0.02 0.04
0 0.5675 0.10625 0.045 0.0525
0 0.586875 0.065 0.01875 0.04
0 0.605 0.055625 0.015 0.05125
0 0.66125 0.1575 0.0525 0.035
0 0.734375 0.31 0.04125 0.07
0 0.885 0.035625 0.04 0.06375
0 0.35 0.614375 0.025 0.02875
0 0.349375 0.6925 0.02625 0.0525
0 0.3675 0.649375 0.0125 0.01875
0 0.39 0.613125 0.0375 0.04125
0 0.441875 0.60375 0.01625 0.025
0 0.44125 0.73375 0.0275 0.045
0 0.43375 0.77125 0.02 0.0175
0 0.56 0.685 0.0275 0.065
0 0.621875 0.845 0.05625 0.08
0 0.594375 0.79875 0.03125 0.0475
0 0.559375 0.845 0.02375 0.0325
0 0.584375 0.839375 0.01875 0.02625
0 0.56 0.81875 0.0325 0.025
0 0.53 0.951875 0.0525 0.08375
0 0.756875 0.894375 0.03625 0.05625
0 0.78875 0.88 0.03 0.04
0 0.95875 0.555 0.0625 0.05
