0 0.191875 0.494375 0.04375 0.05125
0 0.231875 0.516875 0.04375 0.05125
0 0.293125 0.4975 0.05375 0.115
0 0.34625 0.50125 0.0725 0.0725
0 0.354375 0.444375 0.04125 0.06625
0 0.385625 0.430625 0.06625 0.09125
0 0.463125 0.45375 0.10375 0.1625
0 0.548125 0.523125 0.03625 0.06625
0 0.57125 0.399375 0.025 0.02625
0 0.584375 0.4225 0.02875 0.0225
0 0.59625 0.43625 0.0275 0.0325
0 0.5175 0.2725 0.0275 0.06
0 0.444375 0.2825 0.03875 0.095
0 0.44 0.2175 0.03 0.05
0 0.4325 0.091875 0.035 0.06875
0 0.465 0.11875 0.025 0.0475
0 0.525625 0.06 0.04875 0.105
0 0.57375 0.076875 0.05 0.11125
0 0.864375 0.486875 0.04125 0.07625
0 0.905625 0.616875 0.04875 0.05625
0 0.19 0.365 0.0325 0.045
0 0.438125 0.05 0.01125 0.0325
0 0.465 0.04875 0.0125 0.0425
0 0.481875 0.05125 0.01375 0.0375
0 0.406875 0.02 0.03125 0.04
0 0.41875 0.03875 0.02 0.045
0 0.6425 0.045 0.0225 0.055
0 0.610625 0.041875 0.03625 0.06125
0 0.62375 0.53875 0.045 0.0775
0 0.73625 0.50625 0.0375 0.0525
0 0.781875 0.51 0.05375 0.05
0 0.959375 0.65375 0.04625 0.0375
0 0.71625 0.668125 0.03 0.04375
0 0.231875 0.575625 0.02875 0.04125
0 0.428125 0.568125 0.03125 0.04875
