0 0.13625 0.178125 0.0925 0.07875
0 0.129375 0.028125 0.06125 0.05375
0 0.22 0.055 0.0175 0.0325
0 0.251875 0.079375 0.01625 0.03375
0 0.2925 0.085 0.02 0.0275
0 0.29 0.03125 0.01 0.0325
0 0.418125 0.0325 0.09625 0.065
0 0.471875 0.12375 0.04875 0.08
0 0.404375 0.241875 0.04375 0.04625
0 0.445625 0.279375 0.02375 0.03125
0 0.464375 0.23875 0.01625 0.0375
0 0.489375 0.26 0.02625 0.03
0 0.506875 0.24625 0.03125 0.0375
0 0.531875 0.28875 0.02625 0.0275
0 0.21125 0.288125 0.0425 0.05375
0 0.274375 0.221875 0.04125 0.05125
0 0.309375 0.2575 0.04625 0.03
0 0.45875 0.178125 0.025 0.03625
