0 0.456875 0.705833 0.067750 0.041000
0 0.453625 0.737167 0.008250 0.032333
0 0.477625 0.768000 0.013750 0.047333
0 0.303125 0.774333 0.028250 0.046000
0 0.258125 0.786000 0.030750 0.036000
0 0.281125 0.769667 0.016250 0.032000
0 0.188375 0.563333 0.022750 0.016000
0 0.160625 0.445833 0.011250 0.025667
0 0.163250 0.318333 0.050500 0.033333
0 0.199000 0.267333 0.029500 0.050667
0 0.194750 0.360500 0.037500 0.034333
0 0.226250 0.400833 0.034500 0.017667
0 0.215000 0.382000 0.023500 0.019333
0 0.236750 0.379167 0.027500 0.043000
0 0.254250 0.372667 0.012000 0.056667
0 0.343875 0.427667 0.010250 0.014000
0 0.347125 0.412500 0.006750 0.006333
0 0.356750 0.420500 0.004500 0.007000
0 0.426875 0.473667 0.022750 0.031333
0 0.423875 0.520833 0.023250 0.027000
0 0.448750 0.498667 0.023500 0.038667
0 0.476500 0.462667 0.008500 0.018667
0 0.581750 0.507667 0.015500 0.052667
0 0.632875 0.566167 0.032250 0.029667
0 0.654375 0.540833 0.018750 0.030333
0 0.679375 0.535833 0.028250 0.038333
0 0.584250 0.608333 0.008500 0.017333
0 0.566750 0.621000 0.016500 0.008667
0 0.486000 0.616000 0.016500 0.025333
0 0.465875 0.617667 0.026750 0.030000
0 0.385625 0.567667 0.012750 0.013333
0 0.272625 0.498833 0.015750 0.025000
0 0.295375 0.477000 0.024750 0.020000
0 0.239875 0.303167 0.024750 0.022333
0 0.246000 0.284500 0.016000 0.015667
0 0.258125 0.269500 0.015250 0.017000
0 0.329875 0.291500 0.014250 0.019667
0 0.332625 0.155500 0.030250 0.017000
0 0.347500 0.120333 0.020000 0.023333
0 0.342125 0.085167 0.021250 0.047000
0 0.268500 0.124667 0.004500 0.009333
0 0.424875 0.306500 0.024750 0.019000
0 0.496000 0.080833 0.013500 0.015000
0 0.062125 0.736000 0.017750 0.019333
0 0.657500 0.018833 0.034500 0.037000
