0 0.5175 0.04375 0.03 0.06
0 0.44875 0.23875 0.045 0.0425
0 0.285 0.31375 0.0325 0.0375
0 0.228125 0.38125 0.04375 0.0425
0 0.22375 0.565625 0.03 0.04125
0 0.26625 0.55625 0.025 0.055
0 0.385625 0.558125 0.04125 0.04625
0 0.353125 0.616875 0.05625 0.08125
0 0.281875 0.7725 0.02625 0.0425
0 0.155625 0.661875 0.02625 0.02625
0 0.13375 0.575625 0.0425 0.03875
0 0.21125 0.6075 0.035 0.025
0 0.25875 0.61125 0.045 0.04
0 0.51875 0.54625 0.0375 0.0475
0 0.48875 0.496875 0.035 0.03375
0 0.456875 0.534375 0.02125 0.02875
0 0.695625 0.599375 0.02875 0.04125
0 0.670625 0.488125 0.04125 0.02125
0 0.789375 0.460625 0.04625 0.02875
0 0.764375 0.504375 0.02125 0.02625
0 0.784375 0.49375 0.02125 0.035
0 0.7825 0.5225 0.0325 0.02
0 0.718125 0.5575 0.01875 0.03
0 0.67375 0.54875 0.0125 0.0225
0 0.470625 0.134375 0.01875 0.02375
0 0.5 0.13125 0.0175 0.0175
0 0.1275 0.3575 0.0175 0.02
0 0.0625 0.265625 0.0225 0.02625
0 0.51125 0.683125 0.015 0.01875
0 0.55625 0.500625 0.0225 0.04625
0 0.480625 0.264375 0.02375 0.02125
0 0.478125 0.21 0.02875 0.0625
0 0.536875 0.06625 0.02625 0.03
