0 0.11 0.0325 0.0275 0.065
0 0.29375 0.42625 0.0675 0.1075
0 0.3475 0.345625 0.06 0.08625
0 0.361875 0.098125 0.03125 0.08375
0 0.43625 0.09 0.0275 0.075
0 0.56375 0.146875 0.0325 0.08625
0 0.691875 0.19875 0.03875 0.08
0 0.71125 0.1 0.03 0.095
0 0.79375 0.26875 0.0475 0.075
0 0.755 0.37625 0.1 0.0575
0 0.495625 0.43 0.03125 0.085
0 0.520625 0.4925 0.03125 0.08
0 0.90125 0.27625 0.065 0.12
0 0.941875 0.5875 0.07625 0.105
0 0.9325 0.438125 0.09 0.11875
0 0.775 0.785 0.0775 0.0725
0 0.76125 0.565625 0.05 0.06125
0 0.235625 0.238125 0.02125 0.04125
0 0.846875 0.075 0.03625 0.065
0 0.18125 0.035 0.03 0.07
