0 0.17875 0.545625 0.0725 0.06625
0 0.171875 0.14125 0.07625 0.135
0 0.238125 0.134375 0.08125 0.13375
0 0.364375 0.14 0.04375 0.0875
0 0.34125 0.191875 0.0375 0.04875
0 0.373125 0.235 0.05125 0.08
0 0.395 0.3175 0.0325 0.06
0 0.305625 0.306875 0.05375 0.05375
0 0.45125 0.185625 0.05 0.12625
0 0.569375 0.216875 0.03375 0.06625
0 0.479375 0.33 0.08125 0.145
0 0.66625 0.263125 0.075 0.09625
0 0.723125 0.108125 0.07875 0.08625
0 0.728125 0.29625 0.02625 0.0475
0 0.754375 0.298125 0.03125 0.03375
0 0.805625 0.426875 0.07125 0.09125
0 0.0525 0.458125 0.0325 0.08375
0 0.35125 0.376875 0.045 0.06125
0 0.280625 0.064375 0.03375 0.06375
0 0.23 0.041875 0.0575 0.06375
0 0.52375 0.44875 0.0375 0.0475
0 0.551875 0.35 0.05125 0.0725
0 0.53625 0.275 0.02 0.035
0 0.925625 0.10125 0.11125 0.13
0 0.1475 0.28625 0.0325 0.0725
0 0.60125 0.28875 0.04 0.075
0 0.385 0.47625 0.015 0.0275
0 0.57875 0.485 0.035 0.045
0 0.2975 0.265 0.0225 0.035
0 0.47 0.475 0.025 0.0375
