0 0.29 0.99 0.0125 0.02
0 0.256875 0.884375 0.04125 0.06875
0 0.26875 0.459375 0.015 0.01625
0 0.4375 0.42625 0.0425 0.045
0 0.47125 0.425 0.0225 0.04
0 0.493125 0.434375 0.01875 0.03625
0 0.4925 0.40125 0.025 0.035
0 0.433125 0.37625 0.02125 0.0375
0 0.46375 0.3675 0.0325 0.035
0 0.439375 0.094375 0.01125 0.02875
0 0.501875 0.095 0.05625 0.085
0 0.1325 0.148125 0.0375 0.04875
0 0.14875 0.199375 0.03 0.03375
0 0.205 0.163125 0.0125 0.02125
0 0.640625 0.476875 0.05625 0.07125
0 0.64125 0.589375 0.04 0.03625
0 0.879375 0.28 0.04625 0.06
0 0.9375 0.34625 0.0125 0.015
0 0.65875 0.4225 0.02 0.025
0 0.688125 0.415625 0.02375 0.05125
