0 0.250625 0.92125 0.03375 0.04
0 0.184375 0.94625 0.01875 0.0225
0 0.19875 0.6575 0.0225 0.035
0 0.065 0.61375 0.035 0.0375
0 0.275625 0.361875 0.01875 0.04125
0 0.451875 0.601875 0.02875 0.03625
0 0.45875 0.54375 0.03 0.0375
0 0.43375 0.049375 0.0125 0.03625
0 0.405625 0.03 0.01875 0.025
0 0.3875 0.05 0.01 0.025
0 0.75625 0.90875 0.02 0.0375
0 0.934375 0.296875 0.01875 0.03375
0 0.27 0.4575 0.0325 0.03
0 0.055 0.30875 0.0275 0.0325
0 0.14625 0.78625 0.0375 0.05
0 0.19125 0.874375 0.0325 0.04375
0 0.45875 0.406875 0.025 0.04125
0 0.475 0.358125 0.0125 0.04625
0 0.67875 0.77125 0.03 0.0375
0 0.16125 0.073125 0.015 0.03875
0 0.099375 0.0125 0.03375 0.025
