0 0.784375 0.0325 0.02375 0.0325
0 0.805625 0.075 0.03125 0.05
0 0.88875 0.138125 0.0275 0.02875
0 0.705625 0.13 0.03625 0.0525
0 0.71375 0.0975 0.0125 0.025
0 0.730625 0.11 0.01875 0.04
0 0.74375 0.154375 0.0275 0.03125
0 0.755625 0.13375 0.01125 0.0175
0 0.768125 0.36625 0.02125 0.0275
0 0.798125 0.41 0.02375 0.025
0 0.611875 0.425625 0.04625 0.03625
0 0.625 0.31375 0.045 0.04
0 0.656875 0.315 0.02125 0.0325
0 0.65125 0.34625 0.0225 0.0325
0 0.67125 0.32125 0.02 0.03
0 0.680625 0.3475 0.03375 0.03
0 0.69 0.319375 0.01 0.03375
0 0.6 0.696875 0.02 0.02125
0 0.62125 0.710625 0.03 0.01875
0 0.62625 0.728125 0.0225 0.02375
0 0.5575 0.816875 0.105 0.06875
0 0.586875 0.7675 0.01875 0.03
0 0.61625 0.828125 0.02 0.03375
0 0.545 0.6775 0.03 0.02
0 0.561875 0.535 0.02125 0.0275
0 0.573125 0.513125 0.00375 0.01625
0 0.541875 0.58875 0.00375 0.0175
0 0.563125 0.575625 0.00625 0.01875
0 0.5425 0.5625 0.0075 0.015
0 0.416875 0.63 0.01625 0.025
0 0.43875 0.626875 0.0175 0.04125
0 0.471875 0.635 0.04875 0.0275
0 0.46875 0.588125 0.0425 0.03125
0 0.49375 0.604375 0.0225 0.02875
0 0.511875 0.5925 0.02375 0.025
0 0.526875 0.63125 0.05375 0.0425
0 0.42625 0.573125 0.0225 0.03625
0 0.419375 0.515625 0.01875 0.02375
0 0.458125 0.544375 0.05875 0.03375
0 0.461875 0.515 0.04125 0.0275
0 0.454375 0.494375 0.01875 0.01125
0 0.4125 0.435625 0.0175 0.06125
0 0.399375 0.455625 0.00625 0.03375
0 0.42875 0.4525 0.0175 0.04
0 0.445 0.44875 0.0125 0.0275
0 0.460625 0.430625 0.01375 0.02625
0 0.47875 0.45125 0.025 0.02
0 0.5 0.43875 0.0075 0.02
0 0.484375 0.414375 0.01625 0.02625
0 0.485 0.38375 0.03 0.0275
0 0.49 0.359375 0.0075 0.02875
0 0.558125 0.331875 0.02875 0.03625
0 0.5675 0.3025 0.01 0.025
0 0.213125 0.97375 0.26375 0.0525
0 0.165625 0.93 0.04875 0.05
0 0.260625 0.9325 0.10875 0.045
0 0.27 0.886875 0.06 0.06125
0 0.391875 0.879375 0.09125 0.11125
0 0.45125 0.858125 0.0225 0.03875
0 0.4825 0.92875 0.0375 0.035
0 0.47125 0.98 0.0525 0.04
0 0.541875 0.98875 0.07875 0.0225
0 0.558125 0.93625 0.02375 0.0375
0 0.133125 0.755625 0.08375 0.07375
0 0.124375 0.68625 0.03375 0.05
0 0.163125 0.65125 0.01625 0.05
0 0.15375 0.590625 0.0475 0.04875
0 0.1875 0.605 0.015 0.025
0 0.21875 0.6125 0.015 0.03
0 0.1825 0.463125 0.045 0.04125
0 0.125 0.455625 0.0325 0.03375
0 0.081875 0.425625 0.04625 0.05125
0 0.13125 0.385 0.065 0.075
0 0.0825 0.3175 0.03 0.05
0 0.12875 0.30375 0.035 0.0425
0 0.155 0.26 0.0325 0.0525
0 0.17375 0.24 0.0275 0.055
0 0.225 0.28375 0.0825 0.0575
0 0.226875 0.361875 0.04125 0.03375
0 0.295 0.375 0.0375 0.02
0 0.36125 0.414375 0.04 0.04875
0 0.3375 0.44 0.02 0.02
0 0.400625 0.35 0.11125 0.06
0 0.4175 0.31625 0.03 0.0675
0 0.46375 0.25 0.0325 0.08
0 0.39625 0.155 0.0625 0.085
0 0.513125 0.096875 0.05875 0.11375
0 0.54125 0.20375 0.0175 0.0475
0 0.621875 0.056875 0.05625 0.04625
0 0.661875 0.0175 0.02625 0.035
0 0.845 0.009375 0.025 0.01875
0 0.095625 0.21875 0.01875 0.0275
0 0.1375 0.191875 0.05 0.04125
0 0.169375 0.15875 0.02375 0.04
0 0.07375 0.1875 0.015 0.045
0 0.103125 0.090625 0.08875 0.07625
0 0.3175 0.823125 0.04 0.06125
0 0.36875 0.799375 0.0725 0.04375
0 0.379375 0.754375 0.08125 0.04125
0 0.405625 0.70625 0.02125 0.04
0 0.445 0.6775 0.0275 0.02
0 0.323125 0.59125 0.02375 0.0275
0 0.33625 0.49 0.015 0.015
0 0.304375 0.455625 0.01375 0.03625
0 0.324375 0.4625 0.02125 0.02
0 0.3525 0.46625 0.0225 0.0175
0 0.356875 0.4575 0.00625 0.0125
0 0.300625 0.421875 0.04625 0.03125
0 0.205625 0.42125 0.02875 0.0325
0 0.245625 0.4175 0.04375 0.045
0 0.083125 0.51375 0.02875 0.0225
0 0.105625 0.886875 0.04875 0.05625
