0 0.55325 0.976 0.0235 0.048
0 0.569125 0.969 0.01425 0.03266666666666666
0 0.732125 0.9365 0.01725 0.050333333333333334
0 0.7025 0.8231666666666667 0.0395 0.043
0 0.78175 0.7615 0.0505 0.08633333333333333
0 0.82075 0.8035 0.027 0.057666666666666665
0 0.704375 0.7163333333333334 0.04525 0.07133333333333333
0 0.74925 0.6365 0.0275 0.043
0 0.622 0.6445 0.035 0.06566666666666666
0 0.653 0.6653333333333333 0.0295 0.04133333333333333
0 0.681625 0.611 0.04575 0.052
0 0.67025 0.5315 0.0145 0.03166666666666667
0 0.68925 0.535 0.015 0.03666666666666667
0 0.83625 0.4671666666666667 0.02 0.022333333333333334
0 0.73 0.44633333333333336 0.0215 0.027333333333333334
0 0.681625 0.4816666666666667 0.02275 0.025333333333333333
0 0.66525 0.4736666666666667 0.0205 0.024
0 0.683375 0.4693333333333333 0.00725 0.016
0 0.68025 0.5023333333333333 0.0055 0.013333333333333334
0 0.61275 0.5718333333333333 0.028 0.03833333333333333
0 0.631125 0.5765 0.00925 0.015
0 0.64475 0.5761666666666667 0.005 0.015
0 0.6095 0.5136666666666667 0.036 0.062
0 0.6325 0.538 0.015 0.036
0 0.5455 0.5751666666666667 0.015 0.03166666666666667
0 0.529 0.5708333333333333 0.0205 0.031
0 0.55925 0.5478333333333333 0.0195 0.043
0 0.574125 0.5288333333333334 0.03125 0.08366666666666667
0 0.582875 0.4801666666666667 0.02575 0.028333333333333332
0 0.595 0.449 0.032 0.034
0 0.569375 0.45166666666666666 0.01875 0.029333333333333333
0 0.55 0.6451666666666667 0.0105 0.019
0 0.533 0.6286666666666667 0.0065 0.016666666666666666
0 0.512875 0.6295 0.01075 0.041
0 0.516 0.5451666666666667 0.0125 0.034333333333333334
0 0.54025 0.5321666666666667 0.0065 0.01633333333333333
0 0.53425 0.5071666666666667 0.0205 0.035
0 0.534 0.4721666666666667 0.0435 0.049666666666666665
0 0.523875 0.4315 0.01275 0.017666666666666667
0 0.520125 0.4041666666666667 0.02675 0.03966666666666667
0 0.499625 0.4036666666666667 0.02025 0.03333333333333333
0 0.5505 0.3875 0.015 0.026333333333333334
0 0.559125 0.40166666666666667 0.01175 0.020666666666666667
0 0.572125 0.3965 0.01575 0.021666666666666667
0 0.547 0.42 0.014 0.023333333333333334
0 0.473625 0.4445 0.03125 0.051
0 0.45425 0.46316666666666667 0.0165 0.029666666666666668
0 0.428375 0.49183333333333334 0.01025 0.021
0 0.4425 0.49166666666666664 0.0105 0.02266666666666667
0 0.451125 0.4891666666666667 0.01025 0.025
0 0.493875 0.5333333333333333 0.01225 0.026
0 0.46225 0.5476666666666666 0.0115 0.029333333333333333
0 0.3975 0.554 0.021 0.021333333333333333
0 0.387375 0.528 0.02375 0.042666666666666665
0 0.39725 0.481 0.026 0.042666666666666665
0 0.3575 0.544 0.016 0.032
0 0.32275 0.5243333333333333 0.011 0.034
0 0.3385 0.5341666666666667 0.005 0.024333333333333332
0 0.34775 0.517 0.0125 0.028
0 0.279375 0.5446666666666666 0.00875 0.021333333333333333
0 0.2305 0.5265 0.0095 0.02033333333333333
0 0.256125 0.5568333333333333 0.00675 0.027
0 0.21925 0.43866666666666665 0.0145 0.018666666666666668
0 0.165625 0.525 0.02575 0.028666666666666667
0 0.260125 0.39766666666666667 0.02425 0.021333333333333333
0 0.2775 0.4058333333333333 0.0075 0.008333333333333333
0 0.258375 0.467 0.01175 0.028
0 0.274875 0.4728333333333333 0.01775 0.024333333333333332
0 0.29175 0.47383333333333333 0.012 0.027666666666666666
0 0.319125 0.47483333333333333 0.02625 0.03833333333333333
0 0.3325 0.461 0.0135 0.023333333333333334
0 0.299 0.43016666666666664 0.0195 0.025666666666666667
0 0.321875 0.412 0.02525 0.042666666666666665
0 0.3435 0.4195 0.0145 0.03166666666666667
0 0.356375 0.4205 0.01425 0.033666666666666664
0 0.366125 0.41783333333333333 0.00725 0.013
0 0.369625 0.44666666666666666 0.00675 0.020666666666666667
0 0.352125 0.3665 0.00725 0.019666666666666666
0 0.374125 0.39016666666666666 0.02125 0.030333333333333334
0 0.412875 0.3948333333333333 0.03375 0.041666666666666664
0 0.415625 0.424 0.01175 0.024666666666666667
0 0.42925 0.4275 0.0065 0.01633333333333333
0 0.421875 0.4395 0.00425 0.011666666666666667
0 0.410375 0.44616666666666666 0.01475 0.026333333333333334
0 0.427125 0.7756666666666666 0.04075 0.06933333333333333
0 0.478875 0.7003333333333334 0.03575 0.07733333333333334
0 0.32 0.6708333333333333 0.013 0.041666666666666664
0 0.5445 0.7503333333333333 0.0495 0.088
0 0.07625 0.46266666666666667 0.0395 0.06666666666666667
0 0.041125 0.411 0.00675 0.018
0 0.111125 0.44166666666666665 0.03825 0.04