0 0.414375 0.266875 0.01875 0.03375
0 0.459375 0.41625 0.01875 0.0325
0 0.495625 0.41125 0.01875 0.0425
0 0.538125 0.555625 0.03625 0.04875
0 0.41375 0.711875 0.025 0.02375
0 0.721875 0.580625 0.02375 0.04625
0 0.6825 0.55125 0.0125 0.035
0 0.898125 0.22875 0.04375 0.0475
0 0.4975 0.72125 0.0175 0.0275
0 0.40125 0.3825 0.0225 0.035
0 0.065 0.415 0.0175 0.025
0 0.43625 0.345 0.0125 0.03
0 0.45 0.334375 0.01 0.02875
0 0.401875 0.3175 0.02125 0.0225
0 0.693125 0.399375 0.01625 0.03375
0 0.54375 0.41 0.01 0.025
0 0.67625 0.456875 0.0125 0.01875
0 0.579375 0.745 0.00875 0.0175
0 0.436875 0.404375 0.01625 0.02875
0 0.615625 0.70875 0.02625 0.0275
0 0.705625 0.503125 0.02125 0.02125
0 0.520625 0.274375 0.01125 0.01625
0 0.585 0.23625 0.0075 0.015
