0 0.08625 0.676875 0.0425 0.02625
0 0.141875 0.374375 0.06375 0.04625
0 0.19875 0.580625 0.0325 0.05125
0 0.410625 0.421875 0.06625 0.03625
0 0.4325 0.45875 0.0375 0.0375
0 0.5275 0.42 0.0425 0.035
0 0.499375 0.576875 0.02375 0.02625
0 0.168125 0.818125 0.04125 0.02875
0 0.216875 0.788125 0.02875 0.02625
0 0.4275 0.85625 0.0425 0.04
0 0.57125 0.7775 0.0325 0.0375
0 0.6125 0.98 0.0475 0.0375
0 0.743125 0.278125 0.04375 0.04125
0 0.386875 0.174375 0.03125 0.04125
0 0.250625 0.298125 0.04125 0.03125
0 0.13 0.165625 0.045 0.03125
0 0.1875 0.280625 0.01 0.01875
0 0.210625 0.280625 0.00875 0.01625
