0 0.183125 0.673125 0.05375 0.07375
0 0.508125 0.683125 0.04125 0.05375
0 0.589375 0.74625 0.01375 0.0275
0 0.60125 0.77125 0.015 0.0275
0 0.624375 0.79625 0.02375 0.02
0 0.731875 0.829375 0.05875 0.07125
0 0.73625 0.914375 0.0375 0.04625
0 0.729375 0.505625 0.04375 0.05125
0 0.77 0.5425 0.035 0.03
0 0.525 0.356875 0.04 0.04125
0 0.448125 0.406875 0.02125 0.02375
0 0.301875 0.281875 0.04125 0.04875
0 0.25375 0.174375 0.0325 0.04625
0 0.434375 0.16625 0.03125 0.035
0 0.420625 0.27625 0.02875 0.0325
0 0.368125 0.291875 0.03625 0.02375
0 0.380625 0.084375 0.01375 0.02625
0 0.95875 0.53 0.04 0.055
0 0.831875 0.261875 0.03625 0.03875
0 0.78375 0.2775 0.02 0.025
0 0.8775 0.1975 0.0325 0.05
0 0.04 0.45125 0.0175 0.03
0 0.963125 0.818125 0.03375 0.03375
0 0.900625 0.845625 0.03125 0.04875
0 0.89375 0.769375 0.03 0.03125
0 0.8525 0.80875 0.025 0.0475
0 0.396875 0.360625 0.03125 0.04125
0 0.511875 0.533125 0.05625 0.03875
