0 0.36125 0.858125 0.045 0.06875
0 0.3975 0.835625 0.04 0.04375
0 0.39375 0.8 0.01 0.025
0 0.421875 0.7825 0.02875 0.065
0 0.43 0.701875 0.015 0.03125
0 0.411875 0.71625 0.01375 0.025
0 0.395 0.70875 0.0075 0.0225
0 0.383125 0.7275 0.01375 0.03
0 0.374375 0.71625 0.01125 0.0275
0 0.376875 0.679375 0.00625 0.02375
0 0.38625 0.68 0.0075 0.0225
0 0.3275 0.715625 0.0275 0.04125
0 0.3525 0.72 0.01 0.0175
0 0.36125 0.715625 0.005 0.00875
0 0.269375 0.69625 0.00625 0.0175
0 0.290625 0.706875 0.03125 0.06625
0 0.24 0.80625 0.025 0.055
0 0.4375 0.313125 0.0325 0.04875
0 0.4225 0.365625 0.0225 0.03625
0 0.436875 0.3575 0.00375 0.015
0 0.38375 0.40875 0.045 0.0375
0 0.398125 0.43 0.01375 0.015
0 0.455 0.40625 0.025 0.0325
0 0.504375 0.440625 0.01375 0.01625
0 0.4925 0.461875 0.005 0.02125
0 0.49875 0.461875 0.0025 0.01625
0 0.503125 0.45875 0.00375 0.0125
0 0.50625 0.45875 0.005 0.0125
0 0.515625 0.46375 0.00375 0.01
0 0.51875 0.444375 0.0025 0.01125
0 0.52875 0.449375 0.005 0.01375
0 0.504375 0.4975 0.00625 0.02
0 0.515625 0.49125 0.01125 0.0225
0 0.538125 0.475 0.01875 0.025
0 0.55125 0.48875 0.0075 0.0175
0 0.571875 0.456875 0.03375 0.04375
0 0.6025 0.495625 0.0425 0.07625
0 0.5725 0.525625 0.055 0.02625
0 0.50875 0.52875 0.02 0.0225
0 0.52375 0.50625 0.01 0.0175
0 0.4325 0.5025 0.005 0.02
0 0.438125 0.51 0.00875 0.0125
0 0.43875 0.491875 0.005 0.01125
0 0.414375 0.465 0.01375 0.01
0 0.40375 0.479375 0.01 0.01375
0 0.478125 0.539375 0.00625 0.01125
0 0.49125 0.5575 0.0025 0.0175
0 0.433125 0.5925 0.03625 0.0425
0 0.429375 0.566875 0.00875 0.01875
0 0.439375 0.55 0.01375 0.04
0 0.45375 0.54 0.0125 0.03
0 0.463125 0.573125 0.01125 0.01875
0 0.48 0.61375 0.0075 0.0125
0 0.4 0.545625 0.03 0.01875
0 0.406875 0.536875 0.01125 0.02875
0 0.381875 0.549375 0.02125 0.01625
0 0.3625 0.559375 0.0175 0.01625
0 0.375625 0.528125 0.01125 0.01875
0 0.3775 0.51125 0.01 0.0125
0 0.366875 0.505 0.00875 0.0125
0 0.34 0.51375 0.0225 0.035
0 0.35375 0.509375 0.005 0.01125
0 0.321875 0.52625 0.01375 0.0325
0 0.496875 0.378125 0.01875 0.02375
0 0.494375 0.348125 0.00625 0.00875
0 0.501875 0.34625 0.00375 0.0125
0 0.505625 0.344375 0.00375 0.01125
0 0.509375 0.338125 0.00625 0.01375
0 0.5075 0.35875 0.01 0.0125
0 0.52 0.34875 0.0175 0.0225
0 0.5325 0.34 0.0075 0.015
0 0.56 0.344375 0.01 0.01375
0 0.54125 0.391875 0.005 0.01625
0 0.550625 0.38375 0.01875 0.0375
0 0.568125 0.38375 0.01125 0.0325
0 0.57625 0.39125 0.0075 0.02
0 0.385 0.248125 0.005 0.01125
0 0.463125 0.63 0.01375 0.0375
0 0.471875 0.658125 0.02875 0.02375
0 0.48 0.63875 0.02 0.0325
0 0.4975 0.643125 0.0175 0.02125
0 0.50875 0.628125 0.005 0.02125
0 0.51 0.643125 0.0075 0.00875
0 0.530625 0.735 0.00875 0.015
0 0.480625 0.835 0.01375 0.03
0 0.32625 0.79625 0.0075 0.0575
0 0.338125 0.806875 0.01625 0.03625
0 0.2475 0.66 0.0125 0.0125
0 0.258125 0.7 0.01375 0.015
0 0.215 0.7175 0.01 0.015
0 0.33375 0.679375 0.0125 0.04625
0 0.333125 0.609375 0.00625 0.01125
0 0.5475 0.55875 0.0225 0.025
0 0.564375 0.559375 0.01625 0.04625
0 0.586875 0.55375 0.02875 0.0325
