0 0.189375 0.781875 0.02625 0.02625
0 0.311875 0.683125 0.06625 0.04375
0 0.189375 0.375 0.02875 0.035
0 0.3125 0.5 0.0325 0.035
0 0.336875 0.5225 0.02125 0.03
0 0.35625 0.485 0.015 0.04
0 0.38 0.47 0.02 0.035
0 0.38375 0.423125 0.0325 0.04125
0 0.468125 0.390625 0.02375 0.03375
0 0.519375 0.4375 0.06875 0.085
0 0.53625 0.54125 0.04 0.0425
0 0.485 0.554375 0.025 0.02625
0 0.6525 0.284375 0.0175 0.03375
0 0.76875 0.33625 0.025 0.04
0 0.735625 0.04875 0.03125 0.0525
0 0.776875 0.06875 0.03625 0.0275
0 0.8 0.026875 0.0375 0.03625
0 0.989375 0.32125 0.02125 0.0325
0 0.98375 0.148125 0.0125 0.02375
0 0.985 0.014375 0.03 0.02875
0 0.511875 0.140625 0.01125 0.01875
