0 0.023125 0.4 0.01375 0.015
0 0.10125 0.309375 0.0275 0.02875
0 0.069375 0.19 0.05625 0.0625
0 0.14875 0.248125 0.0175 0.02125
0 0.153125 0.306875 0.02125 0.04375
0 0.159375 0.3625 0.02125 0.025
0 0.193125 0.3375 0.01125 0.02
0 0.2175 0.390625 0.0525 0.04375
0 0.189375 0.40875 0.00875 0.0125
0 0.208125 0.43 0.01875 0.025
0 0.235625 0.44125 0.02875 0.0725
0 0.263125 0.45125 0.00875 0.0175
0 0.286875 0.465 0.02375 0.04
0 0.25125 0.435 0.005 0.0125
0 0.28375 0.25625 0.025 0.03
0 0.321875 0.2425 0.03875 0.055
0 0.378125 0.335 0.01625 0.055
0 0.28375 0.36875 0.0275 0.0225
0 0.28875 0.346875 0.015 0.01875
0 0.448125 0.4425 0.01125 0.0175
0 0.461875 0.455 0.01375 0.025
0 0.4075 0.49625 0.0525 0.0525
0 0.46875 0.54 0.0175 0.06
0 0.44875 0.33375 0.0125 0.0275
0 0.46 0.33625 0.0075 0.0175
0 0.481875 0.340625 0.01125 0.02875
0 0.46625 0.291875 0.0125 0.02625
0 0.411875 0.084375 0.05375 0.05625
0 0.425625 0.139375 0.01625 0.04375
0 0.410625 0.16125 0.01375 0.0175
0 0.390625 0.14375 0.01375 0.0275
0 0.390625 0.179375 0.00875 0.02125
0 0.424375 0.19 0.00625 0.025
0 0.244375 0.084375 0.02875 0.03375
0 0.220625 0.145 0.02125 0.055
0 0.259375 0.115625 0.01875 0.01625
0 0.459375 0.191875 0.02125 0.06375
0 0.483125 0.17125 0.02125 0.0425
0 0.445 0.225 0.0225 0.065
0 0.34625 0.605 0.0275 0.045
0 0.6925 0.715 0.055 0.05
0 0.725625 0.726875 0.04625 0.07375
0 0.786875 0.724375 0.03875 0.05125
0 0.764375 0.648125 0.01875 0.03125
0 0.736875 0.545 0.02625 0.0225
0 0.7925 0.60125 0.0425 0.0425
0 0.8 0.465625 0.035 0.04375
0 0.758125 0.449375 0.00625 0.00875
0 0.829375 0.42875 0.00625 0.0375
0 0.856875 0.414375 0.01125 0.02125
0 0.8825 0.439375 0.0075 0.02375
0 0.64 0.29875 0.0175 0.0175
0 0.709375 0.35125 0.01375 0.0325
0 0.67625 0.365 0.01 0.015
0 0.77875 0.315625 0.025 0.02625
0 0.75125 0.2975 0.005 0.03
0 0.706875 0.2725 0.03125 0.05
0 0.66875 0.265 0.0075 0.025
0 0.67125 0.180625 0.0075 0.02375
0 0.660625 0.183125 0.00875 0.02125
0 0.596875 0.21875 0.03625 0.0525
0 0.596875 0.17 0.02875 0.055
0 0.690625 0.12625 0.02375 0.0375
0 0.68625 0.068125 0.02 0.04375
0 0.67 0.0475 0.0225 0.0525
0 0.596875 0.01125 0.01875 0.0225
0 0.8525 0.025625 0.045 0.05125
0 0.7875 0.185625 0.0325 0.05625
0 0.800625 0.240625 0.04375 0.05125
0 0.86125 0.301875 0.0225 0.03375
0 0.80875 0.325 0.0175 0.01
0 0.85125 0.36125 0.01 0.025
0 0.78625 0.84125 0.0175 0.0275
0 0.59625 0.82625 0.035 0.055
0 0.560625 0.91 0.05125 0.055
0 0.53375 0.935 0.0175 0.015
0 0.535 0.971875 0.0175 0.01875
0 0.555 0.965625 0.01 0.02875
0 0.51375 0.64625 0.0425 0.0425
0 0.58 0.596875 0.015 0.03625
0 0.52375 0.43125 0.01 0.0275
0 0.548125 0.495625 0.04625 0.02625
0 0.5975 0.47125 0.055 0.08
0 0.635625 0.4475 0.01875 0.0575
0 0.65625 0.46375 0.045 0.0475
0 0.6025 0.393125 0.04 0.03125
0 0.57875 0.33625 0.005 0.0125
0 0.5775 0.31 0.0125 0.02
0 0.555 0.2925 0.0075 0.025
0 0.545 0.2975 0.01 0.02
0 0.5425 0.283125 0.0075 0.01125
0 0.53 0.309375 0.01 0.01125
0 0.54 0.25 0.0025 0.025
0 0.498125 0.123125 0.00625 0.01625
0 0.496875 0.18125 0.00875 0.0275
0 0.470625 0.01875 0.03875 0.0325
0 0.5575 0.011875 0.02 0.02375
0 0.594375 0.104375 0.00625 0.01125
0 0.281875 0.7225 0.04125 0.045
0 0.248125 0.703125 0.01875 0.01875
0 0.278125 0.945 0.01875 0.03
0 0.40625 0.8775 0.0075 0.025
0 0.396875 0.6 0.02375 0.02
0 0.948125 0.6725 0.01875 0.035
0 0.945625 0.595625 0.03375 0.05375
0 0.930625 0.535 0.06875 0.0725
0 0.9075 0.45125 0.02 0.0225
0 0.9925 0.46125 0.015 0.015
0 0.660625 0.318125 0.01375 0.02125
0 0.6775 0.305 0.015 0.03
0 0.075625 0.0725 0.03625 0.06
0 0.105 0.054375 0.0325 0.07375
0 0.15625 0.0875 0.025 0.045
0 0.256875 0.013125 0.04625 0.02625
0 0.1575 0.815 0.015 0.02
0 0.3275 0.9825 0.015 0.025
0 0.98125 0.26375 0.0125 0.0275
0 0.98 0.040625 0.0125 0.02125
