0 0.428125 0.275 0.03875 0.0375
0 0.38 0.340625 0.0225 0.06625
0 0.329375 0.378125 0.04375 0.09125
0 0.36125 0.48375 0.0325 0.0525
0 0.385625 0.764375 0.02875 0.04125
0 0.414375 0.73875 0.02875 0.0475
0 0.37625 0.605 0.0225 0.04
0 0.365 0.6625 0.0325 0.0325
0 0.33375 0.735 0.05 0.0525
0 0.30625 0.803125 0.0425 0.02875
0 0.588125 0.8175 0.03875 0.035
0 0.456875 0.611875 0.03375 0.07375
0 0.53375 0.340625 0.0325 0.04125
0 0.688125 0.255625 0.02375 0.06125
0 0.45125 0.555625 0.0175 0.01625
0 0.469375 0.533125 0.03125 0.01875
0 0.571875 0.261875 0.04375 0.03625
0 0.59875 0.89125 0.0325 0.0375
0 0.58125 0.95625 0.025 0.045
0 0.42 0.393125 0.03 0.03875
0 0.435625 0.339375 0.02375 0.04125
0 0.51625 0.461875 0.0325 0.05125
0 0.555625 0.456875 0.01625 0.04125
0 0.504375 0.5925 0.01875 0.04
0 0.62875 0.699375 0.035 0.03375
0 0.403125 0.69 0.01875 0.0325
