0 0.71625 0.649375 0.1225 0.19125
0 0.775 0.481875 0.06 0.07625
0 0.909375 0.434375 0.05625 0.09875
0 0.643125 0.364375 0.02125 0.06625
0 0.49875 0.139375 0.035 0.07375
0 0.336875 0.32125 0.04125 0.0925
0 0.523125 0.358125 0.07125 0.11125
0 0.326875 0.435 0.07625 0.075
0 0.2725 0.5925 0.08 0.105
0 0.225625 0.705 0.06875 0.0875
0 0.086875 0.5525 0.06875 0.115
0 0.5325 0.8825 0.0525 0.0675
0 0.355 0.509375 0.0775 0.07875
0 0.5 0.448125 0.045 0.06875
0 0.383125 0.035625 0.01625 0.04375
0 0.3225 0.0725 0.01 0.04
0 0.33625 0.076875 0.0125 0.02875
0 0.138125 0.2525 0.02375 0.05
0 0.7175 0.446875 0.045 0.07625
0 0.77375 0.32125 0.0175 0.0425
