0 0.3125 0.53625 0.03 0.07
0 0.4225 0.67375 0.05 0.0625
0 0.403125 0.950625 0.03375 0.08125
0 0.46875 0.866875 0.055 0.07375
0 0.426875 0.478125 0.02125 0.07625
0 0.32 0.249375 0.035 0.05375
0 0.378125 0.03625 0.02375 0.0675
0 0.4575 0.348125 0.0325 0.08375
0 0.525625 0.46625 0.03625 0.0475
0 0.545625 0.290625 0.02125 0.02625
0 0.605 0.178125 0.0475 0.06125
0 0.91125 0.300625 0.06 0.08625
0 0.945 0.1975 0.02 0.04
0 0.900625 0.749375 0.04875 0.04375
0 0.6675 0.55625 0.015 0.04
0 0.839375 0.52375 0.03375 0.055
0 0.6275 0.485625 0.03 0.04625
0 0.579375 0.4475 0.02625 0.05
0 0.831875 0.6325 0.01875 0.0375
0 0.670625 0.383125 0.01375 0.04375
