15 0.648375 0.582167 0.054250 0.041000
15 0.611250 0.503000 0.044500 0.043333
15 0.778875 0.407500 0.025250 0.027000
15 0.497875 0.501333 0.015750 0.034667
15 0.544625 0.670333 0.007750 0.014000
15 0.358125 0.667667 0.019250 0.019333
15 0.182000 0.332000 0.040000 0.029333
15 0.122750 0.284333 0.061000 0.050667
15 0.078250 0.216167 0.030000 0.034333
15 0.133500 0.157333 0.059000 0.034000
15 0.255000 0.253667 0.053500 0.024667
15 0.280500 0.286500 0.019000 0.018333
15 0.313750 0.321500 0.014500 0.023667
15 0.462000 0.302167 0.037500 0.063667
15 0.435500 0.288000 0.008000 0.016667
15 0.467750 0.211333 0.010500 0.026667
15 0.408500 0.149167 0.073500 0.095000
15 0.373375 0.132667 0.020250 0.040667
15 0.354125 0.195667 0.013750 0.012667
15 0.432000 0.220333 0.012500 0.045333
15 0.424375 0.226667 0.005750 0.015333
15 0.449500 0.250000 0.029000 0.036000
15 0.497875 0.242333 0.013250 0.016667
15 0.555125 0.489333 0.017250 0.018667
15 0.631750 0.690000 0.014500 0.024000
15 0.390875 0.528167 0.006750 0.019000
15 0.049750 0.517500 0.035000 0.033667
15 0.101375 0.662333 0.018250 0.030000
15 0.738375 0.102500 0.067750 0.089667
15 0.659625 0.033833 0.065250 0.029000
