0 0.101308 0.456055 0.243652 0.0234375 0.0224609
0 0.101685 0.844238 0.0488281 0.0205078 0.0273438
0 0.103445 0.468262 0.00878906 0.0146484 0.0175781
0 0.105565 0.183105 0.114746 0.0224609 0.0302734
0 0.106191 0.380371 0.0302734 0.0302734 0.0507812
0 0.107464 0.408691 0.0864258 0.0517578 0.0400391
0 0.108004 0.841309 0.405762 0.0126953 0.0166016
0 0.10921 0.316895 0.263184 0.0146484 0.0302734
0 0.110176 0.528809 0.110352 0.0263672 0.0488281
0 0.111307 0.130371 0.0141602 0.0537109 0.0283203
0 0.111585 0.827148 0.121582 0.0371094 0.0478516
0 0.111939 0.375977 0.911133 0.0664062 0.148438
0 0.113023 0.295898 0.806152 0.0546875 0.0693359
0 0.115617 0.428223 0.0800781 0.0244141 0.0234375
0 0.116461 0.507324 0.0424805 0.0224609 0.0400391
0 0.117328 0.80957 0.304688 0.015625 0.0292969
0 0.117774 0.364258 0.0078125 0.015625 0.0136719
0 0.121048 0.272461 0.0166016 0.0234375 0.0292969
0 0.123213 0.77002 0.0458984 0.0166016 0.0234375
0 0.123994 0.387695 0.0405273 0.0136719 0.0380859
0 0.12471 0.395996 0.0932617 0.0439453 0.0380859
0 0.125577 0.186523 0.182129 0.0605469 0.0556641
0 0.126541 0.337891 0.0473633 0.0429688 0.0400391
0 0.126732 0.3125 0.251465 0.0273438 0.0439453
0 0.130988 0.209473 0.0244141 0.0263672 0.0449219
0 0.132899 0.285645 0.108398 0.0419922 0.0429688
0 0.133324 0.85791 0.304688 0.0322266 0.0332031
0 0.13457 0.504395 0.188477 0.0244141 0.0371094
0 0.137201 0.379395 0.865234 0.0615234 0.0761719
0 0.138496 0.908691 0.184082 0.0185547 0.0322266
0 0.139755 0.23877 0.240234 0.0380859 0.046875
0 0.140522 0.854004 0.480469 0.0224609 0.0410156
0 0.147652 0.264648 0.676758 0.0351562 0.046875
0 0.147912 0.36084 0.166504 0.0107422 0.0166016
0 0.148293 0.183594 0.632324 0.0117188 0.0244141
0 0.150454 0.22168 0.179199 0.0292969 0.0419922
0 0.153838 0.498047 0.194336 0.0175781 0.0273438
0 0.154734 0.195801 0.166504 0.0517578 0.0517578
0 0.15765 0.661621 0.296875 0.0205078 0.0351562
0 0.159519 0.86377 0.366699 0.0244141 0.0498047
0 0.162856 0.210938 0.0195312 0.0507812 0.0390625
0 0.163747 0.442383 0.276855 0.015625 0.0185547
0 0.171453 0.49707 0.0292969 0.0214844 0.0585938
0 0.180882 0.303711 0.671875 0.0214844 0.046875
0 0.181004 0.259277 0.0996094 0.0302734 0.0429688
0 0.18102 0.17334 0.0810547 0.0263672 0.0429688
0 0.190987 0.876953 0.0439453 0.03125 0.0410156
0 0.193233 0.269043 0.0336914 0.0263672 0.0419922
0 0.193434 0.853027 0.043457 0.0283203 0.0380859
0 0.197846 0.182617 0.317383 0.0585938 0.0546875
0 0.202945 0.196289 0.730469 0.0234375 0.0488281
0 0.208895 0.246094 0.814941 0.0273438 0.0478516
0 0.210742 0.328125 0.199219 0.0195312 0.046875
0 0.212427 0.354492 0.824707 0.0117188 0.0244141
0 0.222295 0.817383 0.334473 0.0214844 0.0224609
0 0.22304 0.385254 0.785156 0.0400391 0.0566406
0 0.224305 0.217285 0.169922 0.0439453 0.0546875
0 0.226271 0.370605 0.289551 0.0205078 0.0361328
0 0.226836 0.171387 0.270996 0.0322266 0.0400391
0 0.226845 0.352051 0.0947266 0.0244141 0.0273438
0 0.227876 0.758301 0.0766602 0.0283203 0.0400391
0 0.232885 0.351562 0.24707 0.0292969 0.046875
0 0.234663 0.499023 0.239258 0.0175781 0.0292969
0 0.234972 0.896973 0.0893555 0.0126953 0.0244141
0 0.240995 0.428223 0.130371 0.0146484 0.0302734
0 0.260512 0.320312 0.117676 0.0136719 0.0166016
0 0.264659 0.414062 0.310547 0.03125 0.0644531
0 0.268318 0.463867 0.15625 0.0292969 0.0507812
0 0.276931 0.090332 0.208984 0.0595703 0.0488281
0 0.279883 0.105469 0.260742 0.03125 0.0449219
0 0.281285 0.345215 0.129395 0.0283203 0.0361328
0 0.281291 0.47998 0.0405273 0.0498047 0.0634766
0 0.283974 0.138184 0.189941 0.0537109 0.0517578
0 0.295775 0.765625 0.13623 0.0507812 0.0498047
0 0.302637 0.265137 0.114258 0.0322266 0.0566406
0 0.329348 0.302246 0.110352 0.0166016 0.0371094
0 0.331146 0.393555 0.131348 0.03125 0.0380859
0 0.353823 0.483887 0.105957 0.0205078 0.0341797
0 0.359789 0.286133 0.0673828 0.0292969 0.0390625
0 0.36056 0.179199 0.0698242 0.0380859 0.0537109
0 0.365701 0.466797 0.0449219 0.03125 0.0449219
0 0.372638 0.210449 0.0913086 0.0283203 0.0302734
0 0.377062 0.496094 0.015625 0.0175781 0.03125
0 0.379497 0.376953 0.00927734 0.0410156 0.0185547
0 0.383014 0.265137 0.134277 0.0263672 0.0302734
0 0.409869 0.808594 0.0507812 0.03125 0.0410156
0 0.458186 0.308105 0.0390625 0.0341797 0.0527344
0 0.47265 0.355469 0.0439453 0.03125 0.0410156
0 0.479518 0.294434 0.194336 0.0400391 0.0527344
