0 0.102575 0.65918 0.282715 0.0136719 0.0224609
0 0.104953 0.433105 0.0473633 0.0283203 0.0283203
0 0.106263 0.284668 0.238281 0.0224609 0.046875
0 0.106438 0.289551 0.431152 0.0205078 0.0263672
0 0.106768 0.533691 0.436523 0.0185547 0.0214844
0 0.108086 0.449707 0.198242 0.0107422 0.0195312
0 0.109051 0.744141 0.577637 0.0253906 0.0224609
0 0.110439 0.734375 0.48291 0.0234375 0.0478516
0 0.118217 0.365723 0.492188 0.0283203 0.0507812
0 0.122116 0.287598 0.251465 0.0185547 0.0263672
0 0.122485 0.786133 0.462891 0.0332031 0.0527344
0 0.12296 0.315918 0.205566 0.0146484 0.0302734
0 0.123223 0.335449 0.182129 0.0205078 0.0283203
0 0.124297 0.306152 0.243652 0.0166016 0.0205078
0 0.126168 0.268066 0.366699 0.0166016 0.0224609
0 0.12773 0.717285 0.412109 0.0126953 0.0234375
0 0.129834 0.123535 0.194824 0.0205078 0.0244141
0 0.130195 0.756836 0.676758 0.0214844 0.0214844
0 0.130875 0.432617 0.437012 0.0117188 0.0205078
0 0.13143 0.772949 0.739258 0.0224609 0.0332031
0 0.131588 0.279297 0.00830078 0.0292969 0.0146484
0 0.132354 0.447754 0.0439453 0.0419922 0.03125
0 0.133927 0.780273 0.208496 0.0390625 0.0439453
0 0.134735 0.342773 0.103516 0.03125 0.0332031
0 0.138929 0.29541 0.00878906 0.0263672 0.015625
0 0.139926 0.736816 0.490723 0.0146484 0.0322266
0 0.143355 0.64502 0.405273 0.0205078 0.0195312
0 0.152673 0.0795898 0.416504 0.0263672 0.0419922
0 0.158502 0.560059 0.131836 0.0166016 0.03125
0 0.158654 0.80957 0.26123 0.0332031 0.0458984
0 0.163422 0.802734 0.0883789 0.0332031 0.0361328
0 0.165933 0.0283203 0.347168 0.0410156 0.0341797
0 0.173174 0.742188 0.174805 0.0292969 0.0273438
0 0.174594 0.374023 0.255859 0.0214844 0.0136719
0 0.177326 0.400879 0.11377 0.0283203 0.0517578
0 0.190247 0.253418 0.196289 0.0205078 0.0332031
0 0.191573 0.147949 0.222168 0.0244141 0.0283203
0 0.208784 0.901367 0.140137 0.0546875 0.0341797
0 0.208799 0.443848 0.0297852 0.0439453 0.0537109
0 0.21339 0.878418 0.544922 0.0263672 0.0371094
0 0.215208 0.668945 0.241699 0.0332031 0.0400391
0 0.222728 0.288574 0.114746 0.0166016 0.0224609
0 0.225158 0.384277 0.0644531 0.0244141 0.0527344
0 0.231748 0.413086 0.221191 0.015625 0.0224609
0 0.23441 0.404297 0.131348 0.0234375 0.0400391
0 0.243109 0.415039 0.00732422 0.0253906 0.0146484
0 0.252017 0.484375 0.0556641 0.0410156 0.0703125
0 0.25697 0.757812 0.180664 0.0234375 0.0332031
0 0.258547 0.446777 0.0166016 0.0283203 0.03125
0 0.317327 0.347656 0.0253906 0.0292969 0.0273438
0 0.327132 0.0766602 0.331543 0.0224609 0.0302734
0 0.357912 0.749512 0.333496 0.0283203 0.0458984
0 0.405515 0.658691 0.229492 0.0283203 0.0332031
0 0.440909 0.39502 0.0976562 0.0185547 0.0332031
0 0.499234 0.695312 0.0498047 0.0234375 0.03125
0 0.508385 0.731445 0.17334 0.015625 0.0283203
0 0.508769 0.308594 0.0825195 0.0253906 0.0263672
0 0.582709 0.59082 0.526367 0.0273438 0.03125
