0 0.103613 0.578613 0.21875 0.0341797 0.0371094
0 0.103905 0.152832 0.405762 0.0185547 0.0224609
0 0.106814 0.231445 0.34375 0.015625 0.0332031
0 0.109475 0.162598 0.280762 0.0615234 0.0439453
0 0.109716 0.364258 0.097168 0.0371094 0.0458984
0 0.111128 0.353027 0.175781 0.0595703 0.0742188
0 0.111162 0.717773 0.216797 0.0605469 0.0722656
0 0.120552 0.759766 0.258301 0.0546875 0.0478516
0 0.12564 0.411133 0.140137 0.046875 0.0595703
0 0.130081 0.736816 0.0195312 0.0458984 0.0371094
0 0.134535 0.260254 0.411133 0.0126953 0.015625
0 0.136746 0.672852 0.143555 0.03125 0.0527344
0 0.137734 0.592285 0.209961 0.0654297 0.0605469
0 0.140385 0.385742 0.196777 0.0136719 0.0205078
0 0.144189 0.360352 0.166504 0.0371094 0.0419922
0 0.150633 0.0883789 0.311035 0.0595703 0.0615234
0 0.157469 0.84082 0.0874023 0.0449219 0.0615234
0 0.166209 0.154297 0.179688 0.0332031 0.0722656
0 0.174111 0.430176 0.243652 0.0224609 0.0224609
0 0.176474 0.251465 0.375488 0.0107422 0.0205078
0 0.181557 0.825684 0.237793 0.0498047 0.0498047
0 0.186076 0.208496 0.269531 0.0439453 0.0410156
0 0.187082 0.336426 0.18457 0.0517578 0.0683594
0 0.188318 0.785645 0.111816 0.0517578 0.0595703
0 0.203226 0.0922852 0.390137 0.0439453 0.0302734
0 0.205892 0.284668 0.333984 0.0361328 0.0449219
0 0.227265 0.1875 0.333496 0.0351562 0.0400391
0 0.244082 0.609863 0.191406 0.0400391 0.0644531
