0 0.10248 0.153809 0.729004 0.0654297 0.0673828
0 0.104297 0.488281 0.278809 0.0214844 0.0224609
0 0.10817 0.776367 0.566895 0.0117188 0.0185547
0 0.1084 0.369141 0.333496 0.0117188 0.0166016
0 0.10941 0.389648 0.445801 0.0214844 0.0380859
0 0.111903 0.569336 0.078125 0.0390625 0.0371094
0 0.112719 0.601074 0.141602 0.0263672 0.03125
0 0.115114 0.597656 0.212891 0.0117188 0.0195312
0 0.115371 0.624512 0.0839844 0.0244141 0.0371094
0 0.116151 0.595703 0.0332031 0.0234375 0.0429688
0 0.116258 0.42041 0.0566406 0.0224609 0.0371094
0 0.116882 0.831543 0.345215 0.0341797 0.0322266
0 0.11862 0.447754 0.256348 0.0126953 0.0244141
0 0.119344 0.573242 0.0405273 0.0371094 0.0556641
0 0.122377 0.557617 0.260254 0.0253906 0.0205078
0 0.123258 0.419922 0.0078125 0.0253906 0.015625
0 0.125039 0.202637 0.570801 0.0166016 0.0302734
0 0.129919 0.413086 0.405762 0.0136719 0.0283203
0 0.130176 0.828613 0.260742 0.0224609 0.0253906
0 0.130741 0.429199 0.367188 0.0126953 0.0136719
0 0.13341 0.177246 0.717285 0.0419922 0.0400391
0 0.138169 0.238281 0.29248 0.0351562 0.0400391
0 0.139033 0.580078 0.0830078 0.0234375 0.0292969
0 0.139214 0.347656 0.197754 0.03125 0.0341797
0 0.14592 0.837402 0.32959 0.0439453 0.0693359
0 0.152674 0.580566 0.324707 0.0146484 0.0166016
0 0.15451 0.399414 0.485352 0.0117188 0.0175781
0 0.15613 0.191895 0.291992 0.0283203 0.0449219
0 0.171725 0.785645 0.51709 0.0458984 0.0458984
0 0.172034 0.844727 0.313965 0.0292969 0.0615234
0 0.17421 0.0688477 0.344238 0.0361328 0.0458984
0 0.180869 0.42334 0.177734 0.0283203 0.0234375
0 0.181502 0.368164 0.0839844 0.0214844 0.0371094
0 0.191773 0.436035 0.23877 0.0302734 0.0380859
0 0.196572 0.342285 0.747559 0.0283203 0.0283203
0 0.221151 0.21582 0.193848 0.0253906 0.0341797
0 0.233183 0.489746 0.172363 0.0322266 0.0341797
0 0.237714 0.541504 0.366211 0.0185547 0.0273438
0 0.246365 0.38623 0.0102539 0.0283203 0.0205078
0 0.253606 0.293457 0.280762 0.0283203 0.0400391
0 0.267728 0.630859 0.0869141 0.0332031 0.0566406
0 0.2822 0.49707 0.282715 0.0175781 0.0205078
0 0.287479 0.581055 0.0581055 0.0390625 0.0673828
0 0.326592 0.568359 0.0302734 0.0253906 0.0371094
0 0.326623 0.849609 0.616699 0.0371094 0.0458984
0 0.377487 0.59375 0.276855 0.0234375 0.0322266
0 0.468154 0.63623 0.0703125 0.0302734 0.0625
