0 0.102681 0.843262 0.408203 0.0302734 0.046875
0 0.104202 0.307617 0.393066 0.0410156 0.0458984
0 0.104821 0.293457 0.345215 0.0244141 0.0224609
0 0.106385 0.387207 0.078125 0.0107422 0.015625
0 0.1073 0.303711 0.52832 0.0234375 0.0292969
0 0.107764 0.330078 0.195312 0.0292969 0.0371094
0 0.109273 0.769531 0.3125 0.046875 0.0390625
0 0.111066 0.472656 0.162598 0.0175781 0.0185547
0 0.126811 0.106934 0.0488281 0.0400391 0.0390625
0 0.127738 0.430664 0.301758 0.0332031 0.0332031
0 0.133145 0.389648 0.149414 0.00976562 0.0175781
0 0.133425 0.120605 0.00878906 0.0322266 0.0175781
0 0.133453 0.850586 0.282715 0.0488281 0.0732422
0 0.138285 0.52002 0.012207 0.0146484 0.0224609
0 0.138801 0.402344 0.276367 0.00976562 0.015625
0 0.142664 0.246094 0.387695 0.0175781 0.0351562
0 0.144459 0.3125 0.219727 0.0292969 0.0507812
0 0.145204 0.404297 0.384277 0.0234375 0.0283203
0 0.147853 0.318359 0.351562 0.0117188 0.0195312
0 0.155206 0.305176 0.150391 0.0205078 0.0253906
0 0.161436 0.793457 0.3125 0.0712891 0.0488281
0 0.163341 0.427734 0.0166016 0.015625 0.0195312
0 0.164965 0.396973 0.0424805 0.0126953 0.0205078
0 0.167271 0.370605 0.181152 0.0107422 0.0185547
0 0.168638 0.366211 0.121582 0.015625 0.0263672
0 0.169811 0.475098 0.304688 0.0126953 0.0136719
0 0.171362 0.30957 0.408691 0.0546875 0.0361328
0 0.172564 0.110352 0.470703 0.0136719 0.03125
0 0.181784 0.506836 0.183105 0.0253906 0.0263672
0 0.181917 0.525391 0.238281 0.0214844 0.0214844
0 0.185189 0.35791 0.383789 0.0244141 0.03125
0 0.187942 0.602539 0.32373 0.0136719 0.0166016
0 0.190968 0.370605 0.290527 0.0185547 0.0244141
0 0.192194 0.408691 0.0629883 0.0185547 0.0283203
0 0.195047 0.424805 0.293457 0.0273438 0.0244141
0 0.202386 0.540039 0.319336 0.0175781 0.0195312
0 0.207554 0.0698242 0.131348 0.0439453 0.0419922
0 0.222916 0.331543 0.409668 0.0341797 0.0322266
0 0.23501 0.400879 0.45752 0.0302734 0.0576172
0 0.235894 0.219727 0.284668 0.03125 0.0361328
0 0.264384 0.567383 0.0751953 0.0234375 0.0351562
0 0.285128 0.272461 0.0556641 0.0253906 0.0332031
0 0.304035 0.916504 0.0629883 0.0361328 0.0498047
0 0.320891 0.443359 0.253418 0.0136719 0.0244141
0 0.328987 0.298828 0.40332 0.0214844 0.0273438
0 0.597943 0.613281 0.0688477 0.0234375 0.0419922
