0 0.100007 0.391602 0.0400391 0.0136719 0.0214844
0 0.100059 0.189453 0.755371 0.0371094 0.0517578
0 0.100266 0.155273 0.109375 0.0234375 0.0449219
0 0.101398 0.425781 0.206055 0.0136719 0.0234375
0 0.101895 0.554688 0.552734 0.0136719 0.0214844
0 0.105297 0.282715 0.262207 0.0283203 0.0576172
0 0.106568 0.866211 0.262207 0.0292969 0.0205078
0 0.107602 0.430176 0.199707 0.0224609 0.0322266
0 0.109309 0.459473 0.256836 0.0224609 0.0410156
0 0.111982 0.26709 0.103027 0.0166016 0.0263672
0 0.112415 0.463867 0.121582 0.015625 0.0244141
0 0.112677 0.306152 0.789551 0.0107422 0.0224609
0 0.113325 0.189941 0.0244141 0.0478516 0.046875
0 0.114107 0.390137 0.146973 0.0439453 0.0361328
0 0.114655 0.318848 0.189941 0.0126953 0.0283203
0 0.114916 0.532715 0.0478516 0.0263672 0.0390625
0 0.115026 0.292969 0.0595703 0.0175781 0.0214844
0 0.118303 0.27832 0.158691 0.0214844 0.0244141
0 0.118832 0.0932617 0.891113 0.0185547 0.0322266
0 0.119229 0.42041 0.316406 0.0263672 0.0273438
0 0.119457 0.401855 0.336426 0.0302734 0.0322266
0 0.121961 0.544434 0.382812 0.0341797 0.0253906
0 0.123177 0.486816 0.34375 0.0166016 0.0253906
0 0.125632 0.988281 0.125488 0.0214844 0.0537109
0 0.125762 0.210938 0.0224609 0.0292969 0.0351562
0 0.126032 0.714355 0.744141 0.0166016 0.0410156
0 0.126883 0.40918 0.14502 0.0136719 0.0302734
0 0.127054 0.215332 0.963867 0.0322266 0.0625
0 0.127115 0.307129 0.838379 0.0380859 0.0556641
0 0.128305 0.104492 0.12793 0.0332031 0.0390625
0 0.128331 0.155273 0.242676 0.0390625 0.0478516
0 0.128384 0.283203 0.28418 0.03125 0.0410156
0 0.129931 0.86084 0.357422 0.0322266 0.0410156
0 0.133051 0.367188 0.111328 0.0195312 0.0351562
0 0.133961 0.242676 0.248047 0.0166016 0.0253906
0 0.138923 0.349121 0.0664062 0.0146484 0.0292969
0 0.140749 0.410645 0.325195 0.0283203 0.0351562
0 0.141712 0.188965 0.291504 0.0205078 0.0302734
0 0.14214 0.848145 0.0649414 0.0205078 0.0478516
0 0.143077 0.127441 0.785156 0.0263672 0.0585938
0 0.143641 0.321777 0.226562 0.0185547 0.0175781
0 0.143928 0.416504 0.0366211 0.0166016 0.0263672
0 0.144936 0.30957 0.104004 0.0175781 0.0166016
0 0.146652 0.0449219 0.158691 0.0390625 0.0341797
0 0.149558 0.204102 0.0844727 0.0136719 0.0185547
0 0.150697 0.194336 0.141602 0.0234375 0.0507812
0 0.157049 0.272949 0.763184 0.0224609 0.0458984
0 0.159518 0.279297 0.243164 0.0195312 0.0292969
0 0.161209 0.413574 0.274414 0.0166016 0.0214844
0 0.161825 0.48291 0.112305 0.0126953 0.0234375
0 0.165156 0.342285 0.11084 0.0244141 0.0263672
0 0.167692 0.443848 0.154785 0.0126953 0.0263672
0 0.168405 0.274902 0.168457 0.0283203 0.0380859
0 0.168696 0.373047 0.218262 0.0214844 0.0283203
0 0.168962 0.144043 0.257324 0.0322266 0.0361328
0 0.172611 0.414062 0.181152 0.00976562 0.0205078
0 0.172917 0.0703125 0.0708008 0.0371094 0.0556641
0 0.173926 0.921387 0.358398 0.0263672 0.0351562
0 0.182025 0.376953 0.0810547 0.0136719 0.0214844
0 0.183123 0.430176 0.0537109 0.0107422 0.0234375
0 0.187013 0.45459 0.125 0.0107422 0.0214844
0 0.189821 0.0307617 0.0830078 0.0439453 0.0429688
0 0.194731 0.222168 0.391602 0.0205078 0.0273438
0 0.196917 0.0986328 0.616699 0.0292969 0.0439453
0 0.200788 0.193359 0.805176 0.0449219 0.0439453
0 0.203614 0.817871 0.34668 0.0283203 0.0449219
0 0.206561 0.364258 0.339844 0.0253906 0.0371094
0 0.206656 0.144531 0.120605 0.03125 0.0361328
0 0.223657 0.402832 0.277832 0.0283203 0.0458984
0 0.224837 0.399414 0.270996 0.015625 0.0380859
0 0.226627 0.930664 0.354004 0.0507812 0.0498047
0 0.227734 0.220215 0.244141 0.0302734 0.0429688
0 0.233017 0.446777 0.0571289 0.0146484 0.0283203
0 0.23449 0.146973 0.728027 0.0283203 0.0361328
0 0.241575 0.3125 0.197266 0.0214844 0.0351562
0 0.250494 0.494141 0.498047 0.0136719 0.0195312
0 0.253612 0.429688 0.0893555 0.015625 0.0244141
0 0.274483 0.442871 0.425293 0.0205078 0.0185547
0 0.274645 0.439941 0.225586 0.0166016 0.0292969
0 0.276168 0.873535 0.163086 0.0419922 0.0546875
0 0.277696 0.897461 0.293457 0.0429688 0.0576172
0 0.288805 0.396973 0.550293 0.0224609 0.0224609
0 0.288956 0.0585938 0.152344 0.0253906 0.03125
0 0.2916 0.407227 0.0810547 0.0136719 0.0195312
0 0.294964 0.0302734 0.163086 0.0292969 0.0332031
0 0.297225 0.132812 0.177246 0.0410156 0.0380859
0 0.298787 0.383789 0.205078 0.0292969 0.0351562
0 0.306537 0.484375 0.0541992 0.0292969 0.0322266
0 0.31379 0.519531 0.0893555 0.0195312 0.0302734
0 0.341327 0.403809 0.146484 0.0185547 0.0390625
0 0.349857 0.387207 0.0444336 0.0146484 0.0263672
0 0.374252 0.496094 0.374512 0.015625 0.0185547
0 0.386063 0.366211 0.152344 0.0332031 0.0253906
0 0.398016 0.366699 0.257812 0.0146484 0.0332031
0 0.415067 0.269531 0.17627 0.0253906 0.0361328
0 0.441253 0.254883 0.843262 0.0390625 0.0634766
0 0.545563 0.408691 0.332031 0.0185547 0.0234375
