0 0.100271 0.302246 0.699707 0.0810547 0.0576172
0 0.102401 0.737305 0.182129 0.0429688 0.0634766
0 0.103167 0.419434 0.693359 0.0478516 0.0507812
0 0.103602 0.350586 0.568848 0.0390625 0.0361328
0 0.108981 0.477539 0.183594 0.126953 0.109375
0 0.109196 0.305664 0.706055 0.0371094 0.046875
0 0.109708 0.35498 0.692383 0.0283203 0.0410156
0 0.113969 0.455566 0.0922852 0.0615234 0.0771484
0 0.114069 0.318848 0.675293 0.0302734 0.0341797
0 0.114851 0.350098 0.374023 0.0224609 0.046875
0 0.116932 0.222656 0.0634766 0.134766 0.126953
0 0.118694 0.273926 0.746582 0.0224609 0.0263672
0 0.118945 0.357422 0.683105 0.0429688 0.0478516
0 0.119065 0.740723 0.595703 0.0263672 0.0410156
0 0.119739 0.300781 0.715332 0.0234375 0.0361328
0 0.119835 0.133301 0.180176 0.0302734 0.0283203
0 0.119981 0.296875 0.0888672 0.0371094 0.0527344
0 0.120796 0.160645 0.727539 0.0439453 0.0683594
0 0.12173 0.369141 0.223145 0.015625 0.0361328
0 0.121987 0.458984 0.553223 0.0273438 0.0263672
0 0.124881 0.323242 0.581543 0.0546875 0.0341797
0 0.125845 0.387207 0.288086 0.0302734 0.0410156
0 0.126419 0.70752 0.61377 0.0224609 0.0283203
0 0.126713 0.591797 0.015625 0.0332031 0.03125
0 0.128153 0.27832 0.217773 0.0292969 0.03125
0 0.128196 0.277832 0.229492 0.0224609 0.0351562
0 0.130221 0.337891 0.285645 0.00976562 0.0205078
0 0.131647 0.333984 0.67334 0.0644531 0.0595703
0 0.133357 0.555664 0.485352 0.0175781 0.0214844
0 0.137016 0.828125 0.15625 0.0859375 0.0878906
0 0.137535 0.414062 0.261719 0.0234375 0.0273438
0 0.140288 0.361328 0.0942383 0.0761719 0.0732422
0 0.142153 0.592285 0.186035 0.0146484 0.0283203
0 0.143378 0.40332 0.230957 0.0253906 0.0283203
0 0.148249 0.754883 0.666016 0.0195312 0.0214844
0 0.149323 0.413086 0.241699 0.0410156 0.0537109
0 0.149745 0.35791 0.26123 0.0205078 0.0341797
0 0.150734 0.483887 0.151855 0.0673828 0.0400391
0 0.152154 0.850586 0.15918 0.0351562 0.0332031
0 0.158717 0.17041 0.314941 0.0263672 0.0439453
0 0.158841 0.623535 0.444824 0.0302734 0.0341797
0 0.161556 0.21875 0.345215 0.0488281 0.0419922
0 0.161669 0.294434 0.289062 0.0205078 0.0605469
0 0.162706 0.381836 0.0688477 0.179688 0.12793
0 0.163829 0.528809 0.0522461 0.0927734 0.0986328
0 0.165614 0.570801 0.165039 0.0244141 0.0371094
0 0.1766 0.359375 0.106445 0.0449219 0.0566406
0 0.187468 0.145996 0.68457 0.0400391 0.0449219
0 0.190415 0.32959 0.356445 0.0107422 0.0253906
0 0.195227 0.317383 0.567383 0.0390625 0.0507812
0 0.200689 0.987305 0.256836 0.0234375 0.0410156
0 0.213614 0.514648 0.719238 0.0214844 0.0224609
0 0.214324 0.111816 0.628418 0.0380859 0.0439453
0 0.218655 0.702637 0.558105 0.0185547 0.0185547
0 0.220551 0.370605 0.262207 0.0146484 0.0263672
0 0.222043 0.265137 0.324219 0.0107422 0.0214844
0 0.230225 0.208008 0.345703 0.0234375 0.0351562
0 0.238831 0.220703 0.796875 0.0390625 0.0410156
0 0.239569 0.361816 0.574219 0.0380859 0.0371094
0 0.239977 0.213867 0.683594 0.0527344 0.0566406
0 0.240616 0.845215 0.15918 0.0439453 0.0585938
0 0.257026 0.351074 0.266602 0.0244141 0.03125
0 0.262335 0.318848 0.221191 0.0224609 0.0419922
0 0.267251 0.365234 0.668457 0.046875 0.0595703
0 0.282982 0.518555 0.327637 0.0273438 0.0361328
0 0.286962 0.274414 0.705566 0.0507812 0.0615234
0 0.294093 0.319336 0.689453 0.046875 0.0566406
0 0.295404 0.732422 0.510254 0.0273438 0.0283203
0 0.302035 0.675293 0.505371 0.0263672 0.0302734
0 0.310045 0.169434 0.249023 0.0302734 0.0410156
0 0.310409 0.848145 0.0878906 0.0419922 0.0566406
0 0.31284 0.318848 0.583008 0.0302734 0.0273438
0 0.313225 0.301758 0.141602 0.0390625 0.0390625
0 0.31554 0.285645 0.197266 0.0263672 0.0429688
0 0.321871 0.334961 0.760742 0.0273438 0.0527344
0 0.335606 0.236816 0.347656 0.0322266 0.0390625
0 0.378202 0.361328 0.304688 0.0253906 0.0234375
0 0.379053 0.238281 0.210449 0.0253906 0.0380859
0 0.39226 0.89502 0.172852 0.0322266 0.0429688
0 0.405037 0.342773 0.382812 0.0136719 0.0292969
0 0.420167 0.354492 0.358398 0.0195312 0.0410156
0 0.427726 0.394531 0.540039 0.0546875 0.0488281
0 0.438998 0.291016 0.309082 0.0175781 0.0400391
0 0.439291 0.260742 0.27832 0.0292969 0.0527344
0 0.492809 0.298828 0.263672 0.0234375 0.0351562
0 0.509846 0.30957 0.552734 0.0390625 0.0410156
0 0.56029 0.317871 0.308594 0.0302734 0.0410156
