0 0.105384 0.120117 0.35791 0.0527344 0.0498047
0 0.106205 0.0151367 0.308105 0.0302734 0.0439453
0 0.112214 0.92627 0.762207 0.0322266 0.0439453
0 0.117074 0.608887 0.398926 0.0302734 0.0439453
0 0.134293 0.67627 0.585938 0.0205078 0.0351562
0 0.136018 0.985352 0.21582 0.0253906 0.046875
0 0.144866 0.377441 0.0507812 0.0146484 0.0527344
0 0.15039 0.40332 0.53125 0.0234375 0.0390625
0 0.150405 0.583984 0.47168 0.0195312 0.0273438
0 0.153737 0.805664 0.218262 0.0234375 0.0283203
0 0.153924 0.601562 0.407715 0.046875 0.0634766
0 0.155159 0.819336 0.236328 0.0449219 0.0566406
0 0.156678 0.169922 0.703613 0.0859375 0.0634766
0 0.170219 0.37793 0.320801 0.0253906 0.0595703
0 0.184575 0.975586 0.211914 0.046875 0.0605469
0 0.18593 0.70166 0.155762 0.0263672 0.0361328
0 0.194709 0.121094 0.339844 0.0761719 0.0859375
0 0.203559 0.703125 0.971191 0.0332031 0.0517578
0 0.203653 0.773438 0.40332 0.0292969 0.03125
0 0.209879 0.584473 0.0107422 0.0185547 0.0136719
0 0.22051 0.92041 0.18457 0.0244141 0.0273438
0 0.229009 0.0595703 0.445801 0.0234375 0.0263672
0 0.230384 0.383301 0.705078 0.0263672 0.0371094
0 0.231875 0.839355 0.339844 0.0380859 0.0371094
0 0.242902 0.441406 0.564941 0.0253906 0.0498047
0 0.248808 0.237305 0.644531 0.0195312 0.0371094
0 0.248911 0.658203 0.421387 0.0253906 0.0224609
0 0.272693 0.439453 0.457031 0.0410156 0.0410156
0 0.275197 0.966309 0.191895 0.0478516 0.0595703
0 0.282632 0.659668 0.158203 0.0185547 0.0429688
0 0.417357 0.0776367 0.208984 0.0595703 0.0566406
0 0.462407 0.427734 0.140137 0.046875 0.0615234
