0 0.102501 0.536621 0.338379 0.0224609 0.0205078
0 0.103212 0.541016 0.0273438 0.0546875 0.0449219
0 0.10967 0.561035 0.443359 0.0595703 0.0488281
0 0.115568 0.343262 0.418945 0.0107422 0.0234375
0 0.11587 0.57959 0.177734 0.0302734 0.0390625
0 0.118313 0.657715 0.258301 0.0400391 0.0361328
0 0.120292 0.513184 0.0244141 0.0498047 0.0488281
0 0.120644 0.528809 0.0151367 0.0283203 0.0283203
0 0.122021 0.162598 0.135742 0.0322266 0.0664062
0 0.124565 0.234375 0.349121 0.0234375 0.0341797
0 0.138387 0.672363 0.0209961 0.0205078 0.0380859
0 0.147549 0.372559 0.228027 0.0419922 0.0380859
0 0.152476 0.516113 0.0185547 0.0322266 0.03125
0 0.15411 0.212891 0.0322266 0.0957031 0.0644531
0 0.156491 0.554199 0.561523 0.0283203 0.0566406
0 0.163871 0.430664 0.279785 0.03125 0.0478516
0 0.168006 0.594238 0.0644531 0.0283203 0.046875
0 0.168502 0.386719 0.410645 0.0273438 0.0478516
0 0.189387 0.568848 0.105957 0.0224609 0.0244141
0 0.196127 0.603516 0.0136719 0.0175781 0.0273438
0 0.196821 0.601074 0.212402 0.0498047 0.0458984
0 0.199623 0.566406 0.171387 0.0410156 0.0537109
0 0.230853 0.48877 0.0341797 0.0107422 0.0195312
0 0.235082 0.53125 0.204102 0.0292969 0.0292969
0 0.244063 0.559082 0.0244141 0.0322266 0.0410156
0 0.252525 0.685059 0.254883 0.0751953 0.0585938
0 0.261126 0.505859 0.0151367 0.0253906 0.0302734
0 0.288154 0.14209 0.0605469 0.0654297 0.0761719
0 0.292545 0.411133 0.0229492 0.0703125 0.0419922
0 0.314942 0.534668 0.0678711 0.0205078 0.0244141
0 0.3733 0.620117 0.581543 0.0527344 0.0595703
0 0.385649 0.365723 0.279785 0.0205078 0.0380859
0 0.503104 0.506348 0.0698242 0.0166016 0.0439453
0 0.675072 0.528809 0.134766 0.0380859 0.0664062
