0 0.101156 0.330566 0.239258 0.0224609 0.03125
0 0.10212 0.312012 0.168457 0.0302734 0.0341797
0 0.102822 0.714355 0.380371 0.0185547 0.0244141
0 0.106329 0.17041 0.224609 0.0419922 0.03125
0 0.10704 0.208008 0.320312 0.0234375 0.0332031
0 0.111798 0.713379 0.232422 0.0283203 0.0332031
0 0.115839 0.379883 0.336426 0.0136719 0.0146484
0 0.115945 0.244141 0.399414 0.0175781 0.0351562
0 0.120098 0.290039 0.151367 0.0175781 0.0292969
0 0.12195 0.84082 0.227051 0.0214844 0.0322266
0 0.123927 0.284668 0.150879 0.0361328 0.0361328
0 0.128172 0.875488 0.129395 0.0244141 0.0322266
0 0.135561 0.920898 0.187012 0.0234375 0.0400391
0 0.138375 0.4375 0.0830078 0.0292969 0.0351562
0 0.143424 0.458008 0.0556641 0.015625 0.0253906
0 0.144875 0.365234 0.164062 0.015625 0.0273438
0 0.161411 0.267578 0.3125 0.0195312 0.0292969
0 0.164178 0.401855 0.287598 0.0146484 0.0166016
0 0.164219 0.427246 0.0820312 0.0166016 0.0371094
0 0.169809 0.386719 0.28125 0.00976562 0.0175781
0 0.171019 0.130859 0.302246 0.0332031 0.0322266
0 0.173296 0.51123 0.0537109 0.0166016 0.0253906
0 0.183871 0.496582 0.126953 0.0224609 0.0390625
0 0.201064 0.308105 0.166992 0.0205078 0.0214844
0 0.201634 0.395508 0.249512 0.015625 0.0361328
0 0.2085 0.416016 0.00927734 0.015625 0.0185547
0 0.21721 0.430176 0.278809 0.0244141 0.0205078
0 0.226414 0.442383 0.151367 0.0273438 0.0273438
0 0.234737 0.339844 0.0883789 0.0390625 0.0478516
0 0.239959 0.335449 0.176758 0.0263672 0.0292969
0 0.267746 0.428223 0.0610352 0.0224609 0.0322266
0 0.26949 0.452637 0.0893555 0.0166016 0.0302734
0 0.273672 0.541992 0.0498047 0.0214844 0.0371094
0 0.302315 0.504395 0.0517578 0.0302734 0.0351562
0 0.313092 0.517578 0.00878906 0.0253906 0.0175781
0 0.333257 0.115234 0.185547 0.0410156 0.0449219
0 0.373763 0.27002 0.145996 0.0185547 0.0341797
0 0.44947 0.371582 0.0327148 0.0205078 0.0322266
0 0.45371 0.385254 0.116211 0.0341797 0.0566406
