0 0.103444 0.783203 0.778809 0.0214844 0.0341797
0 0.105305 0.819336 0.503906 0.0195312 0.0273438
0 0.106649 0.404785 0.464844 0.0146484 0.0195312
0 0.109056 0.73584 0.911621 0.0341797 0.0576172
0 0.110687 0.290039 0.288086 0.0195312 0.0234375
0 0.11224 0.34668 0.257324 0.0117188 0.0166016
0 0.112528 0.277344 0.408203 0.0214844 0.0175781
0 0.113954 0.366699 0.290039 0.0205078 0.0273438
0 0.115594 0.293457 0.313965 0.0244141 0.0166016
0 0.115654 0.742188 0.251465 0.0234375 0.0341797
0 0.118765 0.430664 0.175781 0.0136719 0.0332031
0 0.120953 0.484375 0.14502 0.0195312 0.0400391
0 0.121407 0.291992 0.0356445 0.00976562 0.0146484
0 0.121964 0.835938 0.61377 0.0195312 0.0205078
0 0.122713 0.27832 0.352539 0.015625 0.0253906
0 0.126473 0.77832 0.453125 0.0117188 0.0195312
0 0.129143 0.405273 0.144043 0.0410156 0.0537109
0 0.132407 0.418945 0.0727539 0.0195312 0.0283203
0 0.138189 0.301758 0.314941 0.015625 0.0146484
0 0.142561 0.36377 0.173828 0.0244141 0.03125
0 0.145584 0.774902 0.179199 0.0205078 0.0302734
0 0.145783 0.254395 0.730469 0.0380859 0.0332031
0 0.147924 0.252441 0.0239258 0.0185547 0.0400391
0 0.152248 0.780273 0.48584 0.0253906 0.0244141
0 0.154738 0.237305 0.452637 0.0371094 0.0283203
0 0.157 0.412598 0.155762 0.0361328 0.0419922
0 0.162469 0.42334 0.125 0.0126953 0.0332031
0 0.162919 0.366211 0.0488281 0.0117188 0.0195312
0 0.175544 0.402832 0.441895 0.0146484 0.0205078
0 0.179536 0.710938 0.333984 0.0136719 0.015625
0 0.180865 0.279297 0.343262 0.0195312 0.0322266
0 0.184208 0.869629 0.574219 0.0322266 0.0292969
0 0.187449 0.192871 0.243164 0.0146484 0.0273438
0 0.188269 0.360352 0.109863 0.0117188 0.0205078
0 0.192116 0.249512 0.143555 0.0263672 0.0351562
0 0.192413 0.499512 0.0449219 0.0224609 0.0449219
0 0.194131 0.128906 0.291504 0.0117188 0.0224609
0 0.201429 0.424805 0.489258 0.00976562 0.0234375
0 0.202828 0.336914 0.396973 0.0136719 0.0146484
0 0.203992 0.357422 0.294922 0.0234375 0.0214844
0 0.204637 0.388672 0.134766 0.0234375 0.0332031
0 0.208666 0.402832 0.522461 0.0107422 0.015625
0 0.22643 0.320801 0.286621 0.0146484 0.0244141
0 0.240802 0.344727 0.0654297 0.0214844 0.0273438
0 0.250572 0.337402 0.0673828 0.0146484 0.0273438
0 0.250917 0.303223 0.225586 0.0166016 0.0273438
0 0.265052 0.382324 0.0668945 0.0146484 0.0322266
0 0.265539 0.457031 0.0390625 0.015625 0.0292969
0 0.274964 0.256348 0.288086 0.0126953 0.0195312
0 0.295621 0.369629 0.288086 0.0126953 0.0175781
0 0.296283 0.622559 0.453613 0.0166016 0.0166016
0 0.301731 0.470703 0.225098 0.0273438 0.0244141
0 0.394784 0.456543 0.174316 0.0322266 0.0302734
0 0.396511 0.48584 0.416016 0.0205078 0.0253906
0 0.39835 0.422852 0.0629883 0.03125 0.0458984
0 0.478548 0.433105 0.211914 0.0166016 0.0175781
