0 0.101663 0.166992 0.266602 0.0332031 0.0332031
0 0.10243 0.170898 0.334473 0.0273438 0.0361328
0 0.105297 0.492676 0.297363 0.0126953 0.0283203
0 0.107416 0.346191 0.0751953 0.0185547 0.03125
0 0.108881 0.452637 0.23584 0.0146484 0.0185547
0 0.115062 0.385254 0.20166 0.0146484 0.0166016
0 0.116149 0.512207 0.596191 0.0126953 0.0166016
0 0.119527 0.0283203 0.446289 0.0214844 0.0273438
0 0.122391 0.165039 0.609863 0.0292969 0.0400391
0 0.123446 0.504883 0.63916 0.0351562 0.0283203
0 0.130848 0.460449 0.782227 0.0361328 0.0273438
0 0.130917 0.449707 0.502441 0.0263672 0.0322266
0 0.13597 0.771973 0.876953 0.0146484 0.0234375
0 0.13601 0.31543 0.162109 0.0449219 0.0644531
0 0.136591 0.307617 0.351562 0.0136719 0.0214844
0 0.143046 0.162109 0.165527 0.0351562 0.0498047
0 0.143329 0.191406 0.456055 0.015625 0.0253906
0 0.144874 0.151855 0.15332 0.0283203 0.0390625
0 0.149264 0.464844 0.612305 0.0214844 0.0429688
0 0.15799 0.20166 0.102051 0.0166016 0.0166016
0 0.159252 0.40918 0.577148 0.0390625 0.03125
0 0.166999 0.0180664 0.43457 0.0302734 0.03125
0 0.172437 0.264648 0.135254 0.0195312 0.0283203
0 0.179328 0.279785 0.0727539 0.0205078 0.0244141
0 0.179509 0.171875 0.175293 0.0234375 0.0400391
0 0.19084 0.275391 0.333496 0.0234375 0.0185547
0 0.198938 0.51416 0.636719 0.0205078 0.0234375
0 0.210576 0.727539 0.864746 0.0195312 0.0224609
0 0.240684 0.180664 0.0805664 0.0253906 0.0322266
0 0.290655 0.496582 0.641113 0.0166016 0.0244141
0 0.293514 0.415527 0.272461 0.0341797 0.0429688
0 0.381049 0.44873 0.738281 0.0283203 0.0292969
0 0.394048 0.338379 0.275879 0.0419922 0.0517578
