0 0.10011 0.490723 0.643066 0.0322266 0.0439453
0 0.100713 0.679199 0.0874023 0.0302734 0.0517578
0 0.102986 0.260254 0.324219 0.0419922 0.0429688
0 0.104347 0.220703 0.290039 0.0253906 0.0351562
0 0.104706 0.365723 0.733887 0.0361328 0.0244141
0 0.105176 0.447266 0.300293 0.0234375 0.0302734
0 0.106312 0.444824 0.649902 0.0439453 0.0517578
0 0.107423 0.243652 0.322266 0.0224609 0.0332031
0 0.108202 0.673828 0.25293 0.0175781 0.0214844
0 0.110038 0.485352 0.293457 0.0234375 0.0283203
0 0.110568 0.45166 0.603027 0.0126953 0.0205078
0 0.110968 0.227539 0.283691 0.015625 0.0263672
0 0.111435 0.223633 0.557617 0.0253906 0.03125
0 0.111455 0.553223 0.568359 0.0205078 0.0292969
0 0.111838 0.302246 0.370605 0.0126953 0.0283203
0 0.113584 0.512695 0.800293 0.0273438 0.0380859
0 0.117158 0.367676 0.624023 0.0283203 0.03125
0 0.118208 0.293457 0.207031 0.0361328 0.0292969
0 0.118983 0.420898 0.255859 0.0566406 0.046875
0 0.119733 0.547363 0.281738 0.0166016 0.0283203
0 0.119814 0.199219 0.52002 0.0273438 0.0322266
0 0.120196 0.268555 0.583496 0.0175781 0.0244141
0 0.121875 0.373535 0.416016 0.0126953 0.0273438
0 0.122856 0.303711 0.658203 0.0390625 0.0625
0 0.12323 0.445801 0.228027 0.0283203 0.0341797
0 0.125729 0.196777 0.383789 0.0107422 0.0195312
0 0.126869 0.129395 0.791504 0.0302734 0.0458984
0 0.127583 0.620605 0.73877 0.0458984 0.0478516
0 0.129462 0.519531 0.202148 0.0292969 0.03125
0 0.130359 0.296387 0.797363 0.0439453 0.0478516
0 0.131978 0.289062 0.129395 0.046875 0.0810547
0 0.133548 0.255859 0.708984 0.03125 0.0371094
0 0.135978 0.73291 0.67334 0.0302734 0.0458984
0 0.136925 0.310059 0.679688 0.0224609 0.0214844
0 0.13782 0.246094 0.534668 0.0351562 0.0576172
0 0.138511 0.277832 0.162109 0.0341797 0.046875
0 0.142998 0.55957 0.133789 0.0527344 0.0585938
0 0.14304 0.219727 0.577148 0.0234375 0.046875
0 0.143363 0.608887 0.249023 0.0126953 0.03125
0 0.144537 0.345703 0.387207 0.0175781 0.0205078
0 0.144553 0.315918 0.380859 0.0205078 0.0273438
0 0.144898 0.581055 0.263672 0.0214844 0.0507812
0 0.149769 0.687012 0.759766 0.0517578 0.0722656
0 0.149961 0.356445 0.789551 0.046875 0.0439453
0 0.150055 0.378906 0.631836 0.0527344 0.046875
0 0.150517 0.634766 0.217773 0.0136719 0.0214844
0 0.151163 0.510742 0.405273 0.03125 0.0273438
0 0.153912 0.532227 0.257812 0.0175781 0.0234375
0 0.156814 0.583984 0.864746 0.0566406 0.0791016
0 0.157549 0.270996 0.267578 0.0263672 0.0371094
0 0.158814 0.312988 0.245117 0.0478516 0.03125
0 0.158835 0.354492 0.734375 0.0351562 0.0292969
0 0.15918 0.327148 0.77002 0.0664062 0.0341797
0 0.16171 0.521973 0.29248 0.0185547 0.0302734
0 0.162579 0.281738 0.385254 0.0166016 0.0361328
0 0.163985 0.247559 0.550293 0.0283203 0.0380859
0 0.164932 0.336914 0.166504 0.0507812 0.0634766
0 0.165291 0.364746 0.643066 0.0517578 0.0654297
0 0.16749 0.287598 0.116699 0.0322266 0.0517578
0 0.168405 0.726562 0.256348 0.0195312 0.0244141
0 0.168837 0.715332 0.146973 0.0498047 0.0673828
0 0.179927 0.21582 0.646973 0.0195312 0.0283203
0 0.183328 0.412109 0.584961 0.0195312 0.0214844
0 0.184185 0.378906 0.785156 0.0449219 0.0410156
0 0.188617 0.239746 0.543945 0.0283203 0.0351562
0 0.190106 0.322754 0.37207 0.0126953 0.0214844
0 0.193613 0.339844 0.432129 0.0117188 0.0283203
0 0.196114 0.359863 0.338379 0.0107422 0.0185547
0 0.199242 0.373535 0.363281 0.0224609 0.0390625
0 0.215658 0.507324 0.259766 0.0361328 0.0605469
0 0.226752 0.192383 0.681641 0.0332031 0.0449219
0 0.227961 0.250488 0.365723 0.0224609 0.0380859
0 0.228571 0.539062 0.128906 0.046875 0.0546875
0 0.229091 0.317383 0.44043 0.0117188 0.0175781
0 0.233678 0.251953 0.40625 0.0117188 0.0214844
0 0.235277 0.257324 0.357422 0.0166016 0.0273438
0 0.240518 0.583984 0.254395 0.0136719 0.0302734
0 0.240575 0.745605 0.74707 0.0302734 0.03125
0 0.263847 0.353027 0.383789 0.0283203 0.0234375
0 0.265824 0.42334 0.78418 0.0400391 0.046875
0 0.268988 0.218262 0.563477 0.0166016 0.0273438
0 0.272286 0.208984 0.520508 0.015625 0.03125
0 0.272676 0.192383 0.451172 0.0175781 0.0273438
0 0.277497 0.421875 0.393066 0.015625 0.0244141
0 0.278745 0.556152 0.580078 0.0244141 0.0507812
0 0.281816 0.269531 0.795898 0.0429688 0.0449219
0 0.28462 0.493164 0.149902 0.0410156 0.0517578
0 0.289264 0.509766 0.27832 0.0253906 0.03125
0 0.290307 0.190918 0.516602 0.0185547 0.0351562
0 0.290537 0.331543 0.467773 0.0146484 0.0234375
0 0.295645 0.544922 0.290039 0.0234375 0.0371094
0 0.296722 0.848145 0.208008 0.0244141 0.0292969
0 0.297746 0.234863 0.48584 0.0283203 0.0322266
0 0.301329 0.31543 0.782227 0.0449219 0.0488281
0 0.303422 0.339355 0.341797 0.0185547 0.0273438
0 0.306494 0.203613 0.788086 0.0419922 0.0507812
0 0.30957 0.240234 0.45752 0.0175781 0.0244141
0 0.316204 0.580566 0.0546875 0.0283203 0.0410156
0 0.316998 0.248535 0.514648 0.0302734 0.0332031
0 0.322739 0.517578 0.738281 0.0332031 0.0449219
0 0.329357 0.507812 0.241211 0.0292969 0.03125
0 0.333268 0.339844 0.780273 0.0820312 0.0546875
0 0.335442 0.354004 0.665527 0.0380859 0.0615234
0 0.382569 0.274902 0.399902 0.0166016 0.0224609
0 0.383608 0.55957 0.230957 0.0273438 0.0341797
0 0.386857 0.257812 0.319824 0.0292969 0.0283203
0 0.394852 0.52832 0.206055 0.0429688 0.0429688
0 0.39638 0.441406 0.161133 0.0566406 0.0722656
0 0.400223 0.371582 0.160645 0.0380859 0.0654297
0 0.402747 0.345215 0.436035 0.0166016 0.0283203
0 0.42151 0.286133 0.342285 0.0214844 0.0341797
0 0.426698 0.29248 0.640625 0.0283203 0.0410156
0 0.452958 0.310059 0.29541 0.0302734 0.0439453
0 0.458433 0.245605 0.613281 0.0205078 0.0390625
0 0.471415 0.405273 0.330078 0.0234375 0.0390625
0 0.485974 0.775879 0.683594 0.0498047 0.0371094
0 0.494009 0.302734 0.39502 0.0253906 0.0322266
0 0.536436 0.227051 0.437012 0.0244141 0.0380859
0 0.540392 0.243164 0.370605 0.0234375 0.0380859
