0 0.101675 0.280273 0.0888672 0.0195312 0.0273438
0 0.106635 0.455566 0.224121 0.0146484 0.0185547
0 0.111419 0.33252 0.0117188 0.0400391 0.0195312
0 0.114115 0.417969 0.129395 0.0136719 0.0322266
0 0.114509 0.47168 0.189453 0.0214844 0.0410156
0 0.115189 0.395996 0.152344 0.0244141 0.0332031
0 0.121988 0.48877 0.295898 0.0595703 0.0664062
0 0.122146 0.323242 0.42041 0.0332031 0.0634766
0 0.123236 0.979492 0.393555 0.0351562 0.03125
0 0.131347 0.488281 0.0546875 0.0429688 0.0566406
0 0.135187 0.389648 0.0239258 0.0371094 0.0380859
0 0.139002 0.283203 0.0405273 0.0292969 0.0654297
0 0.155844 0.345703 0.03125 0.0292969 0.046875
0 0.172983 0.513672 0.0556641 0.0410156 0.0664062
0 0.184217 0.453125 0.185059 0.0527344 0.0517578
0 0.184665 0.403809 0.453613 0.0478516 0.0712891
0 0.194237 0.522949 0.202148 0.0205078 0.0332031
0 0.196177 0.336426 0.0209961 0.0498047 0.0419922
0 0.210611 0.418945 0.0263672 0.0527344 0.0429688
0 0.391099 0.389648 0.0825195 0.0292969 0.0478516
0 0.4621 0.437012 0.182617 0.0263672 0.046875
0 0.557839 0.477539 0.159668 0.0449219 0.0810547
