0 0.108021 0.381836 0.0371094 0.0585938 0.0546875
0 0.112972 0.535156 0.121094 0.0195312 0.0292969
0 0.122163 0.369141 0.338379 0.0410156 0.0517578
0 0.123039 0.871582 0.244629 0.0302734 0.0380859
0 0.125293 0.935059 0.339844 0.0576172 0.0625
0 0.125409 0.868652 0.0332031 0.0283203 0.03125
0 0.125766 0.954102 0.215332 0.046875 0.0458984
0 0.128269 0.716797 0.0805664 0.0371094 0.0556641
0 0.132168 0.429688 0.343262 0.0449219 0.0556641
0 0.142756 0.883789 0.23877 0.0605469 0.0478516
0 0.147539 0.09375 0.29541 0.0585938 0.0595703
0 0.152692 0.859375 0.325684 0.078125 0.0634766
0 0.166737 0.427734 0.22998 0.0136719 0.0244141
0 0.178787 0.43457 0.260742 0.0175781 0.03125
0 0.180759 0.372559 0.217773 0.0283203 0.0585938
0 0.194919 0.481445 0.0078125 0.0078125 0.0136719
0 0.201353 0.513672 0.237793 0.0410156 0.0439453
0 0.20262 0.47998 0.265625 0.0419922 0.0449219
0 0.2091 0.419434 0.0415039 0.0615234 0.0556641
0 0.220459 0.428711 0.0859375 0.0859375 0.132812
0 0.225323 0.4375 0.150879 0.0566406 0.0712891
0 0.232013 0.243164 0.0566406 0.0839844 0.09375
0 0.248129 0.458008 0.228516 0.0195312 0.0332031
0 0.275683 0.541504 0.325195 0.0283203 0.046875
0 0.278119 0.495117 0.059082 0.0390625 0.0869141
0 0.336676 0.358887 0.0205078 0.0439453 0.0410156
0 0.340715 0.490234 0.365723 0.0214844 0.0244141
0 0.379903 0.4375 0.125488 0.0859375 0.106445
0 0.440689 0.354004 0.0981445 0.0634766 0.0556641
0 0.53404 0.506836 0.175781 0.0351562 0.0488281
