0 0.10064 0.433105 0.65918 0.0322266 0.0546875
0 0.102927 0.67041 0.94873 0.0244141 0.0361328
0 0.105037 0.473633 0.546875 0.0390625 0.0410156
0 0.105467 0.421387 0.665527 0.0400391 0.0458984
0 0.10574 0.557617 0.738281 0.0273438 0.0332031
0 0.115318 0.408691 0.831543 0.0283203 0.0498047
0 0.116014 0.567871 0.970703 0.0419922 0.046875
0 0.119045 0.659668 0.980957 0.0439453 0.0361328
0 0.12068 0.413574 0.61084 0.0205078 0.0185547
0 0.129258 0.027832 0.524902 0.0400391 0.0556641
0 0.129805 0.492188 0.821777 0.0214844 0.0185547
0 0.135987 0.504883 0.679688 0.0273438 0.0273438
0 0.136215 0.833496 0.956543 0.0283203 0.0283203
0 0.137724 0.489258 0.913086 0.0253906 0.0585938
0 0.147156 0.428711 0.670898 0.0175781 0.0253906
0 0.150869 0.463867 0.585938 0.0410156 0.0566406
0 0.155135 0.384766 0.575684 0.0195312 0.0263672
0 0.175644 0.487305 0.541016 0.0605469 0.0605469
0 0.183565 0.160156 0.518555 0.0332031 0.0410156
0 0.1887 0.800293 0.606445 0.0341797 0.0488281
0 0.192678 0.0566406 0.444336 0.0351562 0.03125
0 0.192856 0.444336 0.63623 0.0292969 0.0380859
0 0.232316 0.416016 0.559082 0.0214844 0.0263672
0 0.245879 0.508301 0.775879 0.0478516 0.0556641
0 0.260775 0.589844 0.973633 0.0449219 0.0429688
0 0.262164 0.668945 0.964844 0.0292969 0.0546875
0 0.265435 0.0922852 0.501953 0.0419922 0.0507812
0 0.278251 0.4375 0.78418 0.0546875 0.0566406
0 0.300459 0.532715 0.975586 0.0283203 0.0390625
0 0.305062 0.255859 0.751465 0.0273438 0.0361328
0 0.313016 0.514648 0.619141 0.0410156 0.0449219
0 0.339233 0.8125 0.577637 0.0488281 0.0556641
0 0.384955 0.648926 0.541016 0.0498047 0.046875
0 0.476343 0.385254 0.521973 0.0185547 0.0419922
