0 0.100688 0.483887 0.296387 0.0263672 0.0498047
0 0.100767 0.491211 0.209473 0.0136719 0.0263672
0 0.101655 0.190918 0.529297 0.0283203 0.0253906
0 0.102814 0.555176 0.131348 0.0166016 0.0224609
0 0.104523 0.443359 0.163086 0.0234375 0.0351562
0 0.105505 0.151367 0.805176 0.0253906 0.0419922
0 0.105575 0.334961 0.287598 0.0234375 0.0185547
0 0.106876 0.612793 0.327637 0.0146484 0.0146484
0 0.110134 0.626953 0.261719 0.0195312 0.0292969
0 0.112539 0.342285 0.29248 0.0302734 0.0302734
0 0.11394 0.618652 0.260254 0.0205078 0.0263672
0 0.11437 0.726562 0.212402 0.0351562 0.0517578
0 0.115139 0.269531 0.478027 0.015625 0.0185547
0 0.115377 0.430664 0.0151367 0.0253906 0.0302734
0 0.120256 0.53125 0.015625 0.0292969 0.03125
0 0.12467 0.726074 0.131836 0.0283203 0.0273438
0 0.125604 0.330078 0.338379 0.0195312 0.0458984
0 0.133757 0.724609 0.227539 0.0214844 0.03125
0 0.136521 0.700684 0.426758 0.0185547 0.0195312
0 0.139368 0.717285 0.125488 0.0146484 0.0244141
0 0.139719 0.706055 0.256348 0.0136719 0.0185547
0 0.148486 0.708008 0.258789 0.0078125 0.015625
0 0.151366 0.690918 0.17041 0.0146484 0.0400391
0 0.152371 0.560059 0.262695 0.0126953 0.0234375
0 0.153045 0.730469 0.254395 0.0136719 0.0205078
0 0.161484 0.59668 0.26123 0.0117188 0.0166016
0 0.168525 0.648926 0.22998 0.0146484 0.0244141
0 0.173115 0.330566 0.17627 0.00878906 0.0224609
0 0.174754 0.311035 0.180176 0.0146484 0.0283203
0 0.181592 0.766602 0.0517578 0.0410156 0.0429688
0 0.181671 0.387207 0.0107422 0.0244141 0.0175781
0 0.185453 0.533691 0.495605 0.0224609 0.0283203
0 0.197426 0.566895 0.211914 0.0205078 0.0292969
0 0.200089 0.70752 0.210938 0.0126953 0.0253906
0 0.20618 0.706055 0.312012 0.0117188 0.0224609
0 0.207557 0.768066 0.150879 0.0166016 0.0244141
0 0.266703 0.369629 0.399902 0.0166016 0.0205078
0 0.288651 0.523438 0.208496 0.0136719 0.0224609
0 0.373301 0.42334 0.391602 0.0283203 0.0214844
0 0.495946 0.661621 0.155762 0.0263672 0.0380859
