0 0.100143 0.754395 0.314941 0.0126953 0.0283203
0 0.101875 0.787598 0.32959 0.0166016 0.0283203
0 0.102779 0.978516 0.475586 0.0410156 0.0351562
0 0.102837 0.427246 0.654785 0.0205078 0.0205078
0 0.106239 0.475098 0.0336914 0.0205078 0.0341797
0 0.108583 0.138672 0.32373 0.0429688 0.0498047
0 0.108865 0.853027 0.17627 0.0263672 0.0302734
0 0.109495 0.161133 0.0356445 0.0605469 0.0576172
0 0.11097 0.349121 0.578613 0.0146484 0.0205078
0 0.115182 0.414062 0.23291 0.0429688 0.0419922
0 0.117364 0.751953 0.28418 0.0117188 0.0195312
0 0.118435 0.564453 0.328613 0.0273438 0.0439453
0 0.119288 0.371094 0.498047 0.0175781 0.0195312
0 0.120944 0.65625 0.730957 0.0136719 0.0126953
0 0.125157 0.791992 0.288574 0.0117188 0.0224609
0 0.126108 0.545898 0.03125 0.0488281 0.0566406
0 0.131322 0.118164 0.466309 0.0410156 0.0498047
0 0.141901 0.759277 0.229004 0.0322266 0.0302734
0 0.144092 0.300781 0.179688 0.0117188 0.015625
0 0.145719 0.544922 0.240723 0.0175781 0.0302734
0 0.148591 0.813965 0.181641 0.0146484 0.0195312
0 0.156821 0.821777 0.344238 0.0302734 0.0341797
0 0.161418 0.208008 0.333496 0.0351562 0.0478516
0 0.165582 0.690918 0.251953 0.0126953 0.0214844
0 0.172739 0.87207 0.253418 0.0234375 0.0341797
0 0.174475 0.42627 0.569824 0.0244141 0.0400391
0 0.189748 0.491699 0.250977 0.0166016 0.0332031
0 0.189988 0.408203 0.0737305 0.0175781 0.0244141
0 0.195245 0.879395 0.204102 0.0263672 0.0292969
0 0.232286 0.291016 0.45166 0.0234375 0.0322266
0 0.261279 0.17041 0.181641 0.0341797 0.0566406
0 0.336261 0.359863 0.0302734 0.0283203 0.0292969
0 0.339927 0.479004 0.333984 0.0302734 0.0332031
0 0.350031 0.45459 0.0126953 0.0263672 0.0253906
0 0.375261 0.484863 0.0458984 0.0126953 0.0332031
0 0.393091 0.557129 0.322754 0.0185547 0.0361328
0 0.470522 0.324707 0.604004 0.0205078 0.0263672
