0 0.100218 0.285645 0.313477 0.0361328 0.0449219
0 0.100962 0.356445 0.0629883 0.0820312 0.125977
0 0.102577 0.475098 0.469238 0.0185547 0.0244141
0 0.110319 0.444336 0.181641 0.0292969 0.0410156
0 0.123712 0.538574 0.231445 0.0478516 0.0566406
0 0.124717 0.582031 0.584961 0.0234375 0.0449219
0 0.135542 0.446777 0.166992 0.0380859 0.0742188
0 0.13999 0.793457 0.0322266 0.0576172 0.0605469
0 0.153622 0.14502 0.731934 0.0322266 0.0361328
0 0.158833 0.436035 0.524414 0.0283203 0.046875
0 0.161457 0.12207 0.770996 0.0214844 0.0361328
0 0.162649 0.408691 0.0170898 0.0556641 0.0322266
0 0.163331 0.199707 0.730957 0.0556641 0.0634766
0 0.178798 0.593262 0.976074 0.0322266 0.0419922
0 0.180684 0.12793 0.751465 0.0253906 0.0556641
0 0.186765 0.152832 0.726562 0.0185547 0.0292969
0 0.217641 0.134766 0.738281 0.03125 0.0410156
