0 0.10133 0.39209 0.291992 0.0263672 0.0292969
0 0.101814 0.181641 0.224121 0.0214844 0.0380859
0 0.104562 0.148438 0.148438 0.0195312 0.0292969
0 0.110255 0.305664 0.0908203 0.0273438 0.0332031
0 0.111136 0.120117 0.188477 0.0332031 0.0488281
0 0.111497 0.290527 0.435547 0.0400391 0.0449219
0 0.114663 0.212891 0.292969 0.0449219 0.0371094
0 0.118564 0.311035 0.203125 0.0283203 0.0585938
0 0.12489 0.1875 0.255859 0.0175781 0.0332031
0 0.127192 0.200684 0.31543 0.0302734 0.046875
0 0.127476 0.216309 0.365234 0.0244141 0.0332031
0 0.132101 0.256836 0.401855 0.0234375 0.0185547
0 0.135951 0.199707 0.327148 0.0205078 0.0273438
0 0.148598 0.0825195 0.323242 0.0361328 0.0371094
0 0.153744 0.177734 0.501465 0.0136719 0.0244141
0 0.162064 0.145996 0.273926 0.0146484 0.0185547
0 0.165917 0.189453 0.280273 0.0292969 0.046875
0 0.171681 0.280762 0.217773 0.0146484 0.0253906
0 0.174102 0.226562 0.283691 0.0214844 0.0302734
0 0.181536 0.230469 0.307129 0.0214844 0.0341797
0 0.18206 0.22998 0.221191 0.0224609 0.0361328
0 0.185496 0.296875 0.114258 0.0195312 0.0253906
0 0.187021 0.10791 0.400391 0.0322266 0.0390625
0 0.188441 0.130859 0.204102 0.015625 0.0253906
0 0.188529 0.195801 0.294434 0.0302734 0.0322266
0 0.191881 0.599609 0.121582 0.0175781 0.0224609
0 0.213065 0.70752 0.302246 0.0166016 0.0185547
0 0.225472 0.307617 0.182617 0.0332031 0.0546875
0 0.227431 0.220215 0.125 0.0185547 0.0253906
0 0.229545 0.274414 0.0805664 0.0214844 0.0283203
0 0.241574 0.208008 0.374512 0.0214844 0.0361328
0 0.25052 0.29541 0.302246 0.0283203 0.0498047
0 0.253973 0.438965 0.356934 0.0224609 0.0166016
0 0.256511 0.621094 0.100586 0.015625 0.0175781
0 0.2715 0.186035 0.230469 0.0185547 0.03125
0 0.286987 0.208496 0.325684 0.0244141 0.0302734
0 0.28854 0.188965 0.192871 0.0556641 0.0498047
0 0.298385 0.142578 0.308105 0.0273438 0.0263672
0 0.314273 0.182617 0.267578 0.0195312 0.03125
0 0.328216 0.703125 0.106934 0.0234375 0.0302734
0 0.372713 0.245605 0.168945 0.0244141 0.0351562
0 0.437537 0.169434 0.194336 0.0283203 0.0429688
0 0.450062 0.75293 0.0888672 0.0273438 0.0371094
0 0.499132 0.210938 0.191895 0.0273438 0.0517578
0 0.515612 0.248535 0.255371 0.0244141 0.0322266
