0 0.100292 0.67041 0.920898 0.0244141 0.0332031
0 0.100475 0.200684 0.955566 0.0263672 0.0751953
0 0.101084 0.486328 0.293945 0.00976562 0.0234375
0 0.102919 0.444336 0.0712891 0.0625 0.0703125
0 0.103232 0.442871 0.00976562 0.0537109 0.015625
0 0.103923 0.45752 0.228516 0.0615234 0.0566406
0 0.104619 0.516113 0.32373 0.0146484 0.0224609
0 0.106021 0.391602 0.21582 0.0410156 0.0566406
0 0.107495 0.571777 0.959961 0.0263672 0.0527344
0 0.108387 0.521973 0.369141 0.0185547 0.0332031
0 0.109753 0.681641 0.137207 0.0488281 0.0537109
0 0.11345 0.0141602 0.252441 0.0263672 0.0517578
0 0.114778 0.208008 0.284668 0.0585938 0.0517578
0 0.115817 0.562012 0.481934 0.0126953 0.0244141
0 0.115887 0.523438 0.417969 0.0195312 0.0292969
0 0.119475 0.643555 0.834473 0.0332031 0.0244141
0 0.119979 0.453613 0.369629 0.0224609 0.0263672
0 0.122224 0.338867 0.434082 0.0703125 0.0732422
0 0.124221 0.759277 0.871094 0.0185547 0.015625
0 0.125219 0.489258 0.428223 0.0195312 0.0458984
0 0.127826 0.766602 0.773926 0.0214844 0.0283203
0 0.127833 0.402344 0.407715 0.0136719 0.0205078
0 0.127922 0.114258 0.580566 0.0371094 0.0341797
0 0.130987 0.469727 0.713867 0.0253906 0.0253906
0 0.131339 0.38916 0.452148 0.0126953 0.03125
0 0.134684 0.133301 0.412109 0.0185547 0.0214844
0 0.135488 0.138184 0.390137 0.0302734 0.0341797
0 0.137042 0.0405273 0.248047 0.0244141 0.0332031
0 0.137756 0.310547 0.466309 0.0410156 0.0517578
0 0.139686 0.706543 0.911133 0.0166016 0.03125
0 0.14105 0.53418 0.019043 0.0761719 0.0361328
0 0.141395 0.40332 0.476562 0.0234375 0.0292969
0 0.142605 0.365723 0.381836 0.0166016 0.0273438
0 0.142744 0.45166 0.772949 0.0205078 0.0283203
0 0.144956 0.583984 0.687988 0.0195312 0.0244141
0 0.145612 0.297852 0.843262 0.0234375 0.0224609
0 0.145874 0.157227 0.284668 0.0292969 0.0419922
0 0.1498 0.606934 0.0883789 0.0517578 0.0751953
0 0.151589 0.0917969 0.666992 0.0136719 0.0273438
0 0.160426 0.180176 0.367188 0.0341797 0.0546875
0 0.161667 0.77832 0.625 0.0175781 0.0175781
0 0.167902 0.679688 0.546387 0.0253906 0.0380859
0 0.170336 0.708008 0.0805664 0.0507812 0.0400391
0 0.173218 0.494141 0.991699 0.0253906 0.0166016
0 0.185883 0.616699 0.991211 0.0126953 0.015625
0 0.186729 0.0532227 0.463867 0.0107422 0.0234375
0 0.192454 0.402344 0.578613 0.0136719 0.0244141
0 0.19334 0.890137 0.451172 0.0322266 0.0429688
0 0.20131 0.739746 0.888184 0.0126953 0.0185547
0 0.205489 0.933594 0.817383 0.0332031 0.0273438
0 0.206195 0.216309 0.334961 0.0400391 0.0410156
0 0.218741 0.982422 0.81543 0.03125 0.046875
0 0.226969 0.621582 0.769531 0.0283203 0.0410156
0 0.228455 0.485352 0.958008 0.015625 0.0195312
0 0.233836 0.0268555 0.391602 0.0478516 0.0488281
0 0.235783 0.442871 0.941895 0.0185547 0.0263672
0 0.240365 0.716797 0.856934 0.0175781 0.0205078
0 0.24198 0.459473 0.434082 0.0166016 0.0263672
0 0.253334 0.373535 0.15332 0.0341797 0.0410156
0 0.254937 0.753906 0.831543 0.0351562 0.0283203
0 0.25738 0.577148 0.941406 0.03125 0.046875
0 0.268928 0.765625 0.0205078 0.0488281 0.0371094
0 0.273482 0.163574 0.670898 0.0263672 0.0390625
0 0.274454 0.461914 0.204102 0.0585938 0.0859375
0 0.27974 0.194336 0.830078 0.0566406 0.0664062
0 0.281511 0.522461 0.429688 0.0234375 0.0449219
0 0.292227 0.665527 0.890625 0.0146484 0.0195312
0 0.305655 0.172363 0.318359 0.0263672 0.0332031
0 0.322215 0.851074 0.817871 0.0400391 0.0869141
0 0.324432 0.622559 0.948242 0.0146484 0.0390625
0 0.325323 0.724609 0.922363 0.0175781 0.0283203
0 0.369266 0.376953 0.522461 0.0253906 0.0214844
0 0.413512 0.0732422 0.334961 0.0488281 0.0429688
0 0.414648 0.655762 0.956543 0.0341797 0.0283203
0 0.538932 0.0351562 0.367676 0.0371094 0.0595703
0 0.563275 0.111328 0.384766 0.0351562 0.0507812
