0 0.100051 0.367676 0.13623 0.0322266 0.0576172
0 0.100119 0.314453 0.0566406 0.0390625 0.0742188
0 0.100141 0.652344 0.118164 0.0253906 0.0390625
0 0.1008 0.646484 0.0126953 0.015625 0.0253906
0 0.100863 0.505859 0.0883789 0.03125 0.0341797
0 0.101268 0.691406 0.460938 0.0292969 0.0488281
0 0.101538 0.633789 0.0722656 0.0371094 0.0332031
0 0.101848 0.838867 0.390137 0.0390625 0.0732422
0 0.102013 0.107422 0.760254 0.0175781 0.0205078
0 0.102023 0.169434 0.684082 0.0185547 0.0263672
0 0.102269 0.72168 0.065918 0.0234375 0.0341797
0 0.102532 0.434082 0.381348 0.0361328 0.0576172
0 0.102746 0.726562 0.317871 0.0410156 0.0439453
0 0.102948 0.473145 0.842285 0.0439453 0.0556641
0 0.103234 0.154785 0.148438 0.0283203 0.0351562
0 0.104113 0.197266 0.16748 0.0214844 0.0283203
0 0.104421 0.53125 0.196289 0.0292969 0.0546875
0 0.104555 0.805664 0.589355 0.0566406 0.0517578
0 0.105573 0.21582 0.0322266 0.0351562 0.0332031
0 0.105587 0.276367 0.0878906 0.0527344 0.0546875
0 0.105709 0.448242 0.526367 0.0273438 0.0429688
0 0.105882 0.106934 0.251953 0.0341797 0.0332031
0 0.105918 0.33252 0.25 0.0224609 0.0351562
0 0.106023 0.229492 0.652832 0.0507812 0.0576172
0 0.10617 0.696289 0.573242 0.0234375 0.03125
0 0.106802 0.630859 0.191895 0.0234375 0.0517578
0 0.107263 0.453613 0.737305 0.0302734 0.0429688
0 0.107547 0.313477 0.28418 0.03125 0.0585938
0 0.107957 0.706543 0.319336 0.0263672 0.0351562
0 0.108246 0.567383 0.17041 0.0292969 0.0380859
0 0.108382 0.711426 0.291992 0.0263672 0.0449219
0 0.109661 0.244141 0.325684 0.0214844 0.0283203
0 0.111427 0.324707 0.780762 0.0341797 0.0478516
0 0.111661 0.339844 0.337402 0.0253906 0.0224609
0 0.112207 0.807129 0.470215 0.0380859 0.0517578
0 0.112211 0.702637 0.329102 0.0205078 0.0234375
0 0.112767 0.365234 0.895996 0.0371094 0.0400391
0 0.113545 0.345703 0.182617 0.0234375 0.03125
0 0.113916 0.665039 0.432617 0.0175781 0.03125
0 0.114075 0.192383 0.378418 0.0332031 0.0498047
0 0.114175 0.54541 0.174316 0.0283203 0.0400391
0 0.114181 0.217285 0.931641 0.0283203 0.0371094
0 0.1142 0.620117 0.117188 0.0332031 0.0253906
0 0.114621 0.298828 0.16748 0.015625 0.0205078
0 0.114887 0.568848 0.708008 0.0361328 0.0507812
0 0.114911 0.637207 0.824707 0.0419922 0.0556641
0 0.115208 0.263672 0.89502 0.0371094 0.0439453
0 0.115209 0.222168 0.0253906 0.0185547 0.0234375
0 0.115437 0.719727 0.623535 0.0292969 0.0380859
0 0.11649 0.413086 0.36377 0.0410156 0.0576172
0 0.116839 0.762695 0.58252 0.0410156 0.0498047
0 0.117771 0.789551 0.388184 0.0126953 0.0263672
0 0.117872 0.22998 0.186523 0.0361328 0.0527344
0 0.117905 0.467285 0.190918 0.0458984 0.0380859
0 0.118928 0.30127 0.115723 0.0283203 0.0556641
0 0.119717 0.250977 0.0419922 0.0390625 0.0488281
0 0.119725 0.415039 0.456543 0.015625 0.0283203
0 0.119953 0.214844 0.369629 0.0449219 0.0458984
0 0.1202 0.464844 0.366699 0.0351562 0.0712891
0 0.120557 0.375977 0.0522461 0.0253906 0.0458984
0 0.120892 0.494629 0.436035 0.0205078 0.0263672
0 0.120995 0.438477 0.391602 0.0195312 0.0214844
0 0.121843 0.744629 0.271973 0.0498047 0.0380859
0 0.122637 0.277832 0.334473 0.0263672 0.0380859
0 0.123183 0.446777 0.743164 0.0166016 0.0292969
0 0.123779 0.556641 0.171875 0.0371094 0.0449219
0 0.123911 0.466797 0.709961 0.0175781 0.0332031
0 0.124004 0.442871 0.287598 0.0302734 0.0419922
0 0.124013 0.344238 0.313477 0.0205078 0.03125
0 0.124227 0.675293 0.293945 0.0283203 0.0351562
0 0.124243 0.238281 0.300781 0.0429688 0.0507812
0 0.124975 0.710938 0.918457 0.0546875 0.0595703
0 0.125154 0.714355 0.432129 0.0126953 0.0205078
0 0.125455 0.571777 0.496094 0.0380859 0.0429688
0 0.126061 0.69043 0.169922 0.0371094 0.0371094
0 0.126083 0.231934 0.165039 0.0224609 0.0351562
0 0.126158 0.330078 0.762695 0.0664062 0.0605469
0 0.126162 0.409668 0.229492 0.0361328 0.0371094
0 0.126293 0.460938 0.855469 0.0136719 0.0410156
0 0.127231 0.29541 0.414062 0.0126953 0.0273438
0 0.128357 0.823242 0.253906 0.0566406 0.0488281
0 0.128847 0.326172 0.669922 0.0351562 0.0429688
0 0.129832 0.19043 0.35791 0.0273438 0.0478516
0 0.129882 0.492676 0.194336 0.0302734 0.0351562
0 0.132261 0.690918 0.578125 0.0185547 0.0273438
0 0.132556 0.678711 0.175781 0.0273438 0.0351562
0 0.132935 0.214355 0.664062 0.0380859 0.0664062
0 0.132983 0.441895 0.667969 0.0166016 0.0292969
0 0.133033 0.709961 0.0532227 0.0273438 0.0400391
0 0.133052 0.48291 0.338867 0.0166016 0.0234375
0 0.133588 0.68457 0.0195312 0.0253906 0.0332031
0 0.13381 0.601562 0.431152 0.0214844 0.0244141
0 0.133972 0.648438 0.342285 0.0117188 0.0283203
0 0.134127 0.161133 0.354004 0.0195312 0.0341797
0 0.135034 0.306152 0.901855 0.0224609 0.0400391
0 0.135216 0.335938 0.503418 0.0234375 0.0498047
0 0.135899 0.420898 0.230957 0.0292969 0.0283203
0 0.136997 0.467285 0.335938 0.0263672 0.0488281
0 0.137455 0.498047 0.0810547 0.0351562 0.0507812
0 0.138579 0.532715 0.816406 0.0185547 0.0234375
0 0.139082 0.517578 0.198242 0.046875 0.0585938
0 0.139097 0.569336 0.648926 0.0175781 0.0185547
0 0.139621 0.26416 0.827637 0.0166016 0.0361328
0 0.140889 0.71582 0.10791 0.0253906 0.0361328
0 0.141308 0.166992 0.359375 0.0273438 0.0507812
0 0.143353 0.395508 0.393555 0.0175781 0.0390625
0 0.143364 0.58252 0.663574 0.0107422 0.0244141
0 0.143404 0.685059 0.783691 0.0146484 0.0380859
0 0.143749 0.243652 0.639648 0.0517578 0.0683594
0 0.143936 0.729004 0.0161133 0.0400391 0.0302734
0 0.144026 0.566895 0.254395 0.0302734 0.0439453
0 0.145849 0.277344 0.160156 0.0136719 0.0195312
0 0.146224 0.644043 0.653809 0.0244141 0.0224609
0 0.146363 0.931641 0.333984 0.0820312 0.0527344
0 0.146607 0.800293 0.0634766 0.0751953 0.0839844
0 0.146836 0.41748 0.0439453 0.0654297 0.0644531
0 0.147675 0.70752 0.160156 0.0283203 0.0449219
0 0.149407 0.434082 0.358887 0.0302734 0.0595703
0 0.149575 0.465332 0.240234 0.0146484 0.0195312
0 0.149629 0.439941 0.516602 0.0283203 0.03125
0 0.150064 0.531738 0.384766 0.0126953 0.0234375
0 0.150482 0.472656 0.0932617 0.0175781 0.0263672
0 0.150608 0.529785 0.489258 0.0166016 0.0175781
0 0.1512 0.569336 0.20166 0.03125 0.0302734
0 0.152945 0.712891 0.366699 0.0117188 0.0224609
0 0.153361 0.634277 0.46582 0.0185547 0.0332031
0 0.153649 0.524414 0.756348 0.00976562 0.0283203
0 0.154831 0.635254 0.117676 0.0556641 0.0458984
0 0.155003 0.331055 0.364258 0.00976562 0.0195312
0 0.155705 0.507812 0.399414 0.0117188 0.0273438
0 0.155862 0.305176 0.00927734 0.0361328 0.0107422
0 0.156817 0.55127 0.587402 0.0107422 0.0166016
0 0.156875 0.845703 0.66748 0.0371094 0.0341797
0 0.157091 0.753906 0.571289 0.0253906 0.03125
0 0.157976 0.458008 0.282227 0.0332031 0.0292969
0 0.159424 0.864258 0.267578 0.0703125 0.0742188
0 0.159678 0.788086 0.593262 0.0390625 0.0400391
0 0.159678 0.706543 0.568359 0.0322266 0.0292969
0 0.160166 0.193848 0.332031 0.0244141 0.0449219
0 0.16048 0.303711 0.327148 0.0273438 0.0507812
0 0.160532 0.149414 0.433105 0.0566406 0.0517578
0 0.16091 0.842773 0.484863 0.0253906 0.0263672
0 0.161113 0.509766 0.38623 0.0136719 0.0166016
0 0.161454 0.744629 0.0131836 0.0302734 0.0263672
0 0.16243 0.687988 0.355957 0.0205078 0.0322266
0 0.162675 0.320312 0.0117188 0.0371094 0.015625
0 0.162787 0.236328 0.246094 0.015625 0.03125
0 0.164596 0.489258 0.157715 0.0351562 0.0595703
0 0.164611 0.205078 0.159668 0.0253906 0.0322266
0 0.164621 0.325684 0.23584 0.0166016 0.0224609
0 0.164707 0.71875 0.0200195 0.0292969 0.0322266
0 0.165235 0.326172 0.522461 0.0214844 0.0234375
0 0.165833 0.354004 0.177246 0.0283203 0.0302734
0 0.166483 0.426758 0.237793 0.015625 0.0244141
0 0.167344 0.288086 0.339355 0.0429688 0.0517578
0 0.167384 0.560059 0.83252 0.0380859 0.0458984
0 0.168142 0.330078 0.012207 0.0351562 0.0224609
0 0.168301 0.555176 0.695312 0.0263672 0.0371094
0 0.170174 0.611816 0.0712891 0.0419922 0.0351562
0 0.170883 0.293457 0.0664062 0.0263672 0.0292969
0 0.171875 0.334961 0.390137 0.03125 0.0537109
0 0.172299 0.706543 0.278809 0.0205078 0.0322266
0 0.17261 0.401367 0.352539 0.0175781 0.0351562
0 0.172926 0.31543 0.768555 0.0371094 0.046875
0 0.173009 0.810547 0.489258 0.0390625 0.0488281
0 0.173855 0.231934 0.84082 0.0322266 0.0273438
0 0.174843 0.320312 0.0400391 0.0351562 0.0488281
0 0.175906 0.182617 0.467773 0.0351562 0.0644531
0 0.176122 0.594238 0.390625 0.0185547 0.0234375
0 0.178404 0.653809 0.968262 0.0166016 0.0361328
0 0.178408 0.268555 0.355469 0.015625 0.0253906
0 0.179672 0.732422 0.722656 0.0292969 0.0273438
0 0.179855 0.839844 0.214355 0.0585938 0.0673828
0 0.1826 0.330078 0.027832 0.0527344 0.0498047
0 0.182707 0.312012 0.169922 0.0107422 0.0214844
0 0.183264 0.723145 0.941406 0.0400391 0.0371094
0 0.184111 0.266113 0.015625 0.0537109 0.0292969
0 0.185567 0.436523 0.629883 0.0292969 0.0234375
0 0.185938 0.254395 0.331543 0.0341797 0.0341797
0 0.186203 0.43457 0.511719 0.015625 0.0253906
0 0.186629 0.272461 0.483398 0.0253906 0.0429688
0 0.186744 0.840332 0.166504 0.0419922 0.0498047
0 0.190173 0.203613 0.0371094 0.0419922 0.0488281
0 0.190383 0.629883 0.762207 0.0273438 0.0302734
0 0.191381 0.354492 0.328613 0.0390625 0.0361328
0 0.192532 0.505859 0.43457 0.0371094 0.0292969
0 0.192904 0.555176 0.253906 0.0302734 0.0332031
0 0.193014 0.672852 0.0898438 0.0175781 0.0292969
0 0.193846 0.361816 0.741699 0.0341797 0.0537109
0 0.19405 0.404785 0.557129 0.0166016 0.0322266
0 0.194796 0.338867 0.015625 0.0605469 0.0253906
0 0.195044 0.416504 0.469238 0.0166016 0.0205078
0 0.19665 0.347168 0.0888672 0.0283203 0.0527344
0 0.19679 0.290527 0.493652 0.0439453 0.0439453
0 0.198003 0.218262 0.472168 0.0302734 0.0400391
0 0.199647 0.508789 0.391113 0.0175781 0.0283203
0 0.199798 0.778809 0.184082 0.0732422 0.0556641
0 0.200104 0.265137 0.496582 0.0205078 0.0263672
0 0.200943 0.694336 0.447754 0.0175781 0.0224609
0 0.202124 0.336914 0.402344 0.0234375 0.0273438
0 0.204367 0.175293 0.76123 0.0341797 0.0537109
0 0.204476 0.365723 0.237793 0.0126953 0.0205078
0 0.204788 0.0908203 0.339355 0.0625 0.0537109
0 0.205091 0.370605 0.0610352 0.0224609 0.0322266
0 0.206216 0.803711 0.176758 0.0273438 0.0351562
0 0.206937 0.191895 0.570801 0.0263672 0.0498047
0 0.209074 0.635742 0.0180664 0.0214844 0.0361328
0 0.209734 0.244629 0.163086 0.0322266 0.0371094
0 0.210937 0.358398 0.162109 0.0253906 0.0390625
0 0.211983 0.322754 0.413086 0.0126953 0.0175781
0 0.212222 0.567383 0.399414 0.0195312 0.0351562
0 0.212656 0.483398 0.895996 0.0234375 0.0224609
0 0.21411 0.186523 0.438965 0.0332031 0.0419922
0 0.21645 0.431641 0.776855 0.03125 0.0380859
0 0.216479 0.269043 0.205566 0.0380859 0.0380859
0 0.217992 0.546387 0.330078 0.0263672 0.0195312
0 0.218582 0.685059 0.491211 0.0224609 0.0253906
0 0.218967 0.541504 0.186035 0.0419922 0.0556641
0 0.220776 0.162598 0.737305 0.0595703 0.0449219
0 0.221194 0.500488 0.360352 0.0224609 0.0234375
0 0.22169 0.124023 0.410645 0.0371094 0.0556641
0 0.222524 0.460449 0.143555 0.0341797 0.0292969
0 0.224859 0.609375 0.919922 0.0390625 0.0507812
0 0.227126 0.564453 0.827148 0.0234375 0.0292969
0 0.227657 0.49707 0.844727 0.0214844 0.0390625
0 0.227658 0.517578 0.624023 0.0234375 0.0292969
0 0.230672 0.467773 0.330078 0.0175781 0.0292969
0 0.232699 0.120605 0.383789 0.0361328 0.0488281
0 0.234667 0.575195 0.0898438 0.0332031 0.0742188
0 0.23649 0.592773 0.43457 0.0117188 0.0234375
0 0.236952 0.712402 0.0361328 0.0341797 0.0585938
0 0.23806 0.230469 0.0795898 0.0136719 0.0341797
0 0.238352 0.516113 0.0810547 0.0517578 0.046875
0 0.238566 0.218262 0.912109 0.0341797 0.0644531
0 0.240991 0.283691 0.421387 0.0205078 0.0244141
0 0.241529 0.865723 0.235352 0.0830078 0.0546875
0 0.243136 0.384277 0.0405273 0.0380859 0.0419922
0 0.244822 0.148926 0.14209 0.0185547 0.0224609
0 0.245711 0.841797 0.181152 0.0605469 0.0595703
0 0.246817 0.5625 0.186523 0.0429688 0.0566406
0 0.247808 0.653809 0.0732422 0.0361328 0.0351562
0 0.248531 0.679199 0.172363 0.0166016 0.0244141
0 0.250531 0.810059 0.849121 0.0478516 0.0380859
0 0.253596 0.631348 0.444824 0.0244141 0.0283203
0 0.256747 0.189453 0.0356445 0.0332031 0.0576172
0 0.257346 0.227539 0.191406 0.0234375 0.0351562
0 0.257626 0.265625 0.335938 0.0390625 0.0410156
0 0.258356 0.440918 0.272949 0.0146484 0.0205078
0 0.26035 0.401855 0.220703 0.0185547 0.0292969
0 0.261813 0.479004 0.192871 0.0283203 0.0302734
0 0.262235 0.396484 0.407715 0.0214844 0.0205078
0 0.262721 0.0742188 0.448242 0.0429688 0.0507812
0 0.263085 0.695312 0.0170898 0.03125 0.0322266
0 0.263282 0.115234 0.394043 0.03125 0.0302734
0 0.263719 0.464355 0.722168 0.0283203 0.0498047
0 0.266555 0.436035 0.343262 0.0205078 0.0263672
0 0.269065 0.769043 0.976074 0.0302734 0.0419922
0 0.27128 0.422852 0.366211 0.015625 0.0253906
0 0.272662 0.541504 0.431152 0.0205078 0.0205078
0 0.273844 0.395508 0.379395 0.0175781 0.0322266
0 0.280403 0.390625 0.453125 0.00976562 0.03125
0 0.280804 0.0722656 0.343262 0.0273438 0.0556641
0 0.281577 0.870117 0.916504 0.0410156 0.0693359
0 0.281974 0.640137 0.839844 0.0322266 0.0527344
0 0.283583 0.75293 0.834961 0.0214844 0.03125
0 0.286176 0.394531 0.672363 0.0136719 0.0166016
0 0.287655 0.128418 0.370117 0.0302734 0.03125
0 0.292491 0.657715 0.882324 0.0341797 0.0498047
0 0.293535 0.231934 0.369141 0.0244141 0.0351562
0 0.29516 0.255371 0.903809 0.0341797 0.0341797
0 0.29735 0.481445 0.0454102 0.0429688 0.0751953
0 0.297521 0.29541 0.343262 0.0224609 0.0400391
0 0.297774 0.273926 0.472656 0.0185547 0.0253906
0 0.29912 0.478516 0.580078 0.0117188 0.0253906
0 0.302384 0.253906 0.366699 0.0429688 0.0498047
0 0.303376 0.428711 0.251465 0.015625 0.0263672
0 0.306194 0.230957 0.802734 0.0205078 0.0234375
0 0.306374 0.657715 0.177734 0.0322266 0.0488281
0 0.306393 0.608398 0.288574 0.0410156 0.0380859
0 0.315908 0.335449 0.198242 0.0205078 0.0332031
0 0.317391 0.578613 0.106445 0.0263672 0.0410156
0 0.318717 0.509277 0.583984 0.0205078 0.0273438
0 0.323453 0.341797 0.367676 0.0234375 0.0283203
0 0.324848 0.339844 0.491211 0.015625 0.03125
0 0.32591 0.182129 0.740234 0.0439453 0.0546875
0 0.327405 0.193359 0.84082 0.0390625 0.0410156
0 0.327577 0.522949 0.208984 0.0263672 0.0273438
0 0.328233 0.215332 0.477051 0.0166016 0.0302734
0 0.331848 0.34082 0.24707 0.0175781 0.0234375
0 0.333335 0.90332 0.137207 0.0488281 0.0693359
0 0.336503 0.463867 0.844238 0.0214844 0.0498047
0 0.33779 0.540039 0.394043 0.0214844 0.0244141
0 0.338149 0.833008 0.424805 0.0429688 0.0449219
0 0.33858 0.882812 0.222168 0.0449219 0.0341797
0 0.338965 0.429688 0.059082 0.0449219 0.0537109
0 0.340613 0.737305 0.460938 0.0351562 0.0390625
0 0.340728 0.239746 0.463379 0.0283203 0.0302734
0 0.341443 0.142578 0.730957 0.0253906 0.0361328
0 0.343201 0.835449 0.242676 0.0556641 0.0595703
0 0.346095 0.49707 0.555664 0.0136719 0.0195312
0 0.346145 0.564453 0.0166016 0.0214844 0.03125
0 0.347458 0.210449 0.119629 0.0322266 0.0263672
0 0.348896 0.364258 0.17041 0.0429688 0.0419922
0 0.348909 0.58252 0.720703 0.0322266 0.0371094
0 0.349704 0.524414 0.630859 0.015625 0.015625
0 0.355045 0.313965 0.27002 0.0205078 0.0302734
0 0.357956 0.694336 0.894043 0.0253906 0.0498047
0 0.359148 0.194336 0.324219 0.0195312 0.0253906
0 0.361181 0.302734 0.502441 0.03125 0.0380859
0 0.361708 0.399414 0.292969 0.0195312 0.03125
0 0.363073 0.864746 0.29248 0.0595703 0.0556641
0 0.372593 0.380371 0.178711 0.0302734 0.0253906
0 0.372943 0.524414 0.145996 0.0253906 0.0517578
0 0.381622 0.12207 0.307129 0.0390625 0.0400391
0 0.386701 0.561035 0.0805664 0.0361328 0.0673828
0 0.388906 0.171387 0.305176 0.0380859 0.0263672
0 0.389995 0.330566 0.40625 0.0244141 0.0273438
0 0.392119 0.128418 0.818848 0.0419922 0.0537109
0 0.397773 0.343262 0.321777 0.0322266 0.0439453
0 0.400124 0.660156 0.0214844 0.0214844 0.0253906
0 0.401711 0.717285 0.308594 0.0322266 0.0351562
0 0.401842 0.756348 0.512207 0.0341797 0.0419922
0 0.402511 0.336426 0.842773 0.0341797 0.0449219
0 0.403175 0.76709 0.291016 0.0771484 0.0742188
0 0.40697 0.663574 0.285645 0.0478516 0.0478516
0 0.407346 0.584473 0.500977 0.0419922 0.046875
0 0.408125 0.254883 0.0253906 0.046875 0.0488281
0 0.411397 0.899902 0.404785 0.0498047 0.0595703
0 0.411652 0.268555 0.809082 0.0273438 0.0693359
0 0.417583 0.811035 0.927734 0.0341797 0.0605469
0 0.420023 0.594727 0.0273438 0.0253906 0.0527344
0 0.423963 0.519531 0.0117188 0.0371094 0.0234375
0 0.426963 0.257812 0.090332 0.046875 0.0478516
0 0.427868 0.415527 0.177734 0.0185547 0.0253906
0 0.428515 0.221191 0.305176 0.0126953 0.0302734
0 0.431996 0.429688 0.955566 0.0410156 0.0673828
0 0.447455 0.618652 0.177246 0.0400391 0.0576172
0 0.448534 0.444824 0.183594 0.0185547 0.0214844
0 0.448725 0.720215 0.125 0.0341797 0.0644531
0 0.460713 0.11377 0.337402 0.0419922 0.0498047
0 0.463665 0.254395 0.291504 0.0458984 0.0361328
0 0.466706 0.183594 0.369141 0.0429688 0.0625
0 0.475842 0.138672 0.421387 0.0371094 0.0595703
0 0.488632 0.31543 0.31543 0.0253906 0.0410156
0 0.489013 0.179199 0.490723 0.0302734 0.0478516
0 0.489697 0.384277 0.114746 0.0380859 0.0537109
0 0.49912 0.623535 0.681641 0.0322266 0.03125
0 0.501449 0.367188 0.466797 0.0371094 0.03125
0 0.514862 0.537109 0.0717773 0.0449219 0.0556641
0 0.535759 0.758789 0.189941 0.0566406 0.0556641
0 0.560962 0.733887 0.931641 0.0556641 0.0507812
0 0.608326 0.730469 0.662598 0.0410156 0.0341797
0 0.61211 0.783203 0.0805664 0.0566406 0.0693359
0 0.642316 0.685059 0.125488 0.0283203 0.0537109
0 0.643118 0.162109 0.24707 0.0546875 0.0351562
