0 0.100031 0.230957 0.479004 0.0537109 0.0419922
0 0.100613 0.129883 0.325195 0.078125 0.0820312
0 0.100796 0.827148 0.692383 0.0175781 0.0253906
0 0.101038 0.0454102 0.547363 0.0732422 0.0693359
0 0.102132 0.353027 0.392578 0.0224609 0.0195312
0 0.102246 0.269531 0.287109 0.0332031 0.0429688
0 0.102744 0.791016 0.582031 0.0332031 0.0371094
0 0.102943 0.193848 0.589844 0.0576172 0.0742188
0 0.103182 0.723145 0.143555 0.0302734 0.0488281
0 0.103366 0.415527 0.61084 0.0283203 0.0302734
0 0.103683 0.236816 0.0625 0.0947266 0.0957031
0 0.105825 0.739746 0.683105 0.0205078 0.0302734
0 0.105962 0.398438 0.272949 0.0175781 0.0341797
0 0.106174 0.470215 0.262207 0.0244141 0.0244141
0 0.107044 0.663574 0.670898 0.0185547 0.0332031
0 0.107256 0.497559 0.871094 0.0107422 0.0292969
0 0.107959 0.731445 0.680176 0.0292969 0.0380859
0 0.108582 0.811523 0.682129 0.0410156 0.0400391
0 0.108986 0.634277 0.381348 0.0263672 0.0224609
0 0.110962 0.341797 0.0405273 0.0527344 0.0810547
0 0.111097 0.479004 0.0336914 0.0244141 0.0654297
0 0.111362 0.154297 0.338867 0.0410156 0.0449219
0 0.111542 0.709473 0.984375 0.0302734 0.03125
0 0.112258 0.293945 0.85791 0.046875 0.0576172
0 0.115499 0.394043 0.72998 0.0419922 0.0458984
0 0.116694 0.331055 0.0600586 0.0507812 0.0927734
0 0.116997 0.543457 0.799316 0.0244141 0.0302734
0 0.117077 0.415039 0.708984 0.0273438 0.0253906
0 0.117183 0.766602 0.685547 0.0273438 0.0195312
0 0.117581 0.119629 0.405273 0.0283203 0.0429688
0 0.118119 0.47168 0.355469 0.0351562 0.0332031
0 0.120131 0.499512 0.705078 0.0166016 0.03125
0 0.121194 0.874023 0.780762 0.0234375 0.0263672
0 0.123682 0.650879 0.0361328 0.0556641 0.0625
0 0.125748 0.602539 0.379883 0.0175781 0.0253906
0 0.126018 0.32959 0.0854492 0.0439453 0.0537109
0 0.126304 0.737305 0.285645 0.0664062 0.0498047
0 0.127591 0.321289 0.19873 0.015625 0.0283203
0 0.128082 0.248047 0.856934 0.0292969 0.0283203
0 0.130484 0.466309 0.345215 0.0361328 0.0400391
0 0.130532 0.661621 0.0449219 0.0966797 0.0839844
0 0.131584 0.263184 0.336426 0.0322266 0.0458984
0 0.133785 0.796875 0.588379 0.0234375 0.0263672
0 0.134305 0.22168 0.796875 0.0273438 0.0410156
0 0.13462 0.880859 0.686523 0.0507812 0.0449219
0 0.138022 0.141602 0.609863 0.03125 0.0576172
0 0.13911 0.216797 0.0844727 0.0742188 0.0556641
0 0.139865 0.426758 0.224121 0.0195312 0.0439453
0 0.141027 0.817383 0.889648 0.0195312 0.0195312
0 0.142117 0.509766 0.133789 0.0351562 0.0605469
0 0.143176 0.370117 0.739746 0.0410156 0.0380859
0 0.144682 0.665527 0.211914 0.0537109 0.0527344
0 0.145805 0.361816 0.0444336 0.0556641 0.0771484
0 0.146153 0.466309 0.331055 0.0146484 0.0273438
0 0.146337 0.214355 0.356445 0.0380859 0.0605469
0 0.148958 0.367676 0.585449 0.0419922 0.0654297
0 0.150525 0.479004 0.356445 0.0263672 0.0234375
0 0.1537 0.365723 0.374512 0.0126953 0.0263672
0 0.155714 0.430664 0.287598 0.0390625 0.0400391
0 0.156175 0.948242 0.703125 0.0664062 0.0585938
0 0.156201 0.306152 0.439941 0.0166016 0.0185547
0 0.156533 0.120117 0.125488 0.0273438 0.0322266
0 0.156702 0.206543 0.342285 0.0166016 0.0341797
0 0.157813 0.416992 0.283203 0.0429688 0.0429688
0 0.158836 0.758301 0.283203 0.0400391 0.0390625
0 0.158887 0.530273 0.318359 0.0136719 0.0195312
0 0.15908 0.110352 0.271973 0.0332031 0.0439453
0 0.160096 0.732422 0.943359 0.0410156 0.03125
0 0.160149 0.398926 0.385742 0.0224609 0.0332031
0 0.160181 0.404785 0.27832 0.0283203 0.0390625
0 0.162219 0.716309 0.28418 0.0361328 0.0605469
0 0.162562 0.615723 0.623047 0.0107422 0.0195312
0 0.162725 0.702148 0.462402 0.0253906 0.0263672
0 0.162866 0.408691 0.716309 0.0400391 0.0419922
0 0.169376 0.585938 0.0219727 0.0859375 0.0400391
0 0.171198 0.757812 0.227539 0.0253906 0.0332031
0 0.173503 0.569824 0.782715 0.0322266 0.0283203
0 0.174491 0.546387 0.901367 0.0224609 0.0371094
0 0.177774 0.268555 0.347656 0.0175781 0.0253906
0 0.179653 0.114258 0.339844 0.0488281 0.0605469
0 0.181038 0.381348 0.0654297 0.0361328 0.0605469
0 0.183137 0.51416 0.154297 0.0302734 0.0390625
0 0.185108 0.666992 0.412598 0.0332031 0.0693359
0 0.185271 0.443359 0.98584 0.0273438 0.0263672
0 0.185858 0.255371 0.853516 0.0537109 0.0410156
0 0.186169 0.510742 0.228027 0.0410156 0.0576172
0 0.186198 0.814941 0.741211 0.0576172 0.0585938
0 0.187359 0.0693359 0.183105 0.0742188 0.0791016
0 0.195678 0.620605 0.910156 0.0263672 0.0429688
0 0.19606 0.173828 0.143555 0.046875 0.0625
0 0.197532 0.208496 0.23291 0.0419922 0.0439453
0 0.198617 0.560059 0.646484 0.0205078 0.0351562
0 0.199814 0.319336 0.357422 0.0371094 0.0566406
0 0.200112 0.46582 0.710938 0.03125 0.0527344
0 0.202025 0.241699 0.153809 0.0478516 0.0595703
0 0.202312 0.729004 0.391113 0.0419922 0.0283203
0 0.202819 0.766602 0.634766 0.0195312 0.0351562
0 0.202962 0.517578 0.796875 0.015625 0.03125
0 0.203392 0.333984 0.741211 0.0332031 0.0292969
0 0.208319 0.549316 0.277344 0.0185547 0.0253906
0 0.209456 0.760254 0.355957 0.0341797 0.0419922
0 0.210411 0.112793 0.173828 0.0634766 0.0527344
0 0.210889 0.743164 0.601562 0.0273438 0.0488281
0 0.211369 0.308594 0.85791 0.0917969 0.0712891
0 0.212078 0.270996 0.305176 0.0478516 0.0712891
0 0.212926 0.671875 0.744629 0.0234375 0.0283203
0 0.213654 0.503418 0.113281 0.0361328 0.0410156
0 0.214447 0.366699 0.138672 0.0380859 0.0664062
0 0.214783 0.598633 0.0581055 0.0566406 0.0556641
0 0.215692 0.660645 0.39209 0.0322266 0.0654297
0 0.217467 0.676758 0.491699 0.015625 0.0166016
0 0.222009 0.494629 0.45752 0.0126953 0.0224609
0 0.223424 0.651367 0.694824 0.0234375 0.0244141
0 0.226647 0.710938 0.0654297 0.117188 0.109375
0 0.229691 0.840332 0.313965 0.0361328 0.0595703
0 0.235003 0.335938 0.0922852 0.0273438 0.0380859
0 0.236954 0.0820312 0.155762 0.0371094 0.0380859
0 0.239404 0.487793 0.179688 0.0205078 0.0195312
0 0.239449 0.551758 0.0976562 0.0390625 0.0644531
0 0.240232 0.780273 0.906738 0.0273438 0.0458984
0 0.243002 0.762695 0.120605 0.0976562 0.0849609
0 0.244587 0.493652 0.291504 0.0146484 0.0224609
0 0.248408 0.585938 0.975098 0.0234375 0.0439453
0 0.249048 0.725586 0.506348 0.015625 0.0283203
0 0.259552 0.69043 0.571289 0.015625 0.0214844
0 0.262341 0.36084 0.283203 0.0380859 0.0429688
0 0.276675 0.739746 0.614258 0.0205078 0.03125
0 0.279397 0.408203 0.34375 0.0253906 0.0332031
0 0.282076 0.420898 0.191895 0.0449219 0.0517578
0 0.283461 0.566895 0.318848 0.0185547 0.0322266
0 0.283972 0.338867 0.736328 0.0507812 0.0488281
0 0.288315 0.452148 0.346191 0.0273438 0.0341797
0 0.29296 0.310059 0.257812 0.0322266 0.0546875
0 0.316773 0.428711 0.212402 0.0332031 0.0537109
0 0.321071 0.556152 0.0327148 0.0732422 0.0634766
0 0.326615 0.242188 0.225586 0.0410156 0.0507812
0 0.329076 0.804199 0.64502 0.0283203 0.0341797
0 0.329771 0.495117 0.624512 0.03125 0.0400391
0 0.330708 0.640137 0.518066 0.0283203 0.0400391
0 0.333907 0.618652 0.0390625 0.0927734 0.078125
0 0.334963 0.597656 0.70459 0.0253906 0.0263672
0 0.354005 0.155762 0.268555 0.0498047 0.0625
0 0.354617 0.589355 0.156738 0.0302734 0.0439453
0 0.356949 0.669922 0.0825195 0.0488281 0.0869141
0 0.36161 0.090332 0.167969 0.0478516 0.0546875
0 0.367004 0.0581055 0.277832 0.0673828 0.0771484
0 0.37916 0.568359 0.392578 0.0449219 0.0371094
0 0.401642 0.365234 0.729492 0.0761719 0.0566406
0 0.427446 0.53418 0.0532227 0.0507812 0.0654297
0 0.43491 0.656738 0.683105 0.0322266 0.0458984
0 0.438199 0.623047 0.451172 0.0253906 0.0234375
0 0.438724 0.254883 0.700195 0.0722656 0.0742188
0 0.462324 0.676758 0.435547 0.0292969 0.0410156
0 0.470414 0.333008 0.862305 0.0429688 0.0683594
0 0.486184 0.302734 0.756836 0.0371094 0.0429688
0 0.555418 0.0463867 0.200684 0.0595703 0.0830078
0 0.558842 0.438477 0.0830078 0.0410156 0.0371094
