0 0.108388 0.580566 0.27832 0.0126953 0.015625
0 0.108658 0.166992 0.297852 0.046875 0.0390625
0 0.108666 0.629883 0.0571289 0.0234375 0.0439453
0 0.109027 0.43457 0.345215 0.015625 0.0166016
0 0.111029 0.543457 0.0380859 0.0166016 0.0292969
0 0.112113 0.462402 0.0463867 0.0458984 0.0478516
0 0.120037 0.972656 0.223145 0.0488281 0.0673828
0 0.122524 0.228027 0.150879 0.0224609 0.0380859
0 0.126744 0.32373 0.0507812 0.0126953 0.0292969
0 0.132365 0.34668 0.191406 0.0078125 0.0214844
0 0.136393 0.383789 0.341797 0.00976562 0.015625
0 0.139577 0.553711 0.366211 0.0273438 0.0214844
0 0.163303 0.458496 0.110352 0.0205078 0.0234375
0 0.183821 0.623535 0.205566 0.0126953 0.0302734
0 0.22005 0.193848 0.526367 0.0380859 0.0292969
0 0.249955 0.416016 0.0488281 0.0253906 0.0546875
0 0.254285 0.825195 0.237305 0.0273438 0.0605469
0 0.267213 0.46875 0.338867 0.0292969 0.0429688
0 0.267499 0.518066 0.418457 0.0244141 0.0263672
