0 0.100003 0.180176 0.512695 0.0146484 0.0195312
0 0.100977 0.187012 0.599609 0.0400391 0.0390625
0 0.101853 0.129883 0.164062 0.0273438 0.0351562
0 0.103644 0.144043 0.0170898 0.0439453 0.0283203
0 0.104712 0.139648 0.493652 0.03125 0.0595703
0 0.105095 0.598145 0.241211 0.0244141 0.03125
0 0.105759 0.332031 0.206055 0.0351562 0.0449219
0 0.105821 0.050293 0.0668945 0.0322266 0.0419922
0 0.106124 0.0180664 0.0263672 0.0302734 0.0273438
0 0.106721 0.13916 0.145508 0.0654297 0.0546875
0 0.106775 0.203125 0.0229492 0.0390625 0.0419922
0 0.107955 0.193359 0.205078 0.0292969 0.0527344
0 0.108652 0.220215 0.247559 0.0166016 0.0361328
0 0.108866 0.216797 0.200684 0.0449219 0.0419922
0 0.110385 0.235352 0.288086 0.0175781 0.0214844
0 0.111174 0.230469 0.361328 0.0429688 0.0605469
0 0.111708 0.342773 0.0541992 0.015625 0.0224609
0 0.111747 0.180176 0.275391 0.0166016 0.0410156
0 0.111847 0.194824 0.269531 0.0283203 0.0429688
0 0.112938 0.370605 0.185547 0.0224609 0.0273438
0 0.112982 0.199707 0.17334 0.0205078 0.0224609
0 0.113362 0.1875 0.215332 0.0234375 0.0263672
0 0.116491 0.435547 0.0693359 0.0136719 0.0273438
0 0.116581 0.351074 0.0395508 0.0166016 0.0439453
0 0.117248 0.117188 0.139648 0.0234375 0.0351562
0 0.117347 0.412109 0.283203 0.0175781 0.0195312
0 0.123129 0.294434 0.216797 0.0224609 0.0292969
0 0.124847 0.234375 0.189941 0.0234375 0.0361328
0 0.126921 0.318359 0.0126953 0.0136719 0.0253906
0 0.127527 0.244629 0.268066 0.0263672 0.0458984
0 0.128286 0.115234 0.0380859 0.0585938 0.0507812
0 0.129244 0.206055 0.188965 0.0449219 0.0556641
0 0.129301 0.321289 0.352539 0.0136719 0.0292969
0 0.132292 0.385254 0.267578 0.0126953 0.03125
0 0.133345 0.625 0.0175781 0.0234375 0.03125
0 0.136143 0.364746 0.228027 0.0146484 0.0283203
0 0.138595 0.237793 0.181641 0.0146484 0.0253906
0 0.13892 0.0961914 0.217285 0.0244141 0.0458984
0 0.139174 0.333984 0.188477 0.0332031 0.0488281
0 0.140543 0.417969 0.327637 0.0273438 0.0322266
0 0.141892 0.115723 0.0205078 0.0791016 0.0390625
0 0.142312 0.240234 0.0175781 0.0234375 0.0332031
0 0.14236 0.192871 0.0844727 0.0205078 0.0185547
0 0.150988 0.157227 0.207031 0.0214844 0.0449219
0 0.151712 0.22998 0.553223 0.0224609 0.0322266
0 0.153093 0.587402 0.0668945 0.0146484 0.0205078
0 0.1546 0.213867 0.261719 0.0253906 0.0546875
0 0.156342 0.331055 0.211914 0.0175781 0.0292969
0 0.157295 0.459961 0.391113 0.015625 0.0341797
0 0.160741 0.316406 0.282227 0.0136719 0.0253906
0 0.165401 0.427734 0.435547 0.0175781 0.0214844
0 0.166254 0.13623 0.517578 0.0361328 0.0644531
0 0.167884 0.166016 0.341797 0.0214844 0.0371094
0 0.168428 0.32959 0.0478516 0.0205078 0.0253906
0 0.170485 0.265137 0.187988 0.0185547 0.0263672
0 0.178084 0.21582 0.015625 0.03125 0.0292969
0 0.183973 0.132812 0.043457 0.0390625 0.0380859
0 0.185238 0.433105 0.202148 0.0107422 0.015625
0 0.186236 0.828125 0.20752 0.0253906 0.0302734
0 0.192854 0.355469 0.019043 0.015625 0.0341797
0 0.195832 0.339844 0.17627 0.0195312 0.0283203
0 0.207979 0.097168 0.0458984 0.0244141 0.0292969
0 0.209601 0.275391 0.366211 0.0253906 0.0214844
0 0.210866 0.772461 0.254395 0.0273438 0.0302734
0 0.21203 0.643066 0.181641 0.0126953 0.0175781
0 0.214532 0.375488 0.191406 0.0185547 0.0253906
0 0.215181 0.130371 0.0498047 0.0224609 0.03125
0 0.215673 0.287109 0.152344 0.0136719 0.0175781
0 0.220237 0.619141 0.234863 0.0136719 0.0185547
0 0.223009 0.351074 0.138184 0.0146484 0.0205078
0 0.224866 0.187012 0.0302734 0.0419922 0.0527344
0 0.22767 0.13916 0.227051 0.0224609 0.0302734
0 0.23588 0.238281 0.28125 0.0253906 0.0351562
0 0.263024 0.325684 0.00830078 0.0224609 0.0166016
0 0.271914 0.40332 0.158691 0.0214844 0.0283203
0 0.272448 0.164062 0.248047 0.0175781 0.0332031
0 0.276033 0.368164 0.160156 0.015625 0.0214844
0 0.278145 0.200684 0.182129 0.0244141 0.0458984
0 0.279595 0.134277 0.26123 0.0205078 0.0341797
0 0.281059 0.357422 0.074707 0.0234375 0.0263672
0 0.287185 0.242188 0.0668945 0.0292969 0.0361328
0 0.289304 0.270996 0.027832 0.00683594 0.0205078
0 0.307823 0.229492 0.197266 0.0253906 0.03125
0 0.323097 0.326172 0.0791016 0.0136719 0.0351562
0 0.331091 0.390625 0.121582 0.015625 0.0380859
0 0.365165 0.161621 0.141113 0.0380859 0.0419922
0 0.366886 0.248535 0.105469 0.0205078 0.0273438
0 0.389945 0.220215 0.244629 0.00878906 0.0283203
0 0.397616 0.314941 0.154297 0.0185547 0.0449219
0 0.407934 0.402832 0.209961 0.0205078 0.0234375
0 0.41516 0.249023 0.155273 0.0195312 0.0253906
0 0.434032 0.123535 0.151855 0.0322266 0.0498047
0 0.494748 0.280762 0.0844727 0.0224609 0.0341797
