0 0.10321 0.39502 0.043457 0.0205078 0.0263672
0 0.107415 0.532715 0.324707 0.00878906 0.0205078
0 0.109429 0.496094 0.325684 0.0175781 0.0205078
0 0.111879 0.470703 0.265137 0.0253906 0.0185547
0 0.112723 0.472168 0.097168 0.0595703 0.0576172
0 0.116363 0.933105 0.297363 0.0478516 0.0419922
0 0.123855 0.546875 0.382812 0.0234375 0.0273438
0 0.12555 0.788086 0.133301 0.0449219 0.0595703
0 0.127129 0.432129 0.034668 0.0537109 0.0615234
0 0.128926 0.421387 0.53125 0.0244141 0.0332031
0 0.130336 0.46875 0.199219 0.0253906 0.0351562
0 0.141509 0.436035 0.138672 0.0419922 0.0488281
0 0.143692 0.282227 0.17041 0.03125 0.0458984
0 0.143991 0.481445 0.414062 0.015625 0.0273438
0 0.145457 0.939453 0.340332 0.0507812 0.0419922
0 0.146568 0.218262 0.0874023 0.0419922 0.0498047
0 0.151681 0.809082 0.253906 0.0419922 0.0351562
0 0.15896 0.369629 0.342285 0.0263672 0.0498047
0 0.18855 0.538574 0.0268555 0.0556641 0.0537109
0 0.227417 0.466309 0.341309 0.0166016 0.0361328
