0 0.100114 0.378418 0.128906 0.0400391 0.0625
0 0.10126 0.565918 0.110352 0.0224609 0.0410156
0 0.104193 0.572754 0.62207 0.0205078 0.0351562
0 0.105082 0.563965 0.210449 0.0634766 0.0908203
0 0.106088 0.465332 0.897949 0.0205078 0.0244141
0 0.107231 0.294434 0.830078 0.0244141 0.0332031
0 0.108207 0.129883 0.486816 0.107422 0.0927734
0 0.108314 0.683594 0.635254 0.0351562 0.0400391
0 0.109352 0.504883 0.431641 0.0410156 0.0546875
0 0.111995 0.215332 0.511719 0.0107422 0.0214844
0 0.11328 0.615723 0.241699 0.0322266 0.0341797
0 0.113801 0.967285 0.522949 0.0595703 0.0498047
0 0.114802 0.338867 0.129883 0.0507812 0.0683594
0 0.115282 0.408691 0.332031 0.0458984 0.0566406
0 0.11718 0.672363 0.650391 0.0400391 0.0410156
0 0.118196 0.485352 0.724121 0.0195312 0.0244141
0 0.118627 0.523926 0.71875 0.0166016 0.0371094
0 0.118929 0.615234 0.0576172 0.0585938 0.0859375
0 0.119575 0.432617 0.553223 0.0234375 0.0439453
0 0.121501 0.111328 0.338867 0.0585938 0.0488281
0 0.121924 0.383789 0.532227 0.03125 0.0371094
0 0.123889 0.157227 0.331055 0.0371094 0.0449219
0 0.125515 0.60498 0.619629 0.0498047 0.0419922
0 0.127529 0.372559 0.128418 0.0205078 0.0537109
0 0.127551 0.131836 0.605957 0.0351562 0.0419922
0 0.127646 0.257812 0.102051 0.0371094 0.0537109
0 0.128709 0.839844 0.405762 0.0429688 0.0478516
0 0.130156 0.579102 0.0844727 0.0644531 0.0498047
0 0.131035 0.337402 0.592285 0.0205078 0.0517578
0 0.13185 0.418457 0.776855 0.0283203 0.0361328
0 0.134069 0.142578 0.282227 0.0273438 0.03125
0 0.134993 0.344238 0.550293 0.0205078 0.0283203
0 0.13552 0.291016 0.164551 0.0527344 0.0771484
0 0.136622 0.682617 0.209961 0.0996094 0.0976562
0 0.137144 0.346191 0.199219 0.0361328 0.0527344
0 0.13903 0.416016 0.831055 0.0136719 0.0292969
0 0.13975 0.390625 0.321777 0.0292969 0.0439453
0 0.142846 0.535156 0.240723 0.0351562 0.0498047
0 0.14374 0.234375 0.596191 0.0195312 0.0166016
0 0.144504 0.10791 0.704102 0.0400391 0.0429688
0 0.145125 0.298828 0.574707 0.0253906 0.0439453
0 0.147274 0.562012 0.121094 0.0400391 0.0488281
0 0.155361 0.566406 0.0795898 0.0351562 0.0380859
0 0.156091 0.495605 0.912598 0.0283203 0.0400391
0 0.156468 0.609375 0.237305 0.0507812 0.0507812
0 0.156998 0.835938 0.569824 0.046875 0.0322266
0 0.157837 0.607422 0.964844 0.03125 0.0546875
0 0.158382 0.592285 0.631348 0.0595703 0.0576172
0 0.160899 0.211426 0.285156 0.0458984 0.0410156
0 0.166327 0.603516 0.89209 0.0292969 0.0380859
0 0.169723 0.608398 0.943848 0.0175781 0.0224609
0 0.170811 0.0966797 0.241699 0.0371094 0.0400391
0 0.171841 0.70459 0.230957 0.0517578 0.0478516
0 0.172065 0.441895 0.260742 0.0322266 0.0390625
0 0.172261 0.150391 0.688965 0.0214844 0.0302734
0 0.175439 0.647461 0.693359 0.03125 0.0488281
0 0.175938 0.619629 0.0341797 0.0478516 0.0605469
0 0.176703 0.401855 0.106934 0.0341797 0.0751953
0 0.179942 0.512695 0.317871 0.0527344 0.0341797
0 0.183366 0.666016 0.655273 0.0234375 0.0292969
0 0.184774 0.287109 0.828125 0.0175781 0.03125
0 0.187694 0.451172 0.864258 0.0195312 0.0371094
0 0.191671 0.419434 0.984375 0.0361328 0.0292969
0 0.192764 0.229004 0.338867 0.0302734 0.0429688
0 0.195783 0.364258 0.473145 0.0449219 0.0439453
0 0.197012 0.0786133 0.825684 0.0361328 0.0283203
0 0.1989 0.390137 0.52002 0.0400391 0.0478516
0 0.199351 0.618652 0.350098 0.0419922 0.0498047
0 0.202675 0.505859 0.191406 0.0332031 0.0292969
0 0.204436 0.232422 0.626953 0.0253906 0.0273438
0 0.208183 0.213867 0.191895 0.0390625 0.0458984
0 0.212653 0.313965 0.526367 0.0185547 0.0273438
0 0.214959 0.648438 0.209961 0.0507812 0.0605469
0 0.220159 0.407715 0.26416 0.0400391 0.0322266
0 0.227931 0.379395 0.983887 0.0634766 0.0302734
0 0.229739 0.582031 0.876465 0.0253906 0.0478516
0 0.23058 0.64209 0.608398 0.0283203 0.0449219
0 0.234491 0.404785 0.0268555 0.0615234 0.0517578
0 0.237955 0.658691 0.706543 0.0302734 0.0302734
0 0.242284 0.526855 0.015625 0.0439453 0.03125
0 0.243084 0.137695 0.26709 0.0371094 0.0537109
0 0.248232 0.336426 0.581543 0.0341797 0.0634766
0 0.252903 0.348633 0.717773 0.0175781 0.0234375
0 0.262404 0.544434 0.117188 0.0322266 0.0371094
0 0.262898 0.59375 0.212402 0.0664062 0.100586
0 0.277703 0.391113 0.936523 0.0244141 0.0332031
0 0.286306 0.71582 0.19043 0.0507812 0.0644531
0 0.288167 0.548828 0.718262 0.0175781 0.0205078
0 0.298643 0.654785 0.278809 0.0439453 0.0439453
0 0.300261 0.432129 0.538086 0.0244141 0.0390625
0 0.300875 0.277344 0.609863 0.0214844 0.0439453
0 0.302157 0.344238 0.563965 0.0263672 0.0478516
0 0.305401 0.410156 0.768066 0.0390625 0.0361328
0 0.312317 0.430176 0.265137 0.0634766 0.0439453
0 0.315165 0.708984 0.974121 0.0273438 0.0458984
0 0.343407 0.145996 0.619629 0.0322266 0.0400391
0 0.34854 0.241699 0.567383 0.0185547 0.0253906
0 0.365149 0.728516 0.760254 0.0371094 0.0556641
0 0.398554 0.31543 0.230957 0.0332031 0.0322266
0 0.442058 0.727051 0.283203 0.0595703 0.0507812
0 0.443064 0.174805 0.165527 0.0371094 0.0654297
0 0.456876 0.195312 0.637207 0.0429688 0.0400391
0 0.4747 0.298828 0.566406 0.0175781 0.0292969
0 0.482614 0.458984 0.0629883 0.046875 0.0634766
0 0.48459 0.495605 0.84668 0.0302734 0.0449219
0 0.53717 0.822266 0.396973 0.0742188 0.0810547
0 0.598566 0.177246 0.25293 0.0244141 0.046875
0 0.615529 0.570801 0.946289 0.0205078 0.0429688
0 0.688392 0.719238 0.530273 0.0517578 0.046875
