0 0.100935 0.0419922 0.0932617 0.046875 0.0654297
0 0.101518 0.89209 0.331543 0.0380859 0.0458984
0 0.10246 0.27832 0.512695 0.0195312 0.0292969
0 0.10271 0.169922 0.320801 0.0273438 0.0361328
0 0.103314 0.164551 0.0654297 0.0615234 0.0585938
0 0.104652 0.176758 0.314453 0.0175781 0.0332031
0 0.104771 0.171387 0.177246 0.0322266 0.0458984
0 0.105299 0.20752 0.473145 0.0322266 0.0322266
0 0.107113 0.11377 0.28418 0.0185547 0.0253906
0 0.108522 0.712402 0.384277 0.0322266 0.0263672
0 0.108796 0.851562 0.54541 0.0195312 0.0185547
0 0.110447 0.76416 0.0913086 0.0166016 0.0263672
0 0.110508 0.523438 0.291504 0.0273438 0.0341797
0 0.111988 0.197266 0.380371 0.0136719 0.0166016
0 0.112722 0.528809 0.537109 0.0283203 0.03125
0 0.112888 0.133789 0.455566 0.0195312 0.0322266
0 0.113682 0.771973 0.21875 0.0146484 0.0253906
0 0.113743 0.27832 0.306641 0.015625 0.0234375
0 0.11409 0.26416 0.0117188 0.0126953 0.0234375
0 0.114099 0.181152 0.388672 0.0126953 0.0175781
0 0.114205 0.154297 0.41748 0.0253906 0.0283203
0 0.11464 0.310059 0.202148 0.0244141 0.0214844
0 0.117007 0.742676 0.521484 0.0166016 0.0234375
0 0.117191 0.517578 0.131348 0.0136719 0.0205078
0 0.117652 0.318359 0.0214844 0.0136719 0.0253906
0 0.117699 0.749023 0.15625 0.0136719 0.0273438
0 0.117769 0.684082 0.112793 0.0146484 0.0322266
0 0.118402 0.872559 0.618652 0.0283203 0.0205078
0 0.119405 0.773438 0.14502 0.0136719 0.0283203
0 0.119783 0.454102 0.243164 0.0136719 0.0292969
0 0.120715 0.922852 0.192383 0.0195312 0.0175781
0 0.126185 0.116211 0.439941 0.0195312 0.0283203
0 0.126439 0.169434 0.280273 0.0224609 0.0332031
0 0.127642 0.767578 0.172852 0.015625 0.015625
0 0.128597 0.81543 0.25 0.015625 0.0234375
0 0.129747 0.695312 0.0522461 0.0195312 0.0205078
0 0.13017 0.75293 0.417969 0.015625 0.0292969
0 0.130402 0.249512 0.138184 0.0205078 0.0400391
0 0.130928 0.473633 0.208008 0.0253906 0.0292969
0 0.133959 0.172852 0.219727 0.03125 0.0429688
0 0.135114 0.171875 0.117676 0.03125 0.0380859
0 0.135247 0.784668 0.149902 0.0205078 0.0205078
0 0.136548 0.742676 0.224609 0.0126953 0.0214844
0 0.138369 0.389648 0.196289 0.0195312 0.03125
0 0.140905 0.404785 0.012207 0.0126953 0.0205078
0 0.143155 0.774902 0.414551 0.0146484 0.0185547
0 0.143615 0.708984 0.438477 0.0195312 0.0234375
0 0.144132 0.885254 0.669922 0.0244141 0.0292969
0 0.145159 0.813477 0.0244141 0.0136719 0.0253906
0 0.145962 0.394531 0.200684 0.0136719 0.0224609
0 0.147799 0.130371 0.404785 0.0185547 0.0283203
0 0.147929 0.810059 0.178711 0.0126953 0.0195312
0 0.148694 0.522461 0.486816 0.015625 0.0244141
0 0.150598 0.738281 0.205078 0.015625 0.0234375
0 0.154709 0.466797 0.173828 0.0175781 0.0292969
0 0.154899 0.319336 0.483887 0.0371094 0.0361328
0 0.155207 0.797852 0.350586 0.0175781 0.0234375
0 0.155459 0.657715 0.270996 0.0205078 0.0185547
0 0.157143 0.121094 0.272949 0.0253906 0.0361328
0 0.158911 0.263184 0.327637 0.0166016 0.0380859
0 0.15932 0.267578 0.532715 0.03125 0.0244141
0 0.161405 0.212891 0.0136719 0.0214844 0.0234375
0 0.161977 0.473633 0.157227 0.015625 0.0234375
0 0.163656 0.329102 0.0942383 0.0175781 0.0322266
0 0.166079 0.848633 0.139648 0.0332031 0.0449219
0 0.166952 0.898438 0.242676 0.0214844 0.0263672
0 0.167889 0.216797 0.266113 0.0234375 0.0322266
0 0.170553 0.716797 0.23291 0.0234375 0.0302734
0 0.171511 0.319824 0.538086 0.0263672 0.0332031
0 0.174436 0.805176 0.429688 0.0146484 0.0273438
0 0.175369 0.461914 0.266602 0.0292969 0.0488281
0 0.176802 0.0649414 0.176758 0.0263672 0.0546875
0 0.180266 0.941406 0.713867 0.0410156 0.0332031
0 0.180293 0.277832 0.520996 0.0283203 0.0419922
0 0.181636 0.471191 0.102051 0.0166016 0.0185547
0 0.182449 0.0917969 0.199219 0.0234375 0.0214844
0 0.183942 0.302734 0.320801 0.015625 0.0185547
0 0.185074 0.243652 0.356934 0.0302734 0.0302734
0 0.188284 0.341797 0.212402 0.0136719 0.0205078
0 0.195468 0.265625 0.319824 0.0136719 0.0263672
0 0.196656 0.709473 0.214844 0.0185547 0.0332031
0 0.201458 0.232422 0.470215 0.0214844 0.0205078
0 0.201869 0.265137 0.418457 0.0185547 0.0185547
0 0.205235 0.760254 0.233398 0.0205078 0.0273438
0 0.206906 0.17627 0.175781 0.0185547 0.0332031
0 0.209216 0.208496 0.305664 0.0224609 0.0351562
0 0.214445 0.400879 0.294434 0.0146484 0.0361328
0 0.216876 0.282715 0.0751953 0.0478516 0.0488281
0 0.21758 0.842773 0.245605 0.0234375 0.0283203
0 0.224429 0.78125 0.283691 0.015625 0.0322266
0 0.226813 0.242188 0.171387 0.0273438 0.0283203
0 0.227408 0.293945 0.135742 0.0253906 0.0507812
0 0.229087 0.345703 0.0151367 0.0234375 0.0302734
0 0.242034 0.726074 0.0791016 0.0205078 0.0371094
0 0.246899 0.424805 0.36377 0.0136719 0.0244141
0 0.247277 0.321777 0.413086 0.0166016 0.0214844
0 0.249075 0.131836 0.0151367 0.0566406 0.0283203
0 0.252504 0.282715 0.112305 0.0244141 0.0390625
0 0.257725 0.723633 0.380859 0.0292969 0.0234375
0 0.258284 0.40625 0.223145 0.0117188 0.0205078
0 0.265427 0.282715 0.458984 0.0302734 0.0253906
0 0.272895 0.0532227 0.0454102 0.0361328 0.0341797
0 0.273851 0.287109 0.0224609 0.015625 0.0351562
0 0.277926 0.305664 0.256348 0.0234375 0.0244141
0 0.280193 0.697266 0.154785 0.0175781 0.0224609
0 0.280929 0.294434 0.143066 0.0166016 0.0283203
0 0.287374 0.418457 0.279785 0.0146484 0.0166016
0 0.293104 0.216309 0.483887 0.0439453 0.0537109
0 0.294241 0.379883 0.543457 0.0214844 0.0244141
0 0.294255 0.793945 0.202637 0.0214844 0.0224609
0 0.294729 0.567383 0.289551 0.0449219 0.0439453
0 0.296081 0.175781 0.53125 0.0253906 0.03125
0 0.296234 0.898926 0.282715 0.0166016 0.0419922
0 0.302264 0.342285 0.398438 0.0302734 0.0449219
0 0.318615 0.466309 0.212402 0.0126953 0.0283203
0 0.321255 0.430176 0.112305 0.0341797 0.03125
0 0.333252 0.470703 0.166504 0.0234375 0.0361328
0 0.335319 0.282715 0.226562 0.0146484 0.0195312
0 0.341265 0.38916 0.0419922 0.0419922 0.0449219
0 0.364057 0.483887 0.20459 0.0166016 0.0322266
0 0.370877 0.46875 0.059082 0.0195312 0.0341797
0 0.374193 0.674805 0.244629 0.0214844 0.0322266
0 0.378389 0.284668 0.105957 0.0400391 0.0732422
0 0.400777 0.0878906 0.253906 0.0410156 0.0429688
0 0.414129 0.83252 0.0805664 0.0380859 0.0439453
0 0.43555 0.76416 0.0375977 0.0361328 0.0576172
0 0.471453 0.0605469 0.321777 0.046875 0.0380859
0 0.47528 0.85791 0.679199 0.0185547 0.0478516
0 0.494148 0.244141 0.22998 0.0351562 0.0419922
