0 0.100798 0.54834 0.464844 0.0107422 0.0175781
0 0.101904 0.0839844 0.115234 0.0390625 0.046875
0 0.102138 0.367188 0.00976562 0.0605469 0.015625
0 0.102731 0.623535 0.141113 0.0380859 0.0498047
0 0.102765 0.289062 0.0371094 0.0644531 0.0722656
0 0.103138 0.427734 0.015625 0.0332031 0.03125
0 0.104098 0.742676 0.152832 0.0205078 0.0283203
0 0.104116 0.440918 0.213867 0.0517578 0.0566406
0 0.104162 0.333008 0.11377 0.0800781 0.166992
0 0.104176 0.667969 0.0161133 0.0566406 0.0283203
0 0.105386 0.384766 0.691406 0.0175781 0.0273438
0 0.105403 0.600586 0.392578 0.0273438 0.0292969
0 0.106211 0.629395 0.0244141 0.0537109 0.0410156
0 0.10627 0.0317383 0.13916 0.0634766 0.0791016
0 0.108454 0.77002 0.399902 0.0283203 0.0400391
0 0.108523 0.658691 0.549805 0.0185547 0.0292969
0 0.108626 0.759766 0.869629 0.0527344 0.0556641
0 0.109124 0.0541992 0.504395 0.0244141 0.0224609
0 0.110066 0.636719 0.0825195 0.0175781 0.0361328
0 0.110202 0.719727 0.0996094 0.0214844 0.0332031
0 0.111049 0.123535 0.0932617 0.0244141 0.0419922
0 0.111272 0.480469 0.451172 0.0195312 0.0253906
0 0.11281 0.397461 0.256348 0.0429688 0.0478516
0 0.115687 0.645508 0.206543 0.03125 0.0595703
0 0.11601 0.103027 0.027832 0.0400391 0.0517578
0 0.116901 0.174316 0.0664062 0.0146484 0.0351562
0 0.11695 0.595703 0.177246 0.0351562 0.0263672
0 0.11756 0.6875 0.590332 0.03125 0.0302734
0 0.118912 0.537598 0.043457 0.0810547 0.0849609
0 0.119624 0.212891 0.505371 0.015625 0.0224609
0 0.12 0.152344 0.290039 0.0292969 0.0449219
0 0.120372 0.413574 0.0634766 0.0361328 0.0410156
0 0.122835 0.0966797 0.0878906 0.0390625 0.0722656
0 0.123328 0.664551 0.197266 0.0458984 0.0605469
0 0.124205 0.468262 0.847656 0.0244141 0.0292969
0 0.124377 0.324707 0.160156 0.0380859 0.0527344
0 0.12449 0.269043 0.286133 0.0693359 0.0683594
0 0.125242 0.212891 0.0849609 0.0292969 0.0605469
0 0.126202 0.276367 0.248535 0.0703125 0.0810547
0 0.126786 0.655762 0.0932617 0.0283203 0.0478516
0 0.128207 0.666992 0.0458984 0.0429688 0.0488281
0 0.128545 0.189941 0.376953 0.0556641 0.0546875
0 0.13047 0.183594 0.314941 0.0195312 0.0380859
0 0.131593 0.566895 0.322754 0.0166016 0.0283203
0 0.131797 0.561523 0.159668 0.015625 0.0263672
0 0.132608 0.748047 0.165039 0.0214844 0.0390625
0 0.136328 0.465332 0.0229492 0.0205078 0.0380859
0 0.136418 0.380859 0.256348 0.0234375 0.0419922
0 0.137593 0.410156 0.0908203 0.0566406 0.0605469
0 0.137973 0.244141 0.289551 0.0292969 0.0439453
0 0.138914 0.117676 0.135742 0.0478516 0.0507812
0 0.139326 0.460449 0.0678711 0.0166016 0.0439453
0 0.139555 0.386719 0.209473 0.0175781 0.0263672
0 0.140551 0.242188 0.0615234 0.0585938 0.0703125
0 0.142359 0.231934 0.0375977 0.0537109 0.0751953
0 0.142505 0.217285 0.0634766 0.0205078 0.0410156
0 0.143142 0.587891 0.0952148 0.0175781 0.0283203
0 0.144216 0.0688477 0.245117 0.0341797 0.0449219
0 0.144638 0.291504 0.503418 0.0400391 0.0498047
0 0.144831 0.291992 0.154297 0.0351562 0.0507812
0 0.146702 0.163086 0.231445 0.0839844 0.0625
0 0.147125 0.229004 0.607422 0.0146484 0.0253906
0 0.148801 0.591309 0.015625 0.0654297 0.0292969
0 0.149813 0.355957 0.143066 0.0634766 0.0966797
0 0.153009 0.717285 0.15918 0.0302734 0.0449219
0 0.153569 0.73877 0.160645 0.0380859 0.0419922
0 0.155981 0.354004 0.314941 0.0556641 0.0615234
0 0.156235 0.685059 0.0786133 0.0419922 0.0419922
0 0.156407 0.247559 0.125977 0.0166016 0.0332031
0 0.156618 0.483398 0.0253906 0.0273438 0.0390625
0 0.156687 0.233887 0.330078 0.0400391 0.0546875
0 0.160493 0.0888672 0.276855 0.0898438 0.0712891
0 0.162937 0.476562 0.284668 0.0214844 0.0341797
0 0.166158 0.623047 0.467285 0.0253906 0.0322266
0 0.168839 0.71875 0.0869141 0.0292969 0.0585938
0 0.171314 0.100098 0.0678711 0.0224609 0.0302734
0 0.171631 0.638184 0.346191 0.0576172 0.0478516
0 0.173 0.034668 0.110352 0.0498047 0.0566406
0 0.173896 0.21875 0.234863 0.0234375 0.0439453
0 0.17405 0.407227 0.239258 0.015625 0.0195312
0 0.174368 0.297363 0.156738 0.0205078 0.0341797
0 0.175293 0.144043 0.111328 0.0361328 0.0703125
0 0.175435 0.678711 0.366699 0.03125 0.0341797
0 0.176326 0.583008 0.0620117 0.0429688 0.0380859
0 0.177181 0.362793 0.330078 0.0498047 0.046875
0 0.17971 0.494141 0.563477 0.0234375 0.0253906
0 0.181243 0.84668 0.0991211 0.0488281 0.0478516
0 0.181537 0.567871 0.165527 0.0244141 0.0322266
0 0.182149 0.181641 0.0761719 0.0292969 0.0390625
0 0.183595 0.404785 0.0537109 0.0224609 0.0273438
0 0.184548 0.515137 0.856934 0.0146484 0.0185547
0 0.188701 0.536133 0.0615234 0.0546875 0.0566406
0 0.189817 0.206543 0.294434 0.0263672 0.0439453
0 0.191939 0.516602 0.266602 0.0351562 0.0566406
0 0.192507 0.205566 0.253418 0.0341797 0.0322266
0 0.192794 0.64502 0.0834961 0.0322266 0.0419922
0 0.195048 0.285156 0.138672 0.0410156 0.0722656
0 0.197014 0.257812 0.0683594 0.0410156 0.046875
0 0.197108 0.466309 0.286621 0.0439453 0.0400391
0 0.198184 0.570312 0.257324 0.0214844 0.0380859
0 0.207859 0.158203 0.115723 0.0429688 0.0556641
0 0.213138 0.0605469 0.195312 0.046875 0.0449219
0 0.222278 0.670898 0.0649414 0.0371094 0.0556641
0 0.222363 0.745117 0.320312 0.0351562 0.0371094
0 0.224652 0.585449 0.166504 0.0537109 0.0458984
0 0.224707 0.409668 0.260742 0.0244141 0.0527344
0 0.224914 0.320312 0.111816 0.046875 0.0771484
0 0.228693 0.472168 0.508301 0.0146484 0.0166016
0 0.23253 0.341309 0.495117 0.0380859 0.03125
0 0.232631 0.388184 0.491211 0.0302734 0.0566406
0 0.234698 0.394043 0.131348 0.0556641 0.0927734
0 0.23556 0.414551 0.205078 0.0185547 0.0292969
0 0.238501 0.657715 0.0834961 0.0498047 0.0537109
0 0.240608 0.152344 0.0922852 0.0234375 0.0478516
0 0.242791 0.606445 0.355469 0.0292969 0.0449219
0 0.248853 0.390625 0.463867 0.0253906 0.0390625
0 0.254227 0.103516 0.11084 0.0683594 0.0791016
0 0.255606 0.380371 0.165527 0.0361328 0.0458984
0 0.259521 0.504395 0.239746 0.0224609 0.0263672
0 0.259553 0.380859 0.909668 0.0175781 0.0244141
0 0.261891 0.431152 0.148926 0.0498047 0.0517578
0 0.265287 0.144531 0.125977 0.0273438 0.0351562
0 0.270195 0.441406 0.0761719 0.046875 0.0488281
0 0.271727 0.61377 0.03125 0.0693359 0.0566406
0 0.2999 0.240723 0.233887 0.0361328 0.0439453
0 0.300535 0.344727 0.290039 0.0351562 0.0410156
0 0.301224 0.172852 0.125488 0.0292969 0.0380859
0 0.304133 0.246094 0.133301 0.0253906 0.0498047
0 0.307103 0.33252 0.0888672 0.0517578 0.113281
0 0.307683 0.0952148 0.279785 0.0478516 0.0576172
0 0.324157 0.45459 0.0761719 0.0283203 0.0527344
0 0.327236 0.263672 0.180664 0.0273438 0.0429688
0 0.32774 0.211914 0.242676 0.0429688 0.0498047
0 0.328896 0.413574 0.13916 0.0498047 0.0576172
0 0.338947 0.440918 0.482422 0.0126953 0.0214844
0 0.340839 0.638672 0.150391 0.0429688 0.0429688
0 0.359446 0.521484 0.50293 0.0195312 0.0214844
0 0.359517 0.288086 0.270508 0.0566406 0.078125
0 0.37477 0.353516 0.670898 0.046875 0.0351562
0 0.381964 0.342285 0.158203 0.0380859 0.0722656
0 0.382223 0.208008 0.133301 0.046875 0.0634766
0 0.382688 0.519043 0.136719 0.0341797 0.0546875
0 0.394763 0.447754 0.162109 0.0400391 0.0390625
0 0.405851 0.54248 0.256836 0.0302734 0.03125
0 0.414222 0.170898 0.234375 0.0390625 0.0566406
0 0.417809 0.706055 0.265625 0.0332031 0.03125
0 0.421567 0.675293 0.19043 0.0322266 0.0429688
0 0.442449 0.394531 0.106934 0.0390625 0.0556641
0 0.445466 0.554688 0.11084 0.0332031 0.0322266
0 0.543969 0.610352 0.107422 0.0292969 0.0332031
0 0.548558 0.130859 0.227051 0.0390625 0.0634766
0 0.571361 0.265625 0.226074 0.0429688 0.0458984
