0 0.100855 0.410645 0.634766 0.0166016 0.0175781
0 0.1026 0.45459 0.12793 0.0478516 0.0644531
0 0.103174 0.310059 0.501465 0.0166016 0.0224609
0 0.103718 0.144531 0.369141 0.0253906 0.0488281
0 0.10615 0.340332 0.532227 0.0439453 0.0507812
0 0.107747 0.366211 0.116699 0.0136719 0.0283203
0 0.109 0.258789 0.175293 0.0429688 0.0380859
0 0.110083 0.097168 0.568848 0.0166016 0.0380859
0 0.110179 0.532715 0.796875 0.0341797 0.0351562
0 0.111238 0.445801 0.774902 0.0166016 0.0302734
0 0.111902 0.291992 0.682129 0.0429688 0.0537109
0 0.112411 0.44043 0.326172 0.03125 0.0371094
0 0.112896 0.529297 0.50293 0.0410156 0.0507812
0 0.113075 0.467285 0.299316 0.0244141 0.0322266
0 0.113817 0.515625 0.310059 0.0234375 0.0244141
0 0.115654 0.289062 0.26123 0.0664062 0.0712891
0 0.11686 0.271973 0.370605 0.0126953 0.0205078
0 0.118487 0.197266 0.354492 0.0273438 0.0371094
0 0.119821 0.120117 0.699707 0.0273438 0.0361328
0 0.122142 0.287109 0.517578 0.0214844 0.0332031
0 0.127697 0.110352 0.524414 0.015625 0.0332031
0 0.127935 0.124023 0.0834961 0.0605469 0.0595703
0 0.13117 0.372559 0.0288086 0.0517578 0.0537109
0 0.131241 0.172363 0.47168 0.0107422 0.0195312
0 0.132452 0.155273 0.534668 0.0234375 0.0302734
0 0.132554 0.273926 0.496582 0.0263672 0.0517578
0 0.134408 0.112305 0.256836 0.046875 0.0585938
0 0.134455 0.402344 0.0820312 0.0371094 0.0566406
0 0.134805 0.220703 0.636719 0.03125 0.0429688
0 0.138785 0.191406 0.321777 0.0410156 0.0498047
0 0.139163 0.254883 0.0395508 0.0664062 0.0771484
0 0.142316 0.144531 0.532227 0.015625 0.0390625
0 0.14565 0.290039 0.654297 0.0292969 0.0488281
0 0.148856 0.509766 0.540527 0.0117188 0.0224609
0 0.152106 0.48291 0.321777 0.0224609 0.0341797
0 0.160099 0.169922 0.919434 0.0546875 0.100586
0 0.160676 0.0136719 0.406738 0.0253906 0.0322266
0 0.162667 0.265625 0.427734 0.0371094 0.0410156
0 0.170003 0.492676 0.217285 0.0263672 0.0380859
0 0.173871 0.396973 0.0625 0.0478516 0.0644531
0 0.174593 0.137207 0.380371 0.0400391 0.0458984
0 0.178348 0.213379 0.497559 0.0224609 0.0380859
0 0.179029 0.652344 0.0615234 0.0820312 0.0644531
0 0.18579 0.015625 0.321289 0.0273438 0.0449219
0 0.186913 0.383301 0.320801 0.0302734 0.0517578
0 0.190081 0.216309 0.356445 0.0458984 0.0566406
0 0.190278 0.225098 0.446289 0.0244141 0.0371094
0 0.193574 0.235352 0.594238 0.0273438 0.0380859
0 0.197605 0.468262 0.289551 0.0322266 0.0419922
0 0.200582 0.28418 0.443359 0.03125 0.0371094
0 0.2107 0.399902 0.695312 0.0146484 0.0195312
0 0.21314 0.204102 0.340332 0.0527344 0.0654297
0 0.225717 0.564453 0.231934 0.0234375 0.0302734
0 0.233021 0.40918 0.682617 0.03125 0.046875
0 0.236229 0.408203 0.265625 0.0410156 0.0253906
0 0.239636 0.331543 0.119629 0.0205078 0.0302734
0 0.241818 0.290039 0.703125 0.0371094 0.0449219
0 0.24839 0.48291 0.888672 0.0166016 0.0273438
0 0.254055 0.289062 0.641602 0.015625 0.0292969
0 0.263079 0.518066 0.254395 0.0263672 0.0322266
0 0.265843 0.306152 0.607422 0.0263672 0.0371094
0 0.266652 0.472168 0.383301 0.0322266 0.0498047
0 0.275364 0.227539 0.37207 0.0195312 0.0351562
0 0.290177 0.291992 0.44873 0.0273438 0.0302734
0 0.302692 0.162598 0.591797 0.0439453 0.0546875
0 0.31169 0.270508 0.569336 0.0195312 0.0429688
0 0.369672 0.30957 0.356934 0.0253906 0.0361328
0 0.370137 0.130371 0.707031 0.0458984 0.0449219
0 0.372443 0.488281 0.330566 0.0253906 0.0322266
0 0.372812 0.255859 0.420898 0.03125 0.0390625
0 0.382239 0.280273 0.507812 0.03125 0.0507812
0 0.389134 0.395508 0.172852 0.015625 0.0371094
0 0.434235 0.0742188 0.720703 0.0410156 0.0527344
0 0.448348 0.290527 0.606934 0.0224609 0.0322266
0 0.453659 0.156738 0.75293 0.0380859 0.0390625
0 0.456214 0.229004 0.702148 0.0224609 0.0371094
