0 0.100117 0.611328 0.0771484 0.0585938 0.0585938
0 0.102906 0.46582 0.217773 0.0292969 0.0546875
0 0.105003 0.662598 0.856934 0.0244141 0.0302734
0 0.128432 0.198242 0.563965 0.0722656 0.0615234
0 0.133411 0.501465 0.116211 0.0302734 0.0351562
0 0.136075 0.599609 0.0966797 0.0292969 0.0253906
0 0.137615 0.476562 0.00878906 0.0273438 0.015625
0 0.154148 0.492676 0.222656 0.0322266 0.0488281
0 0.158413 0.518555 0.620605 0.0429688 0.0498047
0 0.176353 0.88916 0.217773 0.0478516 0.0527344
0 0.187918 0.390625 0.179688 0.0273438 0.0390625
0 0.189395 0.11084 0.327148 0.0361328 0.0546875
0 0.234663 0.580566 0.418457 0.0283203 0.0517578
0 0.304448 0.607422 0.0957031 0.0488281 0.0351562
0 0.312804 0.856934 0.316406 0.0908203 0.101562
0 0.320992 0.463379 0.359375 0.135742 0.244141
0 0.33449 0.610352 0.0268555 0.046875 0.0478516
0 0.385044 0.67041 0.0234375 0.0380859 0.0371094
0 0.479774 0.212891 0.603027 0.0839844 0.143555
0 0.498593 0.550293 0.0234375 0.0244141 0.0390625
