0 0.100028 0.336914 0.595215 0.0214844 0.0283203
0 0.10017 0.574707 0.35791 0.0107422 0.0224609
0 0.100825 0.491211 0.0131836 0.0253906 0.0263672
0 0.104167 0.209961 0.680664 0.0253906 0.0351562
0 0.105976 0.324707 0.019043 0.0185547 0.0361328
0 0.106373 0.361328 0.0507812 0.0136719 0.0351562
0 0.109206 0.717773 0.441895 0.03125 0.0380859
0 0.109638 0.369629 0.53125 0.0283203 0.0351562
0 0.113196 0.394531 0.00976562 0.015625 0.0195312
0 0.116326 0.364258 0.589844 0.0078125 0.0175781
0 0.117088 0.373047 0.522461 0.0214844 0.0214844
0 0.119005 0.294434 0.0483398 0.0205078 0.0341797
0 0.119512 0.258789 0.561523 0.0175781 0.0214844
0 0.122714 0.435547 0.336914 0.0136719 0.015625
0 0.124751 0.345215 0.189453 0.0205078 0.0332031
0 0.125165 0.697754 0.245117 0.0322266 0.0273438
0 0.125231 0.478516 0.050293 0.0136719 0.0224609
0 0.125259 0.267578 0.074707 0.015625 0.0341797
0 0.125983 0.0610352 0.389648 0.0283203 0.0332031
0 0.128259 0.238281 0.492676 0.0175781 0.0283203
0 0.129115 0.478516 0.213867 0.0214844 0.0429688
0 0.134906 0.441895 0.152344 0.0244141 0.0371094
0 0.136251 0.168457 0.509277 0.0224609 0.0224609
0 0.139296 0.442871 0.905273 0.0244141 0.0585938
0 0.141743 0.151855 0.525879 0.0205078 0.0205078
0 0.145583 0.879883 0.179199 0.0234375 0.0224609
0 0.146153 0.380371 0.449219 0.0146484 0.0253906
0 0.148865 0.106934 0.63623 0.0263672 0.0439453
0 0.149056 0.169922 0.596191 0.03125 0.0380859
0 0.149931 0.901367 0.12793 0.0273438 0.0371094
0 0.151954 0.39209 0.125 0.0322266 0.0410156
0 0.151966 0.385742 0.684082 0.0273438 0.0517578
0 0.157724 0.257812 0.466309 0.00976562 0.0244141
0 0.162135 0.33252 0.0649414 0.0126953 0.0244141
0 0.162506 0.13623 0.222656 0.0322266 0.0390625
0 0.163069 0.227051 0.418457 0.0205078 0.0498047
0 0.166327 0.20166 0.496582 0.0166016 0.0380859
0 0.166655 0.600098 0.293945 0.0146484 0.0214844
0 0.168517 0.448242 0.112793 0.0292969 0.0439453
0 0.177043 0.348145 0.53418 0.0283203 0.0253906
0 0.178183 0.25 0.0200195 0.0371094 0.0361328
0 0.180045 0.431641 0.00927734 0.015625 0.0185547
0 0.183765 0.0981445 0.552246 0.0185547 0.0205078
0 0.190293 0.255859 0.609863 0.0195312 0.0439453
0 0.194331 0.388184 0.118164 0.0185547 0.03125
0 0.195482 0.259277 0.148438 0.0341797 0.0429688
0 0.195527 0.482422 0.352539 0.0175781 0.0214844
0 0.196648 0.356445 0.540527 0.0449219 0.0458984
0 0.198154 0.248535 0.155273 0.0166016 0.0273438
0 0.212847 0.852539 0.124023 0.0488281 0.0371094
0 0.214634 0.233887 0.304688 0.0166016 0.0234375
0 0.215503 0.908691 0.222656 0.0283203 0.03125
0 0.21614 0.537109 0.234863 0.0449219 0.0361328
0 0.216765 0.326172 0.61377 0.0234375 0.0302734
0 0.217971 0.301758 0.0776367 0.0195312 0.0244141
0 0.219316 0.102051 0.0151367 0.0537109 0.0302734
0 0.220317 0.213379 0.615723 0.0146484 0.0224609
0 0.220972 0.132812 0.0576172 0.0449219 0.0507812
0 0.234126 0.400391 0.125977 0.015625 0.0195312
0 0.239876 0.196777 0.081543 0.0302734 0.0361328
0 0.24345 0.262695 0.0869141 0.0253906 0.0449219
0 0.243786 0.131348 0.566406 0.0263672 0.0234375
0 0.247008 0.35498 0.00976562 0.0419922 0.0136719
0 0.251087 0.182617 0.650391 0.0234375 0.0253906
0 0.251589 0.91748 0.219727 0.0458984 0.0449219
0 0.261965 0.299805 0.699219 0.0253906 0.0214844
0 0.262307 0.240234 0.685059 0.0390625 0.0615234
0 0.263211 0.161133 0.13623 0.0292969 0.0576172
0 0.264217 0.547852 0.40625 0.0273438 0.03125
0 0.272188 0.119141 0.100098 0.0371094 0.0439453
0 0.273447 0.171387 0.655273 0.0458984 0.0351562
0 0.281583 0.473633 0.197754 0.0175781 0.0244141
0 0.315069 0.370117 0.0527344 0.03125 0.0410156
0 0.338749 0.85498 0.221191 0.0302734 0.0322266
0 0.339482 0.431152 0.275879 0.0166016 0.0185547
0 0.344768 0.260254 0.530762 0.0263672 0.0361328
0 0.348835 0.310059 0.132324 0.0146484 0.0263672
0 0.356555 0.647949 0.860352 0.0224609 0.0507812
0 0.357807 0.268555 0.135742 0.0292969 0.0488281
0 0.369486 0.483887 0.229492 0.0185547 0.0214844
0 0.373033 0.330566 0.605469 0.0283203 0.0390625
0 0.381248 0.316406 0.564453 0.0175781 0.03125
0 0.551518 0.395508 0.18457 0.0195312 0.0253906
