0 0.101987 0.406738 0.484375 0.0126953 0.0136719
0 0.103003 0.447754 0.0297852 0.0107422 0.0400391
0 0.104287 0.482422 0.034668 0.0175781 0.0244141
0 0.105141 0.193359 0.0117188 0.0546875 0.0214844
0 0.106274 0.155762 0.703613 0.0380859 0.0439453
0 0.107608 0.131348 0.0600586 0.0361328 0.0400391
0 0.111417 0.197754 0.0541992 0.0224609 0.0380859
0 0.113579 0.601562 0.200684 0.015625 0.0185547
0 0.116211 0.380859 0.269531 0.0175781 0.0214844
0 0.117246 0.179199 0.0126953 0.0263672 0.0234375
0 0.120457 0.367188 0.15332 0.0488281 0.046875
0 0.121807 0.776855 0.143555 0.0537109 0.0527344
0 0.131151 0.529297 0.173828 0.0136719 0.0195312
0 0.134027 0.132324 0.239258 0.0224609 0.03125
0 0.1358 0.356934 0.197266 0.0283203 0.0234375
0 0.146689 0.664062 0.0917969 0.0273438 0.03125
0 0.149283 0.322266 0.0712891 0.0234375 0.0566406
0 0.165427 0.272461 0.0126953 0.0273438 0.0253906
0 0.187113 0.601074 0.0341797 0.0126953 0.0253906
0 0.206643 0.747559 0.371094 0.0341797 0.0488281
0 0.213086 0.169434 0.0664062 0.0283203 0.0390625
0 0.219825 0.0917969 0.0507812 0.0390625 0.0507812
0 0.24152 0.393066 0.388184 0.0205078 0.0166016
0 0.245408 0.210938 0.00927734 0.03125 0.0185547
0 0.284131 0.246582 0.125488 0.0166016 0.0302734
0 0.288499 0.59668 0.154785 0.0195312 0.0283203
0 0.301006 0.437988 0.19043 0.0361328 0.0507812
0 0.301344 0.289551 0.147461 0.0224609 0.0253906
