0 0.10059 0.749023 0.103027 0.00976562 0.0224609
0 0.1053 0.358398 0.431641 0.0507812 0.0351562
0 0.10559 0.422852 0.365723 0.0175781 0.0244141
0 0.107592 0.620605 0.0825195 0.0244141 0.0302734
0 0.112354 0.523926 0.265137 0.0185547 0.0244141
0 0.117605 0.570312 0.0161133 0.0292969 0.0302734
0 0.12759 0.563965 0.0932617 0.0126953 0.0322266
0 0.147351 0.390137 0.198242 0.0166016 0.0234375
0 0.159672 0.729004 0.0737305 0.0185547 0.0244141
0 0.188677 0.651367 0.152832 0.0136719 0.0263672
0 0.190867 0.76123 0.291504 0.0478516 0.0419922
0 0.195865 0.735352 0.139648 0.0429688 0.0390625
0 0.198595 0.631348 0.131348 0.0263672 0.0400391
0 0.212691 0.632324 0.192871 0.0244141 0.0322266
0 0.215969 0.383301 0.133301 0.0224609 0.0302734
0 0.219747 0.634277 0.403809 0.0224609 0.0224609
0 0.231577 0.558594 0.163086 0.03125 0.0449219
0 0.246848 0.679199 0.0913086 0.0224609 0.0458984
0 0.249212 0.555664 0.201172 0.0292969 0.0273438
0 0.266062 0.620605 0.0654297 0.0283203 0.03125
0 0.279076 0.47168 0.019043 0.0546875 0.0361328
