0 0.102614 0.344727 0.248535 0.0253906 0.0400391
0 0.102988 0.304688 0.327637 0.0136719 0.0185547
0 0.106119 0.90918 0.19043 0.0214844 0.0273438
0 0.113849 0.208496 0.538086 0.0244141 0.0273438
0 0.113878 0.468262 0.10791 0.0263672 0.0380859
0 0.113984 0.169922 0.195312 0.0292969 0.0332031
0 0.117311 0.228027 0.0170898 0.0556641 0.0302734
0 0.120491 0.254395 0.216309 0.0244141 0.0400391
0 0.120532 0.405273 0.289551 0.0136719 0.0166016
0 0.131603 0.212402 0.187012 0.0224609 0.0263672
0 0.138611 0.890625 0.130371 0.0566406 0.0751953
0 0.139876 0.410645 0.0107422 0.0400391 0.0195312
0 0.142679 0.522949 0.330078 0.0166016 0.0214844
0 0.15362 0.342773 0.0595703 0.0390625 0.0410156
0 0.153643 0.354492 0.205566 0.00976562 0.0224609
0 0.155811 0.445801 0.105957 0.0302734 0.0498047
0 0.187731 0.371094 0.126953 0.03125 0.03125
0 0.199883 0.325684 0.152832 0.0498047 0.0419922
0 0.206191 0.819824 0.034668 0.0908203 0.0556641
0 0.206217 0.117188 0.385742 0.03125 0.03125
0 0.210057 0.35791 0.121582 0.0556641 0.0419922
0 0.211529 0.354004 0.0722656 0.0244141 0.046875
0 0.218108 0.467773 0.0175781 0.0371094 0.0351562
0 0.221979 0.0898438 0.177734 0.046875 0.0664062
0 0.222525 0.32959 0.0537109 0.0224609 0.0253906
0 0.226118 0.336426 0.131836 0.0380859 0.0605469
0 0.23913 0.371094 0.258789 0.0136719 0.0195312
0 0.290096 0.34082 0.118652 0.0292969 0.0361328
0 0.299985 0.133301 0.192383 0.0146484 0.0292969
0 0.306536 0.34375 0.391602 0.0351562 0.03125
0 0.324154 0.44873 0.164551 0.0244141 0.0439453
0 0.393995 0.401855 0.10498 0.0283203 0.0498047
