0 0.106321 0.560059 0.332031 0.0263672 0.03125
0 0.11708 0.663574 0.705078 0.0166016 0.0195312
0 0.123934 0.918945 0.234863 0.0664062 0.0595703
0 0.12605 0.719727 0.374512 0.0292969 0.0322266
0 0.140436 0.395996 0.911133 0.0341797 0.046875
0 0.144407 0.668945 0.404297 0.0332031 0.0722656
0 0.144669 0.517578 0.742188 0.0292969 0.0449219
0 0.157375 0.86377 0.831055 0.0439453 0.0566406
0 0.172885 0.715332 0.385254 0.0458984 0.0537109
0 0.183718 0.851074 0.254883 0.0302734 0.0292969
0 0.190335 0.838379 0.774902 0.0361328 0.0478516
0 0.196854 0.870117 0.564453 0.0644531 0.0625
0 0.208055 0.685547 0.405273 0.0761719 0.0859375
0 0.247582 0.523438 0.81543 0.0488281 0.0527344
0 0.280647 0.84082 0.740723 0.0488281 0.0556641
0 0.335985 0.358887 0.312988 0.0283203 0.0654297
0 0.346966 0.686523 0.808105 0.0527344 0.0537109
