0 0.103939 0.573242 0.0200195 0.0253906 0.0263672
0 0.10504 0.436523 0.230957 0.03125 0.0458984
0 0.107751 0.212402 0.217773 0.0283203 0.0292969
0 0.111756 0.660156 0.188477 0.0410156 0.0429688
0 0.113649 0.400879 0.165527 0.0126953 0.0283203
0 0.114263 0.494141 0.0419922 0.0234375 0.0253906
0 0.118191 0.371094 0.0883789 0.0292969 0.0478516
0 0.120206 0.585938 0.0668945 0.0273438 0.0283203
0 0.12274 0.495117 0.516113 0.0175781 0.0341797
0 0.123522 0.525879 0.151855 0.0126953 0.0302734
0 0.125625 0.662598 0.0761719 0.0185547 0.0273438
0 0.126542 0.107422 0.188477 0.0351562 0.0605469
0 0.128606 0.476074 0.224609 0.0166016 0.0292969
0 0.128769 0.274414 0.358887 0.0175781 0.0244141
0 0.134446 0.449707 0.480957 0.0283203 0.0400391
0 0.135845 0.45459 0.0869141 0.0166016 0.0195312
0 0.136809 0.525879 0.142578 0.0166016 0.0390625
0 0.138599 0.611816 0.0185547 0.0224609 0.03125
0 0.144394 0.892578 0.186523 0.0371094 0.0644531
0 0.14467 0.630859 0.0512695 0.0273438 0.0263672
0 0.145177 0.562012 0.516113 0.0107422 0.0126953
0 0.14955 0.442383 0.505371 0.0253906 0.0361328
0 0.156553 0.20752 0.0771484 0.0419922 0.0585938
0 0.157145 0.444824 0.512695 0.0146484 0.0234375
0 0.159065 0.913574 0.45459 0.0224609 0.0302734
0 0.16065 0.274414 0.219238 0.0273438 0.0263672
0 0.163315 0.29541 0.164062 0.0263672 0.0546875
0 0.174804 0.623535 0.299805 0.0166016 0.0195312
0 0.175193 0.279785 0.0654297 0.0361328 0.0390625
0 0.178603 0.534668 0.0625 0.0244141 0.03125
0 0.178771 0.172852 0.404785 0.0253906 0.0283203
0 0.184073 0.524902 0.0888672 0.0126953 0.0234375
0 0.184197 0.458496 0.0283203 0.0107422 0.0234375
0 0.192893 0.248047 0.465332 0.0273438 0.0458984
0 0.197284 0.206055 0.211914 0.0253906 0.0273438
0 0.197749 0.471191 0.566406 0.0146484 0.0253906
0 0.207148 0.506836 0.309082 0.0195312 0.0302734
0 0.215602 0.589844 0.561035 0.0195312 0.0224609
0 0.234476 0.532227 0.196289 0.0214844 0.0253906
0 0.241445 0.494629 0.298828 0.0263672 0.03125
0 0.245509 0.548828 0.238281 0.0136719 0.0214844
0 0.272108 0.330078 0.0405273 0.0117188 0.0283203
0 0.273649 0.574219 0.152344 0.0117188 0.0332031
0 0.282664 0.0390625 0.411133 0.0625 0.0546875
0 0.286879 0.454102 0.475098 0.0195312 0.0224609
0 0.288995 0.432617 0.230469 0.0195312 0.0332031
0 0.295187 0.435059 0.486816 0.0263672 0.0537109
0 0.32686 0.175293 0.194824 0.0361328 0.0478516
0 0.327869 0.396484 0.225586 0.0410156 0.0292969
0 0.362383 0.770508 0.0634766 0.0234375 0.0371094
0 0.371356 0.499512 0.0932617 0.0185547 0.0263672
0 0.375333 0.43457 0.504395 0.0234375 0.0283203
0 0.385282 0.49707 0.495605 0.0253906 0.0517578
0 0.470053 0.428223 0.469727 0.0166016 0.0292969
