0 0.113353 0.37207 0.135254 0.0195312 0.0322266
0 0.114392 0.584961 0.149414 0.0175781 0.0195312
0 0.115939 0.478027 0.589355 0.0341797 0.0517578
0 0.12037 0.202148 0.371094 0.0214844 0.03125
0 0.121542 0.162598 0.105469 0.0302734 0.0390625
0 0.135204 0.0332031 0.455566 0.046875 0.0400391
0 0.140652 0.875488 0.232422 0.0498047 0.0566406
0 0.145391 0.267578 0.100098 0.046875 0.0458984
0 0.145823 0.462891 0.381348 0.015625 0.0224609
0 0.146647 0.380859 0.1875 0.0175781 0.0351562
0 0.153758 0.164062 0.233887 0.0234375 0.0302734
0 0.165448 0.195312 0.316895 0.0351562 0.0302734
0 0.191774 0.0556641 0.0830078 0.0898438 0.0683594
0 0.197519 0.443848 0.130859 0.0458984 0.0625
0 0.262847 0.0419922 0.442871 0.0566406 0.0615234
0 0.265612 0.283203 0.0922852 0.0761719 0.0517578
0 0.318023 0.396973 0.183594 0.0302734 0.0292969
0 0.408329 0.106445 0.337402 0.0371094 0.0224609
0 0.50766 0.378418 0.255859 0.0302734 0.0234375
