0 0.101585 0.616699 0.966309 0.0556641 0.0478516
0 0.102265 0.27832 0.0878906 0.0195312 0.0332031
0 0.102363 0.562012 0.497559 0.0224609 0.0185547
0 0.103393 0.645508 0.328613 0.0332031 0.0361328
0 0.105062 0.387695 0.156738 0.0253906 0.0341797
0 0.107389 0.14209 0.0249023 0.0400391 0.0458984
0 0.10797 0.737793 0.310059 0.0439453 0.0615234
0 0.109517 0.51709 0.830078 0.0166016 0.0253906
0 0.111332 0.474121 0.334961 0.0419922 0.0546875
0 0.111835 0.719727 0.183105 0.0410156 0.0400391
0 0.112849 0.370605 0.0327148 0.0576172 0.0517578
0 0.113504 0.737305 0.615723 0.0234375 0.0478516
0 0.113572 0.380859 0.312012 0.046875 0.0517578
0 0.116243 0.612305 0.185547 0.03125 0.0546875
0 0.118431 0.503418 0.134277 0.0244141 0.0380859
0 0.1206 0.152344 0.982422 0.0214844 0.0292969
0 0.121413 0.41748 0.452637 0.0341797 0.0263672
0 0.121488 0.279785 0.180664 0.0517578 0.0761719
0 0.12413 0.373047 0.316895 0.0273438 0.0380859
0 0.124245 0.467285 0.138184 0.0419922 0.0322266
0 0.125363 0.0981445 0.211426 0.0380859 0.0595703
0 0.127187 0.408203 0.338379 0.0351562 0.0498047
0 0.128399 0.205566 0.760254 0.0341797 0.0458984
0 0.130693 0.157715 0.726074 0.0244141 0.0439453
0 0.132668 0.244141 0.305176 0.03125 0.0302734
0 0.133136 0.40625 0.203125 0.0214844 0.0332031
0 0.133467 0.541016 0.141602 0.03125 0.0332031
0 0.134801 0.65625 0.34375 0.0527344 0.0644531
0 0.143572 0.0883789 0.336426 0.0576172 0.0556641
0 0.146509 0.333984 0.33252 0.0566406 0.0419922
0 0.146578 0.181152 0.17334 0.0361328 0.0419922
0 0.149376 0.435059 0.571289 0.0166016 0.0195312
0 0.150198 0.320801 0.0136719 0.0361328 0.0273438
0 0.150237 0.0180664 0.610352 0.0361328 0.046875
0 0.151102 0.438477 0.0166016 0.0195312 0.0292969
0 0.152035 0.740723 0.226074 0.0517578 0.0361328
0 0.153011 0.221191 0.0195312 0.0537109 0.0332031
0 0.15558 0.791504 0.3125 0.0361328 0.0761719
0 0.161062 0.373535 0.280273 0.0302734 0.0332031
0 0.165606 0.6875 0.363281 0.0585938 0.046875
0 0.165991 0.107422 0.592285 0.0488281 0.0517578
0 0.167575 0.819824 0.391113 0.0576172 0.0615234
0 0.173677 0.429199 0.0322266 0.0302734 0.0566406
0 0.173883 0.629395 0.965332 0.0341797 0.0341797
0 0.175445 0.763184 0.289062 0.0712891 0.0898438
0 0.17647 0.134277 0.21875 0.0439453 0.046875
0 0.176764 0.122559 0.172363 0.0498047 0.0400391
0 0.179145 0.390625 0.383789 0.0214844 0.0332031
0 0.182683 0.51709 0.0151367 0.0419922 0.0302734
0 0.183262 0.567383 0.679688 0.0253906 0.0214844
0 0.183992 0.327637 0.0761719 0.0146484 0.0253906
0 0.184134 0.303223 0.317383 0.0537109 0.0527344
0 0.184173 0.220215 0.129883 0.0302734 0.0507812
0 0.186229 0.384766 0.0390625 0.0332031 0.0546875
0 0.189308 0.759766 0.11377 0.0683594 0.0771484
0 0.189764 0.336426 0.0170898 0.0654297 0.0341797
0 0.19122 0.0722656 0.654297 0.0390625 0.0449219
0 0.194381 0.360352 0.683594 0.0214844 0.0292969
0 0.202538 0.785645 0.181641 0.0263672 0.0410156
0 0.206596 0.330566 0.27832 0.0341797 0.0351562
0 0.206684 0.217285 0.657715 0.0498047 0.0478516
0 0.211621 0.736816 0.938477 0.0458984 0.0644531
0 0.212853 0.514648 0.21582 0.0664062 0.0683594
0 0.218856 0.242676 0.0776367 0.0244141 0.0302734
0 0.219018 0.389648 0.279297 0.0644531 0.0410156
0 0.220256 0.586426 0.969727 0.0341797 0.0566406
0 0.223319 0.408203 0.445801 0.0449219 0.0439453
0 0.227003 0.237305 0.241211 0.0273438 0.0449219
0 0.228871 0.310547 0.494629 0.0429688 0.0537109
0 0.229797 0.402832 0.271973 0.0419922 0.0283203
0 0.231216 0.179688 0.137207 0.0449219 0.0556641
0 0.24201 0.165527 0.716797 0.0361328 0.0546875
0 0.243267 0.146484 0.286621 0.0410156 0.0712891
0 0.244239 0.117188 0.189941 0.0605469 0.0732422
0 0.246916 0.45166 0.325195 0.0712891 0.0703125
0 0.247975 0.265625 0.188965 0.0332031 0.0576172
0 0.250864 0.547363 0.881348 0.0498047 0.0595703
0 0.254985 0.193848 0.0737305 0.0478516 0.0322266
0 0.266423 0.490723 0.0791016 0.0400391 0.0507812
0 0.267679 0.193848 0.294434 0.0322266 0.0615234
0 0.276804 0.186523 0.229004 0.0410156 0.0458984
0 0.281252 0.10791 0.694824 0.0380859 0.0498047
0 0.290429 0.154297 0.638672 0.0371094 0.0488281
0 0.297189 0.0258789 0.67041 0.0498047 0.0673828
0 0.305598 0.904785 0.16748 0.0908203 0.0693359
0 0.310164 0.181152 0.0732422 0.0283203 0.0273438
0 0.31947 0.183105 0.158203 0.0478516 0.0664062
0 0.320685 0.200684 0.0239258 0.0224609 0.0302734
0 0.33609 0.238281 0.0180664 0.0292969 0.0341797
0 0.413147 0.824219 0.157227 0.0332031 0.03125
0 0.463663 0.577637 0.362305 0.0615234 0.0507812
