0 0.100185 0.541504 0.434082 0.0263672 0.0302734
0 0.101109 0.186523 0.266602 0.0488281 0.0546875
0 0.108703 0.536621 0.422852 0.0302734 0.046875
0 0.111312 0.428223 0.964844 0.0322266 0.0566406
0 0.111581 0.356934 0.714844 0.0126953 0.0214844
0 0.111815 0.134766 0.824219 0.0292969 0.0371094
0 0.113073 0.430176 0.97998 0.0283203 0.0361328
0 0.114039 0.178711 0.709473 0.03125 0.0302734
0 0.114234 0.200195 0.927246 0.0351562 0.0478516
0 0.118292 0.258789 0.786133 0.0253906 0.03125
0 0.118307 0.345215 0.418945 0.0166016 0.0214844
0 0.123237 0.39209 0.976074 0.0126953 0.0244141
0 0.126369 0.606934 0.393555 0.0205078 0.015625
0 0.126406 0.158691 0.268555 0.0439453 0.0585938
0 0.129338 0.60498 0.131348 0.0361328 0.0498047
0 0.131833 0.628418 0.986816 0.0224609 0.0224609
0 0.133154 0.52832 0.332031 0.0332031 0.03125
0 0.134348 0.307129 0.810547 0.0419922 0.0703125
0 0.134944 0.260254 0.992676 0.0244141 0.0107422
0 0.135315 0.368164 0.86084 0.0234375 0.0224609
0 0.136057 0.669434 0.726562 0.0185547 0.0214844
0 0.137435 0.461426 0.990234 0.0185547 0.015625
0 0.138521 0.319824 0.34668 0.0478516 0.0722656
0 0.142635 0.327637 0.841309 0.0341797 0.0361328
0 0.145525 0.634277 0.678223 0.0361328 0.0458984
0 0.148379 0.547852 0.711914 0.0449219 0.0410156
0 0.154074 0.701172 0.860352 0.0625 0.0917969
0 0.163711 0.646973 0.608398 0.0283203 0.0410156
0 0.163764 0.229492 0.46875 0.0449219 0.0820312
0 0.164997 0.194336 0.912109 0.0371094 0.0664062
0 0.165751 0.346191 0.767578 0.0361328 0.0371094
0 0.166194 0.604004 0.460938 0.0126953 0.0292969
0 0.169457 0.131836 0.546875 0.0800781 0.0800781
0 0.175116 0.30127 0.41748 0.0185547 0.0263672
0 0.18241 0.381836 0.90332 0.0234375 0.0273438
0 0.18598 0.290527 0.878906 0.0361328 0.0429688
0 0.188315 0.518066 0.46875 0.0166016 0.0253906
0 0.194033 0.225098 0.610352 0.0322266 0.0390625
0 0.19564 0.213867 0.974609 0.0273438 0.046875
0 0.207072 0.70752 0.733398 0.0283203 0.0332031
0 0.207905 0.21875 0.763672 0.03125 0.0332031
0 0.208893 0.736328 0.0517578 0.0429688 0.0488281
0 0.216437 0.487793 0.766113 0.0478516 0.0498047
0 0.222061 0.115723 0.311035 0.0380859 0.0419922
0 0.223028 0.552734 0.98877 0.0175781 0.0224609
0 0.223536 0.539551 0.770508 0.0439453 0.0664062
0 0.224934 0.213867 0.516113 0.0214844 0.0263672
0 0.228362 0.28125 0.290527 0.0351562 0.0517578
0 0.23584 0.797852 0.902832 0.0273438 0.0380859
0 0.239866 0.302246 0.794434 0.0302734 0.0439453
0 0.241508 0.316895 0.836426 0.0556641 0.0517578
0 0.243645 0.0610352 0.544434 0.0458984 0.0498047
0 0.259759 0.381348 0.686035 0.0263672 0.0380859
0 0.26928 0.40332 0.856445 0.0214844 0.0351562
0 0.276539 0.584473 0.494629 0.0263672 0.0263672
0 0.293076 0.182129 0.885254 0.0244141 0.0458984
0 0.296446 0.246582 0.217285 0.0634766 0.0595703
0 0.297944 0.26416 0.503906 0.0341797 0.0546875
0 0.33019 0.418457 0.941406 0.0283203 0.0332031
0 0.330954 0.1875 0.189453 0.0566406 0.0605469
0 0.457837 0.140137 0.180664 0.0361328 0.0507812
0 0.556948 0.495605 0.56543 0.0419922 0.0449219
