0 0.106084 0.553711 0.313965 0.0332031 0.0478516
0 0.122552 0.23877 0.488281 0.0537109 0.0625
0 0.130555 0.571289 0.367676 0.0253906 0.0263672
0 0.135477 0.546875 0.396973 0.0117188 0.0166016
0 0.137198 0.277344 0.50293 0.0175781 0.0292969
0 0.154346 0.520996 0.924316 0.0126953 0.0263672
0 0.164299 0.514648 0.758301 0.0585938 0.100586
0 0.167355 0.35791 0.507812 0.0185547 0.03125
0 0.20717 0.340332 0.455566 0.0400391 0.0322266
0 0.223383 0.166016 0.522461 0.0234375 0.0429688
0 0.240246 0.220703 0.537109 0.0214844 0.0332031
0 0.268291 0.119629 0.989746 0.0244141 0.0166016
0 0.330094 0.607422 0.619141 0.0429688 0.0742188
