0 0.103741 0.485352 0.335449 0.0175781 0.0302734
0 0.111272 0.736816 0.202637 0.0185547 0.0244141
0 0.112748 0.135254 0.115723 0.0673828 0.0576172
0 0.127692 0.362305 0.208008 0.0527344 0.0703125
0 0.133969 0.882812 0.381348 0.03125 0.0302734
0 0.15729 0.226562 0.454102 0.0566406 0.103516
0 0.165527 0.829102 0.0180664 0.03125 0.0361328
0 0.168511 0.328613 0.0839844 0.0341797 0.0488281
0 0.172702 0.763672 0.180176 0.0234375 0.0322266
0 0.252071 0.419434 0.0844727 0.0400391 0.0986328
0 0.278702 0.463867 0.248535 0.0449219 0.0537109
0 0.349255 0.419922 0.651855 0.0292969 0.0244141
