0 0.101762 0.262207 0.175293 0.0478516 0.0498047
0 0.105277 0.632324 0.557617 0.0341797 0.0449219
0 0.105758 0.145508 0.698242 0.03125 0.0507812
0 0.106573 0.420898 0.694824 0.015625 0.0224609
0 0.107479 0.416992 0.136719 0.0351562 0.0566406
0 0.108672 0.403809 0.0615234 0.0712891 0.117188
0 0.108776 0.511719 0.589844 0.0488281 0.0527344
0 0.110586 0.400879 0.215332 0.0458984 0.0654297
0 0.110702 0.166016 0.0820312 0.0566406 0.0800781
0 0.110899 0.0151367 0.278809 0.0283203 0.0595703
0 0.112077 0.356934 0.694824 0.0458984 0.0322266
0 0.123451 0.448242 0.583008 0.0175781 0.0273438
0 0.123989 0.19043 0.481445 0.0644531 0.046875
0 0.124051 0.228516 0.347168 0.0136719 0.0244141
0 0.124151 0.162598 0.296387 0.0224609 0.0341797
0 0.12593 0.379395 0.692383 0.0185547 0.0234375
0 0.126556 0.0620117 0.494141 0.0791016 0.0644531
0 0.127184 0.155762 0.396484 0.0322266 0.0332031
0 0.1327 0.871582 0.482422 0.0751953 0.046875
0 0.133104 0.620605 0.821777 0.0634766 0.0595703
0 0.133177 0.562988 0.105957 0.125977 0.125977
0 0.133668 0.341797 0.0649414 0.0722656 0.0927734
0 0.134497 0.379883 0.859863 0.03125 0.0244141
0 0.139642 0.159668 0.192383 0.0263672 0.0507812
0 0.140077 0.13623 0.706055 0.0576172 0.0566406
0 0.148688 0.656738 0.0258789 0.0712891 0.0517578
0 0.155119 0.47998 0.605957 0.0166016 0.0205078
0 0.156166 0.290527 0.870117 0.0302734 0.0449219
0 0.156827 0.769531 0.990723 0.0292969 0.0166016
0 0.159428 0.314453 0.0644531 0.0800781 0.128906
0 0.165437 0.33252 0.0595703 0.163086 0.107422
0 0.166924 0.0327148 0.276367 0.0576172 0.0605469
0 0.168441 0.10498 0.388672 0.0517578 0.0566406
0 0.178764 0.263184 0.143555 0.0634766 0.101562
0 0.185095 0.464355 0.0219727 0.0673828 0.0400391
0 0.200428 0.683105 0.839844 0.0283203 0.0332031
0 0.202737 0.371582 0.693848 0.0380859 0.0283203
0 0.205241 0.680664 0.463867 0.0332031 0.0371094
0 0.208702 0.363281 0.0629883 0.0742188 0.125977
0 0.219038 0.339355 0.189941 0.0556641 0.124023
0 0.222696 0.265625 0.0546875 0.0605469 0.0820312
0 0.230226 0.611328 0.498535 0.0253906 0.0361328
0 0.246105 0.353516 0.590332 0.0371094 0.0263672
0 0.253835 0.358887 0.751953 0.0244141 0.0449219
0 0.272572 0.695312 0.689941 0.0429688 0.0517578
0 0.289991 0.0957031 0.112793 0.0429688 0.0869141
0 0.36807 0.395996 0.585449 0.0322266 0.0732422
0 0.405625 0.776367 0.480957 0.0371094 0.0478516
