0 0.102254 0.517578 0.922852 0.0234375 0.0253906
0 0.103123 0.271484 0.400391 0.0585938 0.0683594
0 0.104399 0.615234 0.67627 0.015625 0.0283203
0 0.105721 0.191895 0.358887 0.0419922 0.0615234
0 0.107304 0.732422 0.893555 0.0234375 0.0332031
0 0.110101 0.524902 0.709473 0.0302734 0.0185547
0 0.11112 0.519043 0.744629 0.0341797 0.0361328
0 0.118729 0.100586 0.280273 0.0371094 0.0351562
0 0.120686 0.46875 0.314453 0.0527344 0.0625
0 0.122838 0.507324 0.644531 0.0224609 0.0234375
0 0.127382 0.0800781 0.719238 0.0507812 0.0439453
0 0.144769 0.310547 0.867188 0.0292969 0.03125
0 0.156811 0.395508 0.672852 0.0214844 0.0273438
0 0.160755 0.582031 0.619141 0.0234375 0.0214844
0 0.166644 0.407715 0.918945 0.0361328 0.0625
0 0.17027 0.731445 0.880859 0.0292969 0.0390625
0 0.177356 0.365234 0.408691 0.0761719 0.0771484
0 0.184535 0.572266 0.708496 0.0234375 0.0380859
0 0.191988 0.866699 0.883301 0.0322266 0.0302734
0 0.194667 0.73584 0.737305 0.0244141 0.0351562
0 0.205716 0.803711 0.443848 0.0410156 0.0439453
0 0.240752 0.413574 0.751953 0.0166016 0.0253906
0 0.243134 0.365723 0.317383 0.0517578 0.046875
0 0.246364 0.270996 0.723633 0.0244141 0.0449219
0 0.262995 0.649414 0.708008 0.0214844 0.0332031
0 0.268868 0.380371 0.712891 0.0224609 0.0332031
0 0.301843 0.618652 0.746582 0.0322266 0.0419922
0 0.357729 0.500488 0.737793 0.0302734 0.0361328
0 0.407669 0.682617 0.845215 0.0703125 0.100586
0 0.459024 0.248047 0.791992 0.0332031 0.0546875
0 0.492144 0.272949 0.27832 0.0361328 0.0410156
