0 0.102194 0.681152 0.402344 0.0302734 0.0292969
0 0.103377 0.650391 0.359375 0.0136719 0.0214844
0 0.106008 0.305664 0.239746 0.0253906 0.0615234
0 0.10775 0.614746 0.241699 0.0302734 0.0322266
0 0.107851 0.440918 0.344727 0.0576172 0.0566406
0 0.108085 0.609375 0.747559 0.015625 0.0205078
0 0.11099 0.741211 0.867188 0.0351562 0.0605469
0 0.111543 0.383789 0.457031 0.0351562 0.0410156
0 0.115506 0.438477 0.231445 0.0878906 0.0917969
0 0.116693 0.286621 0.262207 0.0556641 0.0498047
0 0.11753 0.390625 0.449219 0.0175781 0.0214844
0 0.11881 0.628418 0.70752 0.0341797 0.0517578
0 0.133949 0.295898 0.849121 0.0410156 0.0634766
0 0.134326 0.468262 0.544922 0.0537109 0.0742188
0 0.135578 0.493652 0.282715 0.0146484 0.0126953
0 0.135821 0.575195 0.357422 0.0175781 0.0253906
0 0.146769 0.36084 0.711914 0.0224609 0.0351562
0 0.147774 0.395508 0.703125 0.015625 0.0371094
0 0.152999 0.193848 0.0869141 0.0361328 0.0742188
0 0.155632 0.609863 0.415527 0.0166016 0.0205078
0 0.158692 0.931152 0.467285 0.0888672 0.0615234
0 0.178768 0.421875 0.63623 0.0351562 0.0537109
0 0.202792 0.377441 0.28418 0.0498047 0.0410156
0 0.220649 0.316895 0.586426 0.0361328 0.0771484
0 0.225091 0.297363 0.472656 0.0185547 0.0253906
0 0.264897 0.132324 0.168457 0.0439453 0.0302734
0 0.271656 0.913086 0.495605 0.0429688 0.0380859
0 0.314918 0.11377 0.571289 0.0185547 0.0292969
0 0.330568 0.148926 0.108398 0.0537109 0.0644531
0 0.363361 0.894043 0.296875 0.0498047 0.0722656
0 0.381744 0.547852 0.718262 0.03125 0.0380859
0 0.39849 0.450684 0.20459 0.0595703 0.0439453
0 0.401124 0.377441 0.92334 0.0400391 0.0537109
0 0.422534 0.802734 0.33252 0.0214844 0.0419922
0 0.437777 0.0219727 0.255859 0.0419922 0.0585938
0 0.465519 0.744629 0.628418 0.0263672 0.0361328
0 0.548769 0.705566 0.742676 0.0439453 0.0615234
