0 0.102515 0.488281 0.180664 0.0136719 0.0195312
0 0.10644 0.453613 0.314941 0.0263672 0.0400391
0 0.115587 0.208008 0.63623 0.0351562 0.0361328
0 0.120188 0.399902 0.421875 0.0205078 0.0273438
0 0.120193 0.343262 0.544434 0.0341797 0.0498047
0 0.123486 0.768066 0.146973 0.0400391 0.0517578
0 0.127145 0.386719 0.401367 0.0195312 0.0195312
0 0.131438 0.250488 0.408691 0.0224609 0.0244141
0 0.135904 0.534668 0.30127 0.0146484 0.0185547
0 0.139374 0.262695 0.00927734 0.03125 0.0166016
0 0.139821 0.41748 0.308594 0.0263672 0.0234375
0 0.151872 0.425293 0.416992 0.0146484 0.0234375
0 0.153524 0.53125 0.23584 0.0292969 0.0224609
0 0.169949 0.447754 0.291992 0.0263672 0.046875
0 0.191719 0.375488 0.586914 0.0361328 0.0390625
0 0.200268 0.279297 0.518555 0.0292969 0.0390625
0 0.220682 0.479492 0.220703 0.015625 0.0195312
0 0.223747 0.452148 0.303711 0.0195312 0.0351562
0 0.224403 0.143555 0.368164 0.0214844 0.0234375
0 0.22954 0.746094 0.17627 0.0253906 0.0478516
0 0.277661 0.242188 0.398926 0.0351562 0.0400391
0 0.317133 0.455078 0.407227 0.0195312 0.0273438
0 0.343419 0.536621 0.34668 0.0263672 0.0429688
0 0.428477 0.760742 0.161133 0.0449219 0.0664062
