0 0.101069 0.719727 0.11377 0.0449219 0.0498047
0 0.101128 0.562988 0.498535 0.0146484 0.0166016
0 0.102039 0.878906 0.40918 0.0136719 0.0214844
0 0.105368 0.922852 0.081543 0.0507812 0.0693359
0 0.105978 0.425293 0.607422 0.0185547 0.0273438
0 0.107221 0.78418 0.159668 0.0507812 0.0537109
0 0.107612 0.870605 0.683105 0.0205078 0.0244141
0 0.108796 0.39209 0.227539 0.0166016 0.0214844
0 0.114667 0.433594 0.0527344 0.0351562 0.0683594
0 0.115095 0.391602 0.13916 0.0136719 0.0205078
0 0.116499 0.535156 0.521973 0.0117188 0.0185547
0 0.116963 0.107422 0.233887 0.0273438 0.0419922
0 0.117918 0.477539 0.0737305 0.0273438 0.0361328
0 0.122236 0.9375 0.441895 0.0898438 0.0673828
0 0.125177 0.221191 0.20752 0.0283203 0.0361328
0 0.125687 0.307129 0.370605 0.0283203 0.0361328
0 0.126149 0.396484 0.0698242 0.0234375 0.0302734
0 0.127177 0.719238 0.0537109 0.0322266 0.0390625
0 0.127256 0.487305 0.436523 0.0449219 0.0566406
0 0.129032 0.73877 0.123047 0.0439453 0.0644531
0 0.129845 0.835938 0.71582 0.0175781 0.0507812
0 0.131303 0.189941 0.63916 0.0224609 0.0361328
0 0.131733 0.311523 0.495605 0.0390625 0.0478516
0 0.134273 0.446289 0.0126953 0.0195312 0.0253906
0 0.136715 0.694336 0.0258789 0.0136719 0.0263672
0 0.14222 0.361328 0.0820312 0.0332031 0.0410156
0 0.143881 0.355469 0.522949 0.0351562 0.0478516
0 0.147021 0.367676 0.0751953 0.0185547 0.0292969
0 0.148483 0.19873 0.100586 0.0205078 0.0253906
0 0.154353 0.314941 0.553223 0.0185547 0.0341797
0 0.159442 0.883301 0.516113 0.0283203 0.0380859
0 0.162177 0.834473 0.0664062 0.0361328 0.0527344
0 0.165866 0.66748 0.0288086 0.0146484 0.0283203
0 0.186794 0.158203 0.192871 0.0371094 0.0283203
0 0.186834 0.405273 0.0722656 0.0136719 0.0195312
0 0.189455 0.781738 0.128418 0.0302734 0.0380859
0 0.189848 0.466797 0.0693359 0.0410156 0.0429688
0 0.191672 0.570312 0.015625 0.0664062 0.03125
0 0.201597 0.779297 0.333496 0.0351562 0.0380859
0 0.212861 0.328613 0.12793 0.0322266 0.0585938
0 0.21587 0.342773 0.427246 0.015625 0.0302734
0 0.21907 0.428223 0.523438 0.0185547 0.0292969
0 0.223125 0.454102 0.148438 0.0234375 0.0292969
0 0.22399 0.21875 0.414062 0.015625 0.0234375
0 0.225079 0.612793 0.0439453 0.0244141 0.0410156
0 0.25023 0.827637 0.519531 0.0224609 0.046875
0 0.250553 0.498047 0.128906 0.015625 0.0429688
0 0.263941 0.433594 0.225098 0.0253906 0.0224609
0 0.29213 0.383301 0.312988 0.0205078 0.0322266
0 0.303077 0.743652 0.138184 0.0361328 0.0419922
0 0.314075 0.390625 0.0415039 0.0214844 0.0341797
0 0.382291 0.490234 0.0126953 0.0175781 0.0214844
0 0.406073 0.432129 0.0595703 0.0224609 0.0488281
