0 0.101938 0.572754 0.34082 0.0185547 0.0292969
0 0.104772 0.365723 0.0507812 0.0224609 0.0449219
0 0.106559 0.214355 0.168457 0.0263672 0.0439453
0 0.106773 0.493164 0.422363 0.0253906 0.0322266
0 0.107387 0.395996 0.20752 0.0302734 0.0517578
0 0.110483 0.193359 0.183594 0.0273438 0.0273438
0 0.115066 0.365723 0.0249023 0.0263672 0.0458984
0 0.115751 0.379883 0.0629883 0.0214844 0.0263672
0 0.116172 0.208984 0.179688 0.0390625 0.0527344
0 0.119497 0.437988 0.121094 0.0439453 0.0527344
0 0.121515 0.243652 0.0136719 0.0244141 0.0273438
0 0.125629 0.414062 0.269531 0.0585938 0.0664062
0 0.132963 0.320312 0.0585938 0.0195312 0.0371094
0 0.133922 0.38623 0.0112305 0.0166016 0.0185547
0 0.146179 0.445801 0.0766602 0.0302734 0.0439453
0 0.158693 0.242676 0.290527 0.0263672 0.0341797
0 0.16938 0.35498 0.0146484 0.0615234 0.0253906
0 0.183671 0.220215 0.0527344 0.0341797 0.0507812
0 0.190607 0.255859 0.193359 0.0234375 0.0292969
0 0.198087 0.237305 0.13623 0.0351562 0.0693359
0 0.200585 0.342285 0.660645 0.0302734 0.0341797
0 0.215409 0.21582 0.543457 0.0351562 0.0478516
0 0.216545 0.381348 0.0126953 0.0263672 0.0253906
0 0.217935 0.233398 0.157227 0.0429688 0.0507812
0 0.218701 0.241211 0.119629 0.0214844 0.0380859
0 0.241741 0.463867 0.138672 0.0332031 0.0507812
0 0.243589 0.283691 0.239746 0.0322266 0.0458984
0 0.250815 0.306641 0.0595703 0.0117188 0.03125
0 0.255814 0.406738 0.0708008 0.0361328 0.0341797
0 0.295182 0.328613 0.0639648 0.0244141 0.0419922
0 0.306169 0.363281 0.0424805 0.0136719 0.0302734
0 0.309928 0.5 0.0292969 0.046875 0.0527344
0 0.319838 0.268555 0.0146484 0.0234375 0.0273438
0 0.325651 0.405762 0.0283203 0.0283203 0.0410156
0 0.363762 0.396484 0.104004 0.0273438 0.0263672
0 0.371483 0.370117 0.0112305 0.0390625 0.0205078
0 0.42418 0.232422 0.218262 0.0292969 0.0380859
0 0.499446 0.294922 0.0161133 0.0351562 0.0322266
0 0.504663 0.338867 0.0112305 0.0273438 0.0205078
