0 0.100288 0.683105 0.489258 0.0205078 0.0273438
0 0.10338 0.12207 0.0703125 0.0332031 0.0429688
0 0.104052 0.371582 0.0942383 0.0263672 0.0458984
0 0.104173 0.156738 0.0107422 0.0478516 0.015625
0 0.104479 0.193359 0.0585938 0.0292969 0.0429688
0 0.10581 0.54541 0.244629 0.0146484 0.0302734
0 0.107324 0.303711 0.712891 0.0332031 0.0527344
0 0.109549 0.35791 0.571777 0.0146484 0.0244141
0 0.110136 0.383789 0.230469 0.0234375 0.0351562
0 0.111348 0.188477 0.31543 0.0214844 0.0332031
0 0.113353 0.671875 0.237305 0.0117188 0.0234375
0 0.113929 0.32373 0.751953 0.0224609 0.0292969
0 0.115333 0.444824 0.548828 0.0166016 0.0214844
0 0.122125 0.328125 0.122559 0.0234375 0.0361328
0 0.12541 0.276855 0.0869141 0.0146484 0.0253906
0 0.126244 0.473633 0.391113 0.0117188 0.0146484
0 0.128256 0.642578 0.302246 0.0449219 0.0439453
0 0.137009 0.126953 0.0356445 0.0351562 0.0576172
0 0.138441 0.423828 0.364746 0.015625 0.0205078
0 0.138775 0.52002 0.341797 0.0166016 0.0351562
0 0.140657 0.661133 0.289551 0.0429688 0.0458984
0 0.143705 0.334473 0.00976562 0.0400391 0.0195312
0 0.146993 0.147461 0.303223 0.0195312 0.0224609
0 0.148399 0.393066 0.454102 0.0107422 0.0175781
0 0.148707 0.381836 0.34668 0.0195312 0.0214844
0 0.15041 0.445312 0.741211 0.00585938 0.0214844
0 0.151947 0.692871 0.538086 0.0263672 0.0292969
0 0.154921 0.360352 0.402832 0.0234375 0.0302734
0 0.157433 0.720215 0.525391 0.0205078 0.0253906
0 0.162154 0.438965 0.347656 0.0107422 0.0253906
0 0.164226 0.211914 0.0766602 0.0371094 0.0361328
0 0.166698 0.431152 0.625 0.0263672 0.0253906
0 0.168896 0.666504 0.473633 0.0126953 0.0195312
0 0.169002 0.40625 0.475098 0.015625 0.0166016
0 0.169165 0.259277 0.046875 0.0263672 0.03125
0 0.170286 0.196289 0.0859375 0.03125 0.0351562
0 0.184826 0.358887 0.285645 0.0341797 0.0556641
0 0.184897 0.120117 0.0205078 0.0273438 0.0332031
0 0.187587 0.421387 0.300781 0.0146484 0.0175781
0 0.188293 0.320801 0.338379 0.0205078 0.0283203
0 0.197341 0.176758 0.191406 0.015625 0.0273438
0 0.197955 0.70166 0.543945 0.0244141 0.0253906
0 0.204809 0.611328 0.250488 0.0175781 0.0283203
0 0.229595 0.711426 0.294434 0.0478516 0.0380859
0 0.259724 0.80957 0.280273 0.0410156 0.0507812
0 0.264903 0.0854492 0.0405273 0.0244141 0.0283203
0 0.266895 0.631836 0.313965 0.03125 0.0302734
0 0.294419 0.193848 0.0517578 0.0166016 0.0253906
0 0.30723 0.221191 0.0673828 0.0263672 0.0292969
0 0.310271 0.160645 0.0561523 0.0302734 0.0361328
0 0.319888 0.27002 0.0185547 0.0517578 0.0351562
0 0.320553 0.878906 0.282715 0.0390625 0.0380859
0 0.336836 0.214355 0.143555 0.0283203 0.0390625
0 0.405189 0.620605 0.461426 0.0263672 0.0380859
0 0.422141 0.160156 0.119141 0.0351562 0.0390625
