0 0.103318 0.463379 0.0283203 0.0361328 0.0546875
0 0.103894 0.299316 0.100098 0.0185547 0.0185547
0 0.104146 0.200684 0.0942383 0.0263672 0.0380859
0 0.105496 0.714355 0.199707 0.0185547 0.0205078
0 0.10822 0.940918 0.301758 0.0419922 0.0449219
0 0.109131 0.35498 0.188965 0.0205078 0.0283203
0 0.111133 0.661621 0.40332 0.0205078 0.0292969
0 0.111981 0.378418 0.221191 0.0146484 0.0244141
0 0.113222 0.506836 0.185547 0.0136719 0.0253906
0 0.114186 0.580566 0.138184 0.0205078 0.0244141
0 0.114253 0.328125 0.0869141 0.0175781 0.0332031
0 0.118587 0.37793 0.368652 0.015625 0.0283203
0 0.123184 0.211914 0.114746 0.0136719 0.0224609
0 0.129721 0.296875 0.425293 0.0175781 0.0185547
0 0.130003 0.36377 0.23584 0.0380859 0.0439453
0 0.1312 0.107422 0.158203 0.0410156 0.0332031
0 0.13247 0.430176 0.319824 0.0126953 0.0185547
0 0.132631 0.265137 0.321777 0.0322266 0.0244141
0 0.13322 0.59668 0.470703 0.03125 0.0351562
0 0.134296 0.371094 0.375977 0.0195312 0.0253906
0 0.13835 0.349609 0.0600586 0.0175781 0.0224609
0 0.144797 0.0893555 0.183594 0.0341797 0.0410156
0 0.145632 0.316895 0.135254 0.0205078 0.0244141
0 0.147188 0.533691 0.20166 0.0185547 0.0283203
0 0.149732 0.214844 0.257812 0.0136719 0.0273438
0 0.151015 0.297363 0.15332 0.0166016 0.0273438
0 0.151211 0.0976562 0.16748 0.046875 0.0498047
0 0.151954 0.724121 0.0126953 0.0478516 0.0234375
0 0.153036 0.146484 0.166016 0.0273438 0.0332031
0 0.153475 0.556641 0.393066 0.0273438 0.0400391
0 0.15365 0.612793 0.287109 0.00878906 0.0195312
0 0.153722 0.743652 0.308105 0.0244141 0.0283203
0 0.156532 0.555176 0.140137 0.0146484 0.0244141
0 0.157669 0.40918 0.30127 0.0195312 0.0185547
0 0.162843 0.284668 0.22168 0.0302734 0.03125
0 0.164348 0.65332 0.196289 0.0175781 0.0214844
0 0.168431 0.147461 0.231934 0.0136719 0.0244141
0 0.174267 0.711914 0.104004 0.0371094 0.0498047
0 0.175932 0.397949 0.381348 0.0166016 0.0224609
0 0.176762 0.229492 0.169922 0.0117188 0.0292969
0 0.178123 0.375977 0.0927734 0.015625 0.0292969
0 0.180824 0.364258 0.299316 0.0195312 0.0224609
0 0.199556 0.665039 0.418457 0.0253906 0.0458984
0 0.199972 0.444336 0.255371 0.0234375 0.0322266
0 0.200555 0.408691 0.248535 0.0185547 0.0185547
0 0.200841 0.305664 0.0146484 0.0234375 0.0292969
0 0.203257 0.435547 0.355469 0.0175781 0.0253906
0 0.204837 0.123047 0.0112305 0.0273438 0.0224609
0 0.20654 0.47998 0.323242 0.0107422 0.0253906
0 0.208137 0.0961914 0.326172 0.0302734 0.0390625
0 0.211869 0.443848 0.266113 0.0185547 0.0244141
0 0.211961 0.51123 0.181641 0.0146484 0.0273438
0 0.218798 0.431641 0.18457 0.0117188 0.0195312
0 0.233571 0.355469 0.296387 0.0234375 0.0244141
0 0.235523 0.442871 0.243652 0.0205078 0.0205078
0 0.243009 0.344727 0.148926 0.0117188 0.0263672
0 0.254566 0.619629 0.499512 0.0166016 0.0185547
0 0.262125 0.472168 0.196777 0.0205078 0.0302734
0 0.263498 0.253418 0.187012 0.0146484 0.0341797
0 0.264476 0.286133 0.0234375 0.0488281 0.0410156
0 0.265292 0.275391 0.130859 0.0136719 0.0351562
0 0.270306 0.293457 0.219238 0.0224609 0.0283203
0 0.275386 0.42627 0.211914 0.0146484 0.0214844
0 0.294679 0.498535 0.230469 0.0126953 0.0234375
0 0.298238 0.197266 0.163086 0.0195312 0.03125
0 0.310084 0.0791016 0.258301 0.0410156 0.0556641
0 0.319706 0.496582 0.309082 0.0205078 0.0205078
0 0.3354 0.397461 0.195801 0.0175781 0.0205078
0 0.342551 0.246094 0.269043 0.0234375 0.0224609
0 0.346128 0.328613 0.214844 0.0126953 0.0234375
0 0.36105 0.371094 0.0224609 0.0292969 0.0410156
0 0.378418 0.321777 0.100098 0.0205078 0.0224609
0 0.395556 0.393066 0.419434 0.0185547 0.0244141
0 0.431423 0.229004 0.0273438 0.0419922 0.0449219
