0 0.100634 0.187988 0.217773 0.0244141 0.0195312
0 0.104623 0.442871 0.658203 0.0205078 0.0214844
0 0.105284 0.710938 0.178711 0.0585938 0.0683594
0 0.105385 0.80127 0.726074 0.0166016 0.0224609
0 0.106413 0.632812 0.871582 0.03125 0.0400391
0 0.106505 0.554688 0.605469 0.0117188 0.0195312
0 0.108466 0.381836 0.507324 0.0136719 0.0166016
0 0.108901 0.353027 0.551758 0.0107422 0.0175781
0 0.112778 0.459473 0.230957 0.0126953 0.0244141
0 0.115343 0.697754 0.228027 0.0205078 0.0205078
0 0.115373 0.702148 0.0639648 0.046875 0.0400391
0 0.116799 0.600098 0.168457 0.0107422 0.0185547
0 0.116985 0.401855 0.751465 0.0302734 0.0341797
0 0.117453 0.663086 0.506836 0.0234375 0.0273438
0 0.121885 0.470215 0.034668 0.0166016 0.0166016
0 0.124498 0.592285 0.149414 0.0166016 0.0214844
0 0.12708 0.626953 0.166504 0.0195312 0.0380859
0 0.128712 0.363281 0.0678711 0.0136719 0.0283203
0 0.131598 0.314941 0.225586 0.0224609 0.0195312
0 0.135539 0.370117 0.0678711 0.0292969 0.0302734
0 0.137379 0.431152 0.210449 0.0185547 0.0166016
0 0.140107 0.349609 0.179199 0.0195312 0.0244141
0 0.150898 0.37207 0.211426 0.0136719 0.0166016
0 0.15097 0.450684 0.0644531 0.0126953 0.0292969
0 0.152814 0.402832 0.164551 0.0205078 0.0302734
0 0.154724 0.626953 0.0712891 0.0175781 0.0195312
0 0.157664 0.695312 0.776855 0.0234375 0.0224609
0 0.161647 0.318848 0.0175781 0.0244141 0.0214844
0 0.174898 0.686523 0.895996 0.0273438 0.0380859
0 0.18543 0.289062 0.471191 0.0136719 0.0185547
0 0.188248 0.296875 0.929688 0.0273438 0.0332031
0 0.206553 0.717773 0.819336 0.0273438 0.0371094
0 0.210853 0.422363 0.505859 0.0185547 0.0292969
0 0.220702 0.472168 0.515625 0.0205078 0.03125
0 0.231178 0.406738 0.619629 0.0224609 0.0302734
0 0.247352 0.785645 0.268066 0.0537109 0.0615234
0 0.271506 0.749512 0.907715 0.0322266 0.0419922
0 0.277815 0.437012 0.0166016 0.0263672 0.03125
0 0.311336 0.64209 0.878418 0.0283203 0.0361328
