0 0.101321 0.519531 0.130371 0.0214844 0.0322266
0 0.102459 0.208008 0.474609 0.0234375 0.0371094
0 0.105583 0.552246 0.0942383 0.0478516 0.0576172
0 0.105894 0.650879 0.23877 0.0439453 0.0556641
0 0.109998 0.410156 0.838379 0.0371094 0.0615234
0 0.111736 0.355957 0.135254 0.0322266 0.0498047
0 0.111791 0.45166 0.296875 0.0146484 0.0253906
0 0.112362 0.521973 0.259277 0.0302734 0.0361328
0 0.118957 0.445801 0.306152 0.0283203 0.0341797
0 0.120174 0.368652 0.280762 0.0322266 0.0380859
0 0.121532 0.60791 0.340332 0.0380859 0.0361328
0 0.128054 0.505371 0.0991211 0.0244141 0.0263672
0 0.135478 0.511719 0.183594 0.0292969 0.0351562
0 0.136127 0.825684 0.208496 0.0439453 0.0634766
0 0.137732 0.463379 0.253906 0.0576172 0.0488281
0 0.138539 0.658691 0.254883 0.0439453 0.0546875
0 0.142432 0.212402 0.465332 0.0341797 0.0537109
0 0.143853 0.743164 0.825195 0.0234375 0.0234375
0 0.14852 0.645996 0.858887 0.0634766 0.0478516
0 0.15311 0.587891 0.253418 0.0585938 0.0595703
0 0.153409 0.400391 0.354004 0.015625 0.0244141
0 0.156807 0.255371 0.0205078 0.0654297 0.0410156
0 0.157989 0.265625 0.16748 0.0351562 0.0693359
0 0.163261 0.733398 0.242676 0.0371094 0.0517578
0 0.163915 0.410156 0.302246 0.0117188 0.0283203
0 0.165388 0.29541 0.513672 0.0400391 0.0390625
0 0.165885 0.44873 0.429199 0.0244141 0.0224609
0 0.168739 0.550781 0.406738 0.0136719 0.0205078
0 0.171061 0.321289 0.351562 0.00976562 0.015625
0 0.175351 0.604492 0.815918 0.0390625 0.0361328
0 0.183173 0.688477 0.210938 0.0390625 0.0449219
0 0.194597 0.378906 0.22998 0.0546875 0.0556641
0 0.220104 0.627441 0.158691 0.0576172 0.0693359
0 0.223528 0.566895 0.169434 0.0498047 0.0673828
0 0.249289 0.430664 0.365723 0.0214844 0.0380859
0 0.255825 0.504883 0.410645 0.0332031 0.0361328
0 0.27482 0.724609 0.755859 0.046875 0.0507812
0 0.303442 0.487793 0.155273 0.0615234 0.0722656
0 0.30687 0.707031 0.82666 0.0625 0.0654297
0 0.317383 0.649414 0.791016 0.03125 0.03125
0 0.335413 0.17041 0.649902 0.0673828 0.0498047
0 0.362372 0.422363 0.0405273 0.0791016 0.0810547
