0 0.100495 0.442871 0.0776367 0.00878906 0.0205078
0 0.102445 0.103027 0.266113 0.0205078 0.0771484
0 0.10317 0.41748 0.0170898 0.0341797 0.0283203
0 0.107404 0.381348 0.105469 0.0166016 0.0234375
0 0.109721 0.459961 0.39209 0.0214844 0.0205078
0 0.115373 0.589355 0.523438 0.0205078 0.03125
0 0.115721 0.515625 0.34082 0.0117188 0.0410156
0 0.120819 0.616699 0.217773 0.0146484 0.0195312
0 0.122942 0.389648 0.186523 0.0214844 0.0351562
0 0.124685 0.389648 0.367676 0.0195312 0.0380859
0 0.129832 0.791504 0.268555 0.0146484 0.0292969
0 0.146736 0.294434 0.676758 0.0576172 0.0371094
0 0.156709 0.0361328 0.15332 0.0351562 0.0488281
0 0.157627 0.334961 0.358887 0.0273438 0.0341797
0 0.162508 0.503418 0.0561523 0.0205078 0.0361328
0 0.167131 0.915039 0.143066 0.0332031 0.0400391
0 0.167382 0.481445 0.35498 0.015625 0.0224609
0 0.174198 0.931152 0.295898 0.0634766 0.0722656
0 0.176332 0.0117188 0.218262 0.0234375 0.0380859
0 0.184197 0.313965 0.504395 0.0302734 0.0498047
0 0.185126 0.63623 0.279297 0.0205078 0.0253906
0 0.193571 0.585938 0.433594 0.0175781 0.0351562
0 0.194173 0.360352 0.117188 0.0507812 0.0546875
0 0.194606 0.457031 0.206543 0.0410156 0.0615234
0 0.197859 0.300781 0.755859 0.0214844 0.0253906
0 0.212731 0.325195 0.18457 0.0175781 0.0332031
0 0.214833 0.630859 0.359863 0.0371094 0.0498047
0 0.223491 0.396484 0.241211 0.0273438 0.03125
0 0.224908 0.678223 0.050293 0.0205078 0.0263672
0 0.263768 0.364746 0.370605 0.0185547 0.0478516
0 0.311736 0.745117 0.275879 0.0332031 0.0400391
0 0.346162 0.602539 0.0698242 0.0175781 0.0185547
0 0.399673 0.708008 0.395996 0.0429688 0.0556641
0 0.431353 0.312012 0.263672 0.0361328 0.0566406
0 0.449055 0.395996 0.36084 0.0185547 0.0322266
0 0.570905 0.382812 0.589844 0.0449219 0.0488281
0 0.572595 0.548828 0.375 0.0292969 0.0390625
