0 0.100914 0.157227 0.167969 0.015625 0.0292969
0 0.100965 0.0361328 0.167969 0.0332031 0.0351562
0 0.101753 0.458008 0.667969 0.0234375 0.0234375
0 0.101857 0.242188 0.415527 0.0605469 0.0576172
0 0.103072 0.150879 0.216309 0.0322266 0.0537109
0 0.104816 0.197266 0.0615234 0.0253906 0.0332031
0 0.106732 0.633301 0.129883 0.0419922 0.0507812
0 0.112066 0.436523 0.0170898 0.0253906 0.0302734
0 0.114757 0.319824 0.105469 0.0224609 0.0292969
0 0.115059 0.289551 0.0424805 0.0107422 0.0185547
0 0.12308 0.609375 0.0244141 0.0273438 0.0449219
0 0.12656 0.629395 0.0996094 0.0146484 0.0234375
0 0.130694 0.378906 0.0161133 0.0234375 0.0322266
0 0.134365 0.149414 0.348145 0.0429688 0.0400391
0 0.135312 0.429688 0.616699 0.0351562 0.0498047
0 0.142932 0.271484 0.050293 0.0175781 0.0224609
0 0.142936 0.359863 0.0488281 0.0166016 0.0234375
0 0.144074 0.193359 0.220215 0.0292969 0.0439453
0 0.148582 0.602051 0.209473 0.0263672 0.0439453
0 0.153883 0.267578 0.215332 0.0273438 0.0361328
0 0.158292 0.230469 0.212891 0.0273438 0.03125
0 0.159384 0.12207 0.173828 0.015625 0.015625
0 0.165894 0.226074 0.555664 0.0263672 0.0332031
0 0.170934 0.314941 0.54541 0.0322266 0.0478516
0 0.171396 0.365234 0.0517578 0.0273438 0.03125
0 0.180341 0.153809 0.231445 0.0458984 0.0429688
0 0.184239 0.369141 0.273926 0.0214844 0.0302734
0 0.19637 0.10791 0.394531 0.0341797 0.0605469
0 0.197231 0.266113 0.394043 0.0498047 0.0576172
0 0.207547 0.0864258 0.210449 0.0244141 0.0673828
0 0.271411 0.178223 0.146973 0.0419922 0.0263672
0 0.283885 0.369629 0.429199 0.0537109 0.0498047
0 0.306416 0.11084 0.125977 0.0380859 0.0371094
0 0.316297 0.660156 0.0317383 0.0390625 0.0615234
0 0.444848 0.300293 0.0141602 0.0322266 0.0263672
