0 0.100699 0.543945 0.632812 0.0078125 0.0175781
0 0.102328 0.935547 0.76709 0.0761719 0.0576172
0 0.10245 0.776855 0.527344 0.0302734 0.0371094
0 0.102979 0.598145 0.205078 0.0361328 0.0292969
0 0.103077 0.290527 0.530762 0.0458984 0.0439453
0 0.103497 0.693848 0.611328 0.0224609 0.0195312
0 0.103805 0.551758 0.599609 0.0117188 0.0214844
0 0.104551 0.793457 0.525879 0.0185547 0.0302734
0 0.104742 0.414062 0.337891 0.0273438 0.0488281
0 0.104839 0.788086 0.125488 0.0976562 0.104492
0 0.105072 0.785156 0.547852 0.0410156 0.0488281
0 0.105075 0.79834 0.461426 0.0126953 0.0224609
0 0.105214 0.821777 0.295898 0.0341797 0.03125
0 0.10564 0.585449 0.78418 0.0224609 0.0273438
0 0.105762 0.728027 0.433105 0.0146484 0.0263672
0 0.106692 0.509766 0.494141 0.015625 0.0273438
0 0.107795 0.845703 0.115234 0.0527344 0.0683594
0 0.108028 0.37207 0.692871 0.015625 0.0224609
0 0.108056 0.708008 0.453125 0.0234375 0.0351562
0 0.109237 0.502441 0.155273 0.0439453 0.0449219
0 0.109347 0.851562 0.615723 0.0371094 0.0576172
0 0.110299 0.684082 0.466309 0.0126953 0.0185547
0 0.111333 0.664062 0.669434 0.0117188 0.0146484
0 0.111549 0.61084 0.82959 0.00878906 0.0205078
0 0.112575 0.797852 0.337402 0.0449219 0.0498047
0 0.11287 0.396484 0.0322266 0.0351562 0.0625
0 0.11304 0.128906 0.165039 0.0273438 0.0371094
0 0.113248 0.540527 0.890625 0.0185547 0.0429688
0 0.11354 0.58252 0.10791 0.0263672 0.0400391
0 0.113541 0.696289 0.412598 0.0175781 0.0302734
0 0.113868 0.757812 0.185547 0.0371094 0.0390625
0 0.114289 0.707031 0.599609 0.0078125 0.0234375
0 0.11441 0.65332 0.195312 0.0292969 0.0234375
0 0.114649 0.395508 0.292969 0.0429688 0.0820312
0 0.114941 0.662598 0.245605 0.0185547 0.0263672
0 0.115093 0.794922 0.812988 0.0214844 0.0302734
0 0.115363 0.909668 0.103027 0.0439453 0.0576172
0 0.115593 0.433105 0.293457 0.0361328 0.0693359
0 0.115614 0.362793 0.103027 0.0263672 0.0517578
0 0.116151 0.478516 0.0180664 0.0253906 0.0361328
0 0.116613 0.20752 0.97998 0.0556641 0.0341797
0 0.116951 0.531738 0.344727 0.0361328 0.0605469
0 0.117304 0.499023 0.230469 0.03125 0.0371094
0 0.117639 0.730469 0.523926 0.015625 0.0263672
0 0.118088 0.413574 0.0405273 0.0576172 0.0693359
0 0.11894 0.811523 0.292969 0.0605469 0.0429688
0 0.119021 0.358398 0.59082 0.0234375 0.0273438
0 0.119519 0.696289 0.686035 0.0175781 0.0224609
0 0.119961 0.27832 0.222656 0.0742188 0.119141
0 0.122004 0.678711 0.775391 0.0117188 0.0214844
0 0.122141 0.618652 0.51123 0.0341797 0.0439453
0 0.12251 0.492676 0.119629 0.0478516 0.0810547
0 0.122938 0.780273 0.288574 0.0332031 0.0361328
0 0.123297 0.160156 0.148926 0.0410156 0.0693359
0 0.123304 0.71582 0.817383 0.0253906 0.0292969
0 0.123713 0.711914 0.492676 0.015625 0.0205078
0 0.124293 0.154785 0.131836 0.0341797 0.0507812
0 0.12544 0.534668 0.0307617 0.0361328 0.0537109
0 0.125898 0.480469 0.324219 0.0390625 0.0449219
0 0.126431 0.77002 0.459473 0.0185547 0.0400391
0 0.128049 0.758301 0.229492 0.0361328 0.0449219
0 0.1285 0.703125 0.180664 0.0449219 0.0449219
0 0.128655 0.874023 0.112305 0.107422 0.0761719
0 0.128729 0.39209 0.0170898 0.0517578 0.0322266
0 0.128764 0.458008 0.0898438 0.0625 0.109375
0 0.129055 0.290527 0.186035 0.0537109 0.0751953
0 0.129735 0.0942383 0.766602 0.0400391 0.0605469
0 0.129833 0.631836 0.100586 0.0410156 0.0566406
0 0.130057 0.0776367 0.0336914 0.155273 0.0673828
0 0.130091 0.818359 0.412598 0.0332031 0.0322266
0 0.130125 0.718262 0.459473 0.0458984 0.0654297
0 0.130278 0.827148 0.585938 0.0234375 0.0371094
0 0.131051 0.583984 0.382324 0.0429688 0.0361328
0 0.131077 0.810059 0.667969 0.0205078 0.0390625
0 0.131814 0.40332 0.793457 0.015625 0.0224609
0 0.133182 0.0957031 0.208008 0.0253906 0.0410156
0 0.133388 0.338867 0.289062 0.0488281 0.0742188
0 0.133881 0.458008 0.20459 0.0585938 0.0732422
0 0.134326 0.542969 0.924316 0.015625 0.0244141
0 0.134691 0.255859 0.587891 0.0410156 0.0332031
0 0.13586 0.502441 0.987793 0.0361328 0.0244141
0 0.136276 0.344727 0.45166 0.0546875 0.0361328
0 0.136457 0.855469 0.70752 0.0390625 0.0458984
0 0.13658 0.272461 0.166504 0.0253906 0.0263672
0 0.13758 0.772949 0.753906 0.0185547 0.0234375
0 0.13821 0.758789 0.661133 0.0234375 0.0332031
0 0.138968 0.303711 0.579102 0.101562 0.0605469
0 0.139574 0.867676 0.927734 0.0498047 0.0546875
0 0.142714 0.706055 0.60498 0.0136719 0.0263672
0 0.142935 0.564941 0.576172 0.0244141 0.0234375
0 0.143128 0.754883 0.666992 0.015625 0.0234375
0 0.14381 0.412598 0.917969 0.0283203 0.0722656
0 0.144006 0.804688 0.46875 0.0234375 0.0332031
0 0.14492 0.48291 0.0600586 0.0224609 0.0654297
0 0.146163 0.175293 0.0869141 0.0478516 0.0625
0 0.146437 0.535156 0.86084 0.015625 0.0341797
0 0.149812 0.741211 0.527344 0.015625 0.0195312
0 0.149904 0.473145 0.368652 0.0419922 0.0517578
0 0.152124 0.772461 0.52002 0.0234375 0.0224609
0 0.153254 0.731445 0.438477 0.0195312 0.0410156
0 0.153917 0.474121 0.319336 0.0263672 0.0292969
0 0.153957 0.557617 0.57959 0.0214844 0.0263672
0 0.154898 0.259766 0.273926 0.0839844 0.0849609
0 0.155303 0.534668 0.156738 0.0419922 0.0576172
0 0.155725 0.922363 0.433594 0.0244141 0.0371094
0 0.156274 0.807617 0.683105 0.0253906 0.0634766
0 0.158646 0.562012 0.95752 0.0224609 0.0244141
0 0.159272 0.843262 0.536621 0.0185547 0.0244141
0 0.160903 0.527832 0.356934 0.0244141 0.0419922
0 0.162004 0.700195 0.136719 0.0175781 0.0292969
0 0.162224 0.791016 0.0224609 0.0507812 0.0390625
0 0.1634 0.424316 0.197266 0.0341797 0.0605469
0 0.165035 0.806641 0.347656 0.0371094 0.0449219
0 0.165127 0.824219 0.141113 0.09375 0.100586
0 0.165675 0.410645 0.351562 0.0146484 0.0351562
0 0.166303 0.564453 0.666504 0.0214844 0.0341797
0 0.166634 0.377441 0.429199 0.0498047 0.0556641
0 0.166668 0.475098 0.391113 0.0419922 0.0556641
0 0.168007 0.847168 0.705078 0.0224609 0.03125
0 0.169189 0.753418 0.188965 0.0556641 0.0576172
0 0.170018 0.488281 0.277344 0.0605469 0.0917969
0 0.170289 0.606445 0.199707 0.0410156 0.0439453
0 0.170532 0.676758 0.52832 0.015625 0.0195312
0 0.171807 0.480957 0.394531 0.0263672 0.0332031
0 0.172299 0.441406 0.11377 0.0625 0.0751953
0 0.172783 0.858887 0.0166016 0.0634766 0.0292969
0 0.173123 0.358398 0.867188 0.0214844 0.0195312
0 0.17346 0.5 0.577148 0.015625 0.0234375
0 0.173476 0.789062 0.132812 0.0507812 0.0839844
0 0.173763 0.816406 0.463867 0.0214844 0.0273438
0 0.174444 0.408691 0.309082 0.0576172 0.0634766
0 0.175025 0.394043 0.30957 0.0283203 0.0449219
0 0.180004 0.732422 0.164551 0.0429688 0.0732422
0 0.180088 0.54541 0.23584 0.0322266 0.0498047
0 0.182114 0.790039 0.580078 0.0214844 0.03125
0 0.185218 0.143066 0.284668 0.0830078 0.0849609
0 0.18875 0.293945 0.483887 0.0292969 0.0380859
0 0.189539 0.66748 0.0385742 0.0595703 0.0732422
0 0.190341 0.539551 0.0214844 0.0615234 0.0410156
0 0.192463 0.628418 0.591797 0.0244141 0.0371094
0 0.196926 0.435059 0.0688477 0.0830078 0.129883
0 0.197905 0.849609 0.535645 0.0195312 0.0205078
0 0.19798 0.314453 0.0932617 0.0527344 0.0576172
0 0.198029 0.515137 0.11377 0.0771484 0.108398
0 0.198709 0.753906 0.214844 0.0488281 0.0664062
0 0.199636 0.663574 0.501953 0.0166016 0.0234375
0 0.200732 0.647461 0.341797 0.0175781 0.0214844
0 0.203876 0.73877 0.137695 0.0361328 0.0488281
0 0.207933 0.777832 0.855957 0.0400391 0.0439453
0 0.207971 0.869629 0.407227 0.0341797 0.0429688
0 0.210453 0.790527 0.555664 0.0263672 0.03125
0 0.210683 0.599609 0.657227 0.0175781 0.0214844
0 0.210857 0.576172 0.570312 0.0175781 0.0234375
0 0.212282 0.355469 0.982422 0.0273438 0.0332031
0 0.213975 0.387695 0.41748 0.0429688 0.0556641
0 0.214538 0.631348 0.180176 0.0439453 0.0517578
0 0.215764 0.594238 0.108398 0.0556641 0.0449219
0 0.218741 0.33252 0.580078 0.0458984 0.0585938
0 0.219045 0.557617 0.0117188 0.0390625 0.0195312
0 0.22228 0.661133 0.794922 0.0195312 0.0195312
0 0.223002 0.699219 0.527832 0.0195312 0.0166016
0 0.223953 0.571777 0.443359 0.0263672 0.046875
0 0.224504 0.0366211 0.282227 0.0576172 0.0351562
0 0.228664 0.635254 0.646484 0.0244141 0.015625
0 0.23018 0.503906 0.138184 0.0605469 0.0751953
0 0.233878 0.433594 0.840332 0.0175781 0.0283203
0 0.23469 0.700684 0.756348 0.0224609 0.0302734
0 0.237218 0.737305 0.61084 0.0253906 0.0302734
0 0.237415 0.472656 0.890625 0.0371094 0.0546875
0 0.241273 0.23877 0.281738 0.0439453 0.0537109
0 0.241404 0.864746 0.627441 0.0380859 0.0419922
0 0.242253 0.802734 0.51709 0.0136719 0.0263672
0 0.2501 0.764648 0.430664 0.015625 0.0214844
0 0.250294 0.737793 0.189941 0.0576172 0.0791016
0 0.259068 0.741699 0.34082 0.0419922 0.0332031
0 0.259454 0.35791 0.0922852 0.0458984 0.0732422
0 0.260784 0.339355 0.0849609 0.0849609 0.0898438
0 0.263929 0.739746 0.794434 0.0205078 0.0322266
0 0.264174 0.172363 0.820801 0.0439453 0.0556641
0 0.267251 0.615723 0.967285 0.0283203 0.0556641
0 0.268653 0.562012 0.10498 0.0244141 0.0380859
0 0.268851 0.883789 0.498047 0.0390625 0.0410156
0 0.271656 0.438965 0.0522461 0.0595703 0.0751953
0 0.275716 0.769531 0.79541 0.0214844 0.0361328
0 0.278285 0.541992 0.486328 0.0292969 0.0410156
0 0.280444 0.181641 0.128418 0.0566406 0.0908203
0 0.280919 0.640137 0.107422 0.0302734 0.0390625
0 0.28099 0.135742 0.147461 0.0429688 0.0566406
0 0.285025 0.573242 0.728516 0.0429688 0.0566406
0 0.288403 0.817871 0.54541 0.0205078 0.0224609
0 0.288548 0.786133 0.303711 0.0410156 0.0644531
0 0.290417 0.833984 0.165039 0.0585938 0.0507812
0 0.297176 0.482422 0.836914 0.015625 0.0234375
0 0.299789 0.522461 0.966797 0.0292969 0.0566406
0 0.302011 0.595703 0.868652 0.0234375 0.0361328
0 0.308516 0.615234 0.185059 0.0566406 0.0595703
0 0.309003 0.524902 0.0888672 0.0478516 0.0664062
0 0.317641 0.267578 0.583008 0.0664062 0.0488281
0 0.31785 0.845215 0.605469 0.0244141 0.046875
0 0.321388 0.59082 0.91748 0.0273438 0.0322266
0 0.325107 0.231934 0.142578 0.0537109 0.0449219
0 0.325164 0.786621 0.567383 0.0283203 0.0507812
0 0.328751 0.626465 0.779297 0.0341797 0.0371094
0 0.330771 0.640137 0.35498 0.0302734 0.0458984
0 0.334134 0.522461 0.83252 0.015625 0.0283203
0 0.335507 0.536621 0.879395 0.0224609 0.0517578
0 0.337561 0.708008 0.567871 0.0234375 0.0224609
0 0.342186 0.730469 0.09375 0.0488281 0.0566406
0 0.349209 0.21582 0.53125 0.0273438 0.0390625
0 0.350435 0.561523 0.833984 0.0292969 0.0371094
0 0.35599 0.203125 0.20752 0.046875 0.0458984
0 0.360567 0.365234 0.439941 0.0507812 0.0537109
0 0.364386 0.5625 0.191895 0.0449219 0.0498047
0 0.367513 0.274902 0.0878906 0.0439453 0.0800781
0 0.369352 0.693359 0.17627 0.0234375 0.0361328
0 0.371898 0.700684 0.831055 0.0498047 0.0566406
0 0.381064 0.770996 0.654297 0.0341797 0.0371094
0 0.389689 0.48584 0.233398 0.0615234 0.0449219
0 0.391658 0.228516 0.0356445 0.0585938 0.0693359
0 0.404345 0.744141 0.606445 0.0214844 0.0273438
0 0.405944 0.455078 0.40918 0.0449219 0.0507812
0 0.420301 0.487793 0.310547 0.0498047 0.0546875
0 0.424598 0.441895 0.190918 0.0595703 0.0595703
0 0.43213 0.702637 0.0375977 0.0615234 0.0751953
0 0.432389 0.489746 0.288086 0.0439453 0.0527344
0 0.439819 0.724121 0.657227 0.0244141 0.046875
0 0.473736 0.844727 0.782227 0.0449219 0.0546875
0 0.474545 0.62207 0.0322266 0.0566406 0.0605469
0 0.497065 0.354492 0.814453 0.0429688 0.0585938
0 0.523948 0.662598 0.42334 0.0439453 0.0380859
0 0.574709 0.606934 0.0927734 0.0537109 0.0683594
0 0.650705 0.664551 0.128418 0.0244141 0.0419922
