0 0.107588 0.537598 0.799316 0.0283203 0.0322266
0 0.108965 0.382324 0.916504 0.0185547 0.0283203
0 0.110689 0.960449 0.131836 0.0400391 0.0546875
0 0.115858 0.289062 0.172363 0.015625 0.0205078
0 0.121201 0.472168 0.502441 0.0107422 0.0146484
0 0.121666 0.601074 0.680176 0.0126953 0.0205078
0 0.132135 0.618652 0.836426 0.0205078 0.0244141
0 0.135626 0.243164 0.488281 0.015625 0.0292969
0 0.136312 0.553223 0.206543 0.0244141 0.0556641
0 0.142287 0.696777 0.879883 0.0126953 0.0253906
0 0.162178 0.28125 0.447266 0.0175781 0.0234375
0 0.163092 0.275879 0.696289 0.0205078 0.0253906
0 0.163639 0.090332 0.808105 0.0185547 0.0478516
0 0.164487 0.35498 0.992188 0.0224609 0.015625
0 0.164943 0.10791 0.398926 0.0439453 0.0341797
0 0.195886 0.29834 0.344238 0.0283203 0.0361328
0 0.196433 0.495117 0.0507812 0.0371094 0.0488281
0 0.200528 0.720215 0.899414 0.0322266 0.0332031
0 0.201633 0.530273 0.936523 0.0273438 0.0351562
0 0.220403 0.129395 0.459961 0.0361328 0.0332031
0 0.228513 0.405762 0.846191 0.0400391 0.0615234
0 0.234578 0.449707 0.762207 0.0517578 0.0673828
0 0.255911 0.585449 0.633789 0.0166016 0.0214844
0 0.265365 0.313965 0.108887 0.0166016 0.0244141
0 0.27636 0.333984 0.26416 0.046875 0.0458984
0 0.297273 0.551758 0.572266 0.015625 0.0214844
0 0.30558 0.436035 0.423828 0.0400391 0.046875
0 0.306585 0.169922 0.317383 0.0390625 0.0625
0 0.322755 0.726074 0.838379 0.0283203 0.0361328
0 0.336914 0.358398 0.501953 0.0585938 0.0527344
0 0.349678 0.588867 0.461914 0.0253906 0.0234375
0 0.368684 0.921875 0.349609 0.0449219 0.0761719
0 0.36928 0.139648 0.167969 0.0214844 0.0253906
0 0.454877 0.775391 0.546387 0.0234375 0.0419922
0 0.457636 0.690918 0.943359 0.0361328 0.0488281
0 0.475086 0.123535 0.332031 0.0576172 0.0722656
0 0.502917 0.719238 0.0800781 0.0458984 0.0566406
0 0.548556 0.671875 0.20166 0.0332031 0.0498047
