0 0.100231 0.529297 0.854492 0.015625 0.0175781
0 0.103094 0.676758 0.502441 0.046875 0.0439453
0 0.106646 0.606445 0.407227 0.0253906 0.0332031
0 0.108389 0.791992 0.758301 0.0722656 0.0732422
0 0.110468 0.679199 0.779785 0.0498047 0.0419922
0 0.1112 0.727051 0.748535 0.100586 0.0888672
0 0.112424 0.644043 0.422852 0.0302734 0.0527344
0 0.113201 0.466797 0.489258 0.0371094 0.0527344
0 0.115849 0.354004 0.427246 0.0146484 0.0244141
0 0.116902 0.41748 0.332031 0.0419922 0.0585938
0 0.129229 0.609375 0.930176 0.0195312 0.0205078
0 0.130156 0.408203 0.635254 0.015625 0.0185547
0 0.132738 0.242188 0.500977 0.0253906 0.0371094
0 0.133049 0.386719 0.681641 0.0175781 0.0136719
0 0.134957 0.186035 0.727051 0.0224609 0.0205078
0 0.138596 0.410156 0.277344 0.0429688 0.03125
0 0.150134 0.539062 0.371582 0.0175781 0.0224609
0 0.159125 0.81543 0.831055 0.0332031 0.046875
0 0.160455 0.178223 0.708984 0.0380859 0.0722656
0 0.165255 0.336426 0.67627 0.0283203 0.0380859
0 0.1663 0.198242 0.827637 0.0273438 0.0556641
0 0.177515 0.687988 0.772461 0.0791016 0.0664062
0 0.204637 0.317871 0.645508 0.0146484 0.0292969
0 0.208186 0.52832 0.447754 0.0253906 0.0244141
0 0.221068 0.17627 0.687012 0.0341797 0.0419922
0 0.228393 0.540527 0.376953 0.0244141 0.0371094
0 0.347565 0.342773 0.791504 0.0351562 0.0302734
0 0.435185 0.353027 0.595703 0.0224609 0.0234375
