0 0.100816 0.306152 0.243652 0.0185547 0.0185547
0 0.104718 0.478027 0.152832 0.0283203 0.0458984
0 0.105142 0.304688 0.396484 0.0117188 0.015625
0 0.106342 0.956055 0.682617 0.03125 0.0390625
0 0.1168 0.748047 0.157227 0.0234375 0.0273438
0 0.122973 0.287598 0.120117 0.0244141 0.0390625
0 0.122991 0.350586 0.314941 0.0214844 0.0244141
0 0.124874 0.420898 0.247559 0.0234375 0.0458984
0 0.126034 0.956055 0.282715 0.0175781 0.0224609
0 0.128489 0.858887 0.324707 0.0263672 0.0322266
0 0.132216 0.542969 0.496094 0.0253906 0.046875
0 0.134928 0.35791 0.0390625 0.0283203 0.0273438
0 0.138723 0.188477 0.0419922 0.0585938 0.0664062
0 0.13893 0.675781 0.394043 0.0292969 0.0263672
0 0.142389 0.317383 0.435547 0.0175781 0.0332031
0 0.147161 0.589355 0.693848 0.0263672 0.0322266
0 0.147559 0.157715 0.351074 0.0244141 0.0263672
0 0.149034 0.0341797 0.477539 0.0429688 0.0410156
0 0.159077 0.833008 0.258789 0.0253906 0.0273438
0 0.16975 0.439941 0.125977 0.0302734 0.0332031
0 0.174517 0.63916 0.106934 0.0185547 0.0302734
0 0.177495 0.543457 0.0288086 0.0341797 0.0498047
0 0.190144 0.930664 0.322266 0.046875 0.03125
0 0.190771 0.793457 0.636719 0.0361328 0.0488281
0 0.193964 0.827148 0.266113 0.0234375 0.0302734
0 0.196964 0.68457 0.401367 0.0332031 0.0351562
0 0.205116 0.800293 0.29248 0.0146484 0.0263672
0 0.205127 0.545898 0.34668 0.0175781 0.0351562
0 0.220773 0.373047 0.153809 0.0253906 0.0302734
0 0.223712 0.477539 0.144043 0.015625 0.0380859
0 0.23397 0.536621 0.594238 0.0185547 0.0263672
0 0.246332 0.359863 0.0253906 0.0751953 0.0488281
0 0.248881 0.724609 0.208984 0.0273438 0.0214844
0 0.270515 0.888184 0.733887 0.0322266 0.0302734
0 0.270613 0.473633 0.078125 0.0136719 0.0273438
0 0.281733 0.0795898 0.452148 0.0185547 0.0292969
0 0.282373 0.416992 0.23584 0.0175781 0.0322266
0 0.296149 0.754395 0.334473 0.0146484 0.0302734
0 0.311586 0.304199 0.117676 0.0576172 0.0517578
0 0.371313 0.426758 0.364258 0.0175781 0.0195312
0 0.46234 0.759766 0.504395 0.0371094 0.0478516
