0 0.101075 0.516113 0.23291 0.0595703 0.0380859
0 0.101639 0.232422 0.625488 0.00976562 0.0205078
0 0.102398 0.650879 0.858398 0.0322266 0.0332031
0 0.10247 0.678711 0.5625 0.0488281 0.0351562
0 0.102989 0.477539 0.371582 0.0136719 0.0185547
0 0.103051 0.465332 0.282715 0.0126953 0.0283203
0 0.106116 0.279785 0.919922 0.0439453 0.0742188
0 0.108417 0.126953 0.480957 0.0488281 0.0537109
0 0.110788 0.21875 0.778809 0.046875 0.0458984
0 0.116299 0.671875 0.233398 0.0546875 0.0625
0 0.11682 0.654785 0.332031 0.0185547 0.0195312
0 0.120954 0.477539 0.823242 0.0234375 0.0253906
0 0.120975 0.469238 0.33252 0.0205078 0.0205078
0 0.121817 0.468262 0.773926 0.0400391 0.0458984
0 0.12559 0.160156 0.11084 0.0332031 0.0341797
0 0.126037 0.323242 0.219727 0.0136719 0.0292969
0 0.126622 0.163574 0.453613 0.0224609 0.0283203
0 0.12786 0.395996 0.272461 0.0126953 0.0253906
0 0.128171 0.596191 0.0317383 0.0576172 0.0576172
0 0.135302 0.153809 0.712402 0.0244141 0.0263672
0 0.137442 0.664551 0.936035 0.0419922 0.0693359
0 0.139265 0.555664 0.268066 0.0273438 0.0283203
0 0.139294 0.67041 0.952637 0.0361328 0.0419922
0 0.14206 0.566406 0.231934 0.0253906 0.0361328
0 0.153228 0.111328 0.380371 0.0234375 0.0498047
0 0.155844 0.611816 0.883789 0.0263672 0.0488281
0 0.155864 0.487793 0.0390625 0.102539 0.078125
0 0.15713 0.599609 0.820801 0.0449219 0.0361328
0 0.158446 0.71582 0.812988 0.0566406 0.0830078
0 0.159174 0.729492 0.0830078 0.0917969 0.0449219
0 0.168789 0.788086 0.810059 0.0566406 0.0517578
0 0.170245 0.394531 0.0537109 0.0371094 0.0625
0 0.170816 0.390625 0.688965 0.0195312 0.0322266
0 0.172207 0.516113 0.84375 0.0302734 0.0390625
0 0.18025 0.428711 0.927246 0.0253906 0.0419922
0 0.186439 0.51709 0.861328 0.0361328 0.0683594
0 0.189776 0.394531 0.181641 0.0332031 0.0429688
0 0.191354 0.0932617 0.534668 0.0322266 0.0537109
0 0.195578 0.521973 0.882324 0.0439453 0.0615234
0 0.197595 0.338867 0.71875 0.0273438 0.0429688
0 0.203034 0.786621 0.756836 0.0576172 0.046875
0 0.203855 0.335449 0.0195312 0.0341797 0.0332031
0 0.212171 0.481934 0.76709 0.0361328 0.0498047
0 0.217954 0.570312 0.916992 0.0234375 0.03125
0 0.220491 0.40332 0.878418 0.0234375 0.0341797
0 0.228108 0.37793 0.263672 0.0195312 0.03125
0 0.238317 0.266113 0.688965 0.0400391 0.0498047
0 0.240005 0.389648 0.131348 0.0292969 0.0302734
0 0.262376 0.660645 0.906738 0.0419922 0.0576172
0 0.264324 0.331055 0.617188 0.0351562 0.0371094
0 0.311054 0.154297 0.141113 0.0292969 0.0458984
0 0.322931 0.321777 0.780762 0.0244141 0.0458984
0 0.324725 0.657715 0.854004 0.0439453 0.0517578
0 0.353215 0.394531 0.778809 0.0273438 0.0498047
0 0.381662 0.439453 0.0551758 0.119141 0.106445
0 0.397803 0.523438 0.0341797 0.0546875 0.0566406
0 0.401366 0.537109 0.769531 0.0390625 0.0390625
0 0.420804 0.581055 0.813965 0.0527344 0.0380859
0 0.482982 0.358398 0.900391 0.03125 0.0585938
0 0.552681 0.188965 0.777344 0.0419922 0.0566406
