0 0.103074 0.375977 0.828613 0.0253906 0.0458984
0 0.105466 0.560059 0.323242 0.0224609 0.03125
0 0.108024 0.547363 0.204102 0.0224609 0.0292969
0 0.109046 0.201172 0.229004 0.0253906 0.0556641
0 0.113506 0.659668 0.399414 0.0224609 0.0332031
0 0.122358 0.680664 0.519043 0.0292969 0.0419922
0 0.126411 0.720215 0.300781 0.0576172 0.0488281
0 0.130606 0.685059 0.0722656 0.0576172 0.0664062
0 0.138921 0.95459 0.214355 0.0400391 0.0673828
0 0.140096 0.736816 0.250488 0.0419922 0.0595703
0 0.141258 0.566406 0.397949 0.00976562 0.0224609
0 0.143924 0.676758 0.315918 0.0195312 0.0283203
0 0.143971 0.903809 0.771484 0.0205078 0.0234375
0 0.159123 0.785156 0.311035 0.0253906 0.0439453
0 0.184934 0.327148 0.432617 0.0488281 0.105469
0 0.258055 0.651367 0.154785 0.0214844 0.0478516
0 0.303196 0.681641 0.355469 0.0253906 0.03125
