0 0.10051 0.682617 0.03125 0.0253906 0.0390625
0 0.100872 0.246582 0.0605469 0.0244141 0.0371094
0 0.103686 0.493652 0.059082 0.0419922 0.0517578
0 0.105163 0.325195 0.124512 0.0195312 0.0322266
0 0.107297 0.359863 0.0424805 0.0244141 0.0380859
0 0.107971 0.39502 0.18457 0.0166016 0.03125
0 0.108103 0.428223 0.0957031 0.0439453 0.0585938
0 0.108998 0.313965 0.727051 0.0283203 0.0537109
0 0.110104 0.379883 0.112305 0.0253906 0.03125
0 0.110335 0.469238 0.027832 0.0283203 0.0341797
0 0.111023 0.601562 0.0678711 0.0195312 0.0458984
0 0.113616 0.272949 0.259277 0.0302734 0.0302734
0 0.115527 0.367188 0.425293 0.0371094 0.0478516
0 0.116236 0.395996 0.14209 0.0341797 0.0361328
0 0.116465 0.65332 0.0307617 0.015625 0.0205078
0 0.116622 0.457031 0.116211 0.0273438 0.03125
0 0.117875 0.463379 0.11377 0.0361328 0.0556641
0 0.118045 0.526855 0.184082 0.0380859 0.0478516
0 0.120402 0.175293 0.194336 0.0244141 0.0253906
0 0.120952 0.342773 0.145508 0.0214844 0.0449219
0 0.121739 0.227539 0.393066 0.0410156 0.0458984
0 0.125377 0.379883 0.0078125 0.0273438 0.0136719
0 0.128642 0.362793 0.0595703 0.0380859 0.0625
0 0.12872 0.369141 0.157227 0.0175781 0.0234375
0 0.129792 0.335449 0.416992 0.0400391 0.0429688
0 0.13114 0.293457 0.547363 0.0224609 0.0380859
0 0.13164 0.328125 0.0908203 0.0273438 0.046875
0 0.133242 0.469727 0.0913086 0.0292969 0.0283203
0 0.134305 0.311523 0.479492 0.0175781 0.03125
0 0.134502 0.225098 0.45752 0.0205078 0.0322266
0 0.135871 0.557129 0.0908203 0.0400391 0.046875
0 0.137375 0.541992 0.0854492 0.0390625 0.0498047
0 0.141839 0.388672 0.0791016 0.0292969 0.0351562
0 0.142035 0.146973 0.509766 0.0498047 0.0605469
0 0.145716 0.246582 0.304199 0.0341797 0.0537109
0 0.146716 0.565918 0.09375 0.0224609 0.0371094
0 0.146847 0.59668 0.081543 0.0214844 0.0478516
0 0.153699 0.617676 0.780273 0.0224609 0.0332031
0 0.154597 0.518066 0.0288086 0.0634766 0.0537109
0 0.157922 0.351074 0.132812 0.0146484 0.0351562
0 0.167726 0.359375 0.52002 0.0371094 0.0361328
0 0.168335 0.186523 0.0966797 0.0332031 0.0546875
0 0.174147 0.280762 0.536133 0.0517578 0.0507812
0 0.175567 0.0351562 0.434082 0.0546875 0.0498047
0 0.17673 0.313965 0.52832 0.0556641 0.0488281
0 0.178283 0.219727 0.101562 0.0371094 0.0371094
0 0.182072 0.371094 0.117188 0.0292969 0.0351562
0 0.185607 0.400391 0.706543 0.0449219 0.0771484
0 0.189798 0.356934 0.803711 0.0400391 0.0488281
0 0.19013 0.26123 0.35791 0.0263672 0.0361328
0 0.197904 0.430176 0.113281 0.0283203 0.0351562
0 0.204013 0.336426 0.519531 0.0693359 0.0429688
0 0.207283 0.583008 0.0283203 0.0332031 0.0449219
0 0.208471 0.319336 0.133789 0.03125 0.0703125
0 0.215219 0.428711 0.232422 0.0292969 0.0546875
0 0.21563 0.312988 0.425781 0.0380859 0.0410156
0 0.216142 0.265137 0.528809 0.0419922 0.0400391
0 0.21865 0.438965 0.194336 0.0263672 0.0527344
0 0.22078 0.270996 0.302246 0.0244141 0.0322266
0 0.223857 0.259766 0.304199 0.046875 0.0439453
0 0.234097 0.473633 0.13623 0.0253906 0.0283203
0 0.236327 0.0913086 0.125488 0.0556641 0.0615234
0 0.245353 0.236328 0.379883 0.0332031 0.03125
0 0.258628 0.25 0.189941 0.0351562 0.0380859
0 0.259429 0.304688 0.154785 0.015625 0.0341797
0 0.272167 0.269531 0.448242 0.0273438 0.03125
0 0.272668 0.425781 0.246094 0.0253906 0.0371094
0 0.282845 0.117188 0.456055 0.0371094 0.0371094
0 0.34685 0.353516 0.416992 0.046875 0.0449219
0 0.350683 0.276855 0.126953 0.0341797 0.0410156
0 0.35619 0.336914 0.0776367 0.0273438 0.0380859
0 0.374271 0.440918 0.178711 0.0185547 0.0390625
0 0.377288 0.219238 0.506836 0.0517578 0.0527344
0 0.388794 0.314453 0.114746 0.0253906 0.0439453
0 0.412617 0.435547 0.211914 0.03125 0.0292969
0 0.422985 0.204102 0.416504 0.0390625 0.0498047
0 0.450798 0.312012 0.391113 0.0361328 0.0517578
0 0.525176 0.328613 0.155762 0.0283203 0.0419922
