0 0.10221 0.0307617 0.193848 0.0537109 0.0595703
0 0.102384 0.271973 0.183105 0.0263672 0.0458984
0 0.103166 0.515137 0.838867 0.0361328 0.0527344
0 0.103547 0.450195 0.0854492 0.0273438 0.0439453
0 0.103957 0.118164 0.540039 0.0488281 0.0527344
0 0.104182 0.316895 0.409668 0.0126953 0.0224609
0 0.104285 0.358398 0.283691 0.0253906 0.0556641
0 0.106489 0.282227 0.303223 0.0410156 0.0361328
0 0.106954 0.447266 0.416992 0.0273438 0.0449219
0 0.10731 0.319336 0.416016 0.0136719 0.0292969
0 0.108733 0.341797 0.584961 0.0175781 0.0292969
0 0.108937 0.574707 0.155273 0.0732422 0.107422
0 0.109555 0.705078 0.506348 0.0292969 0.0439453
0 0.110194 0.282715 0.624023 0.0205078 0.0332031
0 0.110223 0.564453 0.967285 0.0566406 0.0615234
0 0.111113 0.104492 0.30957 0.0625 0.0644531
0 0.111749 0.285156 0.185547 0.046875 0.0546875
0 0.112338 0.227051 0.508301 0.0263672 0.0419922
0 0.112392 0.432129 0.287109 0.0595703 0.0683594
0 0.113456 0.412598 0.396484 0.0146484 0.0253906
0 0.117239 0.583984 0.333984 0.0214844 0.0195312
0 0.11734 0.527344 0.396484 0.0195312 0.0273438
0 0.118297 0.370605 0.859375 0.0146484 0.0273438
0 0.119598 0.640137 0.858887 0.0341797 0.0400391
0 0.122742 0.588867 0.39502 0.046875 0.0439453
0 0.122801 0.0878906 0.290039 0.0703125 0.078125
0 0.124086 0.341309 0.535156 0.0146484 0.0214844
0 0.124217 0.41748 0.523926 0.0185547 0.0185547
0 0.124442 0.592773 0.291992 0.0371094 0.046875
0 0.124468 0.296387 0.574219 0.0146484 0.03125
0 0.125178 0.488281 0.203613 0.0488281 0.0654297
0 0.12543 0.0532227 0.481445 0.0556641 0.0683594
0 0.125952 0.511719 0.395508 0.0175781 0.0292969
0 0.127711 0.348145 0.467285 0.0205078 0.0283203
0 0.128374 0.369629 0.609863 0.0185547 0.0263672
0 0.130539 0.242188 0.230957 0.0429688 0.0400391
0 0.131544 0.525391 0.477051 0.0214844 0.0302734
0 0.133084 0.460938 0.119629 0.0292969 0.0556641
0 0.133318 0.509766 0.238281 0.0273438 0.0507812
0 0.134596 0.367188 0.169434 0.046875 0.0595703
0 0.134787 0.242676 0.65332 0.0263672 0.0390625
0 0.135315 0.533203 0.112305 0.0449219 0.0644531
0 0.135846 0.323242 0.510254 0.0117188 0.0263672
0 0.137023 0.73291 0.695801 0.0302734 0.0361328
0 0.138049 0.564941 0.484375 0.0107422 0.0234375
0 0.141764 0.395508 0.227539 0.0234375 0.0234375
0 0.14209 0.313477 0.605469 0.0234375 0.0351562
0 0.144565 0.559082 0.396484 0.0263672 0.0253906
0 0.14578 0.678711 0.015625 0.0332031 0.0292969
0 0.145925 0.738281 0.711426 0.0429688 0.0615234
0 0.147745 0.150391 0.192871 0.0351562 0.0615234
0 0.149214 0.468262 0.191406 0.0634766 0.0605469
0 0.151035 0.236816 0.213867 0.0458984 0.0664062
0 0.153335 0.57666 0.596191 0.0126953 0.0302734
0 0.154493 0.463867 0.0288086 0.0527344 0.0576172
0 0.154513 0.45166 0.406738 0.0244141 0.0302734
0 0.155091 0.0585938 0.163574 0.0351562 0.0380859
0 0.156072 0.582031 0.450195 0.0234375 0.0273438
0 0.15845 0.661133 0.455566 0.0332031 0.0380859
0 0.161731 0.199219 0.198242 0.0234375 0.0351562
0 0.163264 0.570801 0.39502 0.0302734 0.0283203
0 0.16472 0.113281 0.154785 0.0390625 0.0478516
0 0.166269 0.69873 0.237793 0.0458984 0.0478516
0 0.168051 0.350098 0.412598 0.0166016 0.0244141
0 0.169209 0.616211 0.452637 0.015625 0.0263672
0 0.171906 0.842773 0.490723 0.0371094 0.0498047
0 0.17489 0.530273 0.470215 0.0214844 0.0302734
0 0.175338 0.404785 0.0424805 0.0693359 0.0791016
0 0.176584 0.253418 0.287109 0.0380859 0.0507812
0 0.178441 0.309082 0.371582 0.0302734 0.0380859
0 0.178625 0.379395 0.178223 0.0361328 0.0537109
0 0.178938 0.770508 0.585449 0.0234375 0.0263672
0 0.179609 0.322754 0.0556641 0.0361328 0.0527344
0 0.180114 0.733398 0.588867 0.0488281 0.0507812
0 0.18275 0.339355 0.114258 0.0322266 0.0546875
0 0.184778 0.161133 0.114746 0.0410156 0.0400391
0 0.190126 0.349121 0.630859 0.0166016 0.0234375
0 0.192358 0.342773 0.41748 0.0136719 0.0205078
0 0.19388 0.264648 0.355469 0.03125 0.0292969
0 0.196895 0.310059 0.614746 0.0341797 0.0517578
0 0.199583 0.290527 0.629395 0.0322266 0.0458984
0 0.203861 0.583496 0.532227 0.0283203 0.0351562
0 0.204465 0.524902 0.334473 0.0205078 0.0263672
0 0.205824 0.387695 0.571289 0.0117188 0.0175781
0 0.208409 0.354004 0.458984 0.0205078 0.0253906
0 0.211214 0.227051 0.644531 0.0361328 0.0507812
0 0.219729 0.492676 0.45459 0.0224609 0.0439453
0 0.221649 0.374512 0.60498 0.0166016 0.0224609
0 0.222023 0.234863 0.23584 0.0634766 0.0654297
0 0.224291 0.519043 0.409668 0.0341797 0.0595703
0 0.226823 0.229004 0.19043 0.0244141 0.03125
0 0.233401 0.443848 0.0839844 0.0126953 0.03125
0 0.237552 0.361816 0.506348 0.0126953 0.0205078
0 0.238866 0.623535 0.627441 0.0537109 0.0654297
0 0.240864 0.492676 0.359375 0.0361328 0.0546875
0 0.243199 0.638184 0.512695 0.0380859 0.0429688
0 0.246235 0.345703 0.577637 0.0175781 0.0244141
0 0.252936 0.432129 0.169434 0.0458984 0.0556641
0 0.254112 0.695312 0.664551 0.0273438 0.0576172
0 0.2563 0.535645 0.513672 0.0185547 0.03125
0 0.259065 0.336914 0.527344 0.0214844 0.0273438
0 0.260425 0.420898 0.395508 0.0273438 0.0253906
0 0.263251 0.387695 0.509277 0.0117188 0.0185547
0 0.271098 0.303711 0.499023 0.0117188 0.0214844
0 0.273096 0.192383 0.19043 0.0371094 0.0625
0 0.284392 0.49707 0.115234 0.0292969 0.046875
0 0.296322 0.43457 0.455566 0.0214844 0.0283203
0 0.298222 0.155273 0.206055 0.0507812 0.0996094
0 0.298676 0.382812 0.357422 0.0195312 0.03125
0 0.301278 0.51709 0.484863 0.0166016 0.0263672
0 0.304328 0.42041 0.583496 0.0263672 0.0322266
0 0.305271 0.423828 0.525879 0.0117188 0.0185547
0 0.310747 0.314453 0.189453 0.0175781 0.0332031
0 0.316055 0.161133 0.240234 0.0527344 0.0527344
0 0.318797 0.210449 0.503906 0.0595703 0.0527344
0 0.330835 0.283691 0.529785 0.0185547 0.0283203
0 0.333222 0.208984 0.106934 0.03125 0.0400391
0 0.341092 0.339844 0.442383 0.015625 0.0195312
0 0.34343 0.301758 0.564453 0.0253906 0.046875
0 0.371931 0.494141 0.522949 0.00976562 0.0166016
0 0.372034 0.371582 0.556152 0.0126953 0.0166016
0 0.375617 0.511719 0.538574 0.0117188 0.0224609
0 0.37693 0.381836 0.439453 0.015625 0.0214844
0 0.387213 0.285645 0.117188 0.0439453 0.046875
0 0.39768 0.404785 0.519531 0.0166016 0.0175781
0 0.422621 0.269043 0.679199 0.0302734 0.0341797
0 0.43746 0.801758 0.533203 0.0390625 0.0527344
0 0.472533 0.356445 0.408203 0.015625 0.0253906
0 0.529577 0.217285 0.580566 0.0419922 0.0458984
0 0.55383 0.0966797 0.222656 0.0507812 0.0703125
