0 0.100064 0.122559 0.59082 0.0283203 0.0410156
0 0.100214 0.591309 0.282715 0.0322266 0.0400391
0 0.101056 0.179688 0.192383 0.0234375 0.0429688
0 0.102207 0.194824 0.505859 0.0380859 0.03125
0 0.1032 0.232422 0.584961 0.015625 0.0273438
0 0.103593 0.101562 0.638672 0.0332031 0.0371094
0 0.104851 0.229004 0.0327148 0.0380859 0.0537109
0 0.10534 0.357422 0.963867 0.0175781 0.0488281
0 0.105715 0.845703 0.645996 0.0292969 0.0283203
0 0.105814 0.645996 0.467285 0.0419922 0.0341797
0 0.105815 0.342285 0.606445 0.0166016 0.0253906
0 0.105869 0.506836 0.80127 0.0292969 0.0361328
0 0.106036 0.219727 0.0449219 0.0546875 0.0566406
0 0.106042 0.455566 0.0532227 0.0595703 0.0634766
0 0.106227 0.79248 0.131348 0.0537109 0.0732422
0 0.106372 0.544434 0.676758 0.0283203 0.0390625
0 0.107382 0.432617 0.283691 0.0488281 0.0439453
0 0.109037 0.0239258 0.0205078 0.0458984 0.0410156
0 0.109469 0.14502 0.137207 0.0166016 0.0244141
0 0.10959 0.44873 0.120117 0.108398 0.0996094
0 0.110162 0.789551 0.0761719 0.0693359 0.0683594
0 0.110167 0.818848 0.975098 0.0419922 0.0419922
0 0.111298 0.72998 0.804688 0.0400391 0.0429688
0 0.111311 0.324219 0.810059 0.0605469 0.0595703
0 0.11143 0.53418 0.891113 0.0273438 0.0224609
0 0.112174 0.10498 0.16748 0.0439453 0.0595703
0 0.112224 0.205078 0.509277 0.0253906 0.0361328
0 0.11395 0.756348 0.492188 0.0263672 0.0429688
0 0.113953 0.448242 0.832031 0.015625 0.0234375
0 0.114694 0.11377 0.18457 0.0556641 0.0703125
0 0.11574 0.490234 0.89209 0.0175781 0.0283203
0 0.115942 0.68457 0.925293 0.0195312 0.0361328
0 0.116818 0.183105 0.52832 0.0615234 0.0410156
0 0.118441 0.319824 0.980957 0.0263672 0.0361328
0 0.121463 0.343262 0.352051 0.0439453 0.0380859
0 0.121627 0.19873 0.754395 0.0185547 0.0322266
0 0.1234 0.547852 0.125977 0.0917969 0.101562
0 0.123798 0.626953 0.413574 0.0253906 0.0283203
0 0.124335 0.581055 0.789551 0.0273438 0.0244141
0 0.124723 0.567383 0.76416 0.0214844 0.0322266
0 0.125014 0.14209 0.411621 0.0556641 0.0634766
0 0.125304 0.257324 0.0869141 0.0126953 0.0234375
0 0.125833 0.233398 0.661133 0.0234375 0.0195312
0 0.126727 0.597168 0.463379 0.0185547 0.0283203
0 0.128386 0.538086 0.776367 0.0136719 0.0429688
0 0.129276 0.531738 0.239258 0.0478516 0.0820312
0 0.129514 0.580566 0.279785 0.0283203 0.0361328
0 0.129562 0.081543 0.638672 0.0673828 0.0371094
0 0.13048 0.484863 0.257812 0.0673828 0.0917969
0 0.131201 0.335938 0.673828 0.0214844 0.0195312
0 0.132521 0.84375 0.0488281 0.0527344 0.0546875
0 0.13263 0.515625 0.855957 0.0214844 0.0283203
0 0.132861 0.620605 0.216309 0.106445 0.0751953
0 0.13465 0.187012 0.065918 0.0537109 0.0458984
0 0.135564 0.742188 0.189453 0.0449219 0.0644531
0 0.135773 0.549316 0.657715 0.0341797 0.0478516
0 0.137957 0.494141 0.449219 0.0253906 0.0332031
0 0.140837 0.569336 0.397461 0.0351562 0.03125
0 0.141326 0.266602 0.0209961 0.0273438 0.0400391
0 0.141328 0.671875 0.497559 0.0351562 0.0302734
0 0.143017 0.193359 0.700195 0.0253906 0.0292969
0 0.14319 0.465332 0.868652 0.0185547 0.0478516
0 0.144519 0.669434 0.652832 0.0146484 0.0244141
0 0.146193 0.785645 0.668457 0.0654297 0.0400391
0 0.146299 0.758789 0.876465 0.0195312 0.0224609
0 0.146384 0.461914 0.134277 0.0625 0.0751953
0 0.148052 0.460938 0.745605 0.015625 0.0263672
0 0.148192 0.660645 0.693848 0.0185547 0.0380859
0 0.148826 0.0942383 0.32373 0.0478516 0.0498047
0 0.149032 0.487305 0.897949 0.0136719 0.0205078
0 0.149933 0.757324 0.977539 0.0380859 0.0351562
0 0.153007 0.558105 0.0307617 0.0263672 0.0615234
0 0.156212 0.739258 0.64209 0.0136719 0.0263672
0 0.158225 0.83252 0.631348 0.0205078 0.0322266
0 0.15859 0.0512695 0.45459 0.0556641 0.0439453
0 0.159235 0.386719 0.883789 0.0351562 0.0410156
0 0.160384 0.404785 0.288574 0.0224609 0.0302734
0 0.162281 0.164551 0.527344 0.0341797 0.0351562
0 0.162653 0.672363 0.70752 0.0107422 0.0224609
0 0.162767 0.876953 0.780273 0.0253906 0.0332031
0 0.165124 0.0351562 0.655273 0.0585938 0.0507812
0 0.166771 0.734863 0.325684 0.0361328 0.0419922
0 0.166808 0.595215 0.991211 0.0244141 0.0175781
0 0.167966 0.179199 0.506836 0.0361328 0.03125
0 0.168817 0.0634766 0.645508 0.0449219 0.0371094
0 0.170782 0.614258 0.84668 0.0390625 0.0625
0 0.170858 0.560059 0.853027 0.0185547 0.0263672
0 0.171594 0.646973 0.0668945 0.0302734 0.0361328
0 0.172571 0.553223 0.981934 0.0322266 0.0322266
0 0.173714 0.426758 0.985352 0.03125 0.0253906
0 0.175378 0.496582 0.881348 0.0126953 0.0224609
0 0.177833 0.57959 0.403809 0.0302734 0.0302734
0 0.178594 0.292969 0.400391 0.0351562 0.0390625
0 0.181843 0.63916 0.401855 0.0224609 0.0283203
0 0.18281 0.53125 0.782715 0.03125 0.0517578
0 0.187094 0.112305 0.320801 0.0742188 0.0654297
0 0.187353 0.543457 0.669922 0.0205078 0.0234375
0 0.187359 0.779297 0.342773 0.0332031 0.0429688
0 0.187374 0.128906 0.602051 0.0273438 0.0244141
0 0.189301 0.208984 0.525879 0.0410156 0.0517578
0 0.19099 0.718262 0.0273438 0.0361328 0.0527344
0 0.191616 0.310547 0.970703 0.0371094 0.0507812
0 0.193423 0.330566 0.98877 0.0244141 0.0205078
0 0.196387 0.220215 0.180664 0.0439453 0.0625
0 0.196391 0.449707 0.885254 0.0400391 0.0478516
0 0.196863 0.0878906 0.112793 0.0292969 0.0478516
0 0.197253 0.0947266 0.0400391 0.03125 0.0527344
0 0.206929 0.688477 0.770996 0.0742188 0.0673828
0 0.208348 0.254883 0.508789 0.0507812 0.0585938
0 0.208783 0.324219 0.105469 0.0527344 0.0625
0 0.211161 0.595215 0.0483398 0.0380859 0.0498047
0 0.211574 0.596191 0.446289 0.0283203 0.0253906
0 0.212555 0.500977 0.791016 0.0253906 0.0429688
0 0.213935 0.560059 0.401855 0.0634766 0.0322266
0 0.216702 0.5625 0.973633 0.046875 0.046875
0 0.220233 0.477051 0.980957 0.0283203 0.0361328
0 0.221142 0.208984 0.0649414 0.0371094 0.0439453
0 0.224488 0.662109 0.343262 0.0332031 0.0478516
0 0.22561 0.170898 0.0639648 0.0234375 0.0380859
0 0.227723 0.27002 0.129883 0.0537109 0.0527344
0 0.232852 0.710449 0.925293 0.0205078 0.0263672
0 0.233727 0.694824 0.263672 0.0595703 0.0605469
0 0.243422 0.437012 0.839355 0.0361328 0.0458984
0 0.247636 0.343262 0.561035 0.0185547 0.0205078
0 0.250869 0.431641 0.571289 0.0253906 0.0253906
0 0.251101 0.544434 0.404297 0.0361328 0.0234375
0 0.252006 0.616211 0.783691 0.0175781 0.0205078
0 0.254214 0.516602 0.790039 0.0527344 0.0488281
0 0.254853 0.507812 0.0351562 0.0527344 0.0664062
0 0.258941 0.767578 0.666992 0.0253906 0.046875
0 0.262621 0.118164 0.579102 0.0214844 0.03125
0 0.271275 0.851562 0.143555 0.0371094 0.0351562
0 0.272057 0.768066 0.73291 0.0302734 0.0615234
0 0.273358 0.687988 0.0913086 0.0283203 0.0576172
0 0.273602 0.349609 0.726562 0.0117188 0.0214844
0 0.277354 0.45752 0.732422 0.0244141 0.0546875
0 0.283067 0.588867 0.368164 0.0234375 0.0214844
0 0.289555 0.127441 0.67041 0.0380859 0.0302734
0 0.290494 0.193848 0.109863 0.0224609 0.0595703
0 0.292088 0.6875 0.0219727 0.03125 0.0380859
0 0.293433 0.67041 0.858398 0.0322266 0.0527344
0 0.295188 0.444336 0.894531 0.03125 0.0253906
0 0.2977 0.59668 0.335938 0.015625 0.0253906
0 0.304221 0.741211 0.26709 0.0546875 0.0419922
0 0.31341 0.145996 0.0986328 0.0361328 0.0488281
0 0.321768 0.779297 0.106445 0.0859375 0.109375
0 0.321962 0.574707 0.964844 0.0302734 0.0488281
0 0.327216 0.182129 0.249023 0.0322266 0.0273438
0 0.328682 0.655273 0.688477 0.0175781 0.0292969
0 0.332042 0.298828 0.959473 0.0351562 0.0458984
0 0.33336 0.691895 0.344727 0.0205078 0.0429688
0 0.34781 0.702637 0.756836 0.0439453 0.0566406
0 0.354333 0.252441 0.956543 0.0322266 0.0400391
0 0.360455 0.720703 0.794434 0.0332031 0.0341797
0 0.368124 0.303711 0.0449219 0.0292969 0.0429688
0 0.381139 0.127441 0.682129 0.0458984 0.0458984
0 0.381849 0.163574 0.416016 0.0439453 0.0683594
0 0.391975 0.601562 0.879883 0.0351562 0.0449219
0 0.400853 0.112793 0.400879 0.0400391 0.0537109
0 0.404819 0.669922 0.782715 0.0410156 0.0478516
0 0.40682 0.503418 0.975098 0.0458984 0.0439453
0 0.407341 0.165039 0.516113 0.0488281 0.0517578
0 0.424778 0.805664 0.731445 0.0351562 0.0410156
0 0.427984 0.859863 0.623535 0.0244141 0.0244141
0 0.437687 0.621094 0.613281 0.0214844 0.0273438
0 0.439071 0.396973 0.871094 0.0419922 0.0566406
0 0.447145 0.733398 0.719727 0.0332031 0.0449219
0 0.482441 0.619141 0.725586 0.0429688 0.046875
0 0.48436 0.205566 0.398926 0.0322266 0.0322266
0 0.497509 0.383301 0.960449 0.0673828 0.0693359
0 0.546327 0.522461 0.920898 0.0410156 0.0546875
0 0.594925 0.81543 0.67041 0.0488281 0.0439453
