0 0.100403 0.118652 0.117676 0.129883 0.0849609
0 0.100636 0.616211 0.777832 0.03125 0.0322266
0 0.101335 0.783203 0.60498 0.0390625 0.0380859
0 0.101498 0.195801 0.532227 0.0341797 0.0390625
0 0.101621 0.353027 0.109863 0.0361328 0.0498047
0 0.101644 0.783203 0.904785 0.0371094 0.0478516
0 0.103873 0.266113 0.283203 0.0244141 0.0605469
0 0.104297 0.649902 0.17627 0.0224609 0.0283203
0 0.104654 0.757324 0.28125 0.0517578 0.0488281
0 0.104701 0.212891 0.114746 0.0800781 0.165039
0 0.105945 0.538574 0.886719 0.0283203 0.0507812
0 0.106438 0.429199 0.0429688 0.0244141 0.0332031
0 0.106793 0.143555 0.396484 0.0234375 0.0429688
0 0.107805 0.977051 0.704102 0.0361328 0.0605469
0 0.108317 0.70459 0.109375 0.0517578 0.0761719
0 0.108862 0.358887 0.379883 0.0244141 0.0351562
0 0.109909 0.447754 0.382324 0.0126953 0.0283203
0 0.110276 0.79248 0.0170898 0.0693359 0.0244141
0 0.110764 0.551758 0.769531 0.0292969 0.0253906
0 0.111033 0.694824 0.03125 0.0322266 0.0585938
0 0.111313 0.142578 0.451172 0.0136719 0.0214844
0 0.112473 0.75 0.76709 0.0292969 0.0498047
0 0.113098 0.27832 0.114258 0.0878906 0.105469
0 0.113561 0.234863 0.0639648 0.0732422 0.0732422
0 0.113608 0.476562 0.825195 0.0175781 0.0253906
0 0.113922 0.202637 0.319824 0.0576172 0.0439453
0 0.114093 0.566895 0.406738 0.0537109 0.0576172
0 0.114224 0.365723 0.0913086 0.0263672 0.0322266
0 0.114814 0.0859375 0.682617 0.046875 0.0859375
0 0.115199 0.527832 0.904785 0.0166016 0.0400391
0 0.116534 0.396484 0.882812 0.0429688 0.0703125
0 0.116703 0.380371 0.491699 0.0185547 0.0185547
0 0.116841 0.269531 0.015625 0.0703125 0.0292969
0 0.11694 0.595703 0.0136719 0.03125 0.0273438
0 0.117643 0.357422 0.242676 0.03125 0.0380859
0 0.118495 0.280762 0.134277 0.0634766 0.0634766
0 0.119829 0.635254 0.0317383 0.0712891 0.0537109
0 0.120017 0.42334 0.116699 0.0556641 0.0869141
0 0.120599 0.108398 0.450195 0.0214844 0.0253906
0 0.12093 0.525391 0.102051 0.0371094 0.0400391
0 0.120971 0.983398 0.32373 0.0292969 0.0517578
0 0.121496 0.317871 0.151367 0.0830078 0.109375
0 0.121754 0.668945 0.25 0.03125 0.0351562
0 0.122444 0.646484 0.0107422 0.0351562 0.0175781
0 0.123675 0.703613 0.0131836 0.0322266 0.0263672
0 0.124208 0.487305 0.942383 0.0449219 0.0820312
0 0.124729 0.467285 0.913086 0.0263672 0.0644531
0 0.126502 0.56543 0.984863 0.0273438 0.0302734
0 0.126954 0.296387 0.254395 0.0244141 0.0302734
0 0.127224 0.723633 0.951172 0.0390625 0.0566406
0 0.127454 0.635742 0.353516 0.0371094 0.0390625
0 0.127529 0.307617 0.459473 0.0273438 0.0263672
0 0.127549 0.740234 0.0678711 0.0898438 0.0986328
0 0.129184 0.374023 0.21582 0.0429688 0.0488281
0 0.130212 0.580566 0.41748 0.0244141 0.0361328
0 0.131417 0.538086 0.869629 0.0136719 0.0224609
0 0.131467 0.787598 0.283203 0.0439453 0.0527344
0 0.13286 0.787109 0.369141 0.0234375 0.0527344
0 0.132867 0.386719 0.907227 0.0273438 0.046875
0 0.13364 0.129883 0.425781 0.0195312 0.0234375
0 0.134887 0.509766 0.0888672 0.0234375 0.0390625
0 0.135526 0.276367 0.065918 0.0996094 0.0908203
0 0.136096 0.530273 0.213379 0.0136719 0.0283203
0 0.136252 0.52002 0.277344 0.0126953 0.03125
0 0.136379 0.612793 0.681641 0.0185547 0.0371094
0 0.137985 0.756836 0.0126953 0.0332031 0.0253906
0 0.13846 0.38623 0.493652 0.0126953 0.0126953
0 0.140119 0.617188 0.308105 0.0605469 0.0849609
0 0.140427 0.583984 0.220215 0.0546875 0.0673828
0 0.140496 0.848145 0.763184 0.0673828 0.0908203
0 0.141046 0.71875 0.591309 0.0234375 0.0419922
0 0.14519 0.844727 0.591309 0.0429688 0.0322266
0 0.147239 0.689453 0.0883789 0.0585938 0.106445
0 0.148302 0.738281 0.195801 0.0273438 0.0400391
0 0.148859 0.915527 0.766602 0.0498047 0.0644531
0 0.149227 0.263184 0.108398 0.0537109 0.0742188
0 0.149579 0.298828 0.383789 0.0371094 0.0605469
0 0.149995 0.568848 0.0473633 0.0458984 0.0869141
0 0.150886 0.612305 0.0996094 0.0507812 0.0605469
0 0.151072 0.687988 0.0205078 0.0595703 0.0351562
0 0.151122 0.10791 0.555664 0.0458984 0.0683594
0 0.152442 0.5625 0.921387 0.0214844 0.0302734
0 0.15301 0.67041 0.870117 0.0322266 0.0488281
0 0.154416 0.662109 0.0229492 0.0625 0.0439453
0 0.154757 0.134766 0.40625 0.0332031 0.0546875
0 0.160648 0.10498 0.407227 0.0361328 0.0390625
0 0.160791 0.750977 0.480957 0.046875 0.0712891
0 0.161828 0.57959 0.747559 0.0361328 0.0244141
0 0.162984 0.605469 0.0322266 0.0742188 0.0546875
0 0.163725 0.442383 0.958008 0.0371094 0.0410156
0 0.165074 0.193848 0.479004 0.0302734 0.0361328
0 0.165207 0.443359 0.349121 0.0429688 0.0576172
0 0.165412 0.46582 0.917969 0.0175781 0.0410156
0 0.16579 0.471191 0.725586 0.00878906 0.0175781
0 0.167021 0.337891 0.18457 0.0742188 0.0957031
0 0.167341 0.589844 0.982422 0.0195312 0.0292969
0 0.167507 0.380859 0.836426 0.0214844 0.0537109
0 0.167571 0.512207 0.898926 0.0341797 0.0439453
0 0.167632 0.265137 0.138672 0.0361328 0.0449219
0 0.167776 0.952148 0.774414 0.0429688 0.0664062
0 0.168176 0.311523 0.364258 0.0332031 0.0507812
0 0.168559 0.558105 0.533203 0.00683594 0.0136719
0 0.168726 0.570312 0.753906 0.0332031 0.0332031
0 0.169509 0.3125 0.135254 0.0449219 0.0830078
0 0.169653 0.688477 0.420898 0.03125 0.046875
0 0.169812 0.736816 0.982422 0.0341797 0.0332031
0 0.170935 0.620117 0.0698242 0.0898438 0.114258
0 0.172129 0.584473 0.966309 0.0419922 0.0634766
0 0.172169 0.385254 0.217773 0.0244141 0.0351562
0 0.17253 0.428711 0.355957 0.0175781 0.0380859
0 0.175655 0.410156 0.878906 0.0371094 0.0507812
0 0.178689 0.306152 0.119141 0.0283203 0.0546875
0 0.179292 0.372559 0.492676 0.0166016 0.0166016
0 0.179472 0.834473 0.98877 0.0283203 0.0205078
0 0.180149 0.648438 0.817383 0.0195312 0.0234375
0 0.180755 0.740723 0.012207 0.0458984 0.0185547
0 0.180769 0.490234 0.981445 0.0195312 0.03125
0 0.180893 0.431641 0.446289 0.0273438 0.0253906
0 0.182432 0.556152 0.355469 0.0439453 0.0585938
0 0.1836 0.865723 0.48291 0.0380859 0.0458984
0 0.184549 0.425293 0.283691 0.0341797 0.0478516
0 0.184575 0.456543 0.766602 0.0224609 0.0253906
0 0.185311 0.556152 0.383301 0.0537109 0.0771484
0 0.187911 0.818848 0.529785 0.0302734 0.0517578
0 0.189874 0.838379 0.73291 0.0732422 0.0693359
0 0.19027 0.566406 0.958496 0.0390625 0.0791016
0 0.193143 0.140625 0.871094 0.0585938 0.0878906
0 0.196698 0.308105 0.0258789 0.0791016 0.0517578
0 0.197039 0.523438 0.518066 0.0175781 0.0244141
0 0.198404 0.208008 0.600098 0.0273438 0.0439453
0 0.199224 0.507812 0.0825195 0.0351562 0.0595703
0 0.200119 0.747559 0.384277 0.0302734 0.0595703
0 0.201855 0.324707 0.0844727 0.0205078 0.0302734
0 0.201948 0.568848 0.841309 0.0341797 0.0458984
0 0.202108 0.814941 0.0244141 0.0654297 0.0429688
0 0.202376 0.258301 0.0830078 0.0498047 0.0761719
0 0.20522 0.287598 0.39502 0.0478516 0.0517578
0 0.207626 0.212891 0.059082 0.0546875 0.0791016
0 0.207779 0.361328 0.0795898 0.03125 0.0595703
0 0.210442 0.214355 0.47168 0.0205078 0.0214844
0 0.210724 0.572266 0.253418 0.03125 0.0361328
0 0.211721 0.655762 0.943848 0.0419922 0.0380859
0 0.211728 0.486816 0.964844 0.0361328 0.0605469
0 0.213426 0.805664 0.385742 0.0410156 0.0546875
0 0.214511 0.6875 0.747559 0.0253906 0.0400391
0 0.218523 0.170898 0.543457 0.0332031 0.0361328
0 0.218947 0.440918 0.243164 0.0166016 0.03125
0 0.219499 0.682617 0.0385742 0.046875 0.0712891
0 0.221337 0.671387 0.79248 0.0185547 0.0224609
0 0.221857 0.294922 0.0556641 0.0585938 0.0566406
0 0.22366 0.568359 0.179199 0.03125 0.0654297
0 0.223784 0.59082 0.0200195 0.0507812 0.0400391
0 0.225961 0.792969 0.382324 0.0351562 0.0673828
0 0.227977 0.518066 0.143066 0.0302734 0.0361328
0 0.230009 0.559082 0.341797 0.0283203 0.0273438
0 0.23188 0.457031 0.958984 0.0664062 0.0605469
0 0.235865 0.72168 0.755371 0.0234375 0.0341797
0 0.238807 0.64209 0.828613 0.0283203 0.0439453
0 0.241613 0.651367 0.408691 0.0273438 0.0439453
0 0.242132 0.346191 0.118652 0.0244141 0.0341797
0 0.246621 0.73877 0.274414 0.0341797 0.0527344
0 0.251281 0.746582 0.920898 0.0498047 0.0371094
0 0.251718 0.57959 0.857422 0.0283203 0.0449219
0 0.25227 0.832031 0.237793 0.0273438 0.0322266
0 0.25373 0.393555 0.952637 0.0273438 0.0595703
0 0.255146 0.677734 0.708008 0.0175781 0.0175781
0 0.25647 0.684082 0.884277 0.0537109 0.0556641
0 0.257046 0.841797 0.043457 0.0605469 0.0712891
0 0.257841 0.472168 0.878906 0.0283203 0.0351562
0 0.26098 0.162109 0.534668 0.0507812 0.0478516
0 0.267543 0.720215 0.572266 0.0244141 0.0371094
0 0.268294 0.564453 0.212891 0.0390625 0.0527344
0 0.27046 0.791504 0.597168 0.0380859 0.0400391
0 0.275629 0.401855 0.452148 0.0205078 0.0253906
0 0.279262 0.401367 0.376465 0.0175781 0.0244141
0 0.280022 0.810547 0.879883 0.0371094 0.0527344
0 0.280321 0.109863 0.53418 0.0439453 0.0566406
0 0.280881 0.506836 0.890625 0.0214844 0.03125
0 0.284591 0.634766 0.575684 0.0273438 0.0458984
0 0.286569 0.398438 0.401367 0.015625 0.0195312
0 0.286621 0.569336 0.653809 0.0214844 0.0341797
0 0.29084 0.583496 0.034668 0.0556641 0.0693359
0 0.293289 0.17041 0.672852 0.0302734 0.0664062
0 0.297072 0.5625 0.93457 0.0273438 0.0546875
0 0.301313 0.754883 0.0546875 0.0527344 0.0625
0 0.302732 0.261719 0.302246 0.0253906 0.0693359
0 0.303885 0.172852 0.397461 0.0273438 0.03125
0 0.315871 0.38623 0.859375 0.0224609 0.0371094
0 0.316882 0.333984 0.158203 0.0429688 0.0664062
0 0.317867 0.466309 0.832031 0.0322266 0.0371094
0 0.319641 0.379883 0.818359 0.0292969 0.0253906
0 0.325949 0.829102 0.313965 0.0449219 0.0595703
0 0.329448 0.937988 0.771973 0.0810547 0.0791016
0 0.32945 0.239746 0.42334 0.0107422 0.0302734
0 0.329721 0.422852 0.475586 0.0175781 0.0195312
0 0.329736 0.54248 0.777344 0.0224609 0.0214844
0 0.330089 0.45459 0.182617 0.0556641 0.078125
0 0.332116 0.308105 0.183105 0.0537109 0.0712891
0 0.336678 0.32959 0.0180664 0.0458984 0.0341797
0 0.337183 0.807617 0.465332 0.0292969 0.0517578
0 0.33812 0.580078 0.23584 0.0371094 0.0498047
0 0.347344 0.358887 0.214844 0.0419922 0.0644531
0 0.354336 0.592285 0.702637 0.0302734 0.0244141
0 0.355554 0.478027 0.103516 0.0146484 0.0292969
0 0.357743 0.614258 0.78125 0.0175781 0.0253906
0 0.357794 0.769043 0.788086 0.0634766 0.0546875
0 0.357934 0.491699 0.167969 0.0224609 0.0351562
0 0.359862 0.597168 0.0898438 0.0302734 0.0644531
0 0.359894 0.619141 0.972656 0.0273438 0.046875
0 0.360553 0.45459 0.342773 0.0302734 0.0449219
0 0.367524 0.675293 0.243164 0.0224609 0.0234375
0 0.373865 0.493652 0.361328 0.0244141 0.0566406
0 0.377559 0.543457 0.103516 0.0322266 0.0371094
0 0.379823 0.401855 0.531738 0.0205078 0.0302734
0 0.383771 0.759277 0.505371 0.0322266 0.0458984
0 0.385612 0.14209 0.521973 0.0361328 0.0478516
0 0.386325 0.530762 0.67334 0.0263672 0.0322266
0 0.393328 0.390137 0.608398 0.0380859 0.0410156
0 0.396016 0.853516 0.793457 0.0605469 0.0615234
0 0.400202 0.719727 0.462891 0.0566406 0.0527344
0 0.405336 0.504395 0.743652 0.0244141 0.0302734
0 0.416738 0.389648 0.449219 0.0195312 0.0214844
0 0.416975 0.331055 0.330566 0.0390625 0.0517578
0 0.42749 0.216797 0.394043 0.0332031 0.0595703
0 0.440458 0.183105 0.465332 0.0244141 0.0322266
0 0.4427 0.732422 0.935059 0.0625 0.0576172
0 0.443922 0.129395 0.891113 0.0458984 0.0576172
0 0.446077 0.529785 0.973633 0.0283203 0.0429688
0 0.446771 0.506348 0.0551758 0.0439453 0.0947266
0 0.452935 0.266602 0.381348 0.0605469 0.0556641
0 0.454391 0.382324 0.282227 0.0244141 0.046875
0 0.456254 0.732422 0.967773 0.0371094 0.0566406
0 0.457388 0.742188 0.779785 0.0507812 0.0615234
0 0.46331 0.571777 0.161133 0.0283203 0.0332031
0 0.490893 0.41748 0.269043 0.0400391 0.0693359
0 0.51306 0.685059 0.569336 0.0322266 0.0390625
0 0.553707 0.154297 0.602539 0.0390625 0.0488281
0 0.559902 0.617676 0.203613 0.0439453 0.0517578
0 0.581133 0.786621 0.791016 0.0361328 0.0488281
0 0.616543 0.40918 0.134766 0.0625 0.107422
