0 0.100588 0.38916 0.322754 0.0185547 0.0185547
0 0.112984 0.336914 0.0537109 0.0214844 0.0273438
0 0.118497 0.206055 0.012207 0.0371094 0.0244141
0 0.125856 0.231445 0.328613 0.015625 0.0302734
0 0.135633 0.353027 0.166504 0.0205078 0.0205078
0 0.13861 0.412109 0.154297 0.0214844 0.03125
0 0.139162 0.529785 0.415039 0.0107422 0.015625
0 0.141099 0.419922 0.283691 0.0351562 0.0283203
0 0.155833 0.263672 0.328613 0.015625 0.0283203
0 0.15724 0.550293 0.215332 0.00878906 0.0126953
0 0.162867 0.221191 0.40332 0.0283203 0.0390625
0 0.165423 0.369141 0.261719 0.0175781 0.0175781
0 0.241753 0.289551 0.421387 0.0302734 0.0244141
0 0.282454 0.438965 0.185059 0.0205078 0.0283203
0 0.290007 0.707031 0.148438 0.0351562 0.0488281
