0 0.100045 0.60791 0.981934 0.0185547 0.0302734
0 0.101742 0.60498 0.796875 0.0166016 0.0175781
0 0.102913 0.0546875 0.417969 0.0273438 0.046875
0 0.104856 0.36084 0.51416 0.0126953 0.0185547
0 0.105702 0.595703 0.331543 0.0449219 0.0634766
0 0.106465 0.637207 0.794434 0.0166016 0.0205078
0 0.110193 0.282715 0.407227 0.0263672 0.03125
0 0.112037 0.722656 0.605957 0.0175781 0.0185547
0 0.113896 0.765625 0.712402 0.0273438 0.0302734
0 0.11408 0.0336914 0.646484 0.0478516 0.0703125
0 0.114706 0.231445 0.63916 0.0195312 0.0341797
0 0.115535 0.578125 0.745117 0.015625 0.0234375
0 0.117001 0.419922 0.108887 0.0332031 0.0400391
0 0.117589 0.218262 0.477539 0.0244141 0.0410156
0 0.117934 0.185059 0.133789 0.0341797 0.046875
0 0.121135 0.210938 0.528809 0.0175781 0.0244141
0 0.122013 0.627441 0.469238 0.0146484 0.0302734
0 0.122566 0.226562 0.500488 0.0292969 0.0361328
0 0.124561 0.102051 0.488281 0.0302734 0.0292969
0 0.125535 0.0288086 0.195801 0.0458984 0.0576172
0 0.126316 0.202148 0.568848 0.0214844 0.0283203
0 0.129138 0.440918 0.436035 0.0166016 0.0244141
0 0.132465 0.176758 0.382324 0.0488281 0.0654297
0 0.135508 0.976074 0.716309 0.0439453 0.0361328
0 0.138576 0.59668 0.775879 0.0136719 0.0185547
0 0.142034 0.19873 0.415039 0.0244141 0.03125
0 0.143107 0.380859 0.262695 0.0527344 0.0546875
0 0.143646 0.445801 0.408203 0.0322266 0.0292969
0 0.143884 0.0927734 0.333984 0.0332031 0.0507812
0 0.145155 0.540527 0.46875 0.0380859 0.0273438
0 0.151214 0.519531 0.408691 0.0253906 0.0478516
0 0.15313 0.181152 0.611328 0.0224609 0.0371094
0 0.163574 0.671875 0.694824 0.0234375 0.0166016
0 0.167427 0.42334 0.733398 0.0166016 0.015625
0 0.168278 0.675293 0.51416 0.0283203 0.0263672
0 0.169066 0.695801 0.510254 0.0244141 0.0283203
0 0.171425 0.711914 0.71582 0.03125 0.0371094
0 0.175664 0.463379 0.731934 0.0166016 0.0263672
0 0.179099 0.185547 0.530273 0.0195312 0.0273438
0 0.179678 0.290039 0.458984 0.0292969 0.0449219
0 0.181111 0.416016 0.597656 0.0292969 0.0351562
0 0.183672 0.766113 0.536133 0.0166016 0.0175781
0 0.190263 0.106934 0.514648 0.0244141 0.0351562
0 0.191821 0.160156 0.307129 0.03125 0.0283203
0 0.192695 0.383789 0.467285 0.015625 0.0302734
0 0.194049 0.241211 0.523438 0.015625 0.0214844
0 0.195611 0.132812 0.241211 0.0214844 0.0390625
0 0.19844 0.408691 0.405273 0.0146484 0.046875
0 0.199829 0.561035 0.390137 0.0244141 0.0244141
0 0.200384 0.751465 0.624512 0.0205078 0.0458984
0 0.205419 0.558105 0.421387 0.0185547 0.0205078
0 0.212608 0.378906 0.391602 0.0195312 0.0332031
0 0.228529 0.141113 0.52002 0.0263672 0.0283203
0 0.234042 0.608887 0.484863 0.0224609 0.0322266
0 0.236595 0.230469 0.578613 0.0214844 0.0341797
0 0.244877 0.17334 0.367676 0.0361328 0.0380859
0 0.246397 0.105469 0.580566 0.0253906 0.0302734
0 0.248556 0.397461 0.165039 0.0488281 0.0839844
0 0.251026 0.208984 0.23584 0.0351562 0.0302734
0 0.255388 0.259766 0.552734 0.015625 0.0234375
0 0.273501 0.213867 0.46875 0.015625 0.0292969
0 0.275937 0.617188 0.914551 0.0234375 0.0224609
0 0.282799 0.64209 0.414551 0.0205078 0.0361328
0 0.288771 0.0161133 0.208984 0.0322266 0.0605469
0 0.291892 0.415527 0.741211 0.0283203 0.0253906
0 0.297143 0.134277 0.126465 0.0537109 0.0478516
0 0.345666 0.0263672 0.28418 0.0351562 0.0507812
0 0.348051 0.242188 0.26416 0.0292969 0.0322266
0 0.363584 0.635254 0.749512 0.0205078 0.0224609
0 0.405548 0.0922852 0.246094 0.0498047 0.0546875
0 0.453894 0.167969 0.231934 0.0371094 0.0458984
0 0.471406 0.0571289 0.586914 0.0263672 0.0371094
0 0.473496 0.696777 0.580078 0.0244141 0.0332031
