0 0.101675 0.0546875 0.253418 0.0351562 0.0283203
0 0.102086 0.738281 0.425781 0.0117188 0.0234375
0 0.10231 0.508301 0.050293 0.0166016 0.0322266
0 0.102536 0.336426 0.271484 0.0185547 0.0195312
0 0.10318 0.123047 0.143555 0.0371094 0.046875
0 0.103819 0.221191 0.253906 0.0419922 0.0507812
0 0.104274 0.189941 0.452637 0.0380859 0.0419922
0 0.104748 0.766113 0.0615234 0.0537109 0.0605469
0 0.105052 0.318359 0.108887 0.0449219 0.0380859
0 0.10525 0.359863 0.404297 0.0341797 0.0332031
0 0.105513 0.289551 0.279297 0.0185547 0.0292969
0 0.10627 0.179688 0.242188 0.0527344 0.0625
0 0.107255 0.167969 0.647461 0.0136719 0.0214844
0 0.107635 0.287109 0.321777 0.0175781 0.0224609
0 0.108635 0.62793 0.246582 0.0214844 0.0302734
0 0.108928 0.264648 0.400391 0.0195312 0.0273438
0 0.10915 0.392578 0.0551758 0.0253906 0.0400391
0 0.110123 0.263672 0.690918 0.046875 0.0517578
0 0.110913 0.570801 0.0180664 0.0107422 0.0283203
0 0.1115 0.344238 0.339844 0.0244141 0.0332031
0 0.111608 0.275391 0.081543 0.0527344 0.0654297
0 0.111664 0.521484 0.0458984 0.0371094 0.03125
0 0.111977 0.422852 0.0551758 0.015625 0.0361328
0 0.112849 0.391602 0.287109 0.0273438 0.0292969
0 0.113685 0.705078 0.122559 0.015625 0.0244141
0 0.114049 0.422852 0.0678711 0.0253906 0.0576172
0 0.114536 0.30127 0.585938 0.0185547 0.0234375
0 0.114942 0.0620117 0.0424805 0.0458984 0.0654297
0 0.115123 0.645996 0.466797 0.0166016 0.0136719
0 0.11555 0.684082 0.0102539 0.0380859 0.0185547
0 0.115653 0.175293 0.26709 0.0263672 0.0302734
0 0.11834 0.249512 0.0473633 0.0224609 0.0361328
0 0.119216 0.165527 0.314941 0.0146484 0.0185547
0 0.119418 0.413574 0.304199 0.0126953 0.0185547
0 0.119753 0.0708008 0.254395 0.0478516 0.0263672
0 0.119817 0.189453 0.668945 0.015625 0.0253906
0 0.120243 0.200195 0.333008 0.0292969 0.0410156
0 0.120596 0.281738 0.0375977 0.0400391 0.0595703
0 0.122258 0.0942383 0.389648 0.0439453 0.0527344
0 0.122281 0.165527 0.247559 0.0341797 0.0361328
0 0.124294 0.182129 0.425293 0.0283203 0.0419922
0 0.124571 0.244141 0.595703 0.0488281 0.0546875
0 0.125352 0.366699 0.0888672 0.0498047 0.0625
0 0.127198 0.16748 0.192871 0.0380859 0.0517578
0 0.128949 0.265137 0.03125 0.0576172 0.0625
0 0.130187 0.72168 0.236816 0.0390625 0.0400391
0 0.130422 0.431152 0.432617 0.0205078 0.0195312
0 0.130737 0.0878906 0.0561523 0.0371094 0.0419922
0 0.133666 0.247559 0.321777 0.00878906 0.0146484
0 0.135439 0.0385742 0.0410156 0.0673828 0.0566406
0 0.135595 0.233887 0.478516 0.0400391 0.0566406
0 0.136184 0.388672 0.383301 0.0253906 0.0244141
0 0.136229 0.206543 0.432617 0.0361328 0.046875
0 0.137201 0.31543 0.0805664 0.0859375 0.0888672
0 0.137534 0.129883 0.0830078 0.0371094 0.0332031
0 0.137623 0.224121 0.413574 0.0322266 0.0498047
0 0.137769 0.173828 0.20459 0.0351562 0.0361328
0 0.142249 0.185547 0.436523 0.0488281 0.0566406
0 0.145413 0.188477 0.14209 0.0253906 0.0322266
0 0.147293 0.34375 0.0151367 0.0273438 0.0302734
0 0.150767 0.432617 0.364258 0.0410156 0.0507812
0 0.152721 0.364258 0.110352 0.0917969 0.078125
0 0.155707 0.227539 0.301758 0.0195312 0.015625
0 0.157372 0.374512 0.0400391 0.0107422 0.0234375
0 0.158662 0.211426 0.421875 0.0205078 0.0273438
0 0.159179 0.394531 0.0410156 0.0195312 0.0429688
0 0.159521 0.265137 0.507812 0.0244141 0.0175781
0 0.161199 0.244141 0.464844 0.0175781 0.0429688
0 0.163822 0.195801 0.444824 0.0283203 0.0283203
0 0.164709 0.195312 0.462402 0.0136719 0.0263672
0 0.164729 0.735352 0.0141602 0.0234375 0.0283203
0 0.164746 0.550293 0.0927734 0.0263672 0.03125
0 0.16497 0.390625 0.248047 0.0175781 0.0273438
0 0.166131 0.0449219 0.15918 0.0234375 0.0234375
0 0.168264 0.268555 0.39502 0.015625 0.0244141
0 0.170605 0.165527 0.466797 0.0166016 0.03125
0 0.170779 0.291504 0.668457 0.0400391 0.0341797
0 0.173111 0.228027 0.0395508 0.0595703 0.0693359
0 0.176035 0.156738 0.706055 0.0380859 0.0703125
0 0.178353 0.416016 0.207031 0.0136719 0.0214844
0 0.184589 0.202637 0.362793 0.0224609 0.0283203
0 0.185144 0.174316 0.258789 0.0380859 0.046875
0 0.186304 0.0214844 0.266113 0.0351562 0.0439453
0 0.190002 0.34375 0.370605 0.0214844 0.0498047
0 0.190917 0.319824 0.429199 0.0244141 0.0400391
0 0.191455 0.27002 0.0166016 0.0556641 0.03125
0 0.19833 0.683105 0.193359 0.0302734 0.0488281
0 0.200682 0.836426 0.631348 0.0166016 0.0185547
0 0.200985 0.292969 0.399902 0.0175781 0.0185547
0 0.205575 0.328613 0.116211 0.0673828 0.0585938
0 0.207395 0.184082 0.417969 0.0166016 0.0351562
0 0.209063 0.183105 0.0180664 0.0556641 0.0341797
0 0.209817 0.363281 0.20166 0.0644531 0.0927734
0 0.211841 0.162598 0.367676 0.0302734 0.0419922
0 0.218144 0.391602 0.297363 0.0175781 0.0205078
0 0.220815 0.209473 0.122559 0.0263672 0.0458984
0 0.227562 0.376953 0.00732422 0.0214844 0.0146484
0 0.231332 0.470215 0.0151367 0.0185547 0.0302734
0 0.233697 0.212402 0.634766 0.0244141 0.0585938
0 0.2391 0.424805 0.0800781 0.0195312 0.0332031
0 0.239145 0.20752 0.366211 0.0107422 0.0214844
0 0.240104 0.368652 0.397949 0.0166016 0.0205078
0 0.244274 0.466797 0.282227 0.0136719 0.0292969
0 0.246105 0.246582 0.456543 0.0107422 0.0283203
0 0.246803 0.166992 0.441895 0.0234375 0.0400391
0 0.247696 0.416992 0.347656 0.046875 0.0390625
0 0.255017 0.195801 0.346191 0.0341797 0.0517578
0 0.2557 0.535156 0.0429688 0.03125 0.0332031
0 0.258745 0.118164 0.0219727 0.0507812 0.0400391
0 0.262011 0.484375 0.0776367 0.0175781 0.0224609
0 0.264143 0.434082 0.382324 0.0205078 0.0263672
0 0.274185 0.272949 0.281738 0.0166016 0.0283203
0 0.282999 0.30957 0.0644531 0.0527344 0.0546875
0 0.283033 0.319824 0.365234 0.0126953 0.0214844
0 0.285045 0.257324 0.414062 0.0205078 0.0214844
0 0.285463 0.386719 0.114258 0.0410156 0.0605469
0 0.292027 0.129395 0.425781 0.0244141 0.0449219
0 0.29527 0.261719 0.0927734 0.03125 0.0507812
0 0.299584 0.701172 0.299316 0.0195312 0.0537109
0 0.30204 0.36084 0.270508 0.0166016 0.0214844
0 0.308133 0.280273 0.325195 0.0136719 0.0195312
0 0.325845 0.358887 0.301758 0.0166016 0.0214844
0 0.328784 0.141602 0.0957031 0.0585938 0.0527344
0 0.330887 0.229492 0.394531 0.015625 0.0410156
0 0.336668 0.0717773 0.0976562 0.0244141 0.03125
0 0.355671 0.313965 0.302246 0.0224609 0.0205078
0 0.359781 0.510742 0.0844727 0.0195312 0.0244141
0 0.362211 0.100586 0.289551 0.0253906 0.0400391
0 0.362716 0.345215 0.0288086 0.0224609 0.0537109
0 0.363944 0.416504 0.012207 0.0283203 0.0244141
0 0.364244 0.283203 0.368652 0.0195312 0.0283203
0 0.400592 0.219727 0.0541992 0.0273438 0.0556641
0 0.408606 0.445312 0.0170898 0.0253906 0.0341797
0 0.457653 0.660156 0.251953 0.0214844 0.0253906
