0 0.101848 0.179199 0.29248 0.0263672 0.0302734
0 0.102329 0.380859 0.516602 0.0175781 0.0195312
0 0.102712 0.618164 0.0595703 0.0234375 0.03125
0 0.102738 0.164062 0.732422 0.0546875 0.0566406
0 0.105075 0.60791 0.744141 0.0302734 0.0585938
0 0.10986 0.32666 0.0283203 0.0322266 0.046875
0 0.111038 0.249512 0.0166016 0.0380859 0.03125
0 0.113525 0.583496 0.0395508 0.0146484 0.0244141
0 0.113926 0.328125 0.186035 0.0351562 0.0478516
0 0.113963 0.416992 0.138184 0.0507812 0.0693359
0 0.115033 0.384766 0.693359 0.0234375 0.0253906
0 0.115978 0.0966797 0.583984 0.0351562 0.0371094
0 0.116013 0.168457 0.178223 0.0439453 0.0380859
0 0.118593 0.222656 0.97998 0.0273438 0.0322266
0 0.120434 0.409668 0.416016 0.0224609 0.0351562
0 0.126514 0.188965 0.645508 0.0361328 0.0585938
0 0.127363 0.691406 0.609863 0.0566406 0.0654297
0 0.127569 0.41748 0.157227 0.0361328 0.0390625
0 0.136194 0.101562 0.194824 0.0273438 0.0322266
0 0.13686 0.65918 0.209473 0.0449219 0.0478516
0 0.141484 0.256836 0.0224609 0.0644531 0.0390625
0 0.143875 0.69873 0.15332 0.0302734 0.0273438
0 0.147706 0.306152 0.567383 0.0146484 0.0195312
0 0.149801 0.645508 0.68457 0.0253906 0.0371094
0 0.156561 0.630371 0.537598 0.0302734 0.0244141
0 0.163793 0.685547 0.845215 0.0625 0.0966797
0 0.163876 0.350098 0.32373 0.0380859 0.0361328
0 0.165419 0.105469 0.676758 0.0449219 0.0332031
0 0.167626 0.382812 0.0917969 0.0566406 0.0800781
0 0.168281 0.121582 0.721191 0.0185547 0.0361328
0 0.173034 0.527832 0.0654297 0.0185547 0.0351562
0 0.176996 0.193848 0.400879 0.0146484 0.0302734
0 0.177433 0.460938 0.27832 0.0214844 0.0292969
0 0.177602 0.73584 0.617188 0.0634766 0.0859375
0 0.177845 0.416504 0.108887 0.0400391 0.0478516
0 0.178823 0.770996 0.819824 0.0576172 0.0751953
0 0.179382 0.868652 0.932617 0.0263672 0.0273438
0 0.1819 0.241211 0.382324 0.0214844 0.0224609
0 0.197564 0.205078 0.419922 0.0175781 0.0214844
0 0.19925 0.294434 0.0219727 0.0283203 0.0341797
0 0.200235 0.0722656 0.98584 0.0351562 0.0283203
0 0.21534 0.264648 0.397949 0.0195312 0.0166016
0 0.230345 0.622559 0.0185547 0.0224609 0.0234375
0 0.246871 0.39209 0.936035 0.0302734 0.0419922
0 0.248734 0.148438 0.682129 0.0234375 0.0419922
0 0.252672 0.148438 0.588867 0.015625 0.0332031
0 0.25802 0.235352 0.33252 0.0175781 0.0283203
0 0.281825 0.634766 0.0952148 0.03125 0.0400391
0 0.288677 0.216797 0.29541 0.0351562 0.0439453
0 0.309976 0.60498 0.607422 0.0322266 0.0488281
0 0.311682 0.15625 0.173828 0.0742188 0.0527344
0 0.317648 0.575684 0.789551 0.0537109 0.0517578
0 0.325247 0.108398 0.583496 0.0253906 0.0419922
0 0.340931 0.17627 0.551758 0.0224609 0.0214844
0 0.381695 0.439941 0.0366211 0.0517578 0.0615234
0 0.389756 0.46875 0.105469 0.0488281 0.0898438
0 0.400542 0.231445 0.156738 0.0664062 0.0751953
0 0.429942 0.331543 0.625 0.0244141 0.0253906
0 0.502616 0.692871 0.520996 0.0400391 0.0458984
