0 0.100758 0.375977 0.0898438 0.0253906 0.0722656
0 0.101304 0.0712891 0.319824 0.0390625 0.0439453
0 0.102722 0.177734 0.164062 0.0507812 0.0429688
0 0.102875 0.304199 0.0288086 0.0263672 0.0361328
0 0.103512 0.277344 0.585449 0.0371094 0.0556641
0 0.104084 0.0668945 0.280273 0.102539 0.0683594
0 0.105367 0.484375 0.398926 0.0136719 0.0166016
0 0.106323 0.509277 0.317871 0.0205078 0.0283203
0 0.106332 0.208008 0.625977 0.0195312 0.0253906
0 0.106576 0.254883 0.505859 0.0292969 0.0410156
0 0.10674 0.473145 0.359375 0.0263672 0.0390625
0 0.107058 0.305176 0.272461 0.0146484 0.0195312
0 0.107181 0.720703 0.11377 0.0332031 0.0380859
0 0.107523 0.150879 0.474121 0.00878906 0.0146484
0 0.10863 0.078125 0.383301 0.0175781 0.0361328
0 0.11005 0.0405273 0.285645 0.0576172 0.0693359
0 0.110357 0.166992 0.631348 0.0351562 0.0419922
0 0.11054 0.279785 0.0976562 0.0419922 0.0546875
0 0.111411 0.442871 0.276855 0.0166016 0.0205078
0 0.111445 0.202148 0.333984 0.0253906 0.0371094
0 0.111648 0.138184 0.432129 0.0302734 0.0380859
0 0.113138 0.314453 0.265137 0.0234375 0.0244141
0 0.114274 0.260254 0.485352 0.0498047 0.0527344
0 0.115769 0.214355 0.141602 0.0654297 0.0839844
0 0.118113 0.345703 0.164551 0.0371094 0.0244141
0 0.119697 0.19043 0.333984 0.0410156 0.046875
0 0.120754 0.34375 0.0913086 0.0390625 0.0576172
0 0.125163 0.328125 0.228027 0.00976562 0.0205078
0 0.125355 0.179199 0.54541 0.0146484 0.0224609
0 0.125585 0.291504 0.302246 0.0205078 0.0205078
0 0.127675 0.132324 0.0117188 0.0478516 0.0175781
0 0.129984 0.365234 0.48877 0.015625 0.0224609
0 0.137231 0.402832 0.308105 0.0205078 0.0205078
0 0.138126 0.220215 0.153809 0.0419922 0.0478516
0 0.139351 0.170898 0.341797 0.0234375 0.03125
0 0.140728 0.186523 0.321289 0.0175781 0.0371094
0 0.141313 0.387695 0.188477 0.0253906 0.0234375
0 0.141592 0.683105 0.0693359 0.0283203 0.0546875
0 0.141626 0.445801 0.444824 0.0302734 0.0263672
0 0.144652 0.199219 0.359863 0.0136719 0.0322266
0 0.146606 0.253906 0.513672 0.0136719 0.0292969
0 0.149152 0.30127 0.561523 0.0302734 0.0351562
0 0.152036 0.257812 0.0537109 0.0429688 0.0351562
0 0.153136 0.304688 0.47998 0.0214844 0.0283203
0 0.156665 0.286621 0.213379 0.0166016 0.0283203
0 0.15731 0.431152 0.272461 0.0185547 0.0273438
0 0.157591 0.206543 0.0185547 0.0478516 0.0371094
0 0.15855 0.381348 0.249512 0.0107422 0.0205078
0 0.170741 0.802734 0.129395 0.0351562 0.0654297
0 0.171816 0.172852 0.167969 0.0273438 0.0292969
0 0.176523 0.80127 0.375488 0.0166016 0.0166016
0 0.177401 0.255371 0.627441 0.0439453 0.0400391
0 0.177531 0.748535 0.239746 0.0185547 0.0224609
0 0.180229 0.800293 0.0668945 0.0166016 0.0283203
0 0.180636 0.146973 0.394531 0.0185547 0.0234375
0 0.189426 0.269531 0.109863 0.0429688 0.0634766
0 0.189646 0.367188 0.29248 0.015625 0.0224609
0 0.193593 0.408691 0.097168 0.0185547 0.0224609
0 0.194452 0.0947266 0.192871 0.0390625 0.0400391
0 0.198243 0.0976562 0.283691 0.0429688 0.0556641
0 0.198317 0.249512 0.354492 0.00878906 0.03125
0 0.199728 0.320312 0.322754 0.0214844 0.0361328
0 0.203495 0.364746 0.0864258 0.0517578 0.0830078
0 0.203598 0.38623 0.144043 0.0205078 0.0419922
0 0.204266 0.0561523 0.00732422 0.0224609 0.0146484
0 0.204859 0.138184 0.168457 0.0185547 0.0224609
0 0.207402 0.269043 0.404785 0.0224609 0.0166016
0 0.215366 0.179688 0.118164 0.0859375 0.0996094
0 0.218114 0.0595703 0.165527 0.0527344 0.0400391
0 0.228524 0.169434 0.607422 0.0380859 0.0722656
0 0.234035 0.397949 0.272949 0.0126953 0.0166016
0 0.241849 0.231934 0.292969 0.0185547 0.0390625
0 0.247131 0.277344 0.222656 0.015625 0.0214844
0 0.25332 0.10498 0.37793 0.0205078 0.0292969
0 0.255567 0.356445 0.195801 0.0175781 0.0283203
0 0.269903 0.167969 0.0986328 0.0507812 0.0683594
0 0.274946 0.121094 0.0205078 0.0585938 0.0390625
0 0.279594 0.0195312 0.228027 0.0390625 0.0439453
0 0.28682 0.16748 0.372559 0.0166016 0.0302734
0 0.303347 0.432129 0.32373 0.0224609 0.0205078
0 0.30492 0.383789 0.0185547 0.0273438 0.0332031
0 0.305039 0.0585938 0.1875 0.0449219 0.0410156
0 0.306847 0.344727 0.260254 0.0195312 0.0478516
0 0.314093 0.194824 0.246582 0.0380859 0.0498047
0 0.321305 0.660156 0.131348 0.0234375 0.0302734
0 0.321482 0.28125 0.26709 0.0175781 0.0283203
0 0.325178 0.703125 0.178223 0.0175781 0.0517578
0 0.365906 0.275391 0.179688 0.0273438 0.0351562
0 0.36917 0.320801 0.0219727 0.0537109 0.0419922
0 0.377695 0.162109 0.266602 0.03125 0.0488281
0 0.397256 0.171875 0.0400391 0.0292969 0.03125
0 0.416741 0.311523 0.200195 0.0234375 0.0214844
0 0.465327 0.129883 0.33252 0.0273438 0.0458984
