0 0.100912 0.740723 0.566895 0.0205078 0.0341797
0 0.106188 0.753906 0.61084 0.0214844 0.0224609
0 0.107031 0.825195 0.638672 0.0253906 0.0488281
0 0.108127 0.840332 0.430176 0.0732422 0.0810547
0 0.112299 0.782227 0.350586 0.0449219 0.0332031
0 0.112744 0.345215 0.160645 0.0166016 0.0224609
0 0.117159 0.00830078 0.26416 0.0166016 0.0400391
0 0.117518 0.256836 0.104492 0.0292969 0.0527344
0 0.123714 0.42041 0.386719 0.0185547 0.0214844
0 0.13389 0.76416 0.751465 0.0185547 0.0380859
0 0.140898 0.0654297 0.385742 0.0332031 0.0566406
0 0.141638 0.828613 0.228027 0.0439453 0.0693359
0 0.142836 0.726562 0.191895 0.0175781 0.0322266
0 0.147989 0.295898 0.559082 0.0507812 0.0556641
0 0.148937 0.143066 0.0375977 0.0146484 0.0283203
0 0.149098 0.518555 0.405273 0.0585938 0.0585938
0 0.151572 0.808594 0.298828 0.0390625 0.0410156
0 0.155454 0.413086 0.0102539 0.0332031 0.0185547
0 0.159076 0.935547 0.407227 0.0566406 0.0722656
0 0.161423 0.226562 0.0581055 0.0410156 0.0322266
0 0.166461 0.686523 0.0922852 0.0429688 0.0439453
0 0.174396 0.887207 0.592773 0.0302734 0.0351562
0 0.214577 0.852051 0.407715 0.0537109 0.0654297
0 0.217892 0.0605469 0.570312 0.0546875 0.0585938
0 0.219571 0.311035 0.157715 0.0322266 0.0693359
0 0.224825 0.557617 0.421387 0.140625 0.102539
0 0.256387 0.522461 0.245605 0.046875 0.0498047
0 0.294231 0.776855 0.447266 0.0244141 0.0253906
