0 0.102961 0.42041 0.0683594 0.0380859 0.0546875
0 0.104466 0.57666 0.384277 0.0439453 0.0419922
0 0.108033 0.418457 0.144531 0.0244141 0.0371094
0 0.109619 0.907227 0.027832 0.0253906 0.0498047
0 0.109988 0.255859 0.236328 0.0195312 0.0273438
0 0.111395 0.768066 0.183594 0.0517578 0.0507812
0 0.113843 0.247559 0.292969 0.0283203 0.0527344
0 0.114082 0.0224609 0.286621 0.0195312 0.0224609
0 0.116742 0.446777 0.0717773 0.0146484 0.0185547
0 0.119507 0.331055 0.0214844 0.0175781 0.0292969
0 0.119921 0.292969 0.285645 0.0117188 0.0205078
0 0.121042 0.605469 0.342773 0.0195312 0.015625
0 0.123166 0.337891 0.397461 0.015625 0.015625
0 0.125193 0.396484 0.659668 0.0195312 0.0244141
0 0.126177 0.257812 0.223633 0.0253906 0.0488281
0 0.130075 0.821777 0.158203 0.0166016 0.0429688
0 0.134508 0.741211 0.487793 0.0175781 0.0283203
0 0.136664 0.356934 0.0107422 0.0302734 0.0214844
0 0.13813 0.82959 0.193848 0.0341797 0.0673828
0 0.141495 0.47998 0.350586 0.0107422 0.0214844
0 0.142551 0.794434 0.311523 0.0205078 0.0332031
0 0.14627 0.0424805 0.309082 0.0205078 0.0205078
0 0.146615 0.769043 0.218262 0.0341797 0.0302734
0 0.150688 0.3125 0.0585938 0.0625 0.0410156
0 0.158328 0.305176 0.212402 0.0244141 0.0302734
0 0.173524 0.467773 0.930664 0.0371094 0.046875
0 0.178872 0.860352 0.108887 0.0644531 0.0419922
0 0.181072 0.492676 0.509766 0.0146484 0.015625
0 0.189743 0.308105 0.0966797 0.0146484 0.0195312
0 0.19705 0.791016 0.391602 0.0175781 0.0195312
0 0.197987 0.847168 0.111328 0.0302734 0.03125
0 0.199123 0.820801 0.169434 0.0283203 0.0595703
0 0.19995 0.291504 0.0527344 0.0380859 0.0410156
0 0.21106 0.851074 0.27832 0.0419922 0.0507812
0 0.211535 0.871582 0.152344 0.0283203 0.0585938
0 0.213424 0.784668 0.176758 0.0263672 0.0273438
0 0.223646 0.334961 0.065918 0.03125 0.0380859
0 0.230192 0.380371 0.0566406 0.0263672 0.0429688
0 0.241941 0.347656 0.263672 0.0253906 0.0449219
0 0.2453 0.466309 0.509277 0.0185547 0.0283203
0 0.251457 0.415527 0.356445 0.0146484 0.015625
0 0.254354 0.884277 0.0991211 0.0400391 0.0458984
0 0.259595 0.258789 0.208496 0.0234375 0.0341797
0 0.259861 0.412598 0.0288086 0.0185547 0.0263672
0 0.265877 0.294434 0.210938 0.0146484 0.0273438
0 0.313288 0.354004 0.154297 0.0283203 0.0234375
0 0.327161 0.312988 0.215332 0.0126953 0.0322266
0 0.335762 0.83252 0.202148 0.0205078 0.0449219
0 0.380733 0.296387 0.132812 0.0146484 0.0214844
0 0.408071 0.586426 0.100098 0.0400391 0.0458984
0 0.479827 0.453125 0.268066 0.0488281 0.0458984
