0 0.100034 0.836426 0.270508 0.0380859 0.0546875
0 0.100481 0.244141 0.185059 0.0429688 0.0517578
0 0.100565 0.333496 0.106445 0.0302734 0.0410156
0 0.100574 0.308105 0.00927734 0.0341797 0.0126953
0 0.100579 0.658203 0.169434 0.0253906 0.0341797
0 0.100782 0.430176 0.650391 0.0126953 0.0195312
0 0.100817 0.582031 0.00732422 0.0136719 0.0126953
0 0.100819 0.873047 0.161133 0.0371094 0.0332031
0 0.101548 0.155762 0.291016 0.0478516 0.0664062
0 0.101969 0.411133 0.205566 0.0234375 0.0302734
0 0.102094 0.290527 0.16748 0.0185547 0.0341797
0 0.10234 0.276855 0.283691 0.0205078 0.0380859
0 0.103397 0.104492 0.329102 0.0390625 0.0410156
0 0.103763 0.686035 0.183594 0.0185547 0.0214844
0 0.103856 0.594238 0.111328 0.0146484 0.0332031
0 0.104454 0.863281 0.196777 0.0410156 0.0673828
0 0.104887 0.691406 0.867676 0.0273438 0.0400391
0 0.104994 0.678223 0.186523 0.0322266 0.0488281
0 0.105008 0.644043 0.169434 0.0263672 0.0263672
0 0.10501 0.374512 0.0351562 0.0146484 0.0332031
0 0.105104 0.229492 0.150879 0.0234375 0.0263672
0 0.105158 0.246582 0.19043 0.0244141 0.0332031
0 0.105366 0.187012 0.223145 0.0380859 0.0400391
0 0.10572 0.164062 0.382812 0.0117188 0.0292969
0 0.105917 0.314453 0.546875 0.0136719 0.0175781
0 0.105921 0.408691 0.081543 0.0361328 0.0595703
0 0.106023 0.215332 0.182617 0.0322266 0.0234375
0 0.107022 0.55127 0.0932617 0.0283203 0.0361328
0 0.107058 0.21875 0.194336 0.0351562 0.0429688
0 0.107513 0.235352 0.318848 0.0332031 0.0322266
0 0.108016 0.343262 0.102539 0.0244141 0.0332031
0 0.10854 0.47168 0.298828 0.0214844 0.0410156
0 0.108917 0.430176 0.379883 0.0166016 0.0292969
0 0.109516 0.445801 0.258789 0.0244141 0.0253906
0 0.10971 0.793945 0.180176 0.0234375 0.0380859
0 0.10979 0.566406 0.195312 0.0175781 0.0253906
0 0.110101 0.199219 0.234863 0.0371094 0.0400391
0 0.110599 0.369141 0.0864258 0.0214844 0.0224609
0 0.111084 0.691895 0.329102 0.0146484 0.0234375
0 0.111097 0.654297 0.179688 0.0292969 0.0371094
0 0.111128 0.704102 0.310059 0.0175781 0.0205078
0 0.111192 0.637695 0.0263672 0.0273438 0.0449219
0 0.112213 0.690918 0.0859375 0.0283203 0.0410156
0 0.112719 0.59375 0.117676 0.0429688 0.0322266
0 0.11274 0.628418 0.170898 0.0419922 0.0390625
0 0.113822 0.287109 0.182129 0.0273438 0.0400391
0 0.113976 0.33252 0.258789 0.0146484 0.0332031
0 0.114003 0.409668 0.0644531 0.0166016 0.0273438
0 0.115434 0.474121 0.794434 0.0341797 0.0283203
0 0.115601 0.720215 0.176758 0.0224609 0.0234375
0 0.115875 0.67627 0.215332 0.0458984 0.0439453
0 0.116145 0.428223 0.123535 0.0166016 0.0244141
0 0.116823 0.505859 0.969238 0.0390625 0.0615234
0 0.117003 0.581055 0.924805 0.0292969 0.046875
0 0.117248 0.657715 0.194336 0.0654297 0.0664062
0 0.117315 0.76123 0.221191 0.0185547 0.0361328
0 0.118242 0.257324 0.196289 0.0224609 0.0332031
0 0.118524 0.527832 0.411621 0.0302734 0.0458984
0 0.11877 0.262695 0.144043 0.0292969 0.0283203
0 0.11944 0.328613 0.118652 0.0361328 0.0361328
0 0.119868 0.740723 0.65918 0.0361328 0.0273438
0 0.120186 0.400879 0.0859375 0.0244141 0.0390625
0 0.120637 0.699707 0.391113 0.0205078 0.0244141
0 0.121055 0.634766 0.0712891 0.03125 0.0488281
0 0.121062 0.780273 0.328125 0.0292969 0.0234375
0 0.121093 0.41748 0.103027 0.0224609 0.0224609
0 0.121639 0.768066 0.966309 0.0380859 0.0634766
0 0.122055 0.730469 0.686035 0.0605469 0.0771484
0 0.12245 0.518066 0.765625 0.0380859 0.0449219
0 0.12256 0.192383 0.25293 0.015625 0.0253906
0 0.122939 0.819824 0.0668945 0.0556641 0.0576172
0 0.122976 0.654297 0.114258 0.0195312 0.0332031
0 0.123057 0.472656 0.34668 0.015625 0.0253906
0 0.124224 0.433594 0.404297 0.0449219 0.0429688
0 0.124349 0.597656 0.990234 0.0253906 0.0175781
0 0.124567 0.567383 0.956543 0.0664062 0.0771484
0 0.124839 0.731934 0.966309 0.0419922 0.0615234
0 0.125576 0.300293 0.341797 0.0146484 0.0390625
0 0.125606 0.376953 0.379883 0.0195312 0.0234375
0 0.125639 0.836914 0.660645 0.0449219 0.0439453
0 0.125876 0.654785 0.561035 0.0361328 0.0498047
0 0.126303 0.542969 0.0727539 0.0351562 0.0654297
0 0.126907 0.759277 0.749023 0.0244141 0.0214844
0 0.126931 0.790039 0.214355 0.03125 0.0419922
0 0.128428 0.435547 0.0195312 0.0195312 0.0253906
0 0.128852 0.205566 0.14209 0.0166016 0.0244141
0 0.128862 0.835938 0.0893555 0.046875 0.0576172
0 0.128928 0.593262 0.0424805 0.0341797 0.0419922
0 0.129168 0.8125 0.653809 0.0488281 0.0634766
0 0.130076 0.527832 0.90625 0.0263672 0.0253906
0 0.130394 0.295898 0.289062 0.0234375 0.0273438
0 0.130728 0.215332 0.31543 0.0263672 0.0332031
0 0.13124 0.308594 0.28418 0.0371094 0.0332031
0 0.131694 0.658203 0.541992 0.03125 0.0664062
0 0.131817 0.366699 0.425781 0.0166016 0.0292969
0 0.133732 0.491211 0.80127 0.0351562 0.0302734
0 0.134414 0.907715 0.786621 0.0400391 0.0302734
0 0.134717 0.222168 0.116699 0.0185547 0.0185547
0 0.134746 0.6875 0.943848 0.0253906 0.0537109
0 0.135651 0.667969 0.168457 0.0332031 0.0283203
0 0.135796 0.492188 0.276367 0.03125 0.0292969
0 0.135824 0.5 0.80957 0.03125 0.0351562
0 0.136128 0.83252 0.0698242 0.0322266 0.0283203
0 0.137441 0.0927734 0.281738 0.0292969 0.0341797
0 0.138285 0.353516 0.431152 0.03125 0.0341797
0 0.138476 0.350098 0.241699 0.0322266 0.0126953
0 0.140003 0.601074 0.17041 0.0224609 0.0439453
0 0.14042 0.341797 0.672363 0.0253906 0.0419922
0 0.142145 0.668457 0.197266 0.0400391 0.0410156
0 0.142259 0.262207 0.204102 0.0244141 0.03125
0 0.143193 0.254395 0.078125 0.0244141 0.0410156
0 0.143773 0.660645 0.046875 0.0302734 0.0351562
0 0.144067 0.26709 0.03125 0.0146484 0.0273438
0 0.144419 0.507812 0.169922 0.0117188 0.0273438
0 0.145322 0.411621 0.181641 0.0322266 0.0585938
0 0.146146 0.571289 0.126953 0.0195312 0.0371094
0 0.147147 0.435059 0.293945 0.0185547 0.0195312
0 0.147176 0.563477 0.14209 0.03125 0.0517578
0 0.147235 0.416504 0.165527 0.0224609 0.0322266
0 0.14831 0.13916 0.29541 0.0439453 0.0517578
0 0.148634 0.337891 0.09375 0.0253906 0.0410156
0 0.149554 0.681152 0.168457 0.0283203 0.0224609
0 0.149582 0.777832 0.230469 0.0263672 0.0351562
0 0.149638 0.693359 0.98291 0.0371094 0.0302734
0 0.14989 0.309082 0.0737305 0.0146484 0.0283203
0 0.150018 0.605469 0.986816 0.0253906 0.0263672
0 0.150133 0.143555 0.0708008 0.0488281 0.0419922
0 0.150197 0.699219 0.0942383 0.0195312 0.0205078
0 0.150274 0.802246 0.622559 0.0224609 0.0244141
0 0.151659 0.525879 0.0141602 0.00878906 0.0185547
0 0.151938 0.467285 0.241699 0.0185547 0.0185547
0 0.153669 0.479492 0.217285 0.0175781 0.0400391
0 0.153711 0.890137 0.019043 0.0791016 0.0341797
0 0.153892 0.818848 0.21582 0.0263672 0.0253906
0 0.154271 0.492676 0.196777 0.0263672 0.0517578
0 0.154454 0.77002 0.293945 0.0126953 0.0292969
0 0.154455 0.286133 0.712402 0.0234375 0.0361328
0 0.154672 0.623047 0.0883789 0.015625 0.0322266
0 0.154777 0.415527 0.197754 0.0224609 0.0283203
0 0.156759 0.563965 0.115234 0.0380859 0.0351562
0 0.158109 0.189941 0.299316 0.0244141 0.0478516
0 0.159139 0.480957 0.23291 0.0244141 0.0361328
0 0.159475 0.212891 0.269531 0.015625 0.0410156
0 0.162887 0.598145 0.542969 0.0126953 0.0371094
0 0.163317 0.550781 0.834961 0.0175781 0.0136719
0 0.164109 0.744629 0.181641 0.0361328 0.0332031
0 0.165084 0.132324 0.0859375 0.0283203 0.0292969
0 0.166592 0.250977 0.316895 0.0234375 0.0341797
0 0.166593 0.391602 0.0151367 0.0195312 0.0302734
0 0.167683 0.654785 0.158691 0.0244141 0.0283203
0 0.170933 0.804199 0.638184 0.0361328 0.0517578
0 0.17205 0.910156 0.228516 0.0546875 0.046875
0 0.172204 0.373047 0.214355 0.0175781 0.0205078
0 0.172346 0.67041 0.112793 0.0126953 0.0302734
0 0.173493 0.549316 0.535156 0.0263672 0.0351562
0 0.173909 0.221191 0.207031 0.0283203 0.03125
0 0.174192 0.506836 0.830566 0.03125 0.0556641
0 0.176175 0.662598 0.0791016 0.0146484 0.0332031
0 0.17662 0.652344 0.568848 0.0234375 0.0341797
0 0.176709 0.480469 0.160156 0.0117188 0.03125
0 0.177052 0.252441 0.178711 0.0224609 0.0371094
0 0.177679 0.391113 0.118652 0.0185547 0.0263672
0 0.180293 0.655762 0.626953 0.0205078 0.0234375
0 0.180417 0.373535 0.0800781 0.0205078 0.0292969
0 0.182614 0.274414 0.293945 0.015625 0.03125
0 0.183727 0.537598 0.927246 0.0341797 0.0478516
0 0.184139 0.154785 0.258789 0.0361328 0.0273438
0 0.184567 0.681641 0.188965 0.0195312 0.0224609
0 0.185136 0.304199 0.243164 0.0126953 0.0292969
0 0.185535 0.647461 0.145508 0.0234375 0.0253906
0 0.185566 0.709473 0.0336914 0.0361328 0.0654297
0 0.186558 0.876953 0.360352 0.0234375 0.0332031
0 0.187134 0.45752 0.202637 0.0185547 0.0263672
0 0.187178 0.123047 0.270996 0.015625 0.0322266
0 0.18865 0.244629 0.313477 0.0146484 0.0253906
0 0.189658 0.664551 0.211914 0.0263672 0.0292969
0 0.190287 0.71582 0.17627 0.00976562 0.0224609
0 0.190289 0.583984 0.940918 0.0488281 0.0751953
0 0.191684 0.25293 0.246582 0.0195312 0.0283203
0 0.194912 0.330078 0.0112305 0.0410156 0.0185547
0 0.19602 0.344238 0.435547 0.0283203 0.0371094
0 0.196592 0.500488 0.183594 0.0244141 0.03125
0 0.199057 0.803711 0.148926 0.0175781 0.0244141
0 0.200517 0.152344 0.111328 0.0410156 0.0292969
0 0.201211 0.625 0.172363 0.0253906 0.0263672
0 0.20201 0.783691 0.168945 0.0205078 0.0234375
0 0.204781 0.348633 0.365234 0.0175781 0.0371094
0 0.205275 0.70459 0.94043 0.0498047 0.0566406
0 0.207382 0.556641 0.884766 0.0214844 0.03125
0 0.20788 0.777344 0.810059 0.0332031 0.0458984
0 0.207922 0.542969 0.186035 0.0234375 0.0224609
0 0.20903 0.77002 0.230469 0.0302734 0.0449219
0 0.210771 0.607422 0.0405273 0.0234375 0.0400391
0 0.2127 0.533203 0.184082 0.0253906 0.0244141
0 0.215941 0.304199 0.333984 0.0126953 0.0292969
0 0.217026 0.730957 0.662598 0.0576172 0.0439453
0 0.217348 0.20459 0.828125 0.0361328 0.0449219
0 0.217622 0.708496 0.253418 0.0166016 0.0205078
0 0.217961 0.285156 0.181152 0.0214844 0.0224609
0 0.221353 0.169922 0.202637 0.0273438 0.0283203
0 0.223554 0.453613 0.76416 0.0205078 0.0205078
0 0.225202 0.627441 0.0820312 0.0205078 0.0332031
0 0.225251 0.547363 0.798828 0.0322266 0.0292969
0 0.225309 0.633789 0.20752 0.0214844 0.0380859
0 0.226782 0.404785 0.165039 0.0322266 0.0390625
0 0.226866 0.336426 0.188477 0.0107422 0.0214844
0 0.226968 0.716797 0.137207 0.0195312 0.0361328
0 0.228532 0.148438 0.827637 0.0214844 0.0322266
0 0.22858 0.357422 0.324707 0.0136719 0.0205078
0 0.228662 0.609863 0.157715 0.0224609 0.0302734
0 0.229093 0.467285 0.308105 0.0205078 0.0322266
0 0.229748 0.702148 0.113281 0.0332031 0.0585938
0 0.230867 0.853027 0.106934 0.0361328 0.0458984
0 0.231808 0.806641 0.835449 0.0175781 0.0224609
0 0.233493 0.645508 0.974609 0.0273438 0.0429688
0 0.237663 0.723633 0.217285 0.0136719 0.0224609
0 0.242408 0.265625 0.201172 0.0136719 0.0253906
0 0.242572 0.697266 0.28418 0.0136719 0.0175781
0 0.243498 0.0742188 0.333008 0.0136719 0.0234375
0 0.245086 0.437988 0.803223 0.0166016 0.0244141
0 0.247389 0.780762 0.0258789 0.0400391 0.0458984
0 0.247755 0.561523 0.205566 0.015625 0.0205078
0 0.252656 0.711914 0.352051 0.0332031 0.0458984
0 0.254431 0.233398 0.0454102 0.0371094 0.0419922
0 0.255614 0.469727 0.0893555 0.015625 0.0224609
0 0.2574 0.539551 0.046875 0.0166016 0.0390625
0 0.259258 0.82959 0.124023 0.0244141 0.0332031
0 0.260375 0.373047 0.206543 0.0234375 0.0341797
0 0.262422 0.688965 0.078125 0.0166016 0.0292969
0 0.262541 0.649414 0.109863 0.0136719 0.0244141
0 0.263798 0.712891 0.677734 0.0410156 0.046875
0 0.266078 0.690918 0.960449 0.0380859 0.0712891
0 0.267193 0.374512 0.338379 0.0166016 0.0224609
0 0.270161 0.483887 0.0722656 0.0224609 0.0449219
0 0.272601 0.276367 0.34668 0.0175781 0.0273438
0 0.272745 0.797852 0.195801 0.0351562 0.0419922
0 0.279032 0.321777 0.552734 0.0283203 0.0292969
0 0.279669 0.728027 0.286621 0.0185547 0.0224609
0 0.282047 0.504395 0.271973 0.0166016 0.0224609
0 0.282931 0.804688 0.927246 0.0390625 0.0439453
0 0.284065 0.697266 0.228516 0.0214844 0.0351562
0 0.284711 0.643066 0.205566 0.0341797 0.0400391
0 0.287438 0.38623 0.270508 0.0380859 0.0449219
0 0.288731 0.864746 0.847168 0.0439453 0.0380859
0 0.29201 0.406738 0.34668 0.0205078 0.0253906
0 0.292806 0.744141 0.714355 0.0351562 0.0400391
0 0.294742 0.580078 0.116211 0.0214844 0.0332031
0 0.297438 0.333984 0.0834961 0.015625 0.0224609
0 0.29824 0.40625 0.0766602 0.0214844 0.0400391
0 0.307972 0.554199 0.109375 0.0224609 0.0273438
0 0.308751 0.320312 0.157715 0.0195312 0.0244141
0 0.312028 0.768555 0.61084 0.0351562 0.0341797
0 0.316848 0.681152 0.309082 0.0205078 0.0263672
0 0.317367 0.733398 0.034668 0.09375 0.0654297
0 0.317487 0.665039 0.25293 0.0117188 0.0253906
0 0.322018 0.710449 0.129395 0.0322266 0.0517578
0 0.326077 0.559082 0.151855 0.0185547 0.0224609
0 0.328647 0.282227 0.0893555 0.015625 0.0302734
0 0.329792 0.480469 0.274902 0.015625 0.0224609
0 0.33583 0.273438 0.147461 0.0332031 0.03125
0 0.33956 0.280273 0.26709 0.0214844 0.0380859
0 0.341072 0.758301 0.182617 0.0263672 0.0390625
0 0.344581 0.959961 0.777344 0.0449219 0.0390625
0 0.351516 0.803711 0.0917969 0.0273438 0.0332031
0 0.355687 0.194824 0.22998 0.0244141 0.0263672
0 0.359994 0.932617 0.840332 0.0292969 0.0400391
0 0.364025 0.449707 0.0917969 0.0166016 0.0292969
0 0.372141 0.489746 0.809082 0.0517578 0.0478516
0 0.377512 0.611816 0.17041 0.0322266 0.0439453
0 0.380292 0.366211 0.199707 0.0273438 0.0283203
0 0.381119 0.42041 0.114258 0.0263672 0.0332031
0 0.388021 0.675781 0.903809 0.03125 0.0244141
0 0.388651 0.31543 0.122559 0.0429688 0.0380859
0 0.39136 0.73291 0.182129 0.0185547 0.0263672
0 0.401886 0.358398 0.158691 0.0253906 0.0322266
0 0.403797 0.28418 0.0498047 0.015625 0.03125
0 0.406881 0.128418 0.155762 0.0361328 0.0751953
0 0.412189 0.395996 0.15625 0.0322266 0.0332031
0 0.415015 0.375 0.0683594 0.0195312 0.0214844
0 0.41667 0.544922 0.0854492 0.0292969 0.0341797
0 0.419726 0.566895 0.0429688 0.0146484 0.0292969
0 0.421072 0.65918 0.20752 0.0429688 0.0400391
0 0.422416 0.492676 0.186035 0.0205078 0.0322266
0 0.424365 0.796875 0.958496 0.0292969 0.0478516
0 0.428286 0.822266 0.0336914 0.03125 0.0419922
0 0.438147 0.758301 0.111816 0.0322266 0.0400391
0 0.452209 0.77002 0.034668 0.0615234 0.0673828
0 0.455375 0.60498 0.118164 0.0224609 0.0253906
0 0.462613 0.829102 0.89209 0.0292969 0.0361328
0 0.478447 0.253418 0.937012 0.0322266 0.0576172
0 0.49095 0.227539 0.265625 0.0332031 0.03125
0 0.519947 0.464355 0.702148 0.0498047 0.0332031
0 0.523638 0.49707 0.33252 0.0234375 0.0458984
0 0.542496 0.870117 0.175781 0.0449219 0.0722656
0 0.54436 0.530762 0.144531 0.0302734 0.0351562
0 0.582787 0.247559 0.734863 0.0263672 0.0341797
