0 0.100248 0.495605 0.0336914 0.0595703 0.0478516
0 0.100918 0.365723 0.019043 0.0517578 0.0322266
0 0.10315 0.392578 0.0141602 0.0332031 0.0263672
0 0.103285 0.592285 0.0327148 0.0537109 0.0458984
0 0.103317 0.381836 0.236328 0.117188 0.111328
0 0.103848 0.114746 0.240234 0.0146484 0.0390625
0 0.104041 0.679688 0.611816 0.0488281 0.0400391
0 0.104232 0.471191 0.382324 0.0263672 0.0439453
0 0.10488 0.756836 0.281738 0.0429688 0.0556641
0 0.105824 0.73877 0.236816 0.0615234 0.0615234
0 0.106206 0.259277 0.0102539 0.0341797 0.0205078
0 0.106791 0.507812 0.106934 0.0273438 0.0537109
0 0.109017 0.464355 0.0273438 0.0771484 0.0527344
0 0.109271 0.563477 0.163574 0.0175781 0.0322266
0 0.112062 0.429199 0.043457 0.0888672 0.0791016
0 0.11224 0.433105 0.0219727 0.0517578 0.0400391
0 0.11249 0.389648 0.769531 0.0488281 0.0390625
0 0.112797 0.516113 0.0507812 0.0419922 0.0566406
0 0.112929 0.668945 0.269043 0.0410156 0.0654297
0 0.113057 0.561035 0.169922 0.0283203 0.0507812
0 0.113565 0.76123 0.138184 0.0205078 0.0380859
0 0.113575 0.414551 0.0302734 0.0458984 0.0566406
0 0.113655 0.456055 0.187012 0.105469 0.0771484
0 0.113738 0.291504 0.0551758 0.00878906 0.0322266
0 0.114282 0.682129 0.157715 0.0498047 0.0556641
0 0.114503 0.619629 0.567871 0.0322266 0.0458984
0 0.116349 0.602539 0.477539 0.0195312 0.0253906
0 0.116525 0.700684 0.456055 0.0244141 0.0253906
0 0.117219 0.968262 0.282227 0.0283203 0.0253906
0 0.117538 0.215332 0.214844 0.0302734 0.046875
0 0.117872 0.319336 0.188965 0.0351562 0.0791016
0 0.119303 0.260254 0.39209 0.0380859 0.0478516
0 0.120315 0.400391 0.621094 0.0273438 0.0351562
0 0.120591 0.71875 0.228027 0.0898438 0.0966797
0 0.121093 0.764648 0.216797 0.0390625 0.0644531
0 0.121155 0.672852 0.140625 0.0351562 0.0546875
0 0.123092 0.477051 0.369141 0.0146484 0.03125
0 0.123237 0.425293 0.212402 0.0986328 0.110352
0 0.123308 0.268555 0.1875 0.0175781 0.0332031
0 0.123792 0.419922 0.0722656 0.0390625 0.046875
0 0.123904 0.633789 0.23584 0.0546875 0.0810547
0 0.124396 0.445801 0.352539 0.0302734 0.03125
0 0.124437 0.318848 0.373535 0.0283203 0.0302734
0 0.125229 0.243652 0.210449 0.0361328 0.0322266
0 0.125358 0.613281 0.0214844 0.078125 0.0429688
0 0.126114 0.500488 0.236816 0.0322266 0.0458984
0 0.126323 0.407715 0.394531 0.0283203 0.0332031
0 0.126634 0.164062 0.660645 0.0136719 0.0322266
0 0.12713 0.575195 0.0336914 0.0273438 0.0361328
0 0.127509 0.660645 0.0561523 0.0322266 0.0283203
0 0.127838 0.500488 0.209961 0.0439453 0.0703125
0 0.128593 0.41748 0.0209961 0.0224609 0.0380859
0 0.129194 0.515137 0.0761719 0.106445 0.0957031
0 0.12959 0.334473 0.155762 0.0224609 0.0361328
0 0.131409 0.635254 0.0205078 0.0458984 0.0371094
0 0.132012 0.377441 0.424316 0.0205078 0.0205078
0 0.133488 0.311523 0.23291 0.0507812 0.0869141
0 0.133522 0.677734 0.154785 0.03125 0.0361328
0 0.13818 0.585449 0.193848 0.0185547 0.0205078
0 0.138273 0.14209 0.263672 0.0419922 0.0527344
0 0.13857 0.295898 0.20752 0.0292969 0.0341797
0 0.139331 0.460449 0.251953 0.0498047 0.0507812
0 0.139399 0.420898 0.203125 0.0488281 0.0703125
0 0.139455 0.703125 0.16748 0.0195312 0.0283203
0 0.139608 0.796387 0.210938 0.0517578 0.0527344
0 0.139686 0.212402 0.290527 0.0478516 0.0615234
0 0.139855 0.294434 0.0761719 0.0263672 0.0546875
0 0.14111 0.76709 0.275879 0.0693359 0.0830078
0 0.141786 0.659668 0.065918 0.0458984 0.0498047
0 0.143898 0.741699 0.414062 0.0166016 0.03125
0 0.144855 0.409668 0.135254 0.0439453 0.0400391
0 0.148495 0.0859375 0.469238 0.0371094 0.0556641
0 0.149849 0.67627 0.390625 0.0205078 0.0234375
0 0.153918 0.75293 0.263672 0.0410156 0.0527344
0 0.154757 0.668945 0.282227 0.0273438 0.0332031
0 0.155143 0.324219 0.16748 0.0214844 0.0537109
0 0.158204 0.629395 0.213867 0.0361328 0.0410156
0 0.158887 0.839355 0.285156 0.0439453 0.0410156
0 0.16198 0.292969 0.0112305 0.0332031 0.0224609
0 0.163938 0.26709 0.560547 0.0498047 0.0605469
0 0.164131 0.381348 0.139648 0.0439453 0.0566406
0 0.164133 0.480469 0.826172 0.0351562 0.03125
0 0.167082 0.473633 0.0166016 0.0410156 0.0332031
0 0.168179 0.35791 0.144531 0.0302734 0.03125
0 0.168506 0.733398 0.692383 0.0507812 0.0546875
0 0.169541 0.145996 0.160156 0.0244141 0.0332031
0 0.169735 0.163574 0.258789 0.0634766 0.0644531
0 0.170429 0.756348 0.0268555 0.0419922 0.0458984
0 0.170852 0.802246 0.0107422 0.0380859 0.0195312
0 0.17135 0.462402 0.39502 0.0400391 0.0419922
0 0.174423 0.251465 0.486816 0.0419922 0.0517578
0 0.176469 0.308105 0.509766 0.0244141 0.0546875
0 0.177023 0.508789 0.0424805 0.0234375 0.0302734
0 0.178891 0.306641 0.209961 0.0488281 0.0566406
0 0.17916 0.763184 0.191406 0.0263672 0.0449219
0 0.18105 0.562012 0.09375 0.0361328 0.0429688
0 0.181087 0.468262 0.0688477 0.102539 0.0966797
0 0.184615 0.878906 0.223145 0.0351562 0.0458984
0 0.184752 0.345703 0.150879 0.0214844 0.0302734
0 0.185101 0.730469 0.168945 0.0292969 0.0410156
0 0.188082 0.606934 0.181641 0.0126953 0.0175781
0 0.194533 0.515137 0.0952148 0.0458984 0.0673828
0 0.197202 0.409668 0.0634766 0.0654297 0.0625
0 0.198887 0.727539 0.314453 0.0488281 0.0585938
0 0.199442 0.491699 0.190918 0.0458984 0.0654297
0 0.202268 0.713379 0.234375 0.0517578 0.0742188
0 0.203544 0.706055 0.0786133 0.0410156 0.0458984
0 0.205233 0.387695 0.538086 0.0371094 0.0527344
0 0.209722 0.269043 0.195801 0.0322266 0.0400391
0 0.212298 0.535156 0.0888672 0.0507812 0.0703125
0 0.213262 0.378906 0.0131836 0.0351562 0.0263672
0 0.216191 0.601074 0.0947266 0.0380859 0.0410156
0 0.216245 0.618164 0.0976562 0.0195312 0.03125
0 0.221083 0.481445 0.0849609 0.0566406 0.0644531
0 0.221147 0.616211 0.584473 0.0175781 0.0283203
0 0.221366 0.436523 0.441895 0.0625 0.0458984
0 0.225076 0.179688 0.243652 0.0371094 0.0478516
0 0.229502 0.759277 0.0229492 0.0244141 0.0322266
0 0.230393 0.370117 0.145508 0.0273438 0.0390625
0 0.231557 0.66748 0.0932617 0.0478516 0.0537109
0 0.23422 0.106934 0.175781 0.0361328 0.0566406
0 0.240783 0.70459 0.26416 0.0400391 0.0439453
0 0.241407 0.549805 0.192383 0.0449219 0.0742188
0 0.242009 0.165039 0.191895 0.0292969 0.0341797
0 0.243326 0.436523 0.0634766 0.0644531 0.0722656
0 0.24573 0.389648 0.0556641 0.0351562 0.0429688
0 0.24918 0.777832 0.29541 0.0458984 0.0517578
0 0.257488 0.433594 0.188477 0.0507812 0.0683594
0 0.25783 0.439453 0.558105 0.03125 0.0380859
0 0.25895 0.184082 0.407715 0.0517578 0.0595703
0 0.259275 0.788086 0.831543 0.0410156 0.0380859
0 0.264443 0.329102 0.789062 0.0292969 0.0332031
0 0.264602 0.682129 0.236328 0.0341797 0.0546875
0 0.265974 0.564453 0.0898438 0.0195312 0.0292969
0 0.277501 0.286621 0.131348 0.0185547 0.0322266
0 0.284578 0.62793 0.264648 0.046875 0.0625
0 0.29878 0.764648 0.23877 0.0507812 0.0498047
0 0.300856 0.200684 0.14209 0.0244141 0.0498047
0 0.308268 0.0688477 0.251953 0.0478516 0.0625
0 0.318156 0.67334 0.336914 0.0537109 0.0507812
0 0.321555 0.255859 0.202637 0.0546875 0.0439453
0 0.338333 0.345215 0.100586 0.0263672 0.0449219
0 0.348698 0.587891 0.0947266 0.015625 0.0429688
0 0.371068 0.226562 0.0307617 0.046875 0.0595703
0 0.428302 0.317383 0.0581055 0.0273438 0.0673828
0 0.444094 0.293457 0.0927734 0.0322266 0.0332031
0 0.467186 0.285645 0.431641 0.0263672 0.0332031
0 0.545929 0.247559 0.081543 0.0380859 0.0400391
0 0.591933 0.345703 0.0327148 0.0332031 0.0595703
0 0.620347 0.782227 0.362305 0.0488281 0.0507812
