0 0.100608 0.515137 0.0390625 0.0224609 0.0292969
0 0.102135 0.0932617 0.0249023 0.0400391 0.0224609
0 0.104384 0.520508 0.210449 0.015625 0.0244141
0 0.106411 0.791504 0.59668 0.0263672 0.0449219
0 0.120338 0.892578 0.230957 0.0507812 0.0361328
0 0.123007 0.448242 0.168945 0.03125 0.0292969
0 0.123555 0.25293 0.285645 0.0273438 0.0341797
0 0.131631 0.519531 0.313477 0.015625 0.0234375
0 0.138188 0.383789 0.046875 0.0234375 0.0410156
0 0.149278 0.61377 0.0205078 0.0244141 0.0410156
0 0.153185 0.386719 0.00878906 0.0214844 0.0175781
0 0.154582 0.128906 0.405762 0.0429688 0.0322266
0 0.165387 0.845215 0.586914 0.0283203 0.0507812
0 0.174821 0.49707 0.0415039 0.0136719 0.0244141
0 0.175132 0.511719 0.183594 0.0214844 0.03125
0 0.178634 0.432129 0.160156 0.0185547 0.0175781
0 0.186776 0.394531 0.0454102 0.0390625 0.0458984
0 0.186793 0.258301 0.0800781 0.0302734 0.0527344
0 0.194529 0.313965 0.0102539 0.0302734 0.0205078
0 0.195053 0.216309 0.027832 0.0341797 0.0419922
0 0.211366 0.824219 0.134766 0.0253906 0.0371094
0 0.213479 0.530762 0.0722656 0.0263672 0.0234375
0 0.213695 0.560547 0.0395508 0.015625 0.0205078
0 0.22205 0.355957 0.00976562 0.0146484 0.0195312
0 0.223728 0.402344 0.183105 0.0175781 0.0224609
0 0.23079 0.804199 0.174805 0.0322266 0.0195312
0 0.232813 0.463867 0.0219727 0.0214844 0.0263672
0 0.240903 0.525879 0.0307617 0.0107422 0.0244141
0 0.257549 0.409668 0.376953 0.0126953 0.0273438
0 0.260623 0.319336 0.572266 0.0234375 0.0253906
0 0.26385 0.410156 0.046875 0.0449219 0.0507812
0 0.277205 0.761719 0.355469 0.0449219 0.0507812
0 0.304102 0.573242 0.0205078 0.015625 0.0253906
0 0.315092 0.323242 0.0595703 0.0195312 0.0351562
0 0.3546 0.469727 0.0976562 0.0234375 0.0234375
0 0.357049 0.453613 0.579102 0.0302734 0.0546875
0 0.409866 0.821289 0.458496 0.0410156 0.0478516
0 0.422424 0.169434 0.388672 0.0205078 0.0332031
