0 0.102295 0.662109 0.734375 0.0449219 0.046875
0 0.103651 0.341309 0.630371 0.0537109 0.0810547
0 0.105428 0.373047 0.509766 0.103516 0.0761719
0 0.105536 0.576172 0.403809 0.0136719 0.0224609
0 0.105926 0.0849609 0.213867 0.0527344 0.0566406
0 0.106882 0.160156 0.54248 0.0175781 0.0341797
0 0.107227 0.345703 0.990234 0.015625 0.0175781
0 0.108682 0.405762 0.484375 0.0517578 0.0449219
0 0.108868 0.673828 0.0644531 0.138672 0.123047
0 0.10902 0.333008 0.510742 0.0566406 0.0507812
0 0.109448 0.364746 0.0371094 0.0556641 0.0625
0 0.112576 0.888672 0.112793 0.0527344 0.0458984
0 0.113795 0.443848 0.415527 0.0498047 0.0361328
0 0.114118 0.336426 0.418457 0.0224609 0.0302734
0 0.115788 0.507812 0.498047 0.0214844 0.0371094
0 0.116337 0.574707 0.855469 0.0205078 0.0253906
0 0.117029 0.47998 0.473145 0.0244141 0.0361328
0 0.117485 0.573242 0.0322266 0.0683594 0.0644531
0 0.119232 0.285156 0.550781 0.0371094 0.0449219
0 0.119406 0.544922 0.401855 0.0214844 0.0322266
0 0.119641 0.373535 0.151367 0.0263672 0.0253906
0 0.119805 0.26123 0.265625 0.0673828 0.0605469
0 0.119883 0.657715 0.203125 0.0517578 0.0390625
0 0.12011 0.865723 0.892578 0.0361328 0.0429688
0 0.120193 0.544434 0.958984 0.0478516 0.0820312
0 0.120741 0.766602 0.0595703 0.0585938 0.0742188
0 0.122516 0.429688 0.0141602 0.0410156 0.0283203
0 0.124668 0.355957 0.565918 0.0146484 0.0283203
0 0.125073 0.55127 0.890137 0.0205078 0.0263672
0 0.125149 0.191895 0.605469 0.0400391 0.0449219
0 0.125749 0.0400391 0.53125 0.0234375 0.0175781
0 0.127631 0.668945 0.195801 0.0292969 0.0322266
0 0.127669 0.286133 0.759277 0.0449219 0.0537109
0 0.129468 0.820312 0.32959 0.0214844 0.0439453
0 0.132316 0.244629 0.59082 0.0458984 0.0527344
0 0.133821 0.813477 0.757812 0.0390625 0.0664062
0 0.135535 0.696289 0.730957 0.0214844 0.0419922
0 0.136348 0.321289 0.160156 0.0332031 0.0449219
0 0.136423 0.405762 0.477051 0.0302734 0.0283203
0 0.13734 0.68457 0.257812 0.0273438 0.0429688
0 0.141191 0.233398 0.48584 0.0488281 0.0498047
0 0.144549 0.754883 0.783203 0.0449219 0.0488281
0 0.148066 0.201172 0.549316 0.015625 0.0205078
0 0.152636 0.337402 0.611816 0.0400391 0.0595703
0 0.155199 0.604004 0.665527 0.0302734 0.0595703
0 0.156653 0.237793 0.944336 0.0166016 0.0292969
0 0.161817 0.461426 0.888184 0.0263672 0.0634766
0 0.163644 0.386719 0.504883 0.0605469 0.0566406
0 0.167023 0.316895 0.101562 0.0224609 0.0351562
0 0.168565 0.717285 0.875 0.0732422 0.0859375
0 0.176843 0.459473 0.536133 0.0302734 0.0527344
0 0.178226 0.160156 0.0249023 0.0488281 0.0439453
0 0.182314 0.811035 0.735352 0.0498047 0.0546875
0 0.187344 0.589844 0.736816 0.0214844 0.0302734
0 0.195891 0.621094 0.728516 0.0195312 0.0273438
0 0.199705 0.149414 0.641602 0.0527344 0.078125
0 0.209224 0.465332 0.763672 0.0126953 0.0195312
0 0.211295 0.507812 0.510254 0.03125 0.0595703
0 0.23095 0.288574 0.0166016 0.0302734 0.0292969
0 0.23366 0.628906 0.654785 0.0527344 0.0712891
0 0.253712 0.375977 0.970215 0.0195312 0.0302734
0 0.260551 0.637695 0.496094 0.0371094 0.0703125
0 0.270081 0.541992 0.977539 0.0566406 0.0410156
