0 0.1 0.710938 0.0859375 0.0195312 0.0253906
0 0.100125 0.433594 0.250977 0.0214844 0.0273438
0 0.100556 0.475586 0.210449 0.0175781 0.0166016
0 0.100942 0.266602 0.666016 0.0136719 0.0214844
0 0.100992 0.0966797 0.169434 0.0390625 0.0439453
0 0.102289 0.788574 0.165527 0.0166016 0.0498047
0 0.102799 0.466309 0.214844 0.0283203 0.0273438
0 0.104821 0.231934 0.328125 0.0205078 0.0351562
0 0.105438 0.730469 0.338379 0.0214844 0.0361328
0 0.106456 0.364258 0.551758 0.0117188 0.0195312
0 0.106748 0.319824 0.177246 0.0224609 0.0205078
0 0.106979 0.262207 0.224609 0.0263672 0.046875
0 0.109084 0.302246 0.798828 0.0205078 0.0214844
0 0.109921 0.402344 0.556641 0.0136719 0.03125
0 0.110404 0.433105 0.906738 0.0146484 0.0205078
0 0.110554 0.148926 0.530273 0.0185547 0.0234375
0 0.110843 0.259766 0.0947266 0.0273438 0.046875
0 0.111112 0.286621 0.318848 0.0400391 0.0458984
0 0.111272 0.438477 0.45459 0.0214844 0.0224609
0 0.111428 0.396484 0.43457 0.015625 0.0292969
0 0.111442 0.662598 0.263184 0.0322266 0.0439453
0 0.112567 0.365723 0.432129 0.0146484 0.0205078
0 0.113554 0.144531 0.291504 0.0273438 0.0478516
0 0.113699 0.162109 0.0458984 0.0351562 0.0390625
0 0.114251 0.206543 0.121582 0.0419922 0.0419922
0 0.114547 0.126953 0.243164 0.0292969 0.0292969
0 0.115225 0.384766 0.0336914 0.0175781 0.0361328
0 0.116399 0.350586 0.383301 0.0195312 0.0263672
0 0.117465 0.152832 0.475098 0.0185547 0.0205078
0 0.119435 0.407715 0.0454102 0.0263672 0.0517578
0 0.119684 0.757324 0.242676 0.0263672 0.0224609
0 0.121191 0.40918 0.59082 0.0234375 0.0253906
0 0.121821 0.168945 0.180664 0.0351562 0.0292969
0 0.122377 0.293945 0.328613 0.0351562 0.0341797
0 0.12387 0.29248 0.0205078 0.0244141 0.03125
0 0.123946 0.214355 0.70459 0.0224609 0.0263672
0 0.124127 0.338379 0.0385742 0.0283203 0.0302734
0 0.124195 0.280273 0.20459 0.0195312 0.0400391
0 0.125227 0.739746 0.223145 0.0263672 0.0458984
0 0.125627 0.680176 0.0283203 0.0205078 0.0410156
0 0.127934 0.369141 0.214844 0.0195312 0.0273438
0 0.128642 0.418457 0.521973 0.0126953 0.0166016
0 0.128665 0.474609 0.118164 0.046875 0.0488281
0 0.129239 0.466797 0.137695 0.0429688 0.0605469
0 0.130454 0.438477 0.0263672 0.0332031 0.0410156
0 0.132336 0.239746 0.0161133 0.0166016 0.0302734
0 0.132489 0.33252 0.401367 0.0107422 0.0175781
0 0.132907 0.117676 0.0151367 0.0498047 0.0283203
0 0.133063 0.749023 0.242188 0.0195312 0.0214844
0 0.133384 0.382812 0.483887 0.015625 0.0283203
0 0.134554 0.364746 0.192383 0.0283203 0.0292969
0 0.135295 0.210938 0.208984 0.0136719 0.0175781
0 0.13714 0.0800781 0.108398 0.0292969 0.0292969
0 0.138473 0.27832 0.125 0.0136719 0.0214844
0 0.139691 0.453613 0.221191 0.0263672 0.0244141
0 0.140405 0.841797 0.139648 0.0195312 0.0273438
0 0.141018 0.308594 0.13916 0.0117188 0.0302734
0 0.143501 0.305176 0.0166016 0.0146484 0.0214844
0 0.144143 0.0263672 0.0576172 0.0507812 0.0722656
0 0.144976 0.415039 0.297852 0.015625 0.0175781
0 0.145577 0.233398 0.751953 0.0195312 0.0273438
0 0.146143 0.41748 0.261719 0.0224609 0.0273438
0 0.146303 0.351074 0.0942383 0.0224609 0.0361328
0 0.14718 0.439941 0.248535 0.0166016 0.0244141
0 0.149501 0.362305 0.205078 0.0332031 0.0449219
0 0.149696 0.289062 0.284668 0.0253906 0.0419922
0 0.1503 0.50293 0.267578 0.0214844 0.0253906
0 0.151675 0.333496 0.0209961 0.0185547 0.0380859
0 0.152409 0.259766 0.209473 0.0410156 0.0556641
0 0.153957 0.344238 0.230469 0.0205078 0.03125
0 0.155348 0.450684 0.223145 0.0146484 0.0205078
0 0.157211 0.240723 0.111328 0.0146484 0.0234375
0 0.158871 0.34082 0.238281 0.0175781 0.0332031
0 0.15922 0.251953 0.197754 0.03125 0.0263672
0 0.159231 0.634277 0.15332 0.0107422 0.0292969
0 0.159584 0.178223 0.802246 0.0263672 0.0322266
0 0.159828 0.329102 0.179688 0.015625 0.0175781
0 0.162633 0.358398 0.476074 0.00976562 0.0205078
0 0.163855 0.316895 0.0834961 0.0302734 0.0380859
0 0.164501 0.390137 0.0244141 0.0126953 0.0253906
0 0.165831 0.371582 0.0107422 0.0205078 0.0214844
0 0.16636 0.375488 0.260742 0.0107422 0.0195312
0 0.167241 0.484863 0.00927734 0.0244141 0.0166016
0 0.167297 0.380371 0.697266 0.0224609 0.03125
0 0.168496 0.300293 0.402832 0.0166016 0.0224609
0 0.170426 0.0732422 0.354004 0.0292969 0.0283203
0 0.171166 0.283203 0.168457 0.00976562 0.0185547
0 0.176957 0.381836 0.0458984 0.0175781 0.0390625
0 0.17861 0.655762 0.325684 0.0244141 0.0361328
0 0.178859 0.0922852 0.100586 0.0556641 0.0429688
0 0.179185 0.540527 0.00878906 0.0283203 0.015625
0 0.180313 0.441406 0.506348 0.0136719 0.0205078
0 0.180871 0.175293 0.09375 0.0322266 0.0390625
0 0.180913 0.297363 0.235352 0.0146484 0.0273438
0 0.184572 0.434082 0.0927734 0.0224609 0.03125
0 0.184994 0.241211 0.662598 0.015625 0.0302734
0 0.187244 0.388672 0.0541992 0.0390625 0.0498047
0 0.188474 0.333496 0.453125 0.0126953 0.0175781
0 0.193197 0.209473 0.182617 0.0224609 0.0351562
0 0.195035 0.228027 0.818848 0.0263672 0.0283203
0 0.195173 0.441406 0.447266 0.0273438 0.03125
0 0.197744 0.358887 0.552246 0.0126953 0.0205078
0 0.199191 0.339355 0.0991211 0.0380859 0.0419922
0 0.199305 0.272949 0.0693359 0.0263672 0.0449219
0 0.200192 0.333984 0.643066 0.0214844 0.0263672
0 0.200648 0.155273 0.181641 0.0292969 0.0292969
0 0.200675 0.314453 0.176758 0.00976562 0.0175781
0 0.201013 0.338379 0.0102539 0.0146484 0.0205078
0 0.203516 0.378418 0.065918 0.0146484 0.0224609
0 0.204791 0.0952148 0.0307617 0.0380859 0.0439453
0 0.210568 0.800293 0.391602 0.0205078 0.0449219
0 0.211929 0.424316 0.194336 0.0166016 0.0253906
0 0.21284 0.490234 0.0991211 0.0351562 0.0439453
0 0.215568 0.38623 0.112305 0.0185547 0.0214844
0 0.216973 0.353027 0.150879 0.0224609 0.0341797
0 0.217406 0.285645 0.541504 0.0263672 0.0283203
0 0.219833 0.227539 0.0756836 0.0273438 0.0341797
0 0.220951 0.433594 0.0317383 0.0214844 0.0263672
0 0.221305 0.300293 0.480957 0.0146484 0.0244141
0 0.225578 0.239258 0.742188 0.0253906 0.0449219
0 0.226434 0.397461 0.178223 0.0195312 0.0263672
0 0.228818 0.733398 0.0371094 0.0195312 0.03125
0 0.230179 0.254395 0.168457 0.0166016 0.0283203
0 0.233031 0.330078 0.687988 0.0136719 0.0283203
0 0.243034 0.547363 0.141602 0.0185547 0.0175781
0 0.250371 0.43457 0.10791 0.015625 0.0263672
0 0.251211 0.283203 0.078125 0.0449219 0.0507812
0 0.252093 0.00927734 0.307129 0.0185547 0.0322266
0 0.263082 0.29248 0.195312 0.0146484 0.03125
0 0.266112 0.145508 0.591797 0.0273438 0.0449219
0 0.266617 0.235352 0.105957 0.0234375 0.0361328
0 0.26748 0.265625 0.0830078 0.0332031 0.0488281
0 0.273392 0.328613 0.578125 0.0166016 0.0175781
0 0.27398 0.393066 0.112793 0.0322266 0.0322266
0 0.274616 0.403809 0.111816 0.0205078 0.0302734
0 0.279708 0.410156 0.0239258 0.0136719 0.0302734
0 0.284985 0.32666 0.0297852 0.0146484 0.0224609
0 0.294025 0.167969 0.104004 0.0351562 0.0419922
0 0.29527 0.187012 0.243652 0.0244141 0.0302734
0 0.295769 0.379883 0.0600586 0.0214844 0.0380859
0 0.30616 0.354492 0.354492 0.0214844 0.0390625
0 0.316249 0.376953 0.00830078 0.0214844 0.0166016
0 0.333971 0.0776367 0.0146484 0.0439453 0.0292969
0 0.337987 0.778809 0.0537109 0.0244141 0.0332031
0 0.33964 0.492188 0.421387 0.0234375 0.0419922
0 0.344822 0.77832 0.245117 0.0332031 0.0390625
0 0.348323 0.400879 0.0629883 0.0302734 0.0322266
0 0.362277 0.109863 0.158203 0.0498047 0.0566406
0 0.370934 0.303711 0.0673828 0.03125 0.0527344
0 0.373133 0.381836 0.76123 0.0234375 0.0283203
0 0.40189 0.105469 0.0463867 0.0234375 0.0283203
0 0.422715 0.11377 0.335938 0.0302734 0.0449219
0 0.428211 0.34668 0.0419922 0.0253906 0.0273438
0 0.434284 0.232422 0.0883789 0.03125 0.0556641
0 0.441127 0.163574 0.0297852 0.0341797 0.0517578
0 0.501018 0.197266 0.130371 0.0351562 0.0380859
0 0.572029 0.104492 0.0913086 0.0351562 0.0380859
