0 0.100132 0.405273 0.0161133 0.0429688 0.0322266
0 0.100549 0.301758 0.0429688 0.0585938 0.0644531
0 0.102497 0.364746 0.163574 0.0537109 0.0634766
0 0.10268 0.100098 0.106445 0.0263672 0.0429688
0 0.103389 0.717773 0.558105 0.0410156 0.0322266
0 0.104007 0.666504 0.786133 0.0341797 0.0703125
0 0.106673 0.344238 0.46875 0.0341797 0.0253906
0 0.108026 0.129395 0.271973 0.0458984 0.0673828
0 0.108051 0.473633 0.393555 0.0214844 0.0234375
0 0.110015 0.411621 0.415527 0.0205078 0.0244141
0 0.111085 0.474609 0.146484 0.0683594 0.103516
0 0.111615 0.102051 0.173828 0.0380859 0.046875
0 0.112144 0.544434 0.393066 0.0458984 0.0380859
0 0.113034 0.383301 0.117676 0.0322266 0.0537109
0 0.11697 0.074707 0.246582 0.0458984 0.0517578
0 0.123796 0.254395 0.0673828 0.0419922 0.0507812
0 0.124075 0.892578 0.411133 0.0820312 0.0859375
0 0.126219 0.383789 0.129883 0.0527344 0.0742188
0 0.131425 0.520996 0.413086 0.0361328 0.0429688
0 0.131494 0.101074 0.380859 0.0166016 0.0234375
0 0.133662 0.491211 0.00927734 0.03125 0.0146484
0 0.135919 0.456055 0.0200195 0.0351562 0.0341797
0 0.135922 0.479492 0.155273 0.0449219 0.0585938
0 0.137083 0.685059 0.565918 0.0322266 0.0341797
0 0.137929 0.214355 0.0776367 0.0400391 0.0537109
0 0.141096 0.192383 0.776367 0.0292969 0.0429688
0 0.141149 0.450684 0.0668945 0.0126953 0.0263672
0 0.143228 0.105469 0.391602 0.0273438 0.0449219
0 0.14489 0.0439453 0.188965 0.0546875 0.0673828
0 0.144978 0.757812 0.0556641 0.0625 0.0976562
0 0.147044 0.818359 0.554688 0.0292969 0.0722656
0 0.149546 0.534668 0.304688 0.0361328 0.0371094
0 0.150953 0.55957 0.11084 0.0605469 0.0966797
0 0.152622 0.301758 0.0605469 0.0429688 0.0449219
0 0.158078 0.336426 0.148926 0.0341797 0.0380859
0 0.159309 0.205078 0.429199 0.0195312 0.0419922
0 0.161301 0.692871 0.577637 0.0517578 0.0556641
0 0.162627 0.081543 0.246582 0.0361328 0.0302734
0 0.163538 0.236328 0.0605469 0.0722656 0.0742188
0 0.163936 0.683594 0.109863 0.0507812 0.0517578
0 0.16569 0.656738 0.900879 0.0361328 0.0771484
0 0.165954 0.570312 0.730469 0.03125 0.0488281
0 0.167243 0.679199 0.23291 0.0283203 0.0556641
0 0.173971 0.0166016 0.261719 0.03125 0.0644531
0 0.178032 0.39502 0.856934 0.0341797 0.0419922
0 0.181292 0.365234 0.0400391 0.0214844 0.0390625
0 0.183673 0.470215 0.0620117 0.00878906 0.0185547
0 0.184588 0.597168 0.216309 0.0283203 0.0302734
0 0.184607 0.305664 0.0678711 0.0253906 0.0341797
0 0.186351 0.23877 0.443359 0.0341797 0.0605469
0 0.186641 0.0664062 0.467773 0.0488281 0.0390625
0 0.188581 0.320312 0.841309 0.0410156 0.0595703
0 0.189064 0.163574 0.744141 0.0283203 0.0527344
0 0.193003 0.356934 0.111816 0.0322266 0.0283203
0 0.20337 0.171875 0.464844 0.03125 0.0429688
0 0.204977 0.248535 0.135254 0.0458984 0.0439453
0 0.20574 0.277832 0.118652 0.0517578 0.0498047
0 0.210004 0.216309 0.741699 0.0263672 0.0322266
0 0.210354 0.748535 0.746094 0.0302734 0.0429688
0 0.216999 0.113281 0.184082 0.0664062 0.0654297
0 0.217075 0.24707 0.667969 0.0214844 0.03125
0 0.220273 0.643555 0.93457 0.0351562 0.046875
0 0.230084 0.155762 0.409668 0.0244141 0.0263672
0 0.236226 0.29834 0.118652 0.0166016 0.0537109
0 0.239162 0.134766 0.355469 0.0234375 0.0234375
0 0.244554 0.285645 0.0302734 0.0478516 0.0566406
0 0.254541 0.214844 0.0444336 0.0664062 0.0830078
0 0.257341 0.709473 0.562012 0.0693359 0.0419922
0 0.257547 0.289551 0.433594 0.0380859 0.0507812
0 0.260524 0.661133 0.888672 0.0234375 0.0429688
0 0.265914 0.601562 0.147461 0.0214844 0.0449219
0 0.272848 0.0693359 0.111328 0.0214844 0.0273438
0 0.273799 0.178711 0.128906 0.0195312 0.0332031
0 0.274663 0.366699 0.112305 0.0556641 0.0371094
0 0.275439 0.515625 0.422852 0.0234375 0.0273438
0 0.291146 0.0390625 0.353516 0.0527344 0.0429688
0 0.293362 0.474121 0.736816 0.0263672 0.0537109
0 0.304219 0.962402 0.345703 0.0654297 0.0546875
0 0.316585 0.519531 0.789062 0.0488281 0.0507812
0 0.331166 0.446289 0.961426 0.03125 0.0361328
0 0.345964 0.624512 0.985352 0.0302734 0.0253906
0 0.359651 0.736328 0.260254 0.0722656 0.0673828
0 0.36536 0.179688 0.0576172 0.0429688 0.0722656
0 0.381261 0.258789 0.124023 0.0546875 0.0527344
0 0.389127 0.655762 0.990723 0.0224609 0.0166016
0 0.414576 0.109863 0.424805 0.0400391 0.0449219
0 0.459812 0.179199 0.255859 0.0322266 0.0488281
0 0.611526 0.14502 0.121094 0.0322266 0.0488281
