0 0.113535 0.556641 0.808105 0.0136719 0.0224609
0 0.116372 0.215332 0.0961914 0.0263672 0.0400391
0 0.134409 0.0913086 0.157715 0.0322266 0.0341797
0 0.139644 0.402832 0.154297 0.0419922 0.0703125
0 0.150259 0.223145 0.196289 0.0478516 0.0585938
0 0.160336 0.382812 0.0585938 0.0214844 0.0371094
0 0.193753 0.365723 0.353516 0.0107422 0.0214844
0 0.196698 0.627441 0.693359 0.0126953 0.0214844
0 0.232193 0.441895 0.352539 0.0283203 0.0527344
0 0.25173 0.44043 0.193848 0.0625 0.0791016
0 0.27347 0.269531 0.397461 0.0273438 0.0371094
0 0.280003 0.26123 0.361816 0.0244141 0.0400391
0 0.309814 0.143066 0.0585938 0.0673828 0.0703125
0 0.381111 0.403809 0.364746 0.0166016 0.0458984
