0 0.10095 0.463867 0.244629 0.0214844 0.0224609
0 0.102453 0.457031 0.108887 0.0253906 0.0244141
0 0.102633 0.379883 0.129395 0.0117188 0.0166016
0 0.109501 0.400391 0.243164 0.015625 0.0175781
0 0.112664 0.657715 0.188477 0.0400391 0.0429688
0 0.114193 0.190918 0.0898438 0.0322266 0.0390625
0 0.115854 0.341309 0.587402 0.0224609 0.0302734
0 0.116279 0.128418 0.170898 0.0322266 0.0332031
0 0.117459 0.28418 0.426758 0.0117188 0.0273438
0 0.12265 0.415039 0.130859 0.0136719 0.0175781
0 0.125974 0.288574 0.0756836 0.0361328 0.0400391
0 0.126089 0.248047 0.297363 0.0234375 0.0400391
0 0.135628 0.428223 0.187988 0.0146484 0.0205078
0 0.146191 0.292969 0.0849609 0.0175781 0.0175781
0 0.147945 0.909668 0.0541992 0.0556641 0.0693359
0 0.154731 0.513184 0.185059 0.0146484 0.0205078
0 0.159588 0.292969 0.199707 0.0410156 0.0439453
0 0.159651 0.66748 0.189453 0.0185547 0.03125
0 0.160883 0.241211 0.195801 0.015625 0.0361328
0 0.173699 0.316406 0.458008 0.0292969 0.0273438
0 0.183354 0.400391 0.390625 0.0292969 0.0429688
0 0.18656 0.267578 0.130859 0.0253906 0.0292969
0 0.209655 0.271484 0.0629883 0.0527344 0.0576172
0 0.211386 0.435547 0.242188 0.0234375 0.0195312
0 0.22409 0.635742 0.315918 0.0332031 0.0576172
0 0.242515 0.467773 0.323242 0.0292969 0.0371094
0 0.289169 0.470703 0.0732422 0.0175781 0.0253906
0 0.365617 0.324707 0.541992 0.0244141 0.0292969
