0 0.106207 0.666504 0.725586 0.0107422 0.0175781
0 0.110243 0.261719 0.26709 0.0644531 0.0712891
0 0.116061 0.391602 0.103516 0.0234375 0.03125
0 0.116529 0.740234 0.736328 0.0195312 0.0253906
0 0.120395 0.23584 0.253906 0.0380859 0.0410156
0 0.129256 0.464844 0.645508 0.015625 0.0214844
0 0.132516 0.191406 0.0898438 0.0410156 0.0664062
0 0.135505 0.428223 0.0864258 0.0146484 0.0224609
0 0.135868 0.395996 0.244629 0.0263672 0.0224609
0 0.150963 0.115234 0.0151367 0.0429688 0.0302734
0 0.152489 0.419434 0.12207 0.0166016 0.0234375
0 0.161498 0.509277 0.0751953 0.0224609 0.0429688
0 0.175881 0.229492 0.250977 0.0253906 0.0292969
0 0.180427 0.449219 0.0664062 0.0175781 0.0292969
0 0.227319 0.986816 0.546387 0.0244141 0.0380859
0 0.241859 0.979492 0.0942383 0.0351562 0.0673828
0 0.388188 0.26709 0.278809 0.0380859 0.0537109
0 0.555942 0.22168 0.0263672 0.046875 0.0488281
0 0.720475 0.304199 0.0410156 0.0322266 0.0390625
