0 0.109129 0.243164 0.0185547 0.015625 0.0351562
0 0.114665 0.376953 0.560059 0.0234375 0.0263672
0 0.132677 0.359863 0.611328 0.0166016 0.0332031
0 0.142003 0.486328 0.0214844 0.0332031 0.0371094
0 0.148289 0.32373 0.109863 0.0556641 0.0576172
0 0.174564 0.571289 0.0634766 0.0175781 0.0292969
0 0.175295 0.356445 0.289062 0.0195312 0.0429688
0 0.184725 0.48584 0.445801 0.0283203 0.0341797
0 0.186259 0.596191 0.35498 0.0224609 0.0380859
0 0.20037 0.608398 0.0537109 0.0273438 0.0449219
0 0.204877 0.488281 0.39209 0.015625 0.0361328
0 0.252032 0.702637 0.376465 0.0263672 0.0361328
0 0.25485 0.119629 0.164062 0.0439453 0.0429688
0 0.260875 0.419434 0.606934 0.0322266 0.0537109
0 0.317349 0.145996 0.0507812 0.0673828 0.0878906
0 0.33719 0.428711 0.0664062 0.03125 0.0488281
