0 0.102736 0.516113 0.0454102 0.0849609 0.0908203
0 0.108712 0.374023 0.126953 0.00976562 0.03125
0 0.114161 0.571777 0.337891 0.0166016 0.0234375
0 0.117275 0.222656 0.0883789 0.0488281 0.0615234
0 0.123659 0.405762 0.132324 0.0224609 0.0224609
0 0.126908 0.342285 0.787109 0.0185547 0.0410156
0 0.157677 0.401855 0.129395 0.0107422 0.0205078
0 0.163203 0.572754 0.306641 0.0146484 0.0234375
0 0.183571 0.555664 0.261719 0.0351562 0.03125
0 0.197616 0.146484 0.46875 0.0253906 0.0332031
0 0.217593 0.361328 0.159668 0.0175781 0.0205078
0 0.243721 0.459961 0.140625 0.03125 0.0351562
0 0.320148 0.233887 0.03125 0.0556641 0.0546875
0 0.324375 0.429688 0.376465 0.0136719 0.0205078
