0 0.106962 0.708496 0.0771484 0.0244141 0.0273438
0 0.107691 0.673828 0.314941 0.0175781 0.0419922
0 0.108701 0.699707 0.353516 0.0146484 0.0253906
0 0.110458 0.678711 0.250977 0.0117188 0.0253906
0 0.110787 0.287109 0.694336 0.0253906 0.0488281
0 0.110991 0.616211 0.845703 0.0214844 0.0195312
0 0.113042 0.638184 0.45459 0.0205078 0.0322266
0 0.113957 0.571289 0.0576172 0.0273438 0.0957031
0 0.115251 0.154297 0.322266 0.0273438 0.0292969
0 0.117566 0.633301 0.227539 0.00683594 0.0136719
0 0.117711 0.554688 0.513184 0.0117188 0.0166016
0 0.11974 0.321777 0.540039 0.0166016 0.0175781
0 0.120007 0.641113 0.341797 0.0185547 0.0234375
0 0.120297 0.673828 0.194336 0.0136719 0.015625
0 0.120419 0.849121 0.393066 0.0126953 0.0263672
0 0.121242 0.605957 0.228516 0.0244141 0.0507812
0 0.122824 0.657715 0.0883789 0.0458984 0.0615234
0 0.12305 0.493652 0.643066 0.0126953 0.0146484
0 0.123391 0.62207 0.136719 0.015625 0.0214844
0 0.124494 0.277344 0.567383 0.0214844 0.0332031
0 0.125497 0.319336 0.386719 0.0195312 0.0195312
0 0.125811 0.728516 0.108887 0.0234375 0.0302734
0 0.129651 0.634277 0.1875 0.0126953 0.0234375
0 0.133836 0.672852 0.233398 0.0292969 0.0585938
0 0.135909 0.791016 0.0668945 0.0214844 0.0458984
0 0.141666 0.880859 0.0576172 0.0390625 0.0683594
0 0.148506 0.589844 0.125488 0.0214844 0.0244141
0 0.155183 0.740723 0.0683594 0.0322266 0.0351562
0 0.157138 0.635254 0.230469 0.00683594 0.0117188
0 0.158532 0.810059 0.303223 0.0400391 0.0478516
0 0.161053 0.757324 0.0708008 0.0361328 0.0361328
0 0.162068 0.756348 0.319336 0.0263672 0.0253906
0 0.163809 0.705078 0.139648 0.0292969 0.0273438
0 0.164696 0.687012 0.135254 0.0478516 0.0458984
0 0.1719 0.744629 0.0151367 0.0185547 0.0283203
0 0.172606 0.71582 0.412109 0.015625 0.0410156
0 0.174342 0.82666 0.192871 0.0322266 0.0322266
0 0.176149 0.489746 0.324707 0.0107422 0.0185547
0 0.179329 0.891113 0.763672 0.0302734 0.0488281
0 0.17976 0.631836 0.297852 0.0292969 0.0507812
0 0.179843 0.685547 0.125488 0.0292969 0.0400391
0 0.182875 0.619141 0.415039 0.0175781 0.0175781
0 0.183903 0.243652 0.274902 0.0283203 0.0419922
0 0.192866 0.282227 0.572754 0.0117188 0.0244141
0 0.198968 0.764648 0.0834961 0.0332031 0.0478516
0 0.210326 0.870605 0.226074 0.0244141 0.0400391
0 0.21133 0.967285 0.0249023 0.0498047 0.0458984
0 0.215289 0.797852 0.802734 0.0214844 0.0253906
0 0.228384 0.87793 0.0429688 0.0273438 0.0410156
0 0.230129 0.523926 0.204102 0.0185547 0.0332031
0 0.231553 0.68457 0.381348 0.0214844 0.0244141
0 0.235466 0.891113 0.0830078 0.0439453 0.0507812
0 0.236839 0.749023 0.191406 0.0429688 0.046875
0 0.254032 0.833496 0.588867 0.0205078 0.0234375
0 0.264929 0.734863 0.361328 0.0126953 0.03125
0 0.273625 0.633301 0.363281 0.0166016 0.0175781
0 0.286244 0.939453 0.136719 0.0292969 0.0390625
0 0.337033 0.758789 0.121582 0.0234375 0.0361328
0 0.406925 0.835938 0.0375977 0.0488281 0.0634766
