0 0.100361 0.635254 0.615234 0.0244141 0.0332031
0 0.101083 0.771484 0.744629 0.0292969 0.0341797
0 0.10245 0.515137 0.163086 0.0419922 0.0527344
0 0.10248 0.647461 0.0161133 0.0449219 0.0302734
0 0.102726 0.932617 0.213867 0.0585938 0.0761719
0 0.103161 0.586426 0.146973 0.0322266 0.0400391
0 0.104639 0.578613 0.533691 0.0224609 0.0341797
0 0.1058 0.478027 0.143066 0.0205078 0.0400391
0 0.106934 0.74707 0.323242 0.0234375 0.046875
0 0.106978 0.852051 0.243652 0.0224609 0.0263672
0 0.107288 0.725586 0.0541992 0.0234375 0.0302734
0 0.107862 0.65625 0.199219 0.015625 0.0214844
0 0.108026 0.547363 0.135742 0.0244141 0.03125
0 0.108217 0.40918 0.291504 0.0136719 0.0244141
0 0.10859 0.392578 0.127441 0.0488281 0.0576172
0 0.108757 0.51123 0.0332031 0.0400391 0.0507812
0 0.109085 0.521973 0.175293 0.0263672 0.0283203
0 0.109562 0.774414 0.331543 0.0136719 0.0283203
0 0.110349 0.107422 0.972168 0.0351562 0.0498047
0 0.110919 0.819824 0.0302734 0.0263672 0.0351562
0 0.111542 0.361816 0.873047 0.0126953 0.0273438
0 0.111894 0.720703 0.0322266 0.03125 0.0507812
0 0.112156 0.547852 0.0541992 0.0273438 0.0400391
0 0.112233 0.516113 0.854492 0.0146484 0.03125
0 0.112277 0.732422 0.206543 0.0195312 0.0419922
0 0.114431 0.580566 0.0546875 0.0693359 0.0917969
0 0.117161 0.656738 0.45459 0.0244141 0.0283203
0 0.120568 0.440918 0.140137 0.0595703 0.0458984
0 0.121693 0.552246 0.757812 0.0146484 0.0332031
0 0.122162 0.560547 0.418457 0.0195312 0.0283203
0 0.12228 0.908203 0.130859 0.0332031 0.0273438
0 0.123615 0.820801 0.229004 0.0322266 0.0498047
0 0.123844 0.589844 0.827637 0.0136719 0.0185547
0 0.124021 0.454102 0.497559 0.00976562 0.0166016
0 0.12619 0.513672 0.877441 0.0117188 0.0205078
0 0.127191 0.742676 0.586426 0.0263672 0.0380859
0 0.129267 0.437988 0.21875 0.0498047 0.0664062
0 0.129801 0.577148 0.853516 0.015625 0.0371094
0 0.132345 0.75 0.143555 0.0449219 0.0390625
0 0.135107 0.841309 0.242676 0.0380859 0.0322266
0 0.135941 0.564453 0.887695 0.0332031 0.0429688
0 0.136045 0.51709 0.967285 0.0302734 0.0498047
0 0.140256 0.576172 0.462891 0.0351562 0.03125
0 0.140912 0.750977 0.746582 0.0429688 0.0322266
0 0.142212 0.539551 0.504395 0.0126953 0.0205078
0 0.143764 0.444824 0.463867 0.0146484 0.0234375
0 0.1459 0.755859 0.47998 0.0332031 0.0400391
0 0.147704 0.741211 0.209473 0.0332031 0.0458984
0 0.148225 0.766602 0.102539 0.0332031 0.0390625
0 0.150781 0.746094 0.0888672 0.0351562 0.0351562
0 0.151952 0.748535 0.183105 0.0185547 0.0263672
0 0.152404 0.466797 0.462402 0.0292969 0.0322266
0 0.152611 0.484375 0.671387 0.0488281 0.0380859
0 0.154813 0.783691 0.0825195 0.0595703 0.0556641
0 0.155706 0.716797 0.0283203 0.0214844 0.0332031
0 0.156404 0.510254 0.647461 0.0205078 0.0253906
0 0.157478 0.727539 0.130371 0.0332031 0.0361328
0 0.158091 0.492676 0.0351562 0.0615234 0.0585938
0 0.159034 0.503906 0.656738 0.03125 0.0361328
0 0.160317 0.615234 0.0493164 0.0507812 0.0654297
0 0.160864 0.723145 0.625977 0.0283203 0.0351562
0 0.162321 0.645996 0.27002 0.0361328 0.0498047
0 0.163302 0.737793 0.110352 0.0556641 0.0585938
0 0.163332 0.566895 0.991211 0.0146484 0.015625
0 0.163382 0.729004 0.615234 0.0244141 0.0273438
0 0.170071 0.302246 0.602051 0.0205078 0.0380859
0 0.170263 0.541504 0.144531 0.0361328 0.0488281
0 0.170909 0.875488 0.0922852 0.0400391 0.0419922
0 0.171914 0.833496 0.14209 0.0263672 0.0361328
0 0.172589 0.793945 0.237793 0.0195312 0.0458984
0 0.176544 0.299805 0.237793 0.0175781 0.0185547
0 0.17748 0.640625 0.339355 0.0214844 0.0283203
0 0.179689 0.572266 0.873047 0.0234375 0.0390625
0 0.17979 0.316406 0.15625 0.015625 0.0273438
0 0.182939 0.673828 0.254883 0.0253906 0.03125
0 0.183382 0.553223 0.562012 0.0166016 0.0224609
0 0.185754 0.342285 0.182617 0.0244141 0.0253906
0 0.185961 0.373047 0.579102 0.0214844 0.0429688
0 0.18696 0.503906 0.100098 0.0292969 0.0361328
0 0.188798 0.62793 0.168945 0.0371094 0.0371094
0 0.188809 0.414062 0.203125 0.0351562 0.0429688
0 0.190732 0.549316 0.90332 0.0283203 0.0410156
0 0.19241 0.464844 0.678223 0.0332031 0.0380859
0 0.192624 0.650879 0.15918 0.0361328 0.0507812
0 0.194215 0.939941 0.240723 0.0595703 0.0791016
0 0.197099 0.511719 0.281738 0.0507812 0.0400391
0 0.197228 0.35791 0.959961 0.0166016 0.03125
0 0.199238 0.682129 0.121094 0.0224609 0.0449219
0 0.200053 0.762207 0.581543 0.0595703 0.0478516
0 0.202846 0.583008 0.724121 0.0117188 0.0302734
0 0.203941 0.553223 0.244629 0.0283203 0.0458984
0 0.20487 0.507324 0.370117 0.0400391 0.046875
0 0.205046 0.638672 0.0336914 0.0605469 0.0615234
0 0.206432 0.225586 0.181152 0.0195312 0.0283203
0 0.210512 0.4375 0.950195 0.0332031 0.0449219
0 0.215937 0.372559 0.184082 0.0185547 0.0244141
0 0.217303 0.631836 0.0673828 0.0527344 0.0683594
0 0.221873 0.403809 0.730957 0.0400391 0.0615234
0 0.221892 0.452637 0.465332 0.0322266 0.0322266
0 0.221919 0.633789 0.412109 0.0351562 0.0507812
0 0.223058 0.706055 0.270996 0.0371094 0.0498047
0 0.226118 0.410645 0.757812 0.0263672 0.0410156
0 0.226216 0.736328 0.138184 0.0507812 0.0439453
0 0.22688 0.797363 0.683594 0.0380859 0.0449219
0 0.230848 0.614258 0.822266 0.0136719 0.0292969
0 0.23535 0.613281 0.705078 0.0253906 0.0429688
0 0.236149 0.636719 0.081543 0.0371094 0.0498047
0 0.237821 0.881348 0.241699 0.0302734 0.0380859
0 0.240229 0.714844 0.126953 0.0429688 0.0527344
0 0.248174 0.880371 0.179688 0.0205078 0.0449219
0 0.249278 0.791992 0.123047 0.0292969 0.03125
0 0.250249 0.597656 0.894043 0.0195312 0.0341797
0 0.258461 0.73584 0.603027 0.0361328 0.0478516
0 0.259775 0.452637 0.235352 0.0341797 0.0546875
0 0.260577 0.76416 0.933105 0.0283203 0.0537109
0 0.266619 0.458496 0.772949 0.0146484 0.0224609
0 0.268787 0.864258 0.70752 0.0332031 0.0478516
0 0.269613 0.39502 0.442383 0.0185547 0.0410156
0 0.272497 0.579102 0.019043 0.0605469 0.0380859
0 0.273203 0.778809 0.571777 0.0322266 0.0361328
0 0.274535 0.844238 0.663574 0.0322266 0.0458984
0 0.282369 0.496582 0.66748 0.0263672 0.0322266
0 0.285926 0.845215 0.0800781 0.0400391 0.0566406
0 0.286632 0.66748 0.14502 0.0224609 0.0283203
0 0.290227 0.374512 0.240723 0.0302734 0.0458984
0 0.295037 0.612305 0.0625 0.0351562 0.0527344
0 0.297392 0.581055 0.0820312 0.0410156 0.0605469
0 0.302724 0.704102 0.118652 0.0253906 0.0478516
0 0.303081 0.714355 0.780273 0.0322266 0.0429688
0 0.305988 0.769043 0.227539 0.0419922 0.0527344
0 0.319184 0.831055 0.23877 0.0449219 0.0439453
0 0.32827 0.804199 0.0683594 0.0400391 0.0507812
0 0.331604 0.672852 0.90332 0.0234375 0.0292969
0 0.333596 0.364258 0.768555 0.0292969 0.0390625
0 0.337424 0.312012 0.208008 0.0322266 0.0410156
0 0.343112 0.694824 0.201172 0.0263672 0.0390625
0 0.347632 0.646973 0.138672 0.0263672 0.0527344
0 0.349689 0.748047 0.697266 0.0234375 0.0332031
0 0.352248 0.963379 0.400391 0.0458984 0.0429688
0 0.356633 0.39502 0.71875 0.0380859 0.046875
0 0.357622 0.815918 0.303711 0.0380859 0.0585938
0 0.359514 0.570312 0.790039 0.0351562 0.03125
0 0.365492 0.575684 0.183594 0.0380859 0.0332031
0 0.369042 0.643555 0.169434 0.0273438 0.0419922
0 0.372149 0.474609 0.538086 0.0195312 0.0351562
0 0.400375 0.470215 0.890137 0.0244141 0.0322266
0 0.406984 0.758301 0.0932617 0.0537109 0.0498047
0 0.410486 0.736816 0.750977 0.0537109 0.0449219
0 0.478978 0.714355 0.637695 0.0185547 0.0292969
0 0.497617 0.702637 0.0107422 0.0361328 0.0195312
0 0.502323 0.586914 0.134277 0.0253906 0.0341797
0 0.506317 0.845215 0.779785 0.0283203 0.0576172
0 0.521749 0.497559 0.729004 0.0322266 0.0341797
0 0.568272 0.616699 0.939941 0.0244141 0.0458984
0 0.604247 0.687012 0.0615234 0.0322266 0.0546875
