0 0.100588 0.40625 0.280273 0.0351562 0.0507812
0 0.10084 0.0361328 0.305664 0.0644531 0.0488281
0 0.101282 0.13623 0.0102539 0.0283203 0.0205078
0 0.101319 0.307129 0.129395 0.0283203 0.0361328
0 0.10145 0.217285 0.419434 0.0419922 0.0537109
0 0.106568 0.224121 0.0136719 0.0322266 0.0273438
0 0.108062 0.479492 0.135254 0.0175781 0.0224609
0 0.108638 0.105957 0.363281 0.0400391 0.0644531
0 0.109809 0.256836 0.374512 0.0136719 0.0341797
0 0.110728 0.0429688 0.428711 0.0488281 0.0371094
0 0.111587 0.31543 0.134277 0.0253906 0.0341797
0 0.111647 0.855957 0.12207 0.0263672 0.0488281
0 0.112326 0.895996 0.120605 0.0283203 0.0498047
0 0.112803 0.539551 0.475586 0.0224609 0.0273438
0 0.114642 0.536133 0.17041 0.0351562 0.0458984
0 0.114904 0.220215 0.47998 0.0244141 0.0283203
0 0.116589 0.431641 0.432617 0.0253906 0.0253906
0 0.117716 0.277344 0.388184 0.0136719 0.0302734
0 0.118604 0.864746 0.178223 0.0205078 0.0185547
0 0.11933 0.307617 0.384766 0.0214844 0.0234375
0 0.119758 0.40625 0.361816 0.0214844 0.0283203
0 0.120271 0.304688 0.133301 0.0507812 0.0458984
0 0.120482 0.140137 0.204102 0.0205078 0.0234375
0 0.121754 0.371094 0.486816 0.015625 0.0263672
0 0.122927 0.12207 0.167969 0.0136719 0.0234375
0 0.123381 0.230957 0.192871 0.0361328 0.0361328
0 0.12483 0.279297 0.172852 0.0195312 0.0234375
0 0.128131 0.324219 0.0566406 0.015625 0.0214844
0 0.128651 0.44043 0.134277 0.0214844 0.0322266
0 0.129144 0.635254 0.385742 0.0166016 0.0253906
0 0.130569 0.346191 0.251953 0.0263672 0.0488281
0 0.133074 0.166504 0.42627 0.0205078 0.0263672
0 0.137237 0.281738 0.0512695 0.0283203 0.0302734
0 0.137378 0.211914 0.0556641 0.0253906 0.0351562
0 0.140351 0.124512 0.427246 0.0126953 0.0146484
0 0.14185 0.381348 0.108398 0.0439453 0.0371094
0 0.144131 0.838867 0.168945 0.0214844 0.0371094
0 0.145842 0.152832 0.171387 0.0244141 0.0400391
0 0.14935 0.248535 0.313477 0.0126953 0.0273438
0 0.149803 0.20752 0.435059 0.0263672 0.0400391
0 0.150603 0.0795898 0.427246 0.0322266 0.0283203
0 0.15697 0.493652 0.523438 0.0126953 0.015625
0 0.159778 0.109375 0.254395 0.0214844 0.0341797
0 0.162197 0.291992 0.0395508 0.0371094 0.0478516
0 0.169764 0.347168 0.0356445 0.0185547 0.0322266
0 0.170195 0.546875 0.0849609 0.0195312 0.0214844
0 0.173206 0.378906 0.530273 0.0253906 0.0292969
0 0.178346 0.28418 0.097168 0.046875 0.0517578
0 0.179239 0.0639648 0.426758 0.0693359 0.0351562
0 0.179873 0.219238 0.324707 0.0126953 0.0283203
0 0.180514 0.610352 0.245605 0.0175781 0.0224609
0 0.181009 0.231934 0.393555 0.0322266 0.0527344
0 0.185902 0.199219 0.0200195 0.0351562 0.0302734
0 0.186 0.645508 0.452148 0.0273438 0.0332031
0 0.186549 0.297363 0.206543 0.0126953 0.0283203
0 0.18707 0.376953 0.407715 0.0351562 0.0595703
0 0.191514 0.147461 0.154785 0.03125 0.0400391
0 0.19272 0.0708008 0.0141602 0.0341797 0.0283203
0 0.194505 0.327148 0.362305 0.0117188 0.0214844
0 0.195678 0.351562 0.162109 0.015625 0.0214844
0 0.195801 0.324707 0.0161133 0.0185547 0.0263672
0 0.205448 0.0595703 0.376953 0.0351562 0.0253906
0 0.21568 0.225586 0.51416 0.0410156 0.0693359
0 0.220137 0.319336 0.442871 0.0371094 0.0419922
0 0.228625 0.339355 0.46875 0.0166016 0.0292969
0 0.243902 0.284668 0.432617 0.0283203 0.0566406
0 0.249692 0.184082 0.376953 0.0283203 0.03125
0 0.25217 0.239258 0.192871 0.0175781 0.0302734
0 0.252714 0.21582 0.184082 0.0136719 0.0439453
0 0.254649 0.398438 0.475586 0.0195312 0.0253906
0 0.257829 0.304688 0.0454102 0.0214844 0.0322266
0 0.261864 0.289062 0.0146484 0.0214844 0.0292969
0 0.269055 0.097168 0.0834961 0.0380859 0.0458984
0 0.271064 0.222168 0.0893555 0.0244141 0.0361328
0 0.273614 0.182617 0.181152 0.0273438 0.0361328
0 0.275115 0.157715 0.0273438 0.0283203 0.0351562
0 0.276463 0.114258 0.165527 0.0253906 0.0302734
0 0.301121 0.210449 0.015625 0.0498047 0.03125
0 0.307065 0.206543 0.0390625 0.0458984 0.0625
0 0.320786 0.285156 0.116699 0.0488281 0.0556641
0 0.346112 0.180176 0.251953 0.0380859 0.0527344
0 0.352007 0.160645 0.0922852 0.0419922 0.0400391
0 0.355943 0.198242 0.313965 0.0175781 0.0322266
0 0.366148 0.0678711 0.208496 0.0361328 0.0341797
0 0.371299 0.233398 0.266113 0.0273438 0.0439453
0 0.466757 0.428223 0.046875 0.0205078 0.0292969
0 0.471518 0.201172 0.0595703 0.0351562 0.046875
