0 0.100267 0.643555 0.978516 0.0332031 0.0390625
0 0.105526 0.339355 0.0703125 0.0185547 0.0234375
0 0.110009 0.544434 0.859863 0.0361328 0.0302734
0 0.110887 0.428223 0.753418 0.0517578 0.0400391
0 0.112742 0.739746 0.417969 0.0458984 0.0625
0 0.113669 0.62793 0.791016 0.0214844 0.03125
0 0.116275 0.345215 0.986816 0.0283203 0.0263672
0 0.118594 0.185059 0.160645 0.0537109 0.0654297
0 0.119556 0.708008 0.751465 0.0195312 0.0244141
0 0.12329 0.413574 0.353516 0.0302734 0.0507812
0 0.12398 0.22998 0.157227 0.0498047 0.0527344
0 0.128107 0.12793 0.175293 0.0449219 0.0517578
0 0.129539 0.724121 0.297363 0.0537109 0.0654297
0 0.131714 0.580078 0.810547 0.0234375 0.0292969
0 0.135788 0.473145 0.535156 0.0322266 0.0507812
0 0.13678 0.0444336 0.0996094 0.0361328 0.0488281
0 0.139222 0.32666 0.885742 0.0205078 0.0195312
0 0.15086 0.490723 0.863281 0.0595703 0.0429688
0 0.16725 0.467773 0.189941 0.0410156 0.0439453
0 0.183144 0.109375 0.175293 0.0800781 0.0634766
0 0.184209 0.428711 0.992676 0.0175781 0.0146484
0 0.193742 0.257324 0.326172 0.0302734 0.0371094
0 0.201907 0.563965 0.808105 0.0341797 0.0361328
0 0.207968 0.245117 0.21582 0.0292969 0.0351562
0 0.212693 0.592773 0.961914 0.0253906 0.0371094
0 0.250802 0.509277 0.855957 0.0224609 0.0517578
0 0.257863 0.443359 0.944824 0.0253906 0.0361328
0 0.266702 0.416504 0.709961 0.0244141 0.0273438
0 0.277913 0.360352 0.151367 0.0449219 0.0488281
0 0.278757 0.459961 0.867676 0.0371094 0.0400391
0 0.282353 0.649902 0.828125 0.0419922 0.0292969
0 0.349335 0.540039 0.856934 0.0214844 0.0224609
0 0.373333 0.347168 0.935547 0.0205078 0.0273438
