0 0.102315 0.4375 0.131348 0.03125 0.0517578
0 0.102525 0.434082 0.0498047 0.0283203 0.0332031
0 0.103038 0.429199 0.29541 0.0341797 0.0322266
0 0.104334 0.449219 0.381348 0.0253906 0.0498047
0 0.106317 0.457031 0.476074 0.015625 0.0244141
0 0.10691 0.164551 0.254395 0.0498047 0.0537109
0 0.107133 0.0996094 0.157715 0.0488281 0.0576172
0 0.107439 0.837402 0.191406 0.0810547 0.0546875
0 0.108258 0.219727 0.118164 0.03125 0.0371094
0 0.108476 0.339844 0.120605 0.0390625 0.0595703
0 0.110212 0.759766 0.362305 0.015625 0.0214844
0 0.110343 0.426758 0.0566406 0.0234375 0.0332031
0 0.111318 0.515137 0.219238 0.0361328 0.0556641
0 0.113464 0.82373 0.171387 0.118164 0.0791016
0 0.115272 0.284668 0.105469 0.0341797 0.0449219
0 0.115554 0.553223 0.185059 0.0185547 0.0341797
0 0.117056 0.535156 0.371094 0.0117188 0.0253906
0 0.117292 0.314941 0.144531 0.0517578 0.0566406
0 0.117805 0.230957 0.0151367 0.0205078 0.0302734
0 0.119108 0.0600586 0.0415039 0.0654297 0.0576172
0 0.122155 0.291016 0.218262 0.0410156 0.0537109
0 0.122519 0.447266 0.00830078 0.0195312 0.0166016
0 0.124901 0.470215 0.161621 0.0185547 0.0283203
0 0.125392 0.358398 0.0249023 0.0449219 0.0498047
0 0.12654 0.293945 0.459473 0.0371094 0.0498047
0 0.130484 0.257324 0.158203 0.0458984 0.0585938
0 0.134608 0.792969 0.440918 0.0429688 0.0478516
0 0.134809 0.462402 0.489258 0.0263672 0.0449219
0 0.13639 0.240234 0.0600586 0.03125 0.0400391
0 0.136801 0.778809 0.182617 0.0439453 0.0449219
0 0.137016 0.388184 0.20752 0.0244141 0.0537109
0 0.141528 0.211426 0.156738 0.0556641 0.0634766
0 0.144993 0.444824 0.140137 0.0185547 0.0322266
0 0.151031 0.290039 0.0395508 0.0429688 0.0556641
0 0.152342 0.328125 0.15918 0.0371094 0.0605469
0 0.153206 0.497559 0.307617 0.0302734 0.0507812
0 0.15434 0.284668 0.0576172 0.0263672 0.0292969
0 0.155341 0.333008 0.138672 0.0488281 0.0605469
0 0.162488 0.473145 0.208984 0.0185547 0.0214844
0 0.163947 0.51416 0.439941 0.0224609 0.0244141
0 0.16508 0.40918 0.163574 0.0253906 0.0322266
0 0.17233 0.180176 0.158691 0.0537109 0.0615234
0 0.175793 0.514648 0.424316 0.0273438 0.0537109
0 0.180399 0.13623 0.0991211 0.0244141 0.0400391
0 0.183061 0.23584 0.143555 0.0615234 0.0742188
0 0.185907 0.419922 0.105469 0.0585938 0.0800781
0 0.186802 0.163574 0.0234375 0.0517578 0.0429688
0 0.187419 0.289551 0.15332 0.0322266 0.0625
0 0.189556 0.50293 0.291016 0.0234375 0.0292969
0 0.191434 0.417969 0.293457 0.0546875 0.0498047
0 0.192524 0.35498 0.0185547 0.0302734 0.03125
0 0.194581 0.432617 0.0649414 0.0390625 0.0654297
0 0.199749 0.44873 0.371582 0.0166016 0.0263672
0 0.20526 0.375488 0.484375 0.0302734 0.0488281
0 0.205753 0.49707 0.171875 0.0234375 0.0351562
0 0.210078 0.436035 0.214844 0.0283203 0.0273438
0 0.215277 0.49707 0.26709 0.00976562 0.0146484
0 0.215811 0.745605 0.19873 0.0400391 0.0439453
0 0.219701 0.720703 0.331543 0.0253906 0.0361328
0 0.227509 0.490723 0.0175781 0.0576172 0.0351562
0 0.231549 0.547852 0.126465 0.0175781 0.0205078
0 0.232599 0.170898 0.097168 0.0214844 0.0361328
0 0.235672 0.244629 0.0551758 0.0205078 0.0244141
0 0.236581 0.268066 0.0102539 0.0224609 0.0205078
0 0.255412 0.581543 0.240723 0.0244141 0.0400391
0 0.385453 0.436035 0.0942383 0.0361328 0.0849609
0 0.38638 0.317871 0.081543 0.0224609 0.0400391
0 0.410706 0.306152 0.0166016 0.0439453 0.0332031
0 0.475044 0.393555 0.0952148 0.03125 0.0634766
0 0.647336 0.487793 0.0966797 0.0400391 0.0585938
