0 0.100436 0.277344 0.0317383 0.0507812 0.0419922
0 0.113632 0.180176 0.666992 0.0400391 0.0585938
0 0.121378 0.444336 0.956543 0.0273438 0.0400391
0 0.125588 0.234375 0.272949 0.0253906 0.0263672
0 0.146108 0.714355 0.555664 0.0439453 0.0488281
0 0.159678 0.635742 0.577637 0.078125 0.0615234
0 0.163157 0.617188 0.0146484 0.0371094 0.0292969
0 0.166169 0.430176 0.0786133 0.0341797 0.0419922
0 0.180047 0.311523 0.254883 0.0351562 0.0488281
0 0.182498 0.762695 0.178223 0.0644531 0.0615234
0 0.198082 0.267578 0.131836 0.015625 0.0429688
0 0.206782 0.587402 0.0146484 0.0322266 0.0273438
0 0.216917 0.411133 0.95752 0.03125 0.0419922
0 0.243683 0.459473 0.958008 0.0263672 0.0488281
0 0.248352 0.108398 0.685059 0.0332031 0.0400391
0 0.292597 0.161621 0.943848 0.0244141 0.0419922
0 0.37784 0.274902 0.96875 0.0205078 0.0332031
0 0.410223 0.619141 0.59082 0.0664062 0.0644531
