0 0.101364 0.0966797 0.589844 0.0332031 0.0410156
0 0.10156 0.434082 0.0551758 0.0478516 0.0751953
0 0.102385 0.42041 0.781738 0.0263672 0.0263672
0 0.102627 0.455078 0.427246 0.0351562 0.0322266
0 0.103841 0.557617 0.474121 0.0644531 0.0478516
0 0.103967 0.384766 0.279785 0.0332031 0.0478516
0 0.105856 0.413086 0.650879 0.0175781 0.0185547
0 0.10736 0.385254 0.0771484 0.0380859 0.0585938
0 0.107384 0.722656 0.651367 0.0625 0.0488281
0 0.107741 0.452637 0.763184 0.0166016 0.0263672
0 0.108573 0.0854492 0.507324 0.0595703 0.0400391
0 0.109898 0.51123 0.655273 0.0244141 0.0351562
0 0.110454 0.25293 0.380371 0.0214844 0.0458984
0 0.112205 0.35791 0.460449 0.0244141 0.0341797
0 0.113836 0.459961 0.745605 0.0214844 0.0322266
0 0.114636 0.43457 0.684082 0.0234375 0.0302734
0 0.11583 0.389648 0.350098 0.00976562 0.0283203
0 0.117052 0.240234 0.648438 0.0234375 0.0410156
0 0.119222 0.274414 0.305176 0.015625 0.0205078
0 0.119404 0.506348 0.580078 0.0361328 0.03125
0 0.120111 0.329102 0.48877 0.015625 0.0283203
0 0.121304 0.567383 0.168457 0.0351562 0.0595703
0 0.121967 0.301758 0.681152 0.0214844 0.0400391
0 0.12464 0.45459 0.714844 0.0166016 0.0234375
0 0.127836 0.106934 0.582031 0.0537109 0.0449219
0 0.129507 0.15918 0.365234 0.0410156 0.0410156
0 0.130407 0.404297 0.474121 0.0195312 0.0244141
0 0.131312 0.519531 0.443359 0.0351562 0.03125
0 0.13291 0.724121 0.717285 0.0439453 0.0498047
0 0.136234 0.463867 0.418457 0.015625 0.0244141
0 0.138851 0.478516 0.505371 0.0195312 0.0478516
0 0.139589 0.151855 0.815918 0.0380859 0.0458984
0 0.140337 0.29248 0.290527 0.0146484 0.0400391
0 0.141557 0.412109 0.628906 0.0234375 0.0292969
0 0.143531 0.349121 0.720215 0.0283203 0.0361328
0 0.143905 0.358887 0.358398 0.0244141 0.03125
0 0.144248 0.660156 0.0102539 0.0371094 0.0166016
0 0.14434 0.411621 0.782715 0.0126953 0.0185547
0 0.144567 0.261719 0.570312 0.0273438 0.0390625
0 0.144851 0.351562 0.65625 0.0234375 0.0332031
0 0.145188 0.334961 0.594238 0.0292969 0.0400391
0 0.145691 0.305176 0.418945 0.0146484 0.0410156
0 0.147385 0.0571289 0.8125 0.0498047 0.0507812
0 0.148223 0.516113 0.585449 0.0341797 0.0283203
0 0.151189 0.651855 0.0400391 0.0244141 0.0292969
0 0.151821 0.38916 0.195801 0.0361328 0.0439453
0 0.155206 0.393555 0.547852 0.0195312 0.0253906
0 0.155236 0.598145 0.940918 0.0302734 0.0361328
0 0.155708 0.0180664 0.437988 0.0361328 0.0673828
0 0.160173 0.258789 0.335449 0.0214844 0.0302734
0 0.161845 0.584961 0.83252 0.03125 0.0380859
0 0.167038 0.358887 0.851562 0.0126953 0.0195312
0 0.16778 0.447754 0.625488 0.0205078 0.0341797
0 0.174254 0.366699 0.356445 0.0185547 0.0273438
0 0.174373 0.34375 0.36377 0.015625 0.0400391
0 0.17469 0.354004 0.171875 0.0263672 0.03125
0 0.17561 0.537598 0.043457 0.0341797 0.0712891
0 0.180132 0.407227 0.420898 0.0371094 0.0429688
0 0.183629 0.501465 0.794922 0.0126953 0.0214844
0 0.18433 0.605957 0.0439453 0.0791016 0.0800781
0 0.186051 0.472168 0.58252 0.0341797 0.0361328
0 0.187213 0.616211 0.224609 0.0175781 0.0390625
0 0.190052 0.366211 0.54541 0.0292969 0.0419922
0 0.201116 0.291504 0.580566 0.0244141 0.0537109
0 0.204452 0.221191 0.228516 0.0380859 0.0292969
0 0.205208 0.513672 0.695801 0.0195312 0.0185547
0 0.209479 0.61084 0.122559 0.0517578 0.0439453
0 0.211288 0.145996 0.615723 0.0419922 0.0517578
0 0.21243 0.249023 0.505371 0.0253906 0.0283203
0 0.215787 0.673828 0.793945 0.0136719 0.0175781
0 0.216364 0.42627 0.778809 0.0126953 0.0244141
0 0.217504 0.661621 0.633789 0.0478516 0.0429688
0 0.218975 0.474609 0.655762 0.0175781 0.0302734
0 0.229079 0.380859 0.697754 0.0117188 0.0263672
0 0.229306 0.119629 0.286621 0.0458984 0.0595703
0 0.234854 0.296387 0.694824 0.0302734 0.0634766
0 0.236512 0.541504 0.827637 0.0224609 0.0361328
0 0.239371 0.31543 0.22998 0.03125 0.0517578
0 0.239978 0.0375977 0.50293 0.0458984 0.0410156
0 0.242311 0.433105 0.427246 0.0693359 0.0517578
0 0.245826 0.059082 0.406738 0.0283203 0.0615234
0 0.248544 0.37793 0.267578 0.0234375 0.0292969
0 0.249119 0.329102 0.494629 0.0273438 0.0361328
0 0.254174 0.329102 0.308105 0.0292969 0.0419922
0 0.256103 0.553223 0.682129 0.0166016 0.0185547
0 0.258216 0.501465 0.847656 0.0302734 0.0292969
0 0.258657 0.503906 0.749512 0.0292969 0.0439453
0 0.259404 0.38623 0.230469 0.0166016 0.0234375
0 0.273661 0.589355 0.686035 0.0205078 0.0400391
0 0.280249 0.0683594 0.29248 0.0410156 0.0302734
0 0.289579 0.257812 0.375977 0.0214844 0.03125
0 0.290234 0.263672 0.666992 0.0273438 0.0585938
0 0.291216 0.509277 0.901367 0.0302734 0.0488281
0 0.291761 0.455078 0.500488 0.0214844 0.0302734
0 0.295419 0.121582 0.666016 0.0205078 0.0371094
0 0.297646 0.560059 0.375 0.0224609 0.0273438
0 0.300804 0.498535 0.0444336 0.0361328 0.0517578
0 0.305703 0.413574 0.371094 0.0185547 0.0253906
0 0.311199 0.489258 0.838379 0.0175781 0.0283203
0 0.327597 0.0375977 0.34375 0.0595703 0.0507812
0 0.328201 0.316895 0.375488 0.0166016 0.0224609
0 0.33864 0.60498 0.751953 0.0361328 0.0410156
0 0.342412 0.231934 0.644531 0.0166016 0.0390625
0 0.353621 0.196777 0.459961 0.0439453 0.0390625
0 0.35767 0.570312 0.0913086 0.0449219 0.0400391
0 0.359674 0.470215 0.789551 0.0205078 0.0224609
0 0.375326 0.290527 0.375 0.0205078 0.0332031
0 0.378133 0.517578 0.101562 0.0429688 0.0429688
0 0.426563 0.439941 0.69043 0.0166016 0.0371094
0 0.439537 0.143555 0.242676 0.03125 0.0498047
0 0.445689 0.446289 0.835938 0.015625 0.0234375
0 0.458559 0.544434 0.455566 0.0810547 0.0693359
0 0.474068 0.317383 0.338379 0.0136719 0.0302734
0 0.516445 0.558594 0.744629 0.0410156 0.0419922
0 0.540593 0.194336 0.50293 0.0507812 0.0410156
0 0.663952 0.123047 0.458008 0.0703125 0.0566406
