0 0.100608 0.532715 0.720703 0.0400391 0.0546875
0 0.102034 0.637207 0.751465 0.0341797 0.0654297
0 0.105712 0.364258 0.490234 0.0175781 0.0332031
0 0.131698 0.462891 0.787109 0.0566406 0.0410156
0 0.140289 0.552734 0.23291 0.03125 0.0322266
0 0.150794 0.169922 0.981445 0.0351562 0.0332031
0 0.171588 0.188965 0.47168 0.0302734 0.0546875
0 0.186061 0.529297 0.708984 0.0273438 0.0429688
0 0.228342 0.202637 0.494629 0.0361328 0.0478516
0 0.253581 0.549316 0.788086 0.0400391 0.046875
0 0.265456 0.209961 0.19043 0.0449219 0.0644531
0 0.269266 0.80127 0.0268555 0.0205078 0.0244141
0 0.29547 0.205566 0.697754 0.0302734 0.0302734
0 0.335596 0.651855 0.852539 0.0283203 0.03125
0 0.384911 0.442383 0.589355 0.0527344 0.0517578
0 0.462707 0.254395 0.966309 0.0341797 0.0595703
