0 0.100527 0.879395 0.744141 0.0263672 0.0234375
0 0.100899 0.178223 0.106934 0.0439453 0.0458984
0 0.102059 0.24707 0.288086 0.0078125 0.0136719
0 0.103505 0.871094 0.377441 0.0234375 0.0224609
0 0.103594 0.790039 0.433105 0.0136719 0.0244141
0 0.109596 0.266602 0.0498047 0.0175781 0.03125
0 0.110484 0.543945 0.599121 0.0195312 0.0263672
0 0.112716 0.509277 0.27002 0.0166016 0.0185547
0 0.112814 0.821289 0.477539 0.0195312 0.0332031
0 0.112921 0.256836 0.0439453 0.0175781 0.0332031
0 0.113089 0.249512 0.0317383 0.0205078 0.0380859
0 0.113729 0.197754 0.619629 0.0244141 0.0244141
0 0.113981 0.142578 0.0395508 0.0332031 0.0419922
0 0.114126 0.325195 0.0698242 0.03125 0.0380859
0 0.116544 0.0546875 0.461426 0.0195312 0.0283203
0 0.11822 0.743164 0.344238 0.0234375 0.0517578
0 0.120721 0.254395 0.103516 0.0126953 0.0234375
0 0.121537 0.20752 0.296387 0.0205078 0.0283203
0 0.1222 0.880371 0.270996 0.0244141 0.0419922
0 0.123752 0.277832 0.00878906 0.0185547 0.015625
0 0.123869 0.493652 0.37207 0.0302734 0.046875
0 0.124439 0.445801 0.11084 0.00878906 0.0166016
0 0.12459 0.457031 0.0395508 0.0117188 0.0224609
0 0.12508 0.76123 0.198242 0.0263672 0.0449219
0 0.125752 0.75293 0.691895 0.0273438 0.0283203
0 0.129702 0.271484 0.0820312 0.0195312 0.0234375
0 0.130858 0.0932617 0.404785 0.0400391 0.0341797
0 0.131686 0.364746 0.193848 0.0126953 0.0263672
0 0.133428 0.192871 0.019043 0.0478516 0.0322266
0 0.134017 0.316895 0.162598 0.0244141 0.0341797
0 0.137038 0.161133 0.119141 0.0507812 0.0527344
0 0.137535 0.32959 0.15332 0.0224609 0.0292969
0 0.138018 0.48584 0.0727539 0.0166016 0.0185547
0 0.138342 0.157715 0.34375 0.0322266 0.0566406
0 0.140258 0.789062 0.876953 0.046875 0.0566406
0 0.140963 0.242188 0.344727 0.0175781 0.0351562
0 0.143698 0.219238 0.20459 0.0380859 0.0361328
0 0.145496 0.364746 0.0458984 0.0205078 0.046875
0 0.150384 0.551758 0.239746 0.0195312 0.0205078
0 0.151492 0.387207 0.0449219 0.0126953 0.0292969
0 0.151675 0.822266 0.326172 0.0214844 0.0292969
0 0.151713 0.741699 0.301758 0.00878906 0.0234375
0 0.151783 0.0180664 0.473145 0.0322266 0.0458984
0 0.155505 0.919922 0.0751953 0.0292969 0.0410156
0 0.155887 0.294434 0.0209961 0.0205078 0.0283203
0 0.160807 0.152832 0.128418 0.0302734 0.0380859
0 0.162118 0.211914 0.259277 0.0234375 0.0380859
0 0.169277 0.730957 0.277344 0.0166016 0.015625
0 0.169474 0.510742 0.208008 0.0136719 0.0195312
0 0.172832 0.185547 0.174805 0.0175781 0.0214844
0 0.178697 0.208008 0.0180664 0.0292969 0.0322266
0 0.179591 0.285645 0.228516 0.0185547 0.0351562
0 0.181283 0.836426 0.731934 0.0166016 0.0224609
0 0.184647 0.151367 0.361328 0.03125 0.0371094
0 0.185886 0.309082 0.168945 0.0361328 0.0410156
0 0.186192 0.493164 0.0737305 0.0292969 0.0244141
0 0.187224 0.37207 0.496094 0.0136719 0.0195312
0 0.189056 0.806152 0.414551 0.0166016 0.0302734
0 0.192644 0.327637 0.118652 0.00878906 0.0185547
0 0.192837 0.411621 0.0410156 0.0380859 0.0371094
0 0.19979 0.282715 0.0117188 0.0263672 0.0234375
0 0.200319 0.784668 0.697266 0.0146484 0.0195312
0 0.20309 0.503906 0.273926 0.0195312 0.0283203
0 0.203509 0.508789 0.164551 0.0195312 0.0302734
0 0.204282 0.503906 0.314941 0.0253906 0.0322266
0 0.210332 0.319824 0.0332031 0.0126953 0.0273438
0 0.22228 0.853516 0.802734 0.0332031 0.0488281
0 0.225297 0.213379 0.155273 0.0478516 0.0390625
0 0.228532 0.428711 0.144531 0.03125 0.0292969
0 0.231935 0.273438 0.323242 0.03125 0.0292969
0 0.233089 0.256836 0.146973 0.0214844 0.0322266
0 0.237985 0.868164 0.209961 0.0410156 0.0449219
0 0.238537 0.29834 0.171387 0.0244141 0.0400391
0 0.239127 0.497559 0.314941 0.0126953 0.0302734
0 0.239563 0.183105 0.0214844 0.0224609 0.03125
0 0.24147 0.768555 0.756348 0.0332031 0.0556641
0 0.247759 0.330078 0.23877 0.0136719 0.0224609
0 0.24971 0.802246 0.169434 0.0283203 0.0498047
0 0.255352 0.342285 0.0639648 0.0283203 0.0439453
0 0.261319 0.241211 0.0185547 0.0234375 0.0332031
0 0.267599 0.720215 0.233887 0.0146484 0.0302734
0 0.268696 0.291504 0.0683594 0.0166016 0.0371094
0 0.280862 0.400391 0.643555 0.015625 0.0234375
0 0.286768 0.120117 0.331055 0.0332031 0.0351562
0 0.304588 0.517578 0.313477 0.0175781 0.0273438
0 0.327004 0.334961 0.0703125 0.0214844 0.0332031
0 0.335392 0.350098 0.0463867 0.0244141 0.0419922
0 0.369841 0.310547 0.323242 0.0214844 0.0273438
0 0.37698 0.102051 0.137695 0.0419922 0.0429688
0 0.390103 0.0883789 0.178223 0.0380859 0.0439453
0 0.440938 0.738281 0.506836 0.0390625 0.0410156
0 0.51237 0.320801 0.204102 0.0224609 0.0371094
