0 0.10064 0.780762 0.0307617 0.0400391 0.0556641
0 0.101546 0.337891 0.73291 0.0273438 0.0576172
0 0.104336 0.766113 0.853516 0.0302734 0.0351562
0 0.104876 0.291992 0.256836 0.0273438 0.0292969
0 0.108826 0.687012 0.03125 0.129883 0.0585938
0 0.110178 0.214355 0.26709 0.0810547 0.0830078
0 0.110736 0.344727 0.211426 0.0371094 0.0537109
0 0.111545 0.744141 0.865234 0.0253906 0.0234375
0 0.112534 0.39502 0.12793 0.0361328 0.0585938
0 0.113251 0.658203 0.0209961 0.0820312 0.0419922
0 0.113507 0.408203 0.660156 0.0292969 0.0527344
0 0.114385 0.315918 0.25293 0.0283203 0.0488281
0 0.115793 0.386719 0.895996 0.0136719 0.0146484
0 0.115966 0.143555 0.0673828 0.0566406 0.103516
0 0.115998 0.283203 0.826172 0.0429688 0.0429688
0 0.116824 0.525879 0.897461 0.0185547 0.0195312
0 0.117499 0.752441 0.019043 0.0654297 0.0263672
0 0.118836 0.746094 0.857422 0.0449219 0.0410156
0 0.120403 0.134277 0.212402 0.0712891 0.0654297
0 0.121273 0.116699 0.217285 0.0439453 0.0498047
0 0.126284 0.0610352 0.51416 0.0634766 0.0673828
0 0.126808 0.227539 0.0703125 0.224609 0.140625
0 0.126903 0.526855 0.84668 0.0556641 0.0488281
0 0.126963 0.556152 0.0654297 0.0712891 0.0957031
0 0.128141 0.613281 0.793457 0.0292969 0.0302734
0 0.129925 0.181641 0.182617 0.0878906 0.0839844
0 0.131288 0.586426 0.855469 0.0615234 0.0507812
0 0.132433 0.466797 0.741699 0.0292969 0.0244141
0 0.135336 0.439941 0.215332 0.0576172 0.0478516
0 0.137056 0.63623 0.0522461 0.0498047 0.0751953
0 0.140278 0.714355 0.0600586 0.0693359 0.0830078
0 0.140675 0.508789 0.655273 0.046875 0.0371094
0 0.147635 0.370117 0.182129 0.0410156 0.0595703
0 0.147741 0.41748 0.764648 0.0224609 0.0292969
0 0.149712 0.206543 0.186523 0.0498047 0.0664062
0 0.150043 0.46582 0.0258789 0.0898438 0.0517578
0 0.153709 0.418457 0.196777 0.0283203 0.0400391
0 0.15505 0.19873 0.965332 0.0419922 0.0673828
0 0.161898 0.74707 0.456543 0.0390625 0.0478516
0 0.161934 0.645996 0.519531 0.0458984 0.046875
0 0.162492 0.401855 0.74707 0.0185547 0.0195312
0 0.166053 0.193359 0.540039 0.015625 0.0351562
0 0.166495 0.269043 0.968262 0.0791016 0.0634766
0 0.16881 0.606445 0.854492 0.0527344 0.0566406
0 0.174848 0.554199 0.703125 0.0380859 0.0800781
0 0.176936 0.801758 0.453125 0.0527344 0.0703125
0 0.182137 0.637695 0.0307617 0.0644531 0.0615234
0 0.184951 0.256348 0.180176 0.0419922 0.0791016
0 0.196075 0.169922 0.225586 0.03125 0.0410156
0 0.20212 0.61084 0.0458984 0.0654297 0.0703125
0 0.204765 0.311523 0.269043 0.0234375 0.0263672
0 0.209505 0.756348 0.845703 0.0537109 0.0585938
0 0.210829 0.310059 0.577637 0.0263672 0.0244141
0 0.212619 0.745605 0.0732422 0.0830078 0.0820312
0 0.22482 0.59668 0.0561523 0.0410156 0.0517578
0 0.231102 0.85498 0.429688 0.0341797 0.0332031
0 0.232786 0.490234 0.912598 0.0175781 0.0205078
0 0.235108 0.411621 0.680176 0.0419922 0.0576172
0 0.239173 0.812988 0.0371094 0.0791016 0.0644531
0 0.239559 0.103027 0.015625 0.0595703 0.03125
0 0.25367 0.514648 0.84082 0.0292969 0.0429688
0 0.254599 0.729004 0.0283203 0.0693359 0.0527344
0 0.255351 0.172363 0.0541992 0.0986328 0.102539
0 0.260342 0.351562 0.726074 0.0429688 0.0498047
0 0.261648 0.627441 0.626953 0.0205078 0.0234375
0 0.27013 0.273438 0.228516 0.0410156 0.0410156
0 0.273181 0.545898 0.0874023 0.0449219 0.0537109
0 0.276815 0.621582 0.567383 0.0224609 0.046875
0 0.281872 0.646973 0.0131836 0.0693359 0.0224609
0 0.28715 0.558594 0.790039 0.0234375 0.0488281
0 0.287341 0.463867 0.715332 0.0371094 0.0537109
0 0.298278 0.270996 0.305664 0.0263672 0.0429688
0 0.312833 0.319824 0.237305 0.0244141 0.0292969
0 0.313712 0.302246 0.0786133 0.168945 0.143555
0 0.318679 0.682617 0.581055 0.0332031 0.0410156
0 0.328187 0.476562 0.875 0.0351562 0.03125
0 0.343345 0.49707 0.138672 0.0625 0.0644531
0 0.349804 0.755859 0.0888672 0.0546875 0.0683594
0 0.368567 0.502441 0.22168 0.0263672 0.0371094
0 0.397645 0.55957 0.856934 0.0429688 0.0498047
0 0.430297 0.555176 0.0307617 0.0634766 0.0595703
0 0.472894 0.495117 0.975586 0.0449219 0.0410156
0 0.513448 0.288086 0.706543 0.0527344 0.0712891
0 0.670904 0.348145 0.944824 0.0341797 0.0458984
