0 0.100272 0.640137 0.575195 0.0302734 0.03125
0 0.101848 0.597168 0.33252 0.0185547 0.0498047
0 0.102217 0.652832 0.93457 0.0185547 0.0214844
0 0.105977 0.404785 0.059082 0.0361328 0.0810547
0 0.108227 0.365234 0.201172 0.0390625 0.046875
0 0.112573 0.678223 0.654297 0.0205078 0.0371094
0 0.114539 0.486816 0.11377 0.0205078 0.0439453
0 0.117975 0.64209 0.200195 0.0322266 0.0332031
0 0.119382 0.803711 0.789551 0.0429688 0.0400391
0 0.126016 0.844238 0.430664 0.0673828 0.0703125
0 0.126281 0.800781 0.10791 0.0136719 0.0302734
0 0.128811 0.625488 0.243652 0.0166016 0.0263672
0 0.130507 0.188477 0.551758 0.0273438 0.0371094
0 0.132473 0.471191 0.0444336 0.0595703 0.0771484
0 0.138926 0.714844 0.516602 0.046875 0.0351562
0 0.140608 0.71875 0.231934 0.0429688 0.0517578
0 0.144091 0.413086 0.901367 0.0234375 0.0273438
0 0.147019 0.643066 0.117676 0.0205078 0.0283203
0 0.14808 0.535156 0.398438 0.0175781 0.0175781
0 0.149401 0.706543 0.0356445 0.0146484 0.0205078
0 0.150471 0.616211 0.17041 0.0175781 0.0283203
0 0.150527 0.82373 0.204102 0.0185547 0.0253906
0 0.152954 0.594727 0.318359 0.0175781 0.0292969
0 0.157353 0.485352 0.203125 0.0253906 0.0390625
0 0.157952 0.753906 0.179199 0.0195312 0.0283203
0 0.17653 0.845215 0.459961 0.0830078 0.152344
0 0.194534 0.626953 0.0615234 0.0117188 0.0214844
0 0.196251 0.599609 0.354004 0.0195312 0.0263672
0 0.216449 0.347168 0.195801 0.0341797 0.0498047
0 0.221621 0.376465 0.205566 0.0185547 0.0400391
0 0.227875 0.25 0.0981445 0.0351562 0.0439453
0 0.229216 0.754395 0.118652 0.0341797 0.0380859
0 0.237472 0.525391 0.171875 0.0136719 0.0351562
0 0.248885 0.351074 0.276367 0.0146484 0.0292969
0 0.255935 0.758789 0.347656 0.046875 0.0507812
0 0.265566 0.875977 0.369629 0.0273438 0.0478516
0 0.266652 0.499512 0.28125 0.0517578 0.0507812
0 0.287134 0.310547 0.517578 0.0605469 0.0371094
0 0.369547 0.406738 0.199707 0.0185547 0.0322266
0 0.433216 0.22168 0.213379 0.0371094 0.0361328
0 0.442182 0.333496 0.0234375 0.0185547 0.0351562
0 0.467493 0.39502 0.425781 0.0380859 0.046875
0 0.544506 0.324707 0.106445 0.0419922 0.0742188
0 0.641249 0.561035 0.210449 0.0283203 0.0400391
