0 0.100331 0.0429688 0.294434 0.0566406 0.0595703
0 0.10039 0.171875 0.335449 0.015625 0.0322266
0 0.101192 0.29834 0.445312 0.0283203 0.0507812
0 0.101349 0.311523 0.46875 0.0332031 0.0351562
0 0.102482 0.679199 0.910156 0.0205078 0.0292969
0 0.102541 0.158203 0.582031 0.0273438 0.0253906
0 0.103071 0.524414 0.402344 0.015625 0.0332031
0 0.103541 0.504883 0.0307617 0.03125 0.0400391
0 0.103994 0.733887 0.282715 0.0302734 0.0419922
0 0.104062 0.330566 0.469238 0.0478516 0.0537109
0 0.104243 0.55957 0.240723 0.03125 0.0439453
0 0.104262 0.239746 0.529785 0.0400391 0.0478516
0 0.104295 0.166992 0.446289 0.0351562 0.0566406
0 0.104697 0.185547 0.559082 0.0507812 0.0537109
0 0.105646 0.745605 0.787598 0.0224609 0.0341797
0 0.106094 0.163086 0.411133 0.0371094 0.0527344
0 0.106514 0.65332 0.172363 0.0429688 0.0458984
0 0.106948 0.322266 0.589844 0.0117188 0.015625
0 0.10751 0.494629 0.852539 0.0400391 0.0390625
0 0.107516 0.253418 0.313965 0.0166016 0.0244141
0 0.108154 0.606445 0.192871 0.0332031 0.0283203
0 0.109194 0.612305 0.208008 0.0410156 0.0566406
0 0.109266 0.411133 0.0698242 0.103516 0.139648
0 0.109774 0.69873 0.21582 0.0244141 0.0429688
0 0.10979 0.528809 0.329102 0.0166016 0.015625
0 0.110028 0.263184 0.946289 0.104492 0.105469
0 0.111149 0.155762 0.718262 0.0361328 0.0498047
0 0.111243 0.504395 0.33252 0.0244141 0.0322266
0 0.111744 0.577637 0.229004 0.0419922 0.0478516
0 0.11272 0.636719 0.373047 0.0175781 0.0390625
0 0.113105 0.0742188 0.469727 0.0253906 0.0488281
0 0.113717 0.570801 0.79248 0.0224609 0.0419922
0 0.114021 0.685059 0.375977 0.0322266 0.0351562
0 0.114421 0.519043 0.293457 0.0126953 0.0205078
0 0.114703 0.59375 0.19873 0.0390625 0.0380859
0 0.115427 0.553223 0.0893555 0.0615234 0.0556641
0 0.116134 0.629395 0.143555 0.0283203 0.0371094
0 0.116186 0.517578 0.336426 0.0390625 0.0361328
0 0.116899 0.169434 0.570801 0.0361328 0.0478516
0 0.11711 0.770508 0.111816 0.0410156 0.0400391
0 0.117841 0.522461 0.212402 0.03125 0.0458984
0 0.118887 0.73291 0.241211 0.0302734 0.046875
0 0.119556 0.385254 0.131836 0.0380859 0.0488281
0 0.121797 0.381348 0.520996 0.0224609 0.0224609
0 0.122015 0.189453 0.504395 0.0136719 0.0205078
0 0.123491 0.241211 0.268066 0.0507812 0.0478516
0 0.123888 0.51709 0.481445 0.0361328 0.0332031
0 0.124825 0.45459 0.318848 0.0341797 0.0322266
0 0.125112 0.404785 0.169922 0.0322266 0.0546875
0 0.125258 0.51709 0.606445 0.0107422 0.0234375
0 0.12565 0.508301 0.632324 0.0341797 0.0498047
0 0.125999 0.711426 0.521484 0.0341797 0.0605469
0 0.12639 0.42334 0.289062 0.0498047 0.0488281
0 0.127374 0.50293 0.847656 0.0175781 0.0292969
0 0.128483 0.532227 0.0571289 0.0429688 0.102539
0 0.130348 0.202148 0.841309 0.0332031 0.0654297
0 0.130414 0.265625 0.978516 0.0878906 0.03125
0 0.132286 0.778809 0.528809 0.0498047 0.0419922
0 0.132365 0.300293 0.361328 0.0302734 0.046875
0 0.133257 0.507812 0.502441 0.0214844 0.0224609
0 0.134377 0.560059 0.322266 0.0107422 0.0175781
0 0.135656 0.494629 0.333984 0.0283203 0.0332031
0 0.135925 0.748535 0.478516 0.0107422 0.015625
0 0.137204 0.644531 0.476074 0.0253906 0.0302734
0 0.137866 0.632324 0.0864258 0.0576172 0.0595703
0 0.138038 0.553223 0.817383 0.0263672 0.0351562
0 0.138512 0.610352 0.293457 0.0410156 0.0498047
0 0.140034 0.244141 0.463867 0.0195312 0.0390625
0 0.140326 0.413574 0.697266 0.0400391 0.0390625
0 0.140379 0.42627 0.583008 0.0205078 0.0429688
0 0.140486 0.583984 0.0849609 0.0507812 0.0429688
0 0.141063 0.515137 0.03125 0.0556641 0.0546875
0 0.141858 0.24707 0.515625 0.0429688 0.0566406
0 0.142514 0.672852 0.229004 0.03125 0.0478516
0 0.142914 0.553711 0.41748 0.00976562 0.0185547
0 0.144571 0.466309 0.0810547 0.0517578 0.0625
0 0.14458 0.73877 0.460449 0.0341797 0.0576172
0 0.151732 0.743652 0.675293 0.0244141 0.0244141
0 0.152248 0.47168 0.850586 0.0390625 0.0585938
0 0.152437 0.515625 0.405273 0.0292969 0.03125
0 0.152672 0.539062 0.259766 0.0410156 0.0488281
0 0.152906 0.720215 0.14502 0.0341797 0.0556641
0 0.153164 0.0327148 0.528809 0.0595703 0.0712891
0 0.15587 0.40332 0.706543 0.0546875 0.0537109
0 0.156298 0.531738 0.0351562 0.0302734 0.0625
0 0.157866 0.63623 0.0610352 0.0556641 0.0654297
0 0.158627 0.610352 0.19043 0.0546875 0.0390625
0 0.162662 0.711426 0.359863 0.0224609 0.0322266
0 0.163909 0.817383 0.42041 0.0410156 0.0517578
0 0.166648 0.199219 0.539551 0.0351562 0.0478516
0 0.166999 0.655762 0.675293 0.0283203 0.0419922
0 0.167551 0.149414 0.46875 0.0332031 0.0371094
0 0.172085 0.232422 0.906738 0.0566406 0.0673828
0 0.178299 0.333984 0.567383 0.015625 0.0195312
0 0.178915 0.663086 0.31543 0.0175781 0.0234375
0 0.178979 0.89502 0.306641 0.0458984 0.0449219
0 0.181805 0.760254 0.396973 0.0302734 0.0380859
0 0.182964 0.699219 0.317871 0.0253906 0.0205078
0 0.183223 0.766113 0.532715 0.0615234 0.0595703
0 0.185858 0.479004 0.34375 0.0322266 0.0371094
0 0.186247 0.636719 0.162598 0.0390625 0.0576172
0 0.188812 0.716309 0.353027 0.0107422 0.0224609
0 0.188989 0.759766 0.316895 0.0410156 0.0556641
0 0.189453 0.619141 0.312988 0.0371094 0.0498047
0 0.189622 0.311035 0.381836 0.0185547 0.0253906
0 0.190346 0.26123 0.354492 0.0537109 0.0410156
0 0.192568 0.40332 0.376953 0.0078125 0.0175781
0 0.192573 0.262695 0.594727 0.03125 0.03125
0 0.193918 0.427734 0.747559 0.0253906 0.0263672
0 0.194538 0.697754 0.44043 0.0263672 0.0234375
0 0.194661 0.59375 0.236328 0.0175781 0.0253906
0 0.196209 0.373535 0.339355 0.0244141 0.0322266
0 0.196689 0.0908203 0.579102 0.0605469 0.0585938
0 0.197476 0.42627 0.381836 0.0224609 0.0234375
0 0.1984 0.241211 0.837402 0.0332031 0.0341797
0 0.20026 0.510254 0.220215 0.0537109 0.0400391
0 0.203711 0.565918 0.231934 0.0263672 0.0341797
0 0.210621 0.433105 0.38623 0.0166016 0.0205078
0 0.219001 0.286133 0.972656 0.125 0.0546875
0 0.22193 0.928711 0.404785 0.0488281 0.0576172
0 0.22208 0.305176 0.416016 0.0263672 0.03125
0 0.227389 0.748047 0.29248 0.0292969 0.0380859
0 0.229061 0.46875 0.433105 0.0332031 0.0302734
0 0.233688 0.151855 0.27832 0.0361328 0.0371094
0 0.233919 0.197754 0.453613 0.0302734 0.0361328
0 0.239985 0.841797 0.320312 0.0449219 0.0292969
0 0.240639 0.376465 0.743652 0.0322266 0.0400391
0 0.244198 0.400391 0.0927734 0.0449219 0.0566406
0 0.2453 0.313965 0.97998 0.0810547 0.0380859
0 0.247334 0.666504 0.19043 0.0556641 0.0566406
0 0.249981 0.436035 0.476562 0.0146484 0.0332031
0 0.251248 0.562988 0.57373 0.0302734 0.0341797
0 0.251672 0.53125 0.185547 0.0214844 0.0195312
0 0.254054 0.556641 0.391113 0.0234375 0.0224609
0 0.259873 0.210938 0.388184 0.0585938 0.0537109
0 0.25995 0.505859 0.490234 0.046875 0.0429688
0 0.260521 0.481934 0.490723 0.0263672 0.0322266
0 0.261065 0.791992 0.312012 0.0546875 0.0595703
0 0.261501 0.469727 0.336914 0.0488281 0.0546875
0 0.264576 0.433594 0.533691 0.0234375 0.0361328
0 0.265922 0.593262 0.708496 0.0263672 0.0361328
0 0.266257 0.624512 0.230469 0.0185547 0.03125
0 0.271102 0.59668 0.158691 0.0253906 0.0361328
0 0.275929 0.705566 0.29248 0.0263672 0.0458984
0 0.277051 0.554199 0.468262 0.0224609 0.0205078
0 0.277346 0.666992 0.845215 0.0351562 0.0458984
0 0.278282 0.254395 0.487305 0.0458984 0.0664062
0 0.284362 0.754395 0.560547 0.0302734 0.0332031
0 0.290092 0.666504 0.0688477 0.0400391 0.0439453
0 0.299107 0.782227 0.45752 0.0390625 0.0439453
0 0.304615 0.584961 0.20752 0.0273438 0.0322266
0 0.306815 0.354492 0.389648 0.0273438 0.0449219
0 0.307249 0.662109 0.216309 0.0683594 0.0673828
0 0.309321 0.369629 0.74707 0.0185547 0.03125
0 0.310134 0.458984 0.0556641 0.0605469 0.111328
0 0.314743 0.29834 0.844238 0.0283203 0.0361328
0 0.314963 0.642578 0.378906 0.03125 0.046875
0 0.320562 0.720215 0.629883 0.0244141 0.03125
0 0.325286 0.34668 0.490723 0.03125 0.0615234
0 0.32675 0.700684 0.739746 0.0166016 0.0341797
0 0.329664 0.154785 0.459473 0.0498047 0.0498047
0 0.330182 0.643066 0.220215 0.0478516 0.0517578
0 0.333718 0.633789 0.325684 0.0195312 0.0322266
0 0.337266 0.486328 0.84082 0.0546875 0.0605469
0 0.340134 0.251953 0.830078 0.0585938 0.0546875
0 0.341567 0.524414 0.333008 0.0234375 0.0253906
0 0.351804 0.583984 0.428711 0.0253906 0.03125
0 0.352463 0.695312 0.369141 0.046875 0.0429688
0 0.353194 0.24707 0.352539 0.0273438 0.0292969
0 0.353238 0.535645 0.0869141 0.0400391 0.0761719
0 0.360485 0.577148 0.340332 0.0136719 0.0185547
0 0.361006 0.487793 0.231445 0.0498047 0.0449219
0 0.364289 0.146973 0.334961 0.0185547 0.0234375
0 0.367521 0.309082 0.443359 0.0439453 0.0664062
0 0.39215 0.824707 0.407715 0.0380859 0.0361328
0 0.405427 0.382812 0.731445 0.0410156 0.0585938
0 0.405917 0.285645 0.350586 0.0380859 0.046875
0 0.42623 0.679199 0.119629 0.0302734 0.0458984
0 0.455024 0.392578 0.426758 0.0292969 0.0332031
0 0.487095 0.686523 0.225586 0.0429688 0.0488281
0 0.520779 0.11377 0.40332 0.0537109 0.0585938
0 0.539265 0.513672 0.768066 0.03125 0.0576172
0 0.540924 0.157715 0.518066 0.0322266 0.0458984
0 0.601609 0.595703 0.544434 0.0371094 0.0322266
0 0.65691 0.374512 0.833008 0.0771484 0.101562
