0 0.100245 0.660156 0.273438 0.0195312 0.0234375
0 0.100655 0.554199 0.206055 0.0224609 0.0273438
0 0.100678 0.324707 0.461426 0.0830078 0.0712891
0 0.100862 0.583008 0.802246 0.0195312 0.0185547
0 0.100871 0.121094 0.480957 0.0332031 0.0322266
0 0.100915 0.303711 0.655762 0.0234375 0.0302734
0 0.102366 0.134277 0.430176 0.0302734 0.0322266
0 0.102576 0.36377 0.0195312 0.0439453 0.0390625
0 0.102625 0.476562 0.720703 0.015625 0.0195312
0 0.10289 0.520508 0.153809 0.0195312 0.0419922
0 0.103708 0.812988 0.25 0.0166016 0.0234375
0 0.104012 0.684082 0.177734 0.0166016 0.0234375
0 0.104175 0.751953 0.248535 0.0234375 0.0283203
0 0.104264 0.769043 0.8125 0.0283203 0.03125
0 0.104798 0.0888672 0.458008 0.0332031 0.0644531
0 0.104947 0.236328 0.976074 0.0566406 0.0380859
0 0.105271 0.731934 0.207031 0.0224609 0.03125
0 0.106162 0.508789 0.161133 0.0410156 0.0605469
0 0.106804 0.065918 0.55957 0.0830078 0.0449219
0 0.108404 0.60791 0.217773 0.0361328 0.0585938
0 0.109303 0.768555 0.143066 0.0292969 0.0361328
0 0.109964 0.516113 0.717285 0.0126953 0.0244141
0 0.110274 0.814453 0.671875 0.0371094 0.0371094
0 0.110841 0.59082 0.369629 0.0292969 0.0419922
0 0.110973 0.48877 0.279785 0.0263672 0.0419922
0 0.11228 0.618652 0.313965 0.0185547 0.0341797
0 0.113237 0.40918 0.960449 0.0214844 0.0302734
0 0.114247 0.262207 0.459473 0.0654297 0.0498047
0 0.114602 0.841797 0.266113 0.03125 0.0419922
0 0.116702 0.108887 0.0800781 0.0361328 0.0527344
0 0.116821 0.469238 0.278809 0.0615234 0.0810547
0 0.118145 0.521973 0.905762 0.0244141 0.0458984
0 0.119867 0.654785 0.10791 0.0166016 0.0224609
0 0.11992 0.654297 0.167969 0.0332031 0.0371094
0 0.120954 0.828613 0.675781 0.0517578 0.0527344
0 0.121161 0.77832 0.368164 0.0332031 0.0351562
0 0.121173 0.648438 0.243164 0.0175781 0.0195312
0 0.122676 0.59375 0.0932617 0.0546875 0.0576172
0 0.123776 0.443848 0.964844 0.0400391 0.0351562
0 0.124139 0.576172 0.197266 0.0117188 0.0273438
0 0.124969 0.804688 0.607422 0.0449219 0.0332031
0 0.125784 0.271973 0.231934 0.0400391 0.0400391
0 0.12613 0.117188 0.667969 0.0351562 0.0351562
0 0.129072 0.403809 0.306152 0.0400391 0.0458984
0 0.129186 0.567871 0.102539 0.0361328 0.0449219
0 0.130373 0.795898 0.257812 0.03125 0.0332031
0 0.132451 0.23291 0.396484 0.0556641 0.0703125
0 0.1331 0.731445 0.304199 0.0253906 0.0166016
0 0.134193 0.703613 0.349121 0.0263672 0.0361328
0 0.135433 0.438477 0.19873 0.0351562 0.0556641
0 0.137065 0.536621 0.332031 0.0322266 0.0390625
0 0.139165 0.713867 0.257324 0.0429688 0.0302734
0 0.141992 0.469727 0.139648 0.0332031 0.046875
0 0.142248 0.913086 0.258301 0.0605469 0.0517578
0 0.142477 0.45752 0.043457 0.0927734 0.0830078
0 0.144836 0.0952148 0.624512 0.0341797 0.0595703
0 0.145134 0.399902 0.990234 0.0166016 0.0175781
0 0.145587 0.0356445 0.557617 0.0517578 0.0507812
0 0.145693 0.643066 0.305664 0.0224609 0.0214844
0 0.146458 0.818359 0.368164 0.0253906 0.0253906
0 0.14765 0.271484 0.567871 0.0253906 0.0322266
0 0.147914 0.208984 0.973145 0.0898438 0.0537109
0 0.148281 0.556152 0.249512 0.0361328 0.0439453
0 0.148818 0.0883789 0.480957 0.0263672 0.0283203
0 0.150368 0.438477 0.0307617 0.0683594 0.0615234
0 0.153029 0.615234 0.775879 0.0292969 0.0341797
0 0.153504 0.187012 0.781738 0.0341797 0.0361328
0 0.15505 0.185547 0.978027 0.0605469 0.0361328
0 0.155205 0.279785 0.11084 0.0498047 0.0537109
0 0.15662 0.806641 0.255371 0.0273438 0.0263672
0 0.160447 0.667969 0.276855 0.0234375 0.0380859
0 0.160528 0.646973 0.0268555 0.0283203 0.0361328
0 0.162059 0.135254 0.164551 0.0771484 0.0908203
0 0.162958 0.621094 0.361328 0.015625 0.0214844
0 0.165502 0.789551 0.308105 0.0244141 0.0283203
0 0.168395 0.806641 0.267578 0.0332031 0.0449219
0 0.171416 0.650391 0.369629 0.0136719 0.0185547
0 0.17184 0.743652 0.202148 0.0205078 0.03125
0 0.172398 0.762695 0.340332 0.0136719 0.0244141
0 0.172885 0.504395 0.94043 0.0166016 0.0390625
0 0.173126 0.507812 0.0600586 0.0488281 0.0595703
0 0.17333 0.311035 0.0136719 0.0830078 0.0234375
0 0.174657 0.422363 0.964355 0.0361328 0.0361328
0 0.174868 0.0913086 0.439941 0.0400391 0.0400391
0 0.175146 0.796875 0.371094 0.0234375 0.0253906
0 0.176483 0.315918 0.0864258 0.0380859 0.0634766
0 0.176951 0.560547 0.145996 0.0390625 0.0458984
0 0.177881 0.571777 0.344727 0.0341797 0.0546875
0 0.188815 0.507324 0.931641 0.0263672 0.0566406
0 0.19113 0.808594 0.279785 0.0292969 0.0263672
0 0.192008 0.263184 0.163086 0.0888672 0.0742188
0 0.192541 0.865234 0.617188 0.0546875 0.0449219
0 0.192662 0.709961 0.364746 0.0410156 0.0517578
0 0.193076 0.222656 0.694824 0.046875 0.0771484
0 0.193747 0.624512 0.206543 0.0205078 0.0263672
0 0.194384 0.448242 0.186035 0.0234375 0.0419922
0 0.195829 0.740723 0.501953 0.0185547 0.0273438
0 0.197937 0.381836 0.181152 0.0566406 0.0791016
0 0.198977 0.219238 0.0942383 0.0458984 0.0537109
0 0.201512 0.816895 0.207031 0.0458984 0.03125
0 0.203358 0.700195 0.464844 0.0234375 0.0292969
0 0.203871 0.530762 0.257812 0.0283203 0.0449219
0 0.204148 0.845215 0.250977 0.0361328 0.0410156
0 0.204148 0.527344 0.757324 0.015625 0.0380859
0 0.204299 0.150391 0.555176 0.0175781 0.0263672
0 0.205099 0.732422 0.257812 0.0351562 0.0292969
0 0.207959 0.0869141 0.551758 0.0605469 0.0585938
0 0.210512 0.790039 0.613281 0.0410156 0.0390625
0 0.213428 0.621094 0.165039 0.0214844 0.0253906
0 0.215165 0.507812 0.0297852 0.03125 0.0517578
0 0.215486 0.0341797 0.540039 0.0605469 0.0546875
0 0.21681 0.70166 0.0825195 0.0126953 0.0185547
0 0.216872 0.0415039 0.0751953 0.0810547 0.121094
0 0.21743 0.527344 0.378906 0.0507812 0.0507812
0 0.21983 0.533203 0.983887 0.015625 0.0302734
0 0.222252 0.254883 0.627441 0.0214844 0.0380859
0 0.223582 0.349609 0.692871 0.046875 0.0458984
0 0.225911 0.215332 0.710938 0.0322266 0.046875
0 0.226342 0.54541 0.0795898 0.0439453 0.0556641
0 0.226687 0.344238 0.188965 0.0634766 0.0849609
0 0.229264 0.38916 0.310547 0.0537109 0.0585938
0 0.231162 0.472168 0.772949 0.0458984 0.0537109
0 0.236153 0.618164 0.672363 0.0273438 0.0361328
0 0.237066 0.706055 0.981934 0.0449219 0.0361328
0 0.237151 0.586914 0.758301 0.0273438 0.0439453
0 0.237307 0.455078 0.961426 0.0371094 0.0458984
0 0.239129 0.700684 0.258301 0.0166016 0.0302734
0 0.241678 0.743164 0.253906 0.0253906 0.0332031
0 0.244761 0.61084 0.228027 0.0263672 0.0341797
0 0.247665 0.554688 0.720215 0.03125 0.0341797
0 0.250997 0.490234 0.894043 0.0429688 0.0537109
0 0.25577 0.647461 0.178711 0.0292969 0.0234375
0 0.257043 0.291504 0.762695 0.0283203 0.0371094
0 0.260191 0.512695 0.907715 0.0390625 0.0673828
0 0.268055 0.48291 0.268555 0.0400391 0.0546875
0 0.275081 0.35791 0.316406 0.0927734 0.0761719
0 0.285945 0.685059 0.234375 0.0146484 0.03125
0 0.287624 0.538574 0.246094 0.0341797 0.0585938
0 0.297168 0.91748 0.666016 0.0771484 0.0507812
0 0.298109 0.364746 0.168457 0.0712891 0.0849609
0 0.316626 0.454102 0.0849609 0.0703125 0.0839844
0 0.318053 0.197754 0.0571289 0.145508 0.110352
0 0.320584 0.675293 0.292969 0.0205078 0.0273438
0 0.324506 0.664551 0.268555 0.0185547 0.0292969
0 0.327398 0.506348 0.135742 0.0263672 0.0351562
0 0.340902 0.599609 0.195312 0.0253906 0.0390625
0 0.346103 0.777344 0.205078 0.0253906 0.0371094
0 0.349708 0.715332 0.183105 0.0302734 0.0537109
0 0.353478 0.77002 0.370605 0.0166016 0.0322266
0 0.353592 0.804199 0.376465 0.0322266 0.0341797
0 0.354619 0.784668 0.241699 0.0302734 0.0341797
0 0.359777 0.615234 0.0947266 0.0429688 0.0605469
0 0.363696 0.353027 0.0292969 0.0595703 0.0566406
0 0.371065 0.567871 0.254395 0.0224609 0.0283203
0 0.385933 0.495605 0.180664 0.0380859 0.0410156
0 0.389758 0.696777 0.721191 0.0439453 0.0400391
0 0.391593 0.866699 0.317871 0.0439453 0.0478516
0 0.411693 0.169434 0.686035 0.0400391 0.0537109
0 0.416368 0.666016 0.15625 0.0195312 0.0273438
0 0.42037 0.63916 0.267578 0.0283203 0.0390625
0 0.430362 0.664551 0.32959 0.0244141 0.0400391
0 0.443458 0.734375 0.341797 0.0253906 0.0351562
0 0.461912 0.810547 0.320801 0.0410156 0.0400391
0 0.486804 0.488281 0.228027 0.0449219 0.0478516
0 0.516862 0.609375 0.0219727 0.078125 0.0439453
0 0.526738 0.453613 0.306641 0.0439453 0.0449219
0 0.600533 0.617676 0.404785 0.0263672 0.0439453
0 0.608168 0.671387 0.0449219 0.0244141 0.0410156
0 0.653421 0.586914 0.291992 0.0273438 0.0332031
