0 0.100527 0.54248 0.363281 0.00878906 0.0195312
0 0.100536 0.174805 0.19043 0.0175781 0.0234375
0 0.100556 0.825684 0.699219 0.0146484 0.0195312
0 0.100653 0.515625 0.235352 0.015625 0.0371094
0 0.100843 0.121094 0.347168 0.03125 0.0439453
0 0.101229 0.54541 0.687988 0.0146484 0.0244141
0 0.102116 0.727051 0.309082 0.0166016 0.0205078
0 0.102631 0.65918 0.169434 0.0273438 0.0361328
0 0.102771 0.367188 0.869629 0.0273438 0.0283203
0 0.102914 0.458984 0.345215 0.0136719 0.0283203
0 0.102982 0.216309 0.229492 0.0322266 0.0292969
0 0.103881 0.48584 0.300781 0.0146484 0.015625
0 0.104273 0.810547 0.73877 0.0175781 0.0244141
0 0.104641 0.428711 0.414062 0.03125 0.03125
0 0.104961 0.294434 0.883789 0.0263672 0.0253906
0 0.105483 0.325684 0.116699 0.0263672 0.0283203
0 0.105898 0.152344 0.212402 0.015625 0.0205078
0 0.106218 0.0717773 0.335449 0.0400391 0.0537109
0 0.106937 0.320801 0.228027 0.0166016 0.0166016
0 0.108271 0.414062 0.185059 0.0234375 0.0283203
0 0.108936 0.128418 0.0112305 0.0205078 0.0224609
0 0.109494 0.287598 0.88916 0.0400391 0.0361328
0 0.109693 0.533691 0.401855 0.0205078 0.0263672
0 0.109695 0.421875 0.990723 0.0273438 0.0185547
0 0.110033 0.125977 0.203613 0.0332031 0.0361328
0 0.110035 0.231934 0.748535 0.0244141 0.0244141
0 0.111012 0.980957 0.539062 0.0322266 0.0292969
0 0.113064 0.261719 0.600098 0.0371094 0.0615234
0 0.113442 0.136719 0.0151367 0.03125 0.0302734
0 0.114044 0.402344 0.52832 0.0234375 0.0273438
0 0.114246 0.836914 0.191895 0.0234375 0.0322266
0 0.115557 0.509277 0.217285 0.0185547 0.0302734
0 0.115999 0.352051 0.162598 0.0322266 0.0458984
0 0.116144 0.450195 0.183105 0.0175781 0.0263672
0 0.116145 0.510254 0.405273 0.0146484 0.0175781
0 0.11654 0.687988 0.0727539 0.0244141 0.0322266
0 0.116821 0.528809 0.396973 0.0205078 0.0263672
0 0.117165 0.147949 0.718262 0.0380859 0.0283203
0 0.117217 0.297363 0.199707 0.0205078 0.0361328
0 0.117629 0.814941 0.677246 0.0205078 0.0341797
0 0.118512 0.260254 0.484375 0.0244141 0.0429688
0 0.119731 0.454102 0.25293 0.0117188 0.0292969
0 0.120015 0.920898 0.259766 0.0214844 0.0410156
0 0.120668 0.821777 0.600098 0.0263672 0.0341797
0 0.121176 0.490234 0.423828 0.0117188 0.0214844
0 0.12149 0.570801 0.447754 0.0166016 0.0166016
0 0.121723 0.23877 0.194824 0.0166016 0.0166016
0 0.121972 0.188477 0.245117 0.0507812 0.0332031
0 0.122801 0.131348 0.774902 0.0244141 0.0283203
0 0.122826 0.695312 0.854492 0.03125 0.0410156
0 0.124529 0.411621 0.577637 0.0107422 0.0166016
0 0.125196 0.668945 0.00683594 0.0253906 0.0136719
0 0.12569 0.838867 0.720215 0.0195312 0.0224609
0 0.12625 0.199219 0.365723 0.015625 0.0380859
0 0.126634 0.542969 0.315918 0.0136719 0.0185547
0 0.12719 0.169434 0.0712891 0.0126953 0.0195312
0 0.12768 0.732422 0.260254 0.015625 0.0224609
0 0.1278 0.710449 0.353516 0.0185547 0.0175781
0 0.128639 0.762695 0.379883 0.0351562 0.0449219
0 0.128992 0.274414 0.286621 0.015625 0.0166016
0 0.1293 0.879395 0.248535 0.0166016 0.0244141
0 0.130683 0.355469 0.046875 0.0175781 0.0253906
0 0.132187 0.243652 0.152832 0.0263672 0.0341797
0 0.132978 0.172852 0.478516 0.0371094 0.0605469
0 0.134004 0.447754 0.0419922 0.0146484 0.0371094
0 0.134151 0.862793 0.703613 0.0224609 0.0263672
0 0.135457 0.716309 0.17334 0.0166016 0.0341797
0 0.135724 0.505371 0.395508 0.0244141 0.0371094
0 0.136535 0.0771484 0.298828 0.0273438 0.0507812
0 0.13656 0.401367 0.391602 0.0175781 0.0214844
0 0.136662 0.842285 0.200195 0.0322266 0.0429688
0 0.137304 0.327148 0.267578 0.0117188 0.0234375
0 0.139433 0.456543 0.241699 0.0146484 0.0458984
0 0.14065 0.459473 0.365723 0.0146484 0.0205078
0 0.140873 0.291016 0.145996 0.00976562 0.0126953
0 0.141766 0.351074 0.158203 0.0166016 0.03125
0 0.141889 0.343262 0.174805 0.0205078 0.0410156
0 0.143675 0.668457 0.183105 0.0341797 0.0283203
0 0.143722 0.466797 0.460449 0.00976562 0.0224609
0 0.144899 0.385254 0.0708008 0.0224609 0.0419922
0 0.145394 0.481445 0.395996 0.0253906 0.0341797
0 0.145693 0.157227 0.20459 0.0195312 0.0380859
0 0.147235 0.51123 0.0078125 0.0146484 0.0117188
0 0.14728 0.749512 0.206055 0.0126953 0.03125
0 0.148241 0.389648 0.572266 0.0175781 0.0371094
0 0.149317 0.255859 0.161133 0.0136719 0.03125
0 0.149531 0.217285 0.94043 0.0283203 0.046875
0 0.149624 0.572266 0.185547 0.0234375 0.0273438
0 0.151857 0.447754 0.0317383 0.0224609 0.0419922
0 0.153245 0.237793 0.455078 0.0439453 0.0566406
0 0.154236 0.778809 0.688477 0.0146484 0.0214844
0 0.154428 0.760254 0.0917969 0.0126953 0.0175781
0 0.154448 0.489258 0.739746 0.015625 0.0224609
0 0.155067 0.842285 0.658203 0.0166016 0.0273438
0 0.155477 0.439941 0.0175781 0.0380859 0.0332031
0 0.15717 0.776855 0.106934 0.0224609 0.0322266
0 0.157177 0.791504 0.181152 0.0146484 0.0185547
0 0.158336 0.0566406 0.22168 0.0214844 0.0234375
0 0.158407 0.208008 0.043457 0.0292969 0.0322266
0 0.158555 0.391602 0.260742 0.015625 0.0273438
0 0.15915 0.682129 0.152344 0.0302734 0.0234375
0 0.160223 0.572266 0.161621 0.0195312 0.0283203
0 0.163447 0.66748 0.167969 0.0498047 0.0488281
0 0.164298 0.425293 0.334961 0.00878906 0.0214844
0 0.164689 0.492188 0.383789 0.0214844 0.0273438
0 0.165298 0.469727 0.775879 0.00976562 0.0224609
0 0.16552 0.258789 0.0449219 0.0136719 0.0234375
0 0.166613 0.49707 0.407227 0.0234375 0.0253906
0 0.167999 0.439453 0.00878906 0.0351562 0.015625
0 0.169091 0.855957 0.598633 0.0302734 0.0507812
0 0.169115 0.293457 0.687988 0.0185547 0.0302734
0 0.169609 0.490723 0.392578 0.0361328 0.0429688
0 0.169748 0.442383 0.294922 0.0136719 0.0195312
0 0.169777 0.0537109 0.186523 0.015625 0.0234375
0 0.170286 0.233887 0.291504 0.0205078 0.0322266
0 0.1727 0.512695 0.380859 0.015625 0.0214844
0 0.17298 0.225586 0.195801 0.015625 0.0205078
0 0.1749 0.91748 0.213379 0.0185547 0.0205078
0 0.175139 0.727539 0.120117 0.0136719 0.0136719
0 0.175634 0.83252 0.357422 0.0341797 0.0292969
0 0.17764 0.634277 0.223145 0.0166016 0.0205078
0 0.178831 0.85791 0.0805664 0.0126953 0.0224609
0 0.180429 0.341309 0.361328 0.0205078 0.0390625
0 0.180476 0.458008 0.35791 0.0175781 0.0302734
0 0.18072 0.316406 0.192383 0.015625 0.0195312
0 0.181832 0.549805 0.320801 0.0175781 0.0205078
0 0.182623 0.292969 0.0966797 0.0136719 0.0371094
0 0.184178 0.508301 0.382812 0.0283203 0.0273438
0 0.184542 0.197754 0.202148 0.0205078 0.015625
0 0.184687 0.780273 0.749512 0.0195312 0.0283203
0 0.185305 0.350586 0.286621 0.0136719 0.0166016
0 0.185466 0.430664 0.387695 0.0117188 0.0253906
0 0.186132 0.161133 0.198242 0.015625 0.0273438
0 0.187553 0.382324 0.050293 0.0185547 0.0244141
0 0.188844 0.232422 0.0180664 0.0273438 0.0283203
0 0.19021 0.477051 0.196289 0.0146484 0.0195312
0 0.190898 0.224609 0.0317383 0.0195312 0.0341797
0 0.197692 0.457031 0.227539 0.0117188 0.0214844
0 0.200475 0.200684 0.240723 0.0283203 0.0341797
0 0.202319 0.476074 0.403809 0.0205078 0.0283203
0 0.204718 0.479492 0.257812 0.015625 0.0214844
0 0.206268 0.52832 0.0571289 0.0117188 0.0244141
0 0.206989 0.178711 0.629883 0.015625 0.0175781
0 0.207976 0.0644531 0.282227 0.03125 0.0292969
0 0.208765 0.31543 0.178711 0.0214844 0.03125
0 0.210677 0.165039 0.648926 0.0234375 0.0224609
0 0.211305 0.445801 0.307129 0.0107422 0.0166016
0 0.212552 0.291504 0.144043 0.0107422 0.0263672
0 0.215167 0.408691 0.090332 0.0458984 0.0341797
0 0.215831 0.558594 0.129395 0.0117188 0.0185547
0 0.218311 0.238281 0.012207 0.0214844 0.0244141
0 0.219401 0.402344 0.885742 0.0292969 0.0390625
0 0.220219 0.412598 0.419434 0.0185547 0.0224609
0 0.225145 0.140137 0.151367 0.0302734 0.0253906
0 0.225851 0.48877 0.427734 0.00683594 0.0175781
0 0.230815 0.504395 0.407227 0.0166016 0.0195312
0 0.240019 0.438965 0.184082 0.0224609 0.0224609
0 0.241622 0.406738 0.0957031 0.0263672 0.0292969
0 0.243796 0.813965 0.631348 0.0185547 0.0205078
0 0.246615 0.237305 0.0795898 0.0273438 0.0498047
0 0.247536 0.555664 0.0629883 0.0136719 0.0205078
0 0.248076 0.76709 0.263672 0.00878906 0.0175781
0 0.248595 0.221191 0.0385742 0.0146484 0.0244141
0 0.251046 0.293457 0.208008 0.0146484 0.0292969
0 0.255215 0.109863 0.275391 0.0146484 0.0214844
0 0.255353 0.473145 0.106445 0.0205078 0.03125
0 0.259449 0.949707 0.209473 0.0302734 0.0341797
0 0.259714 0.347656 0.292969 0.0195312 0.0273438
0 0.262967 0.102051 0.431152 0.0302734 0.0341797
0 0.263129 0.432129 0.184082 0.0185547 0.0185547
0 0.265806 0.379395 0.173828 0.0166016 0.0253906
0 0.271666 0.679688 0.0742188 0.0234375 0.0292969
0 0.27203 0.387207 0.564941 0.0146484 0.0283203
0 0.272576 0.0473633 0.370605 0.0322266 0.0693359
0 0.273 0.266602 0.202148 0.0078125 0.0214844
0 0.274485 0.301758 0.187012 0.0214844 0.0302734
0 0.277864 0.124512 0.0874023 0.0380859 0.0517578
0 0.279405 0.315918 0.266602 0.0107422 0.0292969
0 0.281269 0.302734 0.0454102 0.015625 0.0205078
0 0.282484 0.359863 0.659668 0.0185547 0.0263672
0 0.282734 0.318359 0.0146484 0.0273438 0.0292969
0 0.288567 0.504395 0.210449 0.0224609 0.0302734
0 0.289993 0.427246 0.132324 0.0126953 0.0166016
0 0.293702 0.512207 0.255371 0.0205078 0.0322266
0 0.301106 0.20166 0.0986328 0.0146484 0.0273438
0 0.302481 0.425781 0.228516 0.0136719 0.0195312
0 0.30487 0.185547 0.456543 0.0253906 0.0341797
0 0.308193 0.34082 0.178223 0.0136719 0.0263672
0 0.313592 0.868652 0.0512695 0.0419922 0.0537109
0 0.318528 0.42334 0.0854492 0.0244141 0.0244141
0 0.318612 0.613281 0.194336 0.0253906 0.0253906
0 0.321248 0.380371 0.511719 0.0224609 0.0253906
0 0.322637 0.494629 0.201172 0.0361328 0.0332031
0 0.326592 0.265625 0.619629 0.0292969 0.0556641
0 0.329473 0.307129 0.314453 0.0224609 0.0292969
0 0.329728 0.312988 0.113281 0.0341797 0.0332031
0 0.333456 0.313477 0.168945 0.0195312 0.0195312
0 0.334638 0.234863 0.364746 0.0283203 0.0283203
0 0.341651 0.640137 0.0947266 0.0205078 0.0390625
0 0.343208 0.160645 0.149902 0.0341797 0.0302734
0 0.3446 0.388672 0.0820312 0.03125 0.0429688
0 0.347813 0.513672 0.31543 0.0117188 0.0214844
0 0.348113 0.161621 0.500977 0.0322266 0.0410156
0 0.349226 0.283691 0.015625 0.00878906 0.015625
0 0.357004 0.57373 0.270996 0.0166016 0.0283203
0 0.358762 0.439453 0.412109 0.0195312 0.0273438
0 0.359193 0.200195 0.0458984 0.015625 0.0332031
0 0.364022 0.165039 0.249512 0.0273438 0.0322266
0 0.366531 0.0830078 0.316406 0.0234375 0.0527344
0 0.368615 0.300781 0.183105 0.0136719 0.0205078
0 0.372881 0.492188 0.131348 0.0136719 0.0205078
0 0.388337 0.484375 0.198242 0.0273438 0.0253906
0 0.391094 0.493652 0.0585938 0.0224609 0.0429688
0 0.393768 0.803711 0.140625 0.0136719 0.0371094
0 0.396259 0.513184 0.097168 0.0146484 0.0302734
0 0.396386 0.0727539 0.470703 0.0380859 0.0332031
0 0.396598 0.238281 0.065918 0.0253906 0.0302734
0 0.398206 0.146484 0.0209961 0.0195312 0.0263672
0 0.403788 0.572266 0.171875 0.0253906 0.0429688
0 0.407725 0.239258 0.140625 0.0273438 0.0234375
0 0.41155 0.12793 0.336914 0.03125 0.0527344
0 0.412145 0.277344 0.0458984 0.0175781 0.0234375
0 0.412869 0.576172 0.54541 0.0175781 0.0263672
0 0.41826 0.234375 0.0981445 0.0234375 0.0224609
0 0.41976 0.115723 0.206543 0.0185547 0.0380859
0 0.42007 0.70459 0.0219727 0.0244141 0.0302734
0 0.42426 0.78125 0.150391 0.0117188 0.0292969
0 0.429582 0.583984 0.0517578 0.0253906 0.0332031
0 0.435886 0.334961 0.364258 0.015625 0.0292969
0 0.445901 0.0161133 0.316895 0.0302734 0.0595703
0 0.452062 0.408203 0.188965 0.0136719 0.0263672
0 0.471789 0.175293 0.00830078 0.0185547 0.0166016
0 0.480798 0.180664 0.305176 0.0273438 0.0361328
0 0.505615 0.869141 0.137207 0.0234375 0.0361328
