0 0.102002 0.581543 0.177246 0.0146484 0.0205078
0 0.103039 0.643066 0.773438 0.0263672 0.0390625
0 0.103747 0.339355 0.193359 0.0224609 0.0214844
0 0.10411 0.97168 0.429688 0.0351562 0.0292969
0 0.10433 0.771973 0.411621 0.0400391 0.0576172
0 0.10466 0.796875 0.776855 0.0195312 0.0380859
0 0.105164 0.763184 0.291504 0.0244141 0.0185547
0 0.106648 0.669922 0.649414 0.0234375 0.0273438
0 0.108764 0.754395 0.0717773 0.0380859 0.0439453
0 0.109088 0.577148 0.504395 0.00976562 0.0205078
0 0.109616 0.162598 0.369629 0.0126953 0.0283203
0 0.110956 0.773926 0.134766 0.0224609 0.046875
0 0.11307 0.616211 0.819824 0.0234375 0.0224609
0 0.113962 0.611816 0.46582 0.0107422 0.0214844
0 0.114534 0.561035 0.143066 0.0146484 0.0166016
0 0.114992 0.241699 0.841309 0.0244141 0.0380859
0 0.115999 0.580566 0.236816 0.0126953 0.0224609
0 0.116409 0.286133 0.892578 0.0273438 0.0371094
0 0.117608 0.716309 0.823242 0.0126953 0.0214844
0 0.118937 0.723145 0.89502 0.0478516 0.0537109
0 0.121843 0.592773 0.662598 0.0234375 0.0458984
0 0.122493 0.691895 0.0141602 0.0244141 0.0244141
0 0.122573 0.361328 0.241699 0.046875 0.0634766
0 0.127873 0.405762 0.67041 0.0205078 0.0205078
0 0.129569 0.691406 0.503906 0.0273438 0.0273438
0 0.130039 0.0634766 0.168945 0.0488281 0.0507812
0 0.130105 0.354004 0.255859 0.0302734 0.0371094
0 0.130891 0.671875 0.159668 0.0214844 0.0322266
0 0.131013 0.403809 0.92041 0.0126953 0.0205078
0 0.132087 0.740234 0.205566 0.0351562 0.0380859
0 0.13247 0.833008 0.478027 0.0214844 0.0361328
0 0.134852 0.676758 0.0410156 0.015625 0.03125
0 0.137463 0.755859 0.243652 0.0449219 0.0498047
0 0.139572 0.487793 0.180176 0.0126953 0.0263672
0 0.14006 0.439453 0.27002 0.0117188 0.0322266
0 0.142843 0.720215 0.790039 0.0126953 0.0253906
0 0.147681 0.604004 0.119629 0.0283203 0.0478516
0 0.150604 0.83252 0.973145 0.0205078 0.0185547
0 0.151462 0.845215 0.520508 0.0205078 0.0195312
0 0.152606 0.147461 0.136719 0.03125 0.0390625
0 0.153888 0.318359 0.854004 0.0253906 0.0361328
0 0.154998 0.648438 0.76416 0.0410156 0.0458984
0 0.155073 0.848633 0.482422 0.0390625 0.0429688
0 0.159397 0.217773 0.865723 0.03125 0.0439453
0 0.160461 0.530762 0.275879 0.0185547 0.0302734
0 0.162348 0.592773 0.311523 0.0195312 0.0253906
0 0.169518 0.692383 0.774414 0.0117188 0.0195312
0 0.169829 0.288086 0.32666 0.0234375 0.0302734
0 0.17468 0.777344 0.938477 0.0507812 0.0488281
0 0.177033 0.327637 0.40332 0.0244141 0.0429688
0 0.179889 0.656738 0.394043 0.0185547 0.0419922
0 0.182737 0.750488 0.203613 0.0166016 0.0419922
0 0.185299 0.654297 0.453613 0.015625 0.0205078
0 0.196417 0.459961 0.931641 0.0234375 0.0410156
0 0.20071 0.255371 0.220215 0.0185547 0.0537109
0 0.20255 0.82959 0.467285 0.0244141 0.0400391
0 0.20522 0.739746 0.370117 0.0166016 0.0253906
0 0.207627 0.774414 0.71582 0.0117188 0.0175781
0 0.213264 0.638672 0.141602 0.0234375 0.0273438
0 0.216293 0.500488 0.396484 0.0263672 0.0292969
0 0.223302 0.709961 0.227051 0.0292969 0.0400391
0 0.22369 0.015625 0.165039 0.0273438 0.0507812
0 0.22915 0.746582 0.251953 0.0283203 0.0449219
0 0.243837 0.29541 0.318359 0.0341797 0.0410156
0 0.24533 0.694824 0.464844 0.0166016 0.0214844
0 0.260117 0.694824 0.400391 0.0166016 0.0195312
0 0.261775 0.754395 0.554199 0.0146484 0.0322266
0 0.263146 0.230469 0.400879 0.0175781 0.0517578
0 0.271402 0.728027 0.520996 0.0166016 0.0263672
0 0.272854 0.685547 0.102051 0.03125 0.0498047
0 0.27487 0.490234 0.111328 0.0429688 0.0605469
0 0.278804 0.820801 0.183594 0.0244141 0.0351562
0 0.280711 0.653809 0.316406 0.0283203 0.0332031
0 0.289777 0.625 0.71582 0.0136719 0.0195312
0 0.306193 0.860352 0.48877 0.0195312 0.0419922
0 0.310302 0.633301 0.253906 0.0224609 0.0292969
0 0.312041 0.644531 0.854004 0.0136719 0.0341797
0 0.320094 0.440918 0.280762 0.0166016 0.0498047
0 0.321261 0.751953 0.805664 0.0273438 0.0429688
0 0.325459 0.726562 0.464355 0.0253906 0.0322266
0 0.331177 0.719238 0.352539 0.0146484 0.0253906
0 0.340963 0.649902 0.283691 0.0263672 0.0302734
0 0.345999 0.771973 0.524414 0.0205078 0.0234375
0 0.356418 0.615723 0.165039 0.0126953 0.0214844
0 0.36092 0.965332 0.469727 0.0283203 0.0351562
0 0.447437 0.699219 0.306641 0.0214844 0.0371094
