0 0.101799 0.333984 0.309082 0.0371094 0.0380859
0 0.114757 0.561523 0.0546875 0.015625 0.0253906
0 0.115544 0.195801 0.451172 0.0322266 0.0332031
0 0.115676 0.508789 0.0244141 0.0625 0.0488281
0 0.12403 0.460449 0.0776367 0.0263672 0.0576172
0 0.127311 0.395996 0.364258 0.0283203 0.0390625
0 0.13929 0.0385742 0.473145 0.0595703 0.0673828
0 0.141037 0.55127 0.10791 0.0302734 0.0439453
0 0.143181 0.48291 0.109863 0.0341797 0.0537109
0 0.149759 0.46582 0.239258 0.0175781 0.0292969
0 0.150319 0.60498 0.110352 0.0205078 0.0234375
0 0.150501 0.620605 0.0825195 0.0400391 0.0712891
0 0.155075 0.47998 0.0581055 0.0634766 0.0771484
0 0.176933 0.466797 0.0834961 0.046875 0.100586
0 0.18 0.489746 0.120117 0.0205078 0.0234375
0 0.218622 0.62793 0.0703125 0.0253906 0.0488281
0 0.22444 0.53418 0.518066 0.0292969 0.0302734
0 0.248034 0.440918 0.0908203 0.0107422 0.0234375
0 0.248848 0.532227 0.23877 0.0273438 0.0361328
0 0.249502 0.315918 0.529785 0.0517578 0.0634766
0 0.260582 0.606445 0.636719 0.046875 0.046875
0 0.276989 0.465332 0.0610352 0.0361328 0.0615234
0 0.283974 0.509277 0.0493164 0.0517578 0.0771484
0 0.286498 0.65332 0.441895 0.0292969 0.0283203
0 0.310583 0.567871 0.26709 0.0439453 0.0400391
0 0.330244 0.641113 0.298828 0.0654297 0.046875
0 0.343625 0.496094 0.26709 0.0332031 0.0361328
0 0.422565 0.460449 0.12207 0.0244141 0.0488281
0 0.686837 0.491211 0.193359 0.046875 0.0683594
