0 0.100461 0.744629 0.0327148 0.0380859 0.0556641
0 0.103848 0.403809 0.199219 0.0224609 0.0527344
0 0.108246 0.255859 0.199219 0.0273438 0.046875
0 0.110684 0.572266 0.648438 0.0117188 0.0234375
0 0.129862 0.431641 0.214844 0.0585938 0.117188
0 0.144844 0.395996 0.424805 0.0185547 0.0410156
0 0.146347 0.411133 0.208984 0.0429688 0.0917969
0 0.161519 0.195801 0.562988 0.0322266 0.0458984
0 0.163839 0.638184 0.527832 0.0107422 0.0224609
0 0.200813 0.353027 0.510742 0.0244141 0.0449219
0 0.217604 0.401855 0.203125 0.0146484 0.0351562
0 0.230606 0.265625 0.233887 0.0332031 0.0400391
0 0.234468 0.419922 0.0375977 0.0527344 0.0654297
0 0.250832 0.483398 0.0307617 0.03125 0.0576172
