0 0.104582 0.304199 0.217773 0.0380859 0.0527344
0 0.106629 0.510742 0.186035 0.0332031 0.0380859
0 0.113623 0.182129 0.715332 0.0302734 0.0302734
0 0.114497 0.256348 0.268066 0.0498047 0.0556641
0 0.114945 0.14209 0.789062 0.0224609 0.03125
0 0.121389 0.131836 0.792969 0.046875 0.0429688
0 0.127524 0.214355 0.373047 0.0322266 0.0429688
0 0.135831 0.120605 0.838867 0.0224609 0.03125
0 0.142215 0.257324 0.312012 0.0146484 0.0263672
0 0.154116 0.570801 0.717773 0.124023 0.128906
0 0.161763 0.0112305 0.640625 0.0224609 0.0449219
0 0.162645 0.186035 0.309082 0.0537109 0.0498047
0 0.165471 0.664551 0.716797 0.0283203 0.0546875
0 0.173389 0.234375 0.269043 0.0722656 0.0595703
0 0.253643 0.216309 0.367188 0.0185547 0.0292969
0 0.395124 0.23291 0.123535 0.0556641 0.0947266
