0 0.101448 0.772461 0.397461 0.0214844 0.0273438
0 0.102089 0.590332 0.345215 0.0146484 0.0283203
0 0.102683 0.808105 0.586426 0.0205078 0.0263672
0 0.105926 0.827637 0.303223 0.0302734 0.0283203
0 0.106589 0.656738 0.461914 0.0263672 0.0488281
0 0.108249 0.727051 0.431641 0.0146484 0.0175781
0 0.108423 0.64502 0.446289 0.0244141 0.0664062
0 0.108774 0.609375 0.383301 0.0273438 0.0263672
0 0.110235 0.453125 0.00976562 0.0214844 0.0175781
0 0.110332 0.891113 0.210938 0.0498047 0.0488281
0 0.110443 0.864746 0.205566 0.0224609 0.0263672
0 0.110652 0.442871 0.0146484 0.0322266 0.0292969
0 0.11134 0.536133 0.344727 0.0175781 0.0234375
0 0.115617 0.90918 0.507812 0.0234375 0.0332031
0 0.116087 0.745117 0.380859 0.0117188 0.0175781
0 0.117777 0.851562 0.463379 0.0371094 0.0322266
0 0.118581 0.871094 0.178223 0.0332031 0.0283203
0 0.119576 0.735352 0.540039 0.015625 0.015625
0 0.121625 0.376953 0.282227 0.015625 0.0175781
0 0.129691 0.895508 0.0498047 0.015625 0.0234375
0 0.133715 0.0893555 0.336914 0.0478516 0.0566406
0 0.133827 0.885742 0.229004 0.0253906 0.0263672
0 0.138377 0.679199 0.305176 0.0146484 0.0419922
0 0.146265 0.517578 0.327148 0.015625 0.03125
0 0.149538 0.822266 0.333496 0.0273438 0.0341797
0 0.149597 0.644531 0.612305 0.0292969 0.0625
0 0.149917 0.547852 0.357422 0.0175781 0.0292969
0 0.151572 0.933594 0.244629 0.0175781 0.0263672
0 0.155022 0.974609 0.0458984 0.0488281 0.0546875
0 0.158347 0.608398 0.163086 0.0214844 0.0273438
0 0.160948 0.633789 0.321777 0.0175781 0.0283203
0 0.164093 0.834473 0.353027 0.0400391 0.0283203
0 0.165272 0.629883 0.371582 0.0195312 0.0322266
0 0.165339 0.833984 0.308105 0.0527344 0.0517578
0 0.172274 0.63916 0.425293 0.0126953 0.0185547
0 0.172397 0.86377 0.179199 0.0478516 0.0458984
0 0.175364 0.713379 0.456543 0.0341797 0.0380859
0 0.178219 0.90918 0.202637 0.0546875 0.0400391
0 0.186748 0.789551 0.609375 0.0185547 0.0332031
0 0.191804 0.658691 0.211914 0.0302734 0.0449219
0 0.19219 0.897461 0.18457 0.0585938 0.0605469
0 0.192503 0.624023 0.00976562 0.0117188 0.0175781
0 0.193371 0.862305 0.169922 0.0273438 0.0273438
0 0.194758 0.944336 0.0932617 0.0371094 0.0341797
0 0.199411 0.856934 0.422852 0.0380859 0.0410156
0 0.202427 0.807129 0.337402 0.0556641 0.0380859
0 0.21491 0.171875 0.316406 0.0410156 0.0546875
0 0.229511 0.704102 0.539551 0.0390625 0.0322266
0 0.237474 0.67627 0.364258 0.0146484 0.0234375
0 0.239902 0.692871 0.495605 0.0244141 0.0185547
0 0.240606 0.72168 0.404297 0.015625 0.0253906
0 0.243165 0.681152 0.687988 0.0322266 0.0517578
0 0.244406 0.593262 0.378418 0.0185547 0.0205078
0 0.261214 0.859863 0.296875 0.0283203 0.0429688
0 0.261598 0.49707 0.181152 0.0214844 0.0361328
0 0.263157 0.665039 0.463867 0.0136719 0.0253906
0 0.269214 0.835449 0.388672 0.0341797 0.046875
0 0.272202 0.617676 0.386719 0.0263672 0.0351562
0 0.272491 0.898438 0.276855 0.03125 0.0498047
0 0.280721 0.316895 0.0234375 0.0361328 0.0410156
0 0.280874 0.535645 0.347168 0.00878906 0.0205078
0 0.281224 0.395996 0.0439453 0.0322266 0.0449219
0 0.293047 0.90625 0.171387 0.03125 0.0458984
0 0.293637 0.830078 0.34082 0.0410156 0.046875
0 0.293937 0.904785 0.0634766 0.0126953 0.0253906
0 0.327286 0.828125 0.20752 0.0273438 0.0380859
0 0.346824 0.89502 0.0219727 0.0302734 0.0380859
0 0.360402 0.633789 0.242676 0.0234375 0.0263672
0 0.364257 0.926758 0.130859 0.0390625 0.0351562
0 0.366063 0.552246 0.362793 0.0146484 0.0263672
0 0.368265 0.849121 0.232422 0.0205078 0.0234375
0 0.387084 0.983887 0.148438 0.0302734 0.046875
0 0.389016 0.790039 0.334473 0.0214844 0.0302734
0 0.393129 0.831055 0.0258789 0.0175781 0.0205078
0 0.394014 0.585938 0.357422 0.0195312 0.03125
0 0.414304 0.545898 0.327148 0.0136719 0.0214844
0 0.453938 0.959473 0.319336 0.0615234 0.0605469
0 0.471849 0.861816 0.0297852 0.0224609 0.0380859
0 0.582811 0.824707 0.273438 0.0537109 0.0488281
