0 0.100992 0.553223 0.148438 0.0185547 0.0234375
0 0.102996 0.520508 0.0244141 0.0214844 0.0351562
0 0.105142 0.158691 0.627441 0.0419922 0.0556641
0 0.110318 0.120605 0.15332 0.0419922 0.0488281
0 0.112109 0.546875 0.450195 0.015625 0.03125
0 0.114027 0.782715 0.229492 0.0537109 0.0429688
0 0.114692 0.0942383 0.625977 0.0419922 0.0429688
0 0.124339 0.214844 0.708984 0.0117188 0.0292969
0 0.132811 0.746094 0.236816 0.015625 0.0341797
0 0.141111 0.441406 0.301758 0.0195312 0.0214844
0 0.15078 0.847656 0.222168 0.0527344 0.0595703
0 0.1569 0.228516 0.123047 0.0214844 0.03125
0 0.16936 0.30957 0.762695 0.0273438 0.0429688
0 0.170762 0.47168 0.154785 0.015625 0.0322266
0 0.176064 0.685547 0.367188 0.0195312 0.0292969
0 0.200142 0.536621 0.364258 0.0185547 0.0253906
0 0.215807 0.275879 0.598145 0.0205078 0.0283203
0 0.238171 0.435059 0.10791 0.0205078 0.0458984
0 0.243262 0.487305 0.0820312 0.0195312 0.0253906
0 0.270155 0.485352 0.00878906 0.0195312 0.0175781
0 0.328466 0.340332 0.146484 0.0244141 0.0195312
