0 0.10103 0.244141 0.210449 0.0273438 0.0380859
0 0.101657 0.312988 0.156738 0.0322266 0.0400391
0 0.102338 0.185059 0.617676 0.0302734 0.0556641
0 0.103169 0.538086 0.630371 0.0253906 0.0224609
0 0.104389 0.446289 0.327637 0.0234375 0.0302734
0 0.107539 0.178223 0.186035 0.0380859 0.0439453
0 0.110747 0.669922 0.0166016 0.0214844 0.0332031
0 0.110911 0.717773 0.25 0.0117188 0.0253906
0 0.11098 0.452637 0.305176 0.0302734 0.0419922
0 0.11144 0.769043 0.133301 0.0146484 0.0322266
0 0.111471 0.418945 0.277832 0.0253906 0.0244141
0 0.111859 0.397461 0.150879 0.0195312 0.0302734
0 0.113849 0.287598 0.114746 0.0185547 0.0205078
0 0.116495 0.767578 0.213379 0.0136719 0.0224609
0 0.117017 0.0571289 0.0693359 0.0322266 0.0390625
0 0.117633 0.366699 0.0571289 0.0244141 0.0322266
0 0.11912 0.303223 0.29248 0.0107422 0.0283203
0 0.119258 0.186035 0.130371 0.0283203 0.0244141
0 0.119407 0.39502 0.0698242 0.0146484 0.0263672
0 0.121357 0.0634766 0.155273 0.0410156 0.0449219
0 0.122895 0.634277 0.167969 0.0146484 0.0253906
0 0.122981 0.450684 0.224609 0.0146484 0.0273438
0 0.123561 0.787598 0.202637 0.00878906 0.0224609
0 0.123969 0.0415039 0.516602 0.0263672 0.0351562
0 0.127275 0.685059 0.0917969 0.0185547 0.0292969
0 0.128792 0.13916 0.201172 0.0361328 0.0507812
0 0.131363 0.255859 0.868164 0.0234375 0.0351562
0 0.131448 0.162109 0.188965 0.0683594 0.0556641
0 0.134213 0.0581055 0.131348 0.0400391 0.0576172
0 0.135101 0.0649414 0.758301 0.0517578 0.0595703
0 0.13732 0.257324 0.117676 0.0185547 0.0341797
0 0.139366 0.708984 0.0888672 0.015625 0.0253906
0 0.142396 0.00634766 0.0595703 0.0126953 0.0332031
0 0.14295 0.447754 0.294922 0.0244141 0.03125
0 0.14555 0.26123 0.259277 0.0283203 0.0478516
0 0.14594 0.279297 0.205566 0.0253906 0.0263672
0 0.154118 0.726562 0.15332 0.0214844 0.0410156
0 0.157536 0.563965 0.219238 0.0126953 0.0283203
0 0.159434 0.0576172 0.0820312 0.0390625 0.0722656
0 0.166728 0.416016 0.268066 0.03125 0.0439453
0 0.166854 0.302246 0.149902 0.0166016 0.0302734
0 0.168961 0.267578 0.151855 0.0273438 0.0283203
0 0.171674 0.679688 0.144531 0.0195312 0.0390625
0 0.174867 0.331055 0.280762 0.0175781 0.0361328
0 0.176972 0.0415039 0.195312 0.0341797 0.0429688
0 0.177709 0.541504 0.161621 0.0224609 0.0224609
0 0.184475 0.129883 0.133301 0.0585938 0.0439453
0 0.197198 0.231445 0.125977 0.0195312 0.0351562
0 0.198089 0.746094 0.0454102 0.0273438 0.0263672
0 0.199786 0.178223 0.0454102 0.0263672 0.0517578
0 0.220611 0.771973 0.0820312 0.0185547 0.0253906
0 0.23335 0.0537109 0.112793 0.0371094 0.0380859
0 0.248716 0.345703 0.0166016 0.0253906 0.0332031
0 0.252228 0.322266 0.165039 0.0234375 0.03125
0 0.284146 0.786621 0.150391 0.0185547 0.0351562
0 0.303962 0.410645 0.333984 0.0283203 0.0273438
0 0.305138 0.454102 0.0839844 0.015625 0.03125
0 0.313292 0.253418 0.0224609 0.0283203 0.0351562
0 0.328034 0.359863 0.0170898 0.0341797 0.0302734
0 0.337484 0.436035 0.200684 0.0146484 0.0380859
0 0.382591 0.371094 0.170898 0.0175781 0.0234375
0 0.525253 0.316895 0.0439453 0.0263672 0.0332031
