0 0.101275 0.302734 0.25 0.0117188 0.0253906
0 0.101379 0.526367 0.754395 0.0175781 0.0205078
0 0.101387 0.842773 0.904297 0.0292969 0.0390625
0 0.101907 0.64209 0.223633 0.0224609 0.0214844
0 0.102459 0.314453 0.857422 0.0253906 0.03125
0 0.102863 0.560059 0.782715 0.0205078 0.0302734
0 0.103198 0.475586 0.444336 0.0136719 0.0136719
0 0.103247 0.191895 0.268555 0.0419922 0.046875
0 0.10325 0.497559 0.0986328 0.0205078 0.0292969
0 0.103544 0.62207 0.92041 0.0332031 0.0478516
0 0.104888 0.365234 0.202148 0.03125 0.0292969
0 0.105906 0.245605 0.121582 0.0283203 0.0341797
0 0.105958 0.633301 0.59375 0.0107422 0.0175781
0 0.106742 0.444336 0.16748 0.0390625 0.0439453
0 0.107835 0.370117 0.119629 0.046875 0.0458984
0 0.108134 0.278809 0.338867 0.0146484 0.015625
0 0.108501 0.334473 0.192383 0.0302734 0.0410156
0 0.109027 0.518555 0.248047 0.0527344 0.0664062
0 0.110635 0.627441 0.568848 0.0126953 0.0205078
0 0.111047 0.605957 0.012207 0.0556641 0.0224609
0 0.111996 0.230469 0.84375 0.0371094 0.0332031
0 0.115223 0.407715 0.220215 0.0244141 0.0283203
0 0.116508 0.802246 0.714355 0.0263672 0.0302734
0 0.117686 0.536133 0.236816 0.0351562 0.0556641
0 0.121476 0.192871 0.203125 0.0478516 0.0683594
0 0.123118 0.572266 0.28125 0.0273438 0.0390625
0 0.124704 0.242676 0.264648 0.0400391 0.0410156
0 0.124823 0.216309 0.267578 0.0205078 0.0488281
0 0.126101 0.470703 0.16748 0.0410156 0.0439453
0 0.126266 0.383301 0.0541992 0.0244141 0.0341797
0 0.127525 0.541992 0.541016 0.0175781 0.0214844
0 0.12812 0.119629 0.217773 0.0673828 0.0605469
0 0.128314 0.416016 0.553711 0.0136719 0.0273438
0 0.132345 0.695312 0.715332 0.015625 0.0166016
0 0.137334 0.852051 0.618164 0.0146484 0.015625
0 0.13782 0.708984 0.434082 0.0585938 0.0576172
0 0.138528 0.224609 0.205566 0.0234375 0.0322266
0 0.139035 0.0297852 0.457031 0.0341797 0.0332031
0 0.139057 0.517578 0.186523 0.046875 0.046875
0 0.139238 0.503418 0.13916 0.0615234 0.0654297
0 0.139478 0.227051 0.118164 0.0341797 0.046875
0 0.140835 0.503418 0.0644531 0.0224609 0.0234375
0 0.142262 0.479004 0.266113 0.0478516 0.0537109
0 0.145504 0.45166 0.0957031 0.0107422 0.0253906
0 0.146031 0.350586 0.135254 0.0488281 0.0458984
0 0.15112 0.627441 0.69043 0.0146484 0.0214844
0 0.153868 0.845703 0.647461 0.0136719 0.0214844
0 0.154149 0.609863 0.589355 0.0185547 0.0205078
0 0.154367 0.304688 0.179688 0.0273438 0.0410156
0 0.155303 0.856934 0.560547 0.0419922 0.0390625
0 0.156449 0.629883 0.59668 0.0117188 0.0175781
0 0.157083 0.39209 0.228516 0.0322266 0.0390625
0 0.157696 0.382324 0.742188 0.0166016 0.0332031
0 0.158521 0.345703 0.144043 0.03125 0.0341797
0 0.158582 0.641602 0.168457 0.0234375 0.0263672
0 0.168474 0.553711 0.661133 0.0117188 0.015625
0 0.169914 0.508789 0.10498 0.0449219 0.0478516
0 0.17109 0.378906 0.614258 0.0253906 0.0214844
0 0.174519 0.725098 0.558105 0.0244141 0.0283203
0 0.174949 0.666504 0.94873 0.0107422 0.0224609
0 0.175713 0.820312 0.972656 0.0390625 0.0488281
0 0.176021 0.580078 0.193359 0.03125 0.0390625
0 0.177167 0.414551 0.120117 0.0361328 0.0527344
0 0.179089 0.380859 0.23584 0.0507812 0.0537109
0 0.179524 0.268555 0.215332 0.03125 0.0556641
0 0.179773 0.394531 0.0117188 0.0214844 0.0214844
0 0.182359 0.776855 0.878418 0.0361328 0.0341797
0 0.184942 0.46875 0.103516 0.0195312 0.03125
0 0.199049 0.589355 0.0175781 0.0810547 0.0292969
0 0.2014 0.617676 0.661133 0.0224609 0.0292969
0 0.202032 0.711426 0.763184 0.0341797 0.0361328
0 0.204274 0.261719 0.196777 0.0273438 0.0419922
0 0.206698 0.355957 0.863281 0.0185547 0.0292969
0 0.209004 0.671875 0.845215 0.0214844 0.0224609
0 0.210141 0.553711 0.162598 0.0234375 0.0322266
0 0.210954 0.789551 0.452637 0.0439453 0.0478516
0 0.215025 0.572266 0.100586 0.0664062 0.0527344
0 0.21751 0.356445 0.193848 0.0507812 0.0458984
0 0.218544 0.480957 0.0175781 0.0400391 0.03125
0 0.219177 0.53125 0.261719 0.0332031 0.0527344
0 0.223984 0.493164 0.666504 0.0234375 0.0341797
0 0.233854 0.469238 0.273926 0.0244141 0.0322266
0 0.240795 0.596191 0.631348 0.0380859 0.0263672
0 0.249443 0.48291 0.156738 0.0595703 0.0634766
0 0.24975 0.544922 0.214844 0.0253906 0.03125
0 0.259613 0.683594 0.895508 0.0214844 0.0351562
0 0.261212 0.279785 0.123047 0.0302734 0.0488281
0 0.267474 0.558594 0.0205078 0.0820312 0.0410156
0 0.267754 0.713379 0.85498 0.0400391 0.0322266
0 0.268954 0.499512 0.556641 0.0166016 0.0253906
0 0.270938 0.230469 0.285645 0.03125 0.0419922
0 0.272689 0.568359 0.72168 0.0214844 0.03125
0 0.279702 0.418945 0.166992 0.0410156 0.0449219
0 0.305169 0.189941 0.189453 0.0302734 0.0644531
0 0.306472 0.713379 0.657715 0.0146484 0.0205078
0 0.315261 0.806641 0.583496 0.03125 0.0263672
0 0.325375 0.247559 0.259277 0.0244141 0.0263672
0 0.333202 0.546875 0.593262 0.0292969 0.0380859
0 0.340105 0.324219 0.270508 0.03125 0.0527344
0 0.342989 0.272949 0.191406 0.0458984 0.046875
0 0.357137 0.219727 0.215332 0.0332031 0.0498047
0 0.375244 0.364746 0.658691 0.0185547 0.0283203
0 0.417034 0.811523 0.634277 0.0332031 0.0322266
0 0.429443 0.286133 0.182617 0.0546875 0.0546875
0 0.439503 0.533691 0.900879 0.0185547 0.0341797
0 0.44076 0.594727 0.693848 0.0253906 0.0283203
0 0.442907 0.366211 0.253418 0.0292969 0.0517578
0 0.450312 0.273926 0.230469 0.0244141 0.03125
