0 0.106524 0.154297 0.25 0.0664062 0.0566406
0 0.113092 0.697754 0.167969 0.0283203 0.046875
0 0.119462 0.654297 0.141602 0.015625 0.0175781
0 0.119632 0.675781 0.0341797 0.0839844 0.0683594
0 0.134147 0.415527 0.344727 0.0361328 0.0390625
0 0.136647 0.583984 0.140137 0.0136719 0.0322266
0 0.14018 0.84082 0.0341797 0.0351562 0.0527344
0 0.145016 0.744629 0.227539 0.0498047 0.0488281
0 0.156881 0.652832 0.445801 0.0244141 0.0341797
0 0.159296 0.746094 0.157715 0.0234375 0.0322266
0 0.204038 0.569336 0.206543 0.0273438 0.0458984
0 0.286658 0.5625 0.243164 0.0332031 0.0371094
0 0.365296 0.754883 0.384277 0.0566406 0.0341797
