0 0.114953 0.740234 0.0263672 0.0566406 0.0488281
0 0.127033 0.609375 0.211426 0.015625 0.0361328
0 0.134063 0.732422 0.134766 0.0273438 0.03125
0 0.134684 0.526855 0.136719 0.0146484 0.0214844
0 0.137575 0.686035 0.0576172 0.0185547 0.0527344
0 0.143607 0.800293 0.0800781 0.0205078 0.0410156
0 0.153068 0.583984 0.535156 0.0234375 0.046875
0 0.157198 0.455566 0.0976562 0.0185547 0.0273438
0 0.159282 0.666504 0.199707 0.0166016 0.0205078
0 0.160173 0.349121 0.157227 0.0185547 0.0332031
0 0.16487 0.73877 0.443359 0.0224609 0.0253906
0 0.166985 0.719238 0.0175781 0.0341797 0.0273438
0 0.173661 0.72168 0.23584 0.0429688 0.0595703
0 0.177226 0.496582 0.166504 0.0224609 0.0263672
0 0.192114 0.518066 0.239746 0.0302734 0.0361328
0 0.212785 0.805664 0.0981445 0.0214844 0.0380859
0 0.218514 0.708496 0.0141602 0.0244141 0.0283203
0 0.255422 0.710449 0.0786133 0.0166016 0.0224609
0 0.281155 0.681152 0.0170898 0.0126953 0.0166016
0 0.286235 0.242676 0.741699 0.0576172 0.0751953
0 0.286607 0.79541 0.0668945 0.0166016 0.0244141
0 0.336618 0.717285 0.206543 0.0419922 0.0517578
0 0.350694 0.685059 0.0673828 0.0185547 0.0253906
0 0.495026 0.227539 0.0693359 0.0800781 0.0996094
0 0.541163 0.632812 0.583008 0.0390625 0.0546875
0 0.573832 0.691406 0.138672 0.0429688 0.0625
0 0.592585 0.54834 0.212891 0.0283203 0.0429688
