0 0.1004 0.812988 0.11377 0.0322266 0.0458984
0 0.101166 0.305176 0.128418 0.0126953 0.0322266
0 0.102061 0.631348 0.135742 0.0126953 0.0214844
0 0.102703 0.138672 0.238281 0.0253906 0.03125
0 0.102802 0.19873 0.458008 0.0185547 0.0292969
0 0.103923 0.317383 0.0112305 0.0253906 0.0224609
0 0.10393 0.385254 0.660645 0.0283203 0.0478516
0 0.104427 0.215332 0.150391 0.0146484 0.0214844
0 0.105752 0.09375 0.0605469 0.0332031 0.0351562
0 0.106099 0.178711 0.393555 0.0195312 0.0214844
0 0.106401 0.458008 0.760742 0.015625 0.0234375
0 0.107602 0.376465 0.291504 0.0224609 0.0263672
0 0.108416 0.355957 0.438477 0.00683594 0.0234375
0 0.1094 0.233887 0.0517578 0.0126953 0.0332031
0 0.109545 0.257812 0.15625 0.0351562 0.0332031
0 0.110083 0.376953 0.161133 0.00976562 0.0175781
0 0.11059 0.263672 0.0385742 0.03125 0.0517578
0 0.111988 0.396484 0.72998 0.0078125 0.0185547
0 0.112363 0.429199 0.19873 0.0185547 0.0185547
0 0.112867 0.218262 0.0898438 0.0146484 0.0390625
0 0.114255 0.401855 0.108398 0.0185547 0.0234375
0 0.114749 0.742676 0.0942383 0.0263672 0.0302734
0 0.115097 0.245117 0.0722656 0.0214844 0.0273438
0 0.116645 0.314453 0.244629 0.00976562 0.0166016
0 0.117659 0.303223 0.364258 0.0107422 0.0195312
0 0.117713 0.421387 0.285645 0.0283203 0.0185547
0 0.118953 0.391602 0.0908203 0.03125 0.0527344
0 0.119434 0.165039 0.967285 0.03125 0.0478516
0 0.120829 0.259277 0.13623 0.0458984 0.0654297
0 0.121609 0.397949 0.144531 0.0205078 0.0195312
0 0.124533 0.30957 0.913574 0.0566406 0.0478516
0 0.125758 0.224121 0.0239258 0.0322266 0.0400391
0 0.128432 0.277344 0.0864258 0.0234375 0.0634766
0 0.128703 0.221191 0.328613 0.0166016 0.0185547
0 0.129243 0.308594 0.012207 0.0175781 0.0244141
0 0.1299 0.356445 0.556641 0.0332031 0.0292969
0 0.132082 0.313477 0.988281 0.0195312 0.0234375
0 0.135168 0.400391 0.365234 0.015625 0.0175781
0 0.135328 0.624512 0.027832 0.0166016 0.0263672
0 0.138446 0.255859 0.979004 0.0351562 0.0419922
0 0.140336 0.335938 0.0415039 0.0214844 0.0361328
0 0.141276 0.339355 0.179199 0.0185547 0.0341797
0 0.142632 0.378418 0.280762 0.0185547 0.0283203
0 0.143145 0.237305 0.0527344 0.0273438 0.0546875
0 0.143153 0.34668 0.0517578 0.0253906 0.0429688
0 0.143481 0.411133 0.0922852 0.0273438 0.0400391
0 0.147648 0.592285 0.0405273 0.0205078 0.0400391
0 0.150469 0.318359 0.48291 0.0234375 0.0263672
0 0.153053 0.342773 0.278809 0.0234375 0.0283203
0 0.156658 0.121582 0.0102539 0.0361328 0.0185547
0 0.156995 0.239746 0.0820312 0.0126953 0.03125
0 0.158344 0.708984 0.11084 0.0117188 0.0205078
0 0.162175 0.717285 0.199707 0.0263672 0.0400391
0 0.164498 0.638184 0.12793 0.0224609 0.0292969
0 0.168204 0.231445 0.893066 0.015625 0.0244141
0 0.169216 0.692383 0.146484 0.0136719 0.0234375
0 0.169878 0.326172 0.46582 0.0234375 0.0273438
0 0.169901 0.453613 0.0537109 0.0185547 0.0253906
0 0.171993 0.291992 0.0102539 0.0136719 0.0185547
0 0.172246 0.404297 0.691406 0.03125 0.0332031
0 0.172493 0.276855 0.0654297 0.0185547 0.0332031
0 0.175852 0.335938 0.0571289 0.0351562 0.0537109
0 0.17734 0.393555 0.365723 0.00976562 0.0166016
0 0.179095 0.370117 0.450195 0.0175781 0.0253906
0 0.179744 0.133789 0.00976562 0.0371094 0.0195312
0 0.182009 0.395508 0.437012 0.0117188 0.0166016
0 0.182937 0.779785 0.0268555 0.0185547 0.0439453
0 0.183039 0.262695 0.120117 0.0351562 0.0429688
0 0.183333 0.348145 0.0209961 0.0263672 0.0263672
0 0.183685 0.763672 0.0996094 0.0371094 0.0449219
0 0.184491 0.357422 0.0981445 0.00976562 0.0263672
0 0.185995 0.472168 0.271973 0.0302734 0.0458984
0 0.188259 0.434082 0.0634766 0.0185547 0.0253906
0 0.192151 0.447266 0.0581055 0.0273438 0.0302734
0 0.193001 0.311035 0.41748 0.0107422 0.0166016
0 0.196128 0.45752 0.325684 0.0166016 0.0283203
0 0.197206 0.384277 0.0825195 0.0205078 0.0400391
0 0.201046 0.12793 0.145996 0.0253906 0.0498047
0 0.20326 0.382812 0.401367 0.015625 0.0273438
0 0.203487 0.662109 0.131836 0.0195312 0.0273438
0 0.204221 0.487793 0.114746 0.0224609 0.0302734
0 0.204461 0.166016 0.366211 0.0117188 0.0195312
0 0.204606 0.106934 0.691895 0.0361328 0.0341797
0 0.205998 0.243652 0.214355 0.0146484 0.0244141
0 0.206114 0.352539 0.0488281 0.015625 0.03125
0 0.208885 0.312012 0.524414 0.0126953 0.0292969
0 0.209138 0.783691 0.254883 0.0205078 0.0449219
0 0.218396 0.187988 0.0859375 0.0244141 0.0273438
0 0.223253 0.333496 0.211914 0.0244141 0.0507812
0 0.223579 0.348633 0.39502 0.0117188 0.0263672
0 0.226163 0.120117 0.424316 0.0234375 0.0322266
0 0.234517 0.418945 0.0913086 0.0253906 0.0322266
0 0.236744 0.69043 0.157715 0.0195312 0.0341797
0 0.240561 0.34082 0.16748 0.0175781 0.0224609
0 0.24654 0.461914 0.478516 0.0175781 0.0175781
0 0.255755 0.343262 0.0380859 0.0322266 0.0507812
0 0.259673 0.287109 0.476562 0.0136719 0.0351562
0 0.265506 0.745117 0.253418 0.0332031 0.0380859
0 0.266784 0.230469 0.0356445 0.03125 0.0556641
0 0.271442 0.160156 0.11084 0.0214844 0.0224609
0 0.272241 0.15918 0.0722656 0.0214844 0.0292969
0 0.276642 0.422852 0.296387 0.0253906 0.0322266
0 0.277396 0.277832 0.167969 0.0380859 0.03125
0 0.297424 0.444824 0.00732422 0.0185547 0.0146484
0 0.305581 0.364746 0.331543 0.0146484 0.0263672
0 0.313712 0.180176 0.0239258 0.0283203 0.0419922
0 0.318604 0.341309 0.396484 0.0185547 0.0234375
0 0.340797 0.28418 0.238281 0.0175781 0.0253906
0 0.341244 0.297852 0.222168 0.0175781 0.0205078
0 0.345945 0.334473 0.195312 0.0224609 0.0351562
0 0.350423 0.322266 0.0727539 0.0175781 0.0341797
0 0.353045 0.331543 0.229004 0.0224609 0.0283203
0 0.353446 0.339355 0.32373 0.0126953 0.0166016
0 0.377947 0.20752 0.443848 0.0263672 0.0478516
0 0.38998 0.361328 0.603027 0.0195312 0.0244141
0 0.394189 0.31543 0.298828 0.00976562 0.0195312
0 0.399537 0.410156 0.0327148 0.0175781 0.0263672
0 0.405756 0.423828 0.350586 0.015625 0.0234375
0 0.429121 0.643555 0.183594 0.0214844 0.0429688
0 0.442658 0.125977 0.365234 0.0195312 0.0195312
0 0.526468 0.381836 0.0170898 0.0214844 0.0322266
