0 0.100569 0.772461 0.0493164 0.0195312 0.0322266
0 0.105709 0.473145 0.502441 0.0146484 0.0126953
0 0.107051 0.39209 0.144043 0.0205078 0.0185547
0 0.107822 0.725586 0.248047 0.0136719 0.03125
0 0.10792 0.792969 0.54541 0.015625 0.0185547
0 0.10864 0.830078 0.192871 0.0214844 0.0361328
0 0.113175 0.277832 0.179688 0.0244141 0.0488281
0 0.120739 0.844238 0.179688 0.0419922 0.0546875
0 0.13744 0.306641 0.432129 0.0292969 0.0322266
0 0.153696 0.990723 0.394043 0.0185547 0.0263672
0 0.158757 0.274902 0.141602 0.0361328 0.046875
0 0.167855 0.371582 0.697754 0.0224609 0.0224609
0 0.170285 0.19043 0.0883789 0.0703125 0.0908203
0 0.196057 0.276855 0.15918 0.0283203 0.0605469
0 0.206191 0.779785 0.36084 0.0185547 0.0224609
0 0.210115 0.401855 0.106445 0.0244141 0.0332031
0 0.235953 0.985352 0.460449 0.0292969 0.0302734
0 0.237366 0.206055 0.0439453 0.0273438 0.0332031
0 0.281915 0.781738 0.268066 0.0126953 0.0166016
0 0.305134 0.854004 0.163086 0.0380859 0.0390625
0 0.305536 0.807617 0.318848 0.0273438 0.0244141
