0 0.101647 0.415527 0.475586 0.0146484 0.0136719
0 0.103213 0.451172 0.097168 0.0371094 0.0322266
0 0.108085 0.292969 0.592773 0.0136719 0.0371094
0 0.113619 0.392578 0.158203 0.0273438 0.0332031
0 0.113663 0.376953 0.273438 0.0234375 0.0351562
0 0.11404 0.910645 0.0444336 0.0439453 0.0380859
0 0.114379 0.854492 0.144531 0.0292969 0.0429688
0 0.115873 0.168945 0.0454102 0.0273438 0.0439453
0 0.128077 0.270508 0.200195 0.0351562 0.0253906
0 0.12955 0.807617 0.517578 0.0214844 0.0195312
0 0.132051 0.462891 0.666016 0.0410156 0.0410156
0 0.134166 0.0908203 0.466309 0.0546875 0.0361328
0 0.134619 0.469238 0.0532227 0.0107422 0.0224609
0 0.139577 0.819336 0.715332 0.0429688 0.0556641
0 0.140685 0.89209 0.226074 0.0400391 0.0458984
0 0.1456 0.828613 0.415527 0.0185547 0.0556641
0 0.148555 0.231445 0.0703125 0.0390625 0.046875
0 0.149512 0.756836 0.17627 0.0273438 0.0302734
0 0.150323 0.310059 0.0683594 0.0302734 0.0390625
0 0.150472 0.359375 0.762695 0.078125 0.0507812
0 0.15288 0.519531 0.142578 0.0214844 0.0253906
0 0.15362 0.172363 0.224609 0.0185547 0.0332031
0 0.153735 0.45459 0.0180664 0.0341797 0.0341797
0 0.157414 0.416016 0.652832 0.03125 0.0361328
0 0.161873 0.848633 0.189941 0.0136719 0.0224609
0 0.170606 0.26123 0.243652 0.0185547 0.0283203
0 0.177004 0.147949 0.367188 0.0400391 0.0351562
0 0.177842 0.986816 0.104492 0.0224609 0.0371094
0 0.178573 0.789062 0.364258 0.0175781 0.0234375
0 0.179933 0.444824 0.0976562 0.0205078 0.0253906
0 0.18867 0.219238 0.44043 0.0322266 0.0449219
0 0.201585 0.128418 0.241211 0.0361328 0.0214844
0 0.222142 0.827637 0.123535 0.0185547 0.0302734
0 0.224046 0.732422 0.354492 0.0253906 0.0292969
0 0.236629 0.852051 0.408691 0.0244141 0.0400391
0 0.25198 0.803223 0.430664 0.0263672 0.0449219
0 0.260923 0.322754 0.404785 0.0244141 0.0283203
0 0.262593 0.763672 0.181641 0.0429688 0.0507812
0 0.271375 0.38916 0.349609 0.0166016 0.0195312
0 0.277081 0.36084 0.101074 0.0205078 0.0322266
0 0.293023 0.51416 0.0302734 0.0263672 0.0546875
0 0.305417 0.402832 0.0185547 0.0146484 0.0253906
0 0.34127 0.931641 0.499512 0.0332031 0.0361328
0 0.396948 0.82666 0.289062 0.0361328 0.0390625
0 0.405033 0.672852 0.458496 0.0253906 0.0283203
0 0.406851 0.255859 0.114746 0.0253906 0.0439453
0 0.55861 0.458984 0.409668 0.0292969 0.0556641
