0 0.100318 0.303711 0.155273 0.0234375 0.03125
0 0.101443 0.760742 0.315918 0.0234375 0.0439453
0 0.101608 0.708984 0.474609 0.0195312 0.0429688
0 0.102506 0.69043 0.17041 0.0292969 0.0439453
0 0.102906 0.759277 0.28125 0.0205078 0.0605469
0 0.103191 0.513184 0.375488 0.0263672 0.0380859
0 0.10467 0.716797 0.714355 0.0820312 0.0869141
0 0.10494 0.719238 0.132324 0.0419922 0.0419922
0 0.105457 0.72998 0.341797 0.0283203 0.0332031
0 0.105768 0.810547 0.220703 0.046875 0.0488281
0 0.105817 0.230957 0.338379 0.0537109 0.0556641
0 0.106341 0.508301 0.641113 0.0146484 0.0166016
0 0.106971 0.758301 0.800781 0.0322266 0.0390625
0 0.107083 0.34082 0.251953 0.0722656 0.0761719
0 0.107384 0.338379 0.320801 0.0205078 0.0283203
0 0.108558 0.820801 0.349609 0.00878906 0.0195312
0 0.109001 0.756348 0.328125 0.0224609 0.0292969
0 0.109293 0.708496 0.241211 0.0517578 0.0527344
0 0.110248 0.223145 0.375 0.0263672 0.0351562
0 0.111235 0.560547 0.486816 0.03125 0.0439453
0 0.112761 0.38916 0.347656 0.0517578 0.0585938
0 0.113126 0.683594 0.51416 0.03125 0.0361328
0 0.113573 0.885742 0.344727 0.0351562 0.0410156
0 0.114271 0.383789 0.270996 0.0507812 0.0556641
0 0.118828 0.837402 0.441406 0.0166016 0.0234375
0 0.120622 0.392578 0.271973 0.0234375 0.0361328
0 0.122162 0.693359 0.182617 0.0273438 0.0351562
0 0.122521 0.439453 0.283203 0.0546875 0.0625
0 0.122909 0.846191 0.714844 0.0341797 0.0546875
0 0.123073 0.828613 0.816895 0.0361328 0.0634766
0 0.123296 0.742188 0.17334 0.0214844 0.0361328
0 0.123463 0.574219 0.81543 0.0332031 0.0390625
0 0.124872 0.474121 0.478516 0.0185547 0.0175781
0 0.125784 0.0708008 0.380859 0.0244141 0.03125
0 0.12923 0.72998 0.34375 0.0478516 0.0546875
0 0.129749 0.109863 0.246094 0.0283203 0.0507812
0 0.131605 0.680664 0.683594 0.015625 0.03125
0 0.132106 0.741699 0.868164 0.0361328 0.0351562
0 0.132598 0.569336 0.471191 0.015625 0.0302734
0 0.132728 0.605469 0.741211 0.0234375 0.0332031
0 0.133808 0.523438 0.569824 0.0253906 0.0458984
0 0.134159 0.652344 0.255371 0.0292969 0.0400391
0 0.134948 0.304688 0.314941 0.0234375 0.0244141
0 0.135732 0.382812 0.498047 0.0195312 0.0273438
0 0.137485 0.717773 0.447754 0.0214844 0.0361328
0 0.141677 0.665527 0.32373 0.0205078 0.0283203
0 0.144137 0.624023 0.460449 0.0175781 0.0224609
0 0.145583 0.763184 0.0419922 0.0869141 0.0585938
0 0.145838 0.460938 0.284668 0.0703125 0.0751953
0 0.14886 0.616211 0.375488 0.0136719 0.0146484
0 0.149214 0.790527 0.358398 0.0341797 0.0488281
0 0.150659 0.480469 0.36084 0.0136719 0.0185547
0 0.15411 0.632324 0.09375 0.0732422 0.0527344
0 0.157876 0.674316 0.34375 0.0263672 0.0390625
0 0.159671 0.505859 0.364258 0.0136719 0.0332031
0 0.160286 0.268555 0.334473 0.0449219 0.0556641
0 0.160708 0.845703 0.314941 0.0234375 0.0361328
0 0.161226 0.181152 0.319824 0.0263672 0.0537109
0 0.161255 0.384766 0.0288086 0.0292969 0.0478516
0 0.163585 0.275879 0.279785 0.0224609 0.0439453
0 0.168981 0.803223 0.318848 0.0205078 0.0302734
0 0.177372 0.46582 0.859863 0.0273438 0.0322266
0 0.181065 0.590332 0.401367 0.0341797 0.0332031
0 0.186176 0.785645 0.163574 0.0439453 0.0615234
0 0.188399 0.760742 0.299805 0.015625 0.0292969
0 0.198906 0.381836 0.337402 0.0332031 0.0341797
0 0.19948 0.733887 0.363281 0.0400391 0.0585938
0 0.209299 0.522461 0.382324 0.0214844 0.0302734
0 0.212344 0.610352 0.296875 0.03125 0.0546875
0 0.218582 0.433594 0.814453 0.0292969 0.0371094
0 0.221581 0.359375 0.266602 0.0488281 0.0683594
0 0.221651 0.382812 0.901855 0.0253906 0.0380859
0 0.222719 0.740234 0.699707 0.0390625 0.0517578
0 0.228905 0.506836 0.646973 0.0195312 0.0302734
0 0.232643 0.879883 0.263672 0.0625 0.0507812
0 0.23755 0.136719 0.379395 0.0449219 0.0361328
0 0.238549 0.493652 0.682129 0.0224609 0.0322266
0 0.240699 0.368652 0.855469 0.0380859 0.0488281
0 0.243279 0.743652 0.463379 0.0126953 0.0205078
0 0.251948 0.67334 0.406738 0.0361328 0.0439453
0 0.252791 0.627441 0.587402 0.0283203 0.0400391
0 0.264253 0.592773 0.446289 0.0117188 0.0253906
0 0.266419 0.617676 0.464844 0.0263672 0.0253906
0 0.269441 0.63916 0.403809 0.0341797 0.0458984
0 0.275827 0.776855 0.428223 0.0263672 0.0478516
0 0.284497 0.79834 0.375488 0.0361328 0.0400391
0 0.285251 0.755859 0.259277 0.0273438 0.0341797
0 0.285729 0.714355 0.460938 0.0263672 0.0546875
0 0.304465 0.523926 0.694336 0.0166016 0.0195312
0 0.316824 0.335938 0.90332 0.0292969 0.046875
0 0.320175 0.583984 0.82666 0.0449219 0.0537109
0 0.320873 0.341797 0.369629 0.0332031 0.0458984
0 0.321704 0.692383 0.749512 0.0371094 0.0498047
0 0.322423 0.526367 0.767578 0.0351562 0.0546875
0 0.332059 0.673828 0.132812 0.0390625 0.0351562
0 0.332949 0.60791 0.474609 0.0205078 0.0253906
0 0.338565 0.445312 0.673828 0.0214844 0.0449219
0 0.343522 0.18457 0.363281 0.0292969 0.0664062
0 0.352575 0.641113 0.275391 0.0244141 0.0332031
0 0.381973 0.544922 0.973633 0.0273438 0.0449219
0 0.395067 0.66748 0.335938 0.0302734 0.0488281
0 0.39861 0.682129 0.762695 0.0224609 0.0292969
0 0.39901 0.716797 0.868164 0.0683594 0.0429688
0 0.403894 0.307617 0.479004 0.0371094 0.0439453
0 0.41474 0.810059 0.893555 0.0302734 0.0566406
0 0.428876 0.658203 0.191895 0.0332031 0.0458984
0 0.430018 0.689453 0.26123 0.0546875 0.0595703
0 0.4587 0.76416 0.104492 0.0458984 0.0429688
0 0.46907 0.564453 0.50293 0.0410156 0.046875
0 0.494917 0.660645 0.47168 0.0361328 0.0507812
