0 0.104247 0.731934 0.0336914 0.161133 0.0673828
0 0.104859 0.11377 0.333008 0.0732422 0.0683594
0 0.107678 0.443359 0.659668 0.0410156 0.0537109
0 0.110494 0.0332031 0.158691 0.0527344 0.0537109
0 0.113882 0.277344 0.17334 0.0175781 0.0341797
0 0.118461 0.360352 0.233887 0.0664062 0.0576172
0 0.121103 0.144043 0.27002 0.0537109 0.0615234
0 0.123704 0.293457 0.785645 0.0576172 0.0458984
0 0.126262 0.229004 0.0615234 0.0400391 0.046875
0 0.140973 0.619141 0.0898438 0.046875 0.0644531
0 0.143169 0.628418 0.811523 0.0419922 0.0644531
0 0.149626 0.843262 0.22998 0.0361328 0.0322266
0 0.150873 0.194336 0.319336 0.0292969 0.0507812
0 0.169775 0.396484 0.65625 0.0429688 0.0410156
0 0.198669 0.61084 0.0239258 0.0751953 0.0419922
0 0.278181 0.333008 0.787598 0.0273438 0.0439453
0 0.307339 0.537598 0.791504 0.0361328 0.0556641
0 0.324367 0.432129 0.985352 0.0302734 0.0273438
0 0.339903 0.497559 0.58252 0.0283203 0.0419922
0 0.394225 0.290039 0.902832 0.0332031 0.0537109
0 0.428086 0.0390625 0.801758 0.0429688 0.0390625
0 0.466712 0.116211 0.21875 0.03125 0.046875
