0 0.102234 0.584961 0.146973 0.0371094 0.0810547
0 0.103991 0.494629 0.851074 0.0224609 0.0244141
0 0.104598 0.540039 0.165527 0.0390625 0.0771484
0 0.105037 0.510254 0.900391 0.0244141 0.03125
0 0.110678 0.479492 0.0595703 0.0136719 0.0292969
0 0.111014 0.49707 0.155762 0.0429688 0.0419922
0 0.115415 0.234375 0.891113 0.0253906 0.0400391
0 0.115783 0.745117 0.553223 0.0175781 0.0498047
0 0.116494 0.536133 0.186523 0.0410156 0.0429688
0 0.116597 0.307617 0.828613 0.03125 0.0283203
0 0.116829 0.567383 0.163086 0.0390625 0.0683594
0 0.117927 0.557129 0.618652 0.0166016 0.0224609
0 0.117976 0.658691 0.499512 0.0283203 0.0380859
0 0.118483 0.696777 0.672363 0.0341797 0.0224609
0 0.122881 0.562012 0.179199 0.0302734 0.0458984
0 0.125627 0.325684 0.582031 0.00878906 0.015625
0 0.129175 0.57959 0.952148 0.0166016 0.0195312
0 0.13203 0.413574 0.207031 0.0166016 0.0253906
0 0.140286 0.305176 0.679688 0.0322266 0.0332031
0 0.140757 0.616211 0.168945 0.0625 0.0429688
0 0.140907 0.532227 0.747559 0.00976562 0.0166016
0 0.144737 0.128906 0.659668 0.0332031 0.0380859
0 0.146382 0.530762 0.93457 0.0224609 0.0253906
0 0.153805 0.457031 0.530762 0.0195312 0.0224609
0 0.15391 0.36084 0.867188 0.0126953 0.0195312
0 0.157714 0.521973 0.36084 0.0166016 0.0224609
0 0.162317 0.421387 0.870117 0.0166016 0.0292969
0 0.16915 0.772949 0.0722656 0.0361328 0.0429688
0 0.17256 0.370605 0.669922 0.0263672 0.0214844
0 0.17329 0.716797 0.584961 0.0273438 0.0234375
0 0.180162 0.169434 0.129395 0.0322266 0.0361328
0 0.180367 0.429688 0.880371 0.03125 0.0498047
0 0.187596 0.193848 0.924316 0.0146484 0.0185547
0 0.188836 0.60791 0.229492 0.0556641 0.046875
0 0.193128 0.506836 0.150879 0.0195312 0.0283203
0 0.193284 0.464844 0.13916 0.0488281 0.0673828
0 0.195223 0.589355 0.164551 0.0283203 0.0498047
0 0.202139 0.405273 0.375 0.0117188 0.0175781
0 0.205984 0.491699 0.971191 0.0263672 0.0283203
0 0.208913 0.416504 0.900879 0.0146484 0.0244141
0 0.216291 0.508301 0.889648 0.0419922 0.0371094
0 0.218669 0.700195 0.540039 0.0117188 0.0175781
0 0.236013 0.291016 0.447266 0.0175781 0.03125
0 0.253237 0.641602 0.89502 0.0390625 0.0341797
0 0.254537 0.604492 0.797852 0.015625 0.0214844
0 0.268637 0.378906 0.0483398 0.0234375 0.0322266
0 0.285668 0.703125 0.788086 0.0273438 0.0273438
0 0.286091 0.550781 0.864746 0.0273438 0.0224609
0 0.291561 0.442383 0.544434 0.0175781 0.0146484
0 0.293073 0.638672 0.17041 0.0566406 0.0478516
0 0.307699 0.52832 0.0654297 0.0195312 0.0351562
0 0.401058 0.67334 0.103516 0.0263672 0.0292969
0 0.413472 0.496094 0.548828 0.015625 0.0175781
0 0.418294 0.705566 0.128418 0.0302734 0.0341797
0 0.434193 0.506836 0.765137 0.0175781 0.0205078
0 0.494047 0.779785 0.533203 0.0322266 0.03125
0 0.533039 0.571777 0.802734 0.0244141 0.0234375
