0 0.100051 0.30957 0.911621 0.0390625 0.0556641
0 0.100225 0.392578 0.871094 0.0195312 0.0410156
0 0.101376 0.724121 0.416016 0.0419922 0.0488281
0 0.101923 0.40625 0.460938 0.00976562 0.0136719
0 0.102761 0.179199 0.728027 0.0224609 0.0283203
0 0.103202 0.465332 0.586914 0.0146484 0.0195312
0 0.103374 0.671875 0.818848 0.03125 0.0341797
0 0.103769 0.504883 0.92627 0.0175781 0.0224609
0 0.104128 0.205566 0.459473 0.0263672 0.0419922
0 0.104394 0.801758 0.543457 0.046875 0.0517578
0 0.104552 0.43457 0.833984 0.0136719 0.0195312
0 0.10627 0.213379 0.867676 0.0302734 0.0478516
0 0.106691 0.518066 0.981445 0.0419922 0.0332031
0 0.108847 0.630371 0.732422 0.0185547 0.03125
0 0.109956 0.601562 0.964355 0.015625 0.0224609
0 0.110012 0.243652 0.306152 0.0849609 0.116211
0 0.110094 0.488281 0.749512 0.0371094 0.0439453
0 0.110222 0.290039 0.834473 0.0214844 0.0166016
0 0.110721 0.631348 0.781738 0.0224609 0.0361328
0 0.113653 0.665039 0.695801 0.0273438 0.0205078
0 0.114799 0.541504 0.56543 0.0107422 0.0214844
0 0.116014 0.546875 0.758301 0.0117188 0.0244141
0 0.116361 0.42627 0.945801 0.0205078 0.0283203
0 0.116991 0.331055 0.980957 0.0429688 0.0380859
0 0.117201 0.375488 0.984375 0.0185547 0.0195312
0 0.12005 0.498047 0.516602 0.0136719 0.0214844
0 0.120359 0.591309 0.891113 0.0146484 0.0283203
0 0.123335 0.0292969 0.658203 0.0429688 0.0390625
0 0.124093 0.172363 0.791992 0.0400391 0.0429688
0 0.125313 0.65918 0.763184 0.0214844 0.0224609
0 0.126107 0.22998 0.632324 0.0263672 0.0537109
0 0.126466 0.0810547 0.257812 0.0449219 0.0332031
0 0.12672 0.642578 0.946777 0.0175781 0.0205078
0 0.127198 0.479004 0.372559 0.0185547 0.0302734
0 0.127356 0.553711 0.983398 0.0273438 0.0332031
0 0.128547 0.0288086 0.291016 0.0244141 0.0449219
0 0.129832 0.568848 0.380371 0.0263672 0.0263672
0 0.131925 0.525879 0.684082 0.0205078 0.0224609
0 0.132189 0.671387 0.231934 0.0302734 0.0361328
0 0.132801 0.60498 0.379395 0.0400391 0.0478516
0 0.133536 0.504395 0.572266 0.0126953 0.0195312
0 0.135726 0.481934 0.741211 0.0146484 0.0234375
0 0.136622 0.0751953 0.337402 0.0507812 0.0419922
0 0.136774 0.406738 0.437988 0.0107422 0.0244141
0 0.137734 0.0825195 0.307129 0.0693359 0.0654297
0 0.13783 0.408691 0.435547 0.0205078 0.0292969
0 0.140414 0.635742 0.791992 0.03125 0.0507812
0 0.141302 0.576172 0.958984 0.0351562 0.0429688
0 0.142654 0.560059 0.851562 0.0263672 0.0410156
0 0.14341 0.493652 0.806641 0.0224609 0.0234375
0 0.143717 0.497559 0.462891 0.0126953 0.0175781
0 0.14451 0.357422 0.858887 0.0175781 0.0224609
0 0.144774 0.227051 0.406738 0.0517578 0.0517578
0 0.14569 0.699219 0.976074 0.0175781 0.0244141
0 0.145788 0.516113 0.434082 0.0263672 0.0380859
0 0.147797 0.494629 0.819824 0.0224609 0.0478516
0 0.148956 0.266113 0.978516 0.0166016 0.0351562
0 0.149882 0.152344 0.638184 0.0273438 0.0322266
0 0.149996 0.342773 0.365723 0.0371094 0.0361328
0 0.151338 0.583496 0.330078 0.0302734 0.0292969
0 0.152832 0.26416 0.333984 0.0791016 0.0703125
0 0.153139 0.146484 0.342285 0.0683594 0.0615234
0 0.154626 0.59375 0.782227 0.0292969 0.0371094
0 0.155376 0.477051 0.771973 0.0146484 0.0361328
0 0.160619 0.165039 0.22168 0.0585938 0.0429688
0 0.161851 0.585449 0.572754 0.0205078 0.0185547
0 0.165491 0.37793 0.952637 0.015625 0.0419922
0 0.166932 0.225586 0.615723 0.0390625 0.0439453
0 0.169635 0.366699 0.985352 0.0322266 0.0273438
0 0.170752 0.433105 0.314941 0.0478516 0.0419922
0 0.174204 0.728027 0.709961 0.0341797 0.0292969
0 0.174385 0.685547 0.827148 0.0507812 0.0527344
0 0.174632 0.228516 0.551758 0.0214844 0.0273438
0 0.174662 0.425293 0.430664 0.0263672 0.0273438
0 0.175386 0.54248 0.964844 0.0673828 0.0566406
0 0.181594 0.505859 0.429688 0.0488281 0.0449219
0 0.181714 0.615234 0.907715 0.0351562 0.0400391
0 0.181759 0.58252 0.946289 0.0166016 0.0253906
0 0.183684 0.706055 0.106445 0.046875 0.0566406
0 0.188401 0.401855 0.794922 0.0322266 0.0605469
0 0.192239 0.15918 0.285156 0.0507812 0.078125
0 0.193029 0.44873 0.743164 0.0205078 0.03125
0 0.193467 0.0268555 0.090332 0.0439453 0.0654297
0 0.195104 0.637695 0.916504 0.0605469 0.0576172
0 0.195895 0.553711 0.467285 0.0117188 0.0146484
0 0.195922 0.250977 0.48584 0.0410156 0.0517578
0 0.201775 0.29248 0.878418 0.0283203 0.0458984
0 0.205879 0.452148 0.33252 0.0136719 0.0244141
0 0.209684 0.776367 0.990234 0.0292969 0.0175781
0 0.210933 0.502441 0.743652 0.0244141 0.0341797
0 0.214753 0.184082 0.537109 0.0400391 0.0585938
0 0.216696 0.321777 0.415527 0.0283203 0.0263672
0 0.217241 0.560547 0.418945 0.0234375 0.0292969
0 0.217436 0.449219 0.482422 0.015625 0.0273438
0 0.219752 0.45752 0.989746 0.0205078 0.0185547
0 0.220047 0.254883 0.606934 0.03125 0.0341797
0 0.220768 0.189941 0.787598 0.0732422 0.0576172
0 0.221512 0.445312 0.867188 0.0117188 0.0195312
0 0.222103 0.54541 0.558105 0.0146484 0.0341797
0 0.223998 0.51123 0.337402 0.0537109 0.0419922
0 0.224935 0.42627 0.991211 0.0205078 0.0175781
0 0.229507 0.760254 0.952148 0.0419922 0.0371094
0 0.233711 0.485352 0.4375 0.0351562 0.0429688
0 0.237547 0.290039 0.760254 0.0253906 0.0244141
0 0.238177 0.341309 0.973145 0.0341797 0.0458984
0 0.244302 0.367188 0.498047 0.0332031 0.0253906
0 0.25928 0.610352 0.830566 0.0292969 0.0556641
0 0.264666 0.446777 0.755371 0.0224609 0.0419922
0 0.265108 0.416992 0.9375 0.0195312 0.03125
0 0.274612 0.5625 0.964355 0.0390625 0.0517578
0 0.276224 0.45166 0.737305 0.0166016 0.0195312
0 0.278563 0.508301 0.97168 0.0498047 0.0488281
0 0.284108 0.200195 0.877441 0.0507812 0.0634766
0 0.293103 0.495117 0.421387 0.0273438 0.0263672
0 0.29896 0.464355 0.826172 0.0205078 0.0292969
0 0.302039 0.453613 0.52002 0.0380859 0.0341797
0 0.307613 0.239746 0.608887 0.0576172 0.0439453
0 0.316746 0.215332 0.78125 0.0478516 0.0585938
0 0.32108 0.491699 0.833496 0.0205078 0.0439453
0 0.333495 0.479492 0.444336 0.0253906 0.0273438
0 0.334066 0.22998 0.655762 0.0166016 0.0283203
0 0.334294 0.739746 0.828125 0.0283203 0.0371094
0 0.338222 0.416504 0.583496 0.0302734 0.0322266
0 0.339474 0.172852 0.647949 0.0253906 0.0400391
0 0.344973 0.452148 0.909668 0.0136719 0.0263672
0 0.360881 0.458984 0.946777 0.0234375 0.0322266
0 0.377355 0.197266 0.703613 0.03125 0.0419922
0 0.38821 0.0952148 0.262207 0.0791016 0.0458984
0 0.388215 0.768555 0.0610352 0.0527344 0.0615234
0 0.414936 0.418945 0.421387 0.0390625 0.0498047
0 0.422114 0.0654297 0.653809 0.0800781 0.0537109
0 0.425261 0.141113 0.702148 0.0458984 0.0527344
0 0.450468 0.317383 0.680664 0.0234375 0.0527344
0 0.489922 0.272461 0.70459 0.0371094 0.0439453
