0 0.101049 0.123535 0.291504 0.0244141 0.0244141
0 0.103084 0.325684 0.404297 0.0146484 0.0351562
0 0.104694 0.185059 0.509766 0.0107422 0.0234375
0 0.109224 0.362305 0.268066 0.0234375 0.0302734
0 0.112649 0.331543 0.00976562 0.0244141 0.0175781
0 0.115111 0.376465 0.0507812 0.0107422 0.0195312
0 0.118378 0.176758 0.40332 0.0292969 0.0292969
0 0.119417 0.662109 0.164062 0.0273438 0.046875
0 0.120717 0.29834 0.0351562 0.0283203 0.0566406
0 0.120971 0.299805 0.397949 0.00976562 0.0205078
0 0.121238 0.706543 0.211914 0.0380859 0.0429688
0 0.121928 0.131348 0.295898 0.0244141 0.0273438
0 0.122637 0.368652 0.0146484 0.0341797 0.0292969
0 0.123376 0.221191 0.0229492 0.0498047 0.0400391
0 0.128182 0.291992 0.336914 0.0175781 0.0195312
0 0.129744 0.142578 0.308594 0.0351562 0.0410156
0 0.131492 0.0742188 0.344727 0.0253906 0.0371094
0 0.132692 0.245117 0.314453 0.015625 0.0214844
0 0.133326 0.255371 0.361328 0.0126953 0.0195312
0 0.135971 0.202148 0.081543 0.015625 0.0322266
0 0.139591 0.284668 0.136719 0.0576172 0.0546875
0 0.151146 0.835938 0.59668 0.0175781 0.0195312
0 0.151256 0.385254 0.0830078 0.0185547 0.0390625
0 0.153475 0.168945 0.399414 0.0253906 0.03125
0 0.155411 0.348633 0.42627 0.0175781 0.0205078
0 0.155646 0.21875 0.125 0.0273438 0.0449219
0 0.166814 0.412109 0.400879 0.015625 0.0244141
0 0.175366 0.396973 0.375977 0.0126953 0.015625
0 0.175848 0.635742 0.234863 0.0195312 0.0205078
0 0.182564 0.395996 0.0175781 0.0634766 0.03125
0 0.186307 0.145996 0.316895 0.0185547 0.0283203
0 0.191238 0.498535 0.0302734 0.0244141 0.0351562
0 0.195417 0.383301 0.220703 0.0146484 0.015625
0 0.203861 0.466309 0.0483398 0.0146484 0.0478516
0 0.211522 0.116211 0.317383 0.0136719 0.0175781
0 0.215487 0.17334 0.0927734 0.0263672 0.0390625
0 0.22561 0.681641 0.282715 0.0234375 0.0615234
0 0.225999 0.193359 0.293945 0.03125 0.0371094
0 0.226119 0.262695 0.404785 0.0175781 0.0244141
0 0.230356 0.236816 0.494629 0.0126953 0.0341797
0 0.230715 0.352539 0.130859 0.0292969 0.0488281
0 0.250829 0.446289 0.0751953 0.0136719 0.0214844
0 0.251071 0.143555 0.414551 0.0332031 0.0380859
0 0.286999 0.0717773 0.0639648 0.0224609 0.0419922
0 0.287789 0.14209 0.248535 0.0380859 0.0244141
0 0.292507 0.17041 0.158691 0.0283203 0.0439453
0 0.429892 0.14502 0.185547 0.0302734 0.0273438
