0 0.10171 0.344238 0.493164 0.0283203 0.0566406
0 0.103859 0.217773 0.222168 0.0371094 0.0556641
0 0.103917 0.405273 0.193848 0.0390625 0.0498047
0 0.104605 0.244141 0.549805 0.0214844 0.03125
0 0.107544 0.217285 0.152344 0.0244141 0.0273438
0 0.107703 0.311035 0.625488 0.0517578 0.0400391
0 0.108697 0.20752 0.552246 0.0146484 0.0146484
0 0.108704 0.464844 0.311035 0.0488281 0.0400391
0 0.108795 0.123535 0.619141 0.0361328 0.0488281
0 0.114441 0.154785 0.182617 0.0263672 0.0429688
0 0.115221 0.387695 0.48291 0.03125 0.0322266
0 0.11609 0.245605 0.382324 0.0322266 0.0595703
0 0.116255 0.34668 0.193848 0.0117188 0.0244141
0 0.123348 0.219238 0.400391 0.0439453 0.0507812
0 0.123918 0.443359 0.104492 0.0351562 0.0351562
0 0.126638 0.708496 0.455566 0.0302734 0.0322266
0 0.12899 0.430176 0.273438 0.0185547 0.0253906
0 0.133125 0.223633 0.46582 0.0429688 0.0527344
0 0.134089 0.333008 0.290527 0.015625 0.0224609
0 0.140178 0.247559 0.632812 0.0498047 0.0488281
0 0.141926 0.332031 0.207031 0.0195312 0.0273438
0 0.143194 0.277832 0.245117 0.0205078 0.03125
0 0.143479 0.452637 0.305176 0.0244141 0.0263672
0 0.143645 0.379395 0.293945 0.0205078 0.0214844
0 0.1463 0.32959 0.313965 0.0205078 0.0458984
0 0.150764 0.375977 0.264648 0.03125 0.0253906
0 0.151446 0.219238 0.145996 0.0361328 0.0498047
0 0.151624 0.647461 0.390625 0.0234375 0.0273438
0 0.152855 0.202148 0.73291 0.0292969 0.0341797
0 0.156891 0.428223 0.357422 0.0322266 0.0351562
0 0.158065 0.296387 0.210938 0.0146484 0.0234375
0 0.161312 0.429199 0.194336 0.0244141 0.0371094
0 0.16523 0.206543 0.483887 0.0263672 0.0341797
0 0.167243 0.297363 0.506836 0.0439453 0.0449219
0 0.167957 0.343262 0.900879 0.0244141 0.0400391
0 0.17291 0.29834 0.313965 0.00878906 0.0185547
0 0.174632 0.306641 0.158691 0.0292969 0.0478516
0 0.175963 0.248535 0.544434 0.0146484 0.0244141
0 0.180737 0.538574 0.430176 0.0224609 0.0302734
0 0.182304 0.755859 0.387695 0.0253906 0.0273438
0 0.186777 0.297852 0.519531 0.03125 0.0253906
0 0.194072 0.510254 0.430664 0.0205078 0.0292969
0 0.197389 0.233887 0.455566 0.0263672 0.0361328
0 0.198073 0.246094 0.213379 0.0332031 0.0517578
0 0.205393 0.32373 0.215332 0.0205078 0.0244141
0 0.208904 0.0883789 0.6875 0.0361328 0.0488281
0 0.211555 0.288086 0.486328 0.0390625 0.0429688
0 0.211804 0.402344 0.171875 0.0214844 0.0273438
0 0.23833 0.502441 0.602051 0.0283203 0.0478516
0 0.243151 0.231934 0.38916 0.0576172 0.0537109
0 0.247924 0.370605 0.476562 0.0615234 0.0390625
0 0.252313 0.507324 0.254883 0.0458984 0.0488281
0 0.260948 0.337402 0.513184 0.0341797 0.0419922
0 0.263799 0.321289 0.222168 0.0136719 0.0224609
0 0.26552 0.351562 0.471191 0.0253906 0.0361328
0 0.266511 0.829102 0.111328 0.0292969 0.0273438
0 0.287064 0.718262 0.386719 0.0361328 0.0371094
0 0.300908 0.34668 0.241699 0.0292969 0.0263672
0 0.302394 0.272461 0.247559 0.015625 0.0244141
0 0.307044 0.402832 0.203613 0.0244141 0.0283203
0 0.310003 0.369141 0.227051 0.0253906 0.0361328
0 0.319932 0.285156 0.200684 0.0273438 0.0400391
0 0.323206 0.325195 0.320801 0.0117188 0.0341797
0 0.325321 0.391602 0.261719 0.0234375 0.0273438
0 0.331763 0.414551 0.26123 0.0185547 0.0361328
0 0.377867 0.552734 0.787109 0.0859375 0.0898438
0 0.396834 0.337402 0.296387 0.0205078 0.0361328
0 0.420306 0.368652 0.268066 0.0166016 0.0341797
0 0.446476 0.298828 0.247559 0.0273438 0.0380859
0 0.537147 0.410645 0.296875 0.0302734 0.0292969
