0 0.100023 0.473633 0.120605 0.103516 0.120117
0 0.100652 0.595215 0.674316 0.0166016 0.0400391
0 0.101795 0.104492 0.616211 0.0488281 0.03125
0 0.107755 0.716797 0.850098 0.105469 0.0615234
0 0.109917 0.554199 0.62207 0.0224609 0.0253906
0 0.1117 0.476074 0.345703 0.0146484 0.0195312
0 0.114545 0.627441 0.870117 0.0517578 0.0488281
0 0.116328 0.144531 0.191895 0.0390625 0.0517578
0 0.122313 0.405762 0.418457 0.0322266 0.0556641
0 0.124071 0.00878906 0.680176 0.0175781 0.0517578
0 0.125439 0.388184 0.400391 0.0517578 0.0625
0 0.125694 0.481934 0.4375 0.0244141 0.0527344
0 0.13907 0.530762 0.87793 0.0283203 0.0566406
0 0.145264 0.370117 0.53418 0.0273438 0.0410156
0 0.150255 0.456055 0.908203 0.0390625 0.0527344
0 0.154206 0.678223 0.856445 0.0498047 0.0546875
0 0.157345 0.465332 0.365723 0.0302734 0.0439453
0 0.159363 0.433594 0.95459 0.0214844 0.0244141
0 0.160103 0.713867 0.773438 0.0390625 0.0410156
0 0.160398 0.519043 0.977051 0.0322266 0.0458984
0 0.168373 0.352539 0.445801 0.0273438 0.0224609
0 0.175384 0.0439453 0.340332 0.0175781 0.0263672
0 0.18198 0.359863 0.19043 0.0751953 0.105469
0 0.184917 0.524414 0.907227 0.0234375 0.0527344
0 0.188843 0.539551 0.864746 0.0419922 0.0498047
0 0.190494 0.012207 0.27002 0.0244141 0.0732422
0 0.194685 0.3125 0.571777 0.0644531 0.0478516
0 0.219103 0.32373 0.443359 0.0380859 0.0546875
0 0.255786 0.196777 0.49707 0.0380859 0.0507812
0 0.266248 0.44043 0.901855 0.0722656 0.0634766
0 0.266644 0.467773 0.97168 0.0488281 0.0546875
0 0.271745 0.640625 0.49707 0.0566406 0.0664062
0 0.272202 0.376465 0.389648 0.0419922 0.0566406
0 0.274635 0.615723 0.878418 0.0400391 0.0458984
0 0.300183 0.595215 0.69043 0.0263672 0.0566406
0 0.301485 0.55127 0.29248 0.0205078 0.0478516
0 0.313611 0.160156 0.864258 0.03125 0.0664062
0 0.320894 0.558594 0.844727 0.0644531 0.0761719
0 0.323753 0.505371 0.381836 0.0380859 0.0683594
0 0.324065 0.0708008 0.426758 0.0517578 0.0566406
0 0.324338 0.710938 0.684082 0.0820312 0.0537109
0 0.332336 0.333984 0.879883 0.0351562 0.0585938
0 0.391024 0.128418 0.428711 0.0224609 0.0371094
0 0.426594 0.647949 0.729004 0.0283203 0.0283203
0 0.505139 0.0878906 0.290039 0.0566406 0.0566406
0 0.520895 0.388184 0.928711 0.0244141 0.0410156
0 0.538932 0.103516 0.383789 0.0449219 0.0351562
