0 0.102681 0.673828 0.108887 0.015625 0.0224609
0 0.107563 0.264648 0.367676 0.0332031 0.0380859
0 0.109564 0.447266 0.0649414 0.0253906 0.0400391
0 0.117836 0.601562 0.489258 0.0136719 0.0273438
0 0.119911 0.393066 0.0151367 0.0419922 0.0302734
0 0.123148 0.416504 0.507812 0.0126953 0.0195312
0 0.125497 0.709961 0.0859375 0.0253906 0.046875
0 0.127264 0.136719 0.330566 0.0585938 0.0888672
0 0.136871 0.900879 0.233398 0.0302734 0.0332031
0 0.138409 0.342773 0.0688477 0.0488281 0.0576172
0 0.174955 0.473145 0.27002 0.0244141 0.0341797
0 0.182636 0.595703 0.277832 0.046875 0.0478516
0 0.183842 0.691895 0.179688 0.0361328 0.0351562
0 0.192092 0.691406 0.384277 0.0585938 0.0869141
0 0.19595 0.484863 0.0673828 0.0302734 0.0371094
0 0.210564 0.586426 0.0473633 0.0185547 0.0361328
0 0.236316 0.694824 0.269043 0.0205078 0.0302734
0 0.335673 0.299316 0.187988 0.0595703 0.0478516
0 0.353521 0.171875 0.115234 0.0878906 0.0761719
