0 0.100663 0.399414 0.893555 0.0136719 0.0253906
0 0.101088 0.826172 0.504395 0.0292969 0.0361328
0 0.101642 0.644531 0.0107422 0.0175781 0.0175781
0 0.102639 0.467285 0.0913086 0.0205078 0.0576172
0 0.102788 0.843262 0.708984 0.0361328 0.046875
0 0.103321 0.792969 0.233398 0.0429688 0.0390625
0 0.103473 0.773438 0.165039 0.0605469 0.0390625
0 0.104595 0.531738 0.116211 0.0380859 0.0820312
0 0.104853 0.383301 0.902832 0.0458984 0.0361328
0 0.107031 0.660156 0.869141 0.0351562 0.0371094
0 0.107563 0.122559 0.555664 0.0615234 0.0839844
0 0.110604 0.462402 0.0292969 0.0751953 0.0546875
0 0.111678 0.682617 0.189453 0.0722656 0.046875
0 0.111941 0.377441 0.282227 0.0419922 0.0527344
0 0.112947 0.366211 0.844727 0.0273438 0.0273438
0 0.113769 0.471191 0.225098 0.0380859 0.0361328
0 0.115408 0.702148 0.108887 0.0351562 0.0537109
0 0.119515 0.332031 0.477051 0.0371094 0.0556641
0 0.12067 0.523926 0.715332 0.0146484 0.0263672
0 0.121279 0.719727 0.291992 0.0332031 0.0351562
0 0.123154 0.369629 0.381348 0.0126953 0.0283203
0 0.126035 0.380859 0.0644531 0.0742188 0.101562
0 0.126159 0.709961 0.0239258 0.0410156 0.0419922
0 0.127821 0.664062 0.11084 0.046875 0.0498047
0 0.13185 0.583008 0.179688 0.0449219 0.0683594
0 0.132398 0.458984 0.499023 0.0507812 0.0371094
0 0.135563 0.236328 0.84082 0.0214844 0.0292969
0 0.137375 0.294434 0.0688477 0.0693359 0.137695
0 0.137734 0.551758 0.71582 0.0117188 0.0253906
0 0.138689 0.685547 0.837402 0.0195312 0.0341797
0 0.140784 0.478516 0.352051 0.0507812 0.0478516
0 0.142503 0.717773 0.666504 0.0429688 0.0478516
0 0.145539 0.382324 0.189941 0.0244141 0.0341797
0 0.151793 0.131348 0.452637 0.0458984 0.0458984
0 0.153629 0.666992 0.804688 0.0136719 0.015625
0 0.15503 0.645508 0.759277 0.0332031 0.0341797
0 0.156062 0.723633 0.387207 0.0390625 0.0419922
0 0.158871 0.608887 0.158691 0.0673828 0.0888672
0 0.162838 0.441895 0.180176 0.0166016 0.0185547
0 0.163923 0.322754 0.333496 0.0517578 0.0478516
0 0.166376 0.544922 0.293945 0.0214844 0.0253906
0 0.173357 0.28125 0.283203 0.0351562 0.0429688
0 0.173844 0.220215 0.188965 0.0439453 0.0439453
0 0.182809 0.232422 0.273438 0.0625 0.0683594
0 0.183078 0.291992 0.828125 0.0234375 0.0195312
0 0.183328 0.519043 0.267578 0.0341797 0.0351562
0 0.187832 0.492188 0.396484 0.0371094 0.03125
0 0.189554 0.450195 0.334473 0.0214844 0.0244141
0 0.199646 0.623047 0.779297 0.0195312 0.0234375
0 0.199967 0.672363 0.733398 0.0302734 0.0292969
0 0.204057 0.744141 0.0600586 0.0429688 0.0419922
0 0.207484 0.365723 0.276855 0.0205078 0.0341797
0 0.208778 0.48877 0.341797 0.0322266 0.0292969
0 0.216554 0.463379 0.365723 0.0341797 0.0458984
0 0.217668 0.66748 0.880859 0.0263672 0.0410156
0 0.222788 0.783691 0.197266 0.0576172 0.046875
0 0.228645 0.367676 0.229492 0.0244141 0.0253906
0 0.236688 0.584473 0.870117 0.0185547 0.0175781
0 0.237587 0.677734 0.371094 0.0429688 0.0566406
0 0.25845 0.419434 0.68457 0.0302734 0.0585938
0 0.267028 0.503418 0.654785 0.0263672 0.0322266
0 0.281185 0.667969 0.358398 0.0449219 0.0761719
0 0.311083 0.711426 0.76709 0.0166016 0.0380859
0 0.314928 0.792969 0.263672 0.0683594 0.0742188
0 0.390753 0.711914 0.902832 0.03125 0.0478516
0 0.418096 0.279297 0.575684 0.0273438 0.0283203
0 0.419147 0.273926 0.529785 0.0244141 0.0341797
0 0.454375 0.711426 0.272949 0.0478516 0.0615234
0 0.494296 0.629395 0.658203 0.0283203 0.0332031
