0 0.100254 0.652344 0.825684 0.0214844 0.0341797
0 0.100583 0.28125 0.470215 0.0410156 0.0927734
0 0.102288 0.177246 0.416504 0.0498047 0.0693359
0 0.10466 0.144531 0.0922852 0.0273438 0.0400391
0 0.104981 0.647949 0.314453 0.0263672 0.0292969
0 0.105539 0.581543 0.015625 0.0654297 0.0253906
0 0.107581 0.671387 0.457031 0.0205078 0.0195312
0 0.107751 0.142578 0.019043 0.03125 0.0380859
0 0.108665 0.640137 0.348633 0.0400391 0.0625
0 0.109828 0.341309 0.0185547 0.0576172 0.0351562
0 0.109952 0.199707 0.84668 0.0283203 0.0429688
0 0.110522 0.578613 0.143066 0.0361328 0.0361328
0 0.112041 0.467773 0.114258 0.0546875 0.109375
0 0.114381 0.53125 0.0893555 0.0195312 0.0302734
0 0.114769 0.563477 0.165527 0.0332031 0.0595703
0 0.116748 0.84375 0.165039 0.03125 0.0449219
0 0.118354 0.19043 0.132812 0.0820312 0.0664062
0 0.119601 0.0908203 0.343262 0.0839844 0.0830078
0 0.122048 0.436035 0.177734 0.0126953 0.0195312
0 0.122973 0.417969 0.665039 0.0488281 0.0625
0 0.125021 0.61377 0.103027 0.0244141 0.0322266
0 0.12748 0.516602 0.259277 0.0214844 0.0341797
0 0.12849 0.366211 0.330078 0.0957031 0.0996094
0 0.12887 0.615234 0.23291 0.0371094 0.0517578
0 0.130591 0.381836 0.337402 0.0566406 0.0732422
0 0.131594 0.496582 0.176758 0.0322266 0.0371094
0 0.13317 0.385742 0.989746 0.0195312 0.0185547
0 0.135196 0.469727 0.0698242 0.0859375 0.139648
0 0.136021 0.657715 0.0825195 0.0322266 0.0498047
0 0.13907 0.600586 0.736328 0.0527344 0.0390625
0 0.139861 0.411621 0.774414 0.0205078 0.0410156
0 0.143331 0.505371 0.176758 0.0205078 0.0253906
0 0.145372 0.475586 0.581055 0.0234375 0.0351562
0 0.146034 0.492188 0.143555 0.0722656 0.107422
0 0.146302 0.615723 0.978027 0.0341797 0.0439453
0 0.146326 0.73584 0.034668 0.0869141 0.0634766
0 0.149522 0.393066 0.271484 0.0166016 0.0175781
0 0.150395 0.770508 0.17334 0.03125 0.0322266
0 0.155007 0.415527 0.130859 0.0224609 0.0449219
0 0.156292 0.0595703 0.500488 0.0585938 0.0771484
0 0.156917 0.169922 0.427246 0.0332031 0.0478516
0 0.160328 0.344238 0.980469 0.0380859 0.0351562
0 0.16188 0.509766 0.263184 0.0292969 0.0439453
0 0.167432 0.637695 0.255371 0.0195312 0.0341797
0 0.167754 0.671387 0.277344 0.0146484 0.03125
0 0.169486 0.556152 0.15918 0.0146484 0.0429688
0 0.169782 0.578613 0.138672 0.0224609 0.0234375
0 0.171734 0.658691 0.130371 0.0380859 0.0498047
0 0.1718 0.567383 0.183594 0.0253906 0.0292969
0 0.174402 0.47168 0.359375 0.0292969 0.0410156
0 0.175827 0.666016 0.407715 0.0429688 0.0380859
0 0.175913 0.621582 0.206055 0.0322266 0.0449219
0 0.176193 0.760742 0.0395508 0.0605469 0.0654297
0 0.180024 0.594238 0.21582 0.0205078 0.0332031
0 0.184744 0.84375 0.183105 0.0371094 0.0673828
0 0.185485 0.551758 0.201172 0.0292969 0.0351562
0 0.185632 0.415527 0.616211 0.0283203 0.0390625
0 0.193071 0.685547 0.206543 0.0332031 0.0361328
0 0.194981 0.664551 0.196777 0.0283203 0.0537109
0 0.195504 0.794434 0.0527344 0.106445 0.09375
0 0.195819 0.163086 0.620117 0.0605469 0.0683594
0 0.198282 0.510742 0.351074 0.0234375 0.0322266
0 0.201835 0.619629 0.806152 0.0205078 0.0380859
0 0.207166 0.696777 0.246582 0.0224609 0.0322266
0 0.219942 0.270508 0.246094 0.0332031 0.0371094
0 0.224327 0.727051 0.348145 0.0244141 0.0263672
0 0.227384 0.489746 0.163574 0.0517578 0.0634766
0 0.228463 0.0473633 0.61377 0.0888672 0.104492
0 0.232853 0.38623 0.72998 0.0185547 0.0302734
0 0.239949 0.58252 0.0981445 0.0517578 0.0439453
0 0.246303 0.705566 0.243652 0.0439453 0.0400391
0 0.247429 0.572754 0.22168 0.0185547 0.0234375
0 0.251097 0.375977 0.0561523 0.0566406 0.0751953
0 0.251492 0.659668 0.26416 0.0146484 0.0224609
0 0.256768 0.172852 0.290039 0.0371094 0.0429688
0 0.260182 0.55957 0.191406 0.0371094 0.0449219
0 0.260553 0.470703 0.180176 0.0234375 0.0419922
0 0.261105 0.808105 0.163574 0.0341797 0.0302734
0 0.266129 0.653809 0.109863 0.0439453 0.0810547
0 0.267531 0.683105 0.818848 0.0283203 0.0302734
0 0.268269 0.648926 0.305176 0.0244141 0.0244141
0 0.27066 0.603027 0.159668 0.0361328 0.0341797
0 0.292105 0.472656 0.301758 0.046875 0.0410156
0 0.292321 0.62793 0.191406 0.0273438 0.03125
0 0.299811 0.655273 0.390625 0.0429688 0.0722656
0 0.300061 0.645996 0.364746 0.0341797 0.0634766
0 0.315851 0.797363 0.217773 0.0458984 0.0527344
0 0.334176 0.614746 0.219238 0.0263672 0.0263672
0 0.339224 0.20459 0.241211 0.0478516 0.0625
0 0.363829 0.33252 0.655762 0.0341797 0.0380859
0 0.407191 0.489258 0.976562 0.0507812 0.0429688
0 0.454258 0.534668 0.17627 0.0263672 0.0244141
0 0.49032 0.621094 0.26416 0.0449219 0.0458984
0 0.513948 0.706543 0.0268555 0.0732422 0.0517578
0 0.536962 0.553711 0.342773 0.0292969 0.0488281
0 0.570143 0.192383 0.56543 0.0488281 0.0566406
