0 0.100293 0.0644531 0.226562 0.0292969 0.0566406
0 0.100752 0.882324 0.355957 0.0322266 0.0341797
0 0.10095 0.617676 0.246582 0.0146484 0.0244141
0 0.100984 0.0175781 0.584961 0.0351562 0.0410156
0 0.101163 0.569824 0.61084 0.0263672 0.0322266
0 0.101666 0.595703 0.370117 0.0234375 0.0332031
0 0.101708 0.469238 0.314941 0.0166016 0.0361328
0 0.1024 0.730469 0.108887 0.0351562 0.0341797
0 0.1026 0.32373 0.415527 0.0185547 0.0185547
0 0.10369 0.536133 0.043457 0.0175781 0.0244141
0 0.103954 0.760254 0.342285 0.0185547 0.0263672
0 0.104013 0.282227 0.0859375 0.0253906 0.03125
0 0.104067 0.383301 0.0498047 0.0361328 0.0273438
0 0.10407 0.277344 0.277344 0.0136719 0.0214844
0 0.104438 0.625 0.200684 0.0273438 0.0224609
0 0.10468 0.335938 0.173828 0.0332031 0.0429688
0 0.104695 0.555176 0.130859 0.0419922 0.046875
0 0.104814 0.319824 0.675293 0.0224609 0.0302734
0 0.104948 0.321777 0.0458984 0.0205078 0.0253906
0 0.104961 0.733398 0.0800781 0.0273438 0.0410156
0 0.105103 0.535156 0.243164 0.0136719 0.0214844
0 0.105208 0.288086 0.369629 0.0488281 0.0400391
0 0.106137 0.156738 0.836914 0.0361328 0.0546875
0 0.107552 0.15625 0.873047 0.0351562 0.0625
0 0.107615 0.36084 0.268555 0.00878906 0.0195312
0 0.107988 0.322266 0.266113 0.0195312 0.0224609
0 0.108059 0.764648 0.203613 0.015625 0.0263672
0 0.10806 0.437988 0.140137 0.0146484 0.0283203
0 0.108133 0.265625 0.238281 0.0175781 0.03125
0 0.108287 0.575684 0.00976562 0.0263672 0.0195312
0 0.108601 0.765625 0.46582 0.0253906 0.0273438
0 0.108665 0.194336 0.287598 0.0175781 0.0322266
0 0.108715 0.472168 0.163574 0.0126953 0.0244141
0 0.108789 0.563477 0.0791016 0.0273438 0.0351562
0 0.108817 0.285645 0.714844 0.0263672 0.046875
0 0.109139 0.0947266 0.436035 0.0507812 0.0517578
0 0.109151 0.427734 0.682617 0.0253906 0.0390625
0 0.109229 0.428711 0.286621 0.0195312 0.0244141
0 0.10975 0.751465 0.0942383 0.0341797 0.0419922
0 0.110567 0.810547 0.348145 0.0234375 0.0322266
0 0.110775 0.183594 0.105469 0.0234375 0.0449219
0 0.111005 0.322754 0.376953 0.0224609 0.0195312
0 0.111083 0.458496 0.19873 0.0205078 0.0224609
0 0.111137 0.583008 0.244141 0.0175781 0.0332031
0 0.111841 0.177734 0.115723 0.0488281 0.0556641
0 0.111879 0.770508 0.225586 0.0292969 0.0605469
0 0.111921 0.380859 0.437988 0.0175781 0.0302734
0 0.112361 0.411621 0.747559 0.0126953 0.0166016
0 0.112619 0.0209961 0.27002 0.0400391 0.0654297
0 0.113085 0.734375 0.0273438 0.0351562 0.0507812
0 0.113107 0.267578 0.426758 0.015625 0.03125
0 0.113732 0.116699 0.236816 0.0244141 0.0400391
0 0.113945 0.272949 0.495117 0.0244141 0.0332031
0 0.114759 0.719727 0.090332 0.0527344 0.0576172
0 0.114834 0.375977 0.165527 0.0175781 0.0302734
0 0.115119 0.191406 0.172852 0.0175781 0.0273438
0 0.115285 0.592773 0.0786133 0.0234375 0.0361328
0 0.11551 0.722656 0.229492 0.0195312 0.0175781
0 0.116255 0.135254 0.288574 0.0263672 0.0263672
0 0.116319 0.491211 0.227051 0.0253906 0.0283203
0 0.116715 0.611816 0.709473 0.0205078 0.0419922
0 0.116874 0.556152 0.359375 0.0224609 0.0371094
0 0.116894 0.119141 0.453613 0.0253906 0.0341797
0 0.117147 0.345215 0.180176 0.0224609 0.0302734
0 0.117635 0.34082 0.413574 0.0117188 0.0185547
0 0.117799 0.567383 0.109375 0.0292969 0.0351562
0 0.118142 0.540039 0.152832 0.0195312 0.0439453
0 0.118143 0.698242 0.269043 0.0234375 0.0224609
0 0.119195 0.398926 0.580566 0.0205078 0.0224609
0 0.119593 0.318359 0.288574 0.0117188 0.0185547
0 0.119779 0.487305 0.848633 0.0195312 0.0410156
0 0.119923 0.127441 0.569336 0.0498047 0.0546875
0 0.12005 0.686035 0.203125 0.0126953 0.0214844
0 0.120388 0.65332 0.36084 0.0214844 0.0244141
0 0.120524 0.619141 0.147461 0.0195312 0.0195312
0 0.120612 0.287109 0.739746 0.03125 0.0380859
0 0.121065 0.839355 0.603027 0.0478516 0.0517578
0 0.121458 0.76416 0.151855 0.0380859 0.0517578
0 0.121524 0.515137 0.00976562 0.0166016 0.0195312
0 0.122317 0.711426 0.280273 0.0224609 0.0332031
0 0.123519 0.326172 0.217285 0.0234375 0.0205078
0 0.12363 0.717773 0.233887 0.0253906 0.0263672
0 0.123963 0.293457 0.206543 0.0126953 0.0302734
0 0.124001 0.705078 0.0292969 0.0527344 0.0449219
0 0.1241 0.576172 0.130371 0.0292969 0.0380859
0 0.124733 0.374512 0.364258 0.0166016 0.0332031
0 0.125604 0.62207 0.252441 0.0234375 0.0322266
0 0.126262 0.348633 0.106445 0.0136719 0.0273438
0 0.127025 0.123535 0.120605 0.0224609 0.0498047
0 0.127063 0.0878906 0.182129 0.0351562 0.0517578
0 0.127376 0.29541 0.0229492 0.0244141 0.0380859
0 0.12746 0.779297 0.461426 0.0429688 0.0478516
0 0.127473 0.567871 0.200195 0.0263672 0.03125
0 0.128437 0.44873 0.589844 0.0126953 0.0175781
0 0.130613 0.234863 0.727539 0.0166016 0.0429688
0 0.130715 0.742676 0.152832 0.0205078 0.0361328
0 0.130733 0.0600586 0.54248 0.0478516 0.0654297
0 0.131227 0.659668 0.29248 0.0224609 0.0263672
0 0.131449 0.532715 0.0244141 0.0185547 0.03125
0 0.131749 0.172363 0.0585938 0.0244141 0.0488281
0 0.131799 0.652344 0.122559 0.0136719 0.0263672
0 0.133107 0.662109 0.0268555 0.0527344 0.0458984
0 0.133215 0.549805 0.0913086 0.0234375 0.0576172
0 0.133389 0.378906 0.0141602 0.0332031 0.0205078
0 0.133988 0.825195 0.43457 0.0253906 0.0332031
0 0.134027 0.705078 0.144531 0.0195312 0.0410156
0 0.134718 0.629395 0.254883 0.0224609 0.0234375
0 0.134769 0.292969 0.741699 0.0195312 0.0263672
0 0.135249 0.475098 0.119629 0.0263672 0.0302734
0 0.135334 0.597656 0.290039 0.0195312 0.0253906
0 0.136548 0.648438 0.229492 0.0175781 0.0332031
0 0.136883 0.418945 0.274902 0.0214844 0.0263672
0 0.137447 0.775391 0.217285 0.0234375 0.0322266
0 0.138465 0.415527 0.495605 0.0126953 0.0283203
0 0.138947 0.140625 0.584473 0.0410156 0.0537109
0 0.139333 0.234375 0.138184 0.0410156 0.0380859
0 0.139744 0.602051 0.384277 0.0166016 0.0302734
0 0.139876 0.13916 0.250977 0.0166016 0.0371094
0 0.140458 0.792969 0.531738 0.0273438 0.0283203
0 0.140826 0.334473 0.987305 0.0107422 0.0234375
0 0.140871 0.713379 0.132812 0.0361328 0.0585938
0 0.141446 0.275391 0.837402 0.03125 0.0302734
0 0.142984 0.725586 0.81543 0.0410156 0.0625
0 0.143276 0.74707 0.364258 0.0195312 0.0253906
0 0.144071 0.313477 0.250488 0.0175781 0.0205078
0 0.144442 0.610352 0.428711 0.0117188 0.0234375
0 0.144487 0.643555 0.53125 0.0273438 0.0371094
0 0.145332 0.361816 0.0639648 0.0166016 0.0361328
0 0.145498 0.513672 0.199219 0.00976562 0.0214844
0 0.145574 0.692871 0.157227 0.0244141 0.0253906
0 0.147288 0.733398 0.985352 0.0253906 0.0234375
0 0.147783 0.51123 0.254883 0.0244141 0.0234375
0 0.148518 0.615723 0.729004 0.0126953 0.0244141
0 0.148959 0.737793 0.0913086 0.0478516 0.0537109
0 0.150151 0.312012 0.118652 0.0205078 0.0302734
0 0.150185 0.204102 0.879395 0.03125 0.0537109
0 0.150776 0.557617 0.724121 0.00976562 0.0224609
0 0.151005 0.755859 0.389648 0.0175781 0.0214844
0 0.151215 0.123535 0.0615234 0.0107422 0.0195312
0 0.151704 0.436523 0.283691 0.0449219 0.0302734
0 0.151953 0.629395 0.155762 0.0224609 0.0322266
0 0.151987 0.151367 0.309082 0.0292969 0.0498047
0 0.152845 0.536621 0.625 0.0126953 0.0175781
0 0.153752 0.106445 0.0126953 0.0703125 0.0214844
0 0.1545 0.499512 0.16748 0.0224609 0.0498047
0 0.154832 0.350098 0.370117 0.0185547 0.0234375
0 0.1549 0.311035 0.860352 0.0185547 0.0234375
0 0.155801 0.656738 0.229492 0.0283203 0.03125
0 0.155826 0.735352 0.135742 0.0390625 0.0605469
0 0.156366 0.583984 0.319824 0.0234375 0.0244141
0 0.156391 0.291504 0.984375 0.0205078 0.0292969
0 0.158192 0.0292969 0.591797 0.0566406 0.0703125
0 0.15898 0.588867 0.0996094 0.015625 0.0253906
0 0.160236 0.168945 0.88623 0.046875 0.0458984
0 0.160803 0.128906 0.246582 0.03125 0.0478516
0 0.161995 0.875 0.458496 0.0253906 0.0322266
0 0.162683 0.685547 0.160156 0.0214844 0.0253906
0 0.162998 0.377441 0.144043 0.0244141 0.0322266
0 0.163557 0.770996 0.576172 0.0263672 0.0214844
0 0.164623 0.290039 0.0908203 0.0214844 0.0332031
0 0.164774 0.642578 0.319336 0.0292969 0.0253906
0 0.165292 0.722656 0.46582 0.0234375 0.0214844
0 0.165726 0.684082 0.0322266 0.0595703 0.0507812
0 0.165759 0.682617 0.168945 0.0292969 0.0351562
0 0.166102 0.589844 0.518555 0.0273438 0.0234375
0 0.166417 0.717773 0.943359 0.0390625 0.046875
0 0.16734 0.607422 0.0478516 0.0175781 0.0292969
0 0.16784 0.154785 0.878906 0.0244141 0.0351562
0 0.168512 0.549805 0.781738 0.0175781 0.0244141
0 0.169527 0.673828 0.178223 0.0273438 0.0302734
0 0.172024 0.541992 0.136719 0.03125 0.0585938
0 0.172316 0.126953 0.467773 0.0195312 0.0234375
0 0.172464 0.424316 0.203613 0.0146484 0.0322266
0 0.172759 0.542969 0.116211 0.0351562 0.0527344
0 0.172996 0.701172 0.154297 0.0195312 0.03125
0 0.173364 0.691406 0.0268555 0.0351562 0.0361328
0 0.175003 0.189941 0.294922 0.0224609 0.0351562
0 0.175556 0.53418 0.305664 0.0449219 0.0488281
0 0.175917 0.407715 0.161621 0.0126953 0.0322266
0 0.176189 0.916016 0.291016 0.0234375 0.0351562
0 0.178191 0.489258 0.297852 0.015625 0.0234375
0 0.178616 0.501953 0.0131836 0.0214844 0.0263672
0 0.179419 0.800781 0.224609 0.015625 0.0195312
0 0.1813 0.804688 0.356445 0.0195312 0.0332031
0 0.181937 0.648438 0.119141 0.0273438 0.0292969
0 0.181989 0.823242 0.505371 0.0234375 0.0302734
0 0.182255 0.72998 0.182129 0.0244141 0.0419922
0 0.182439 0.793457 0.396484 0.0107422 0.0175781
0 0.182971 0.493164 0.0161133 0.0234375 0.0322266
0 0.18325 0.5625 0.0874023 0.0410156 0.0537109
0 0.184038 0.371094 0.0166016 0.0253906 0.0332031
0 0.184227 0.453613 0.0336914 0.0458984 0.0380859
0 0.18456 0.736328 0.163574 0.0292969 0.0517578
0 0.184964 0.193359 0.109375 0.0273438 0.046875
0 0.184996 0.208496 0.70752 0.0126953 0.0224609
0 0.185221 0.523438 0.177734 0.015625 0.0214844
0 0.187462 0.583008 0.0849609 0.0390625 0.0488281
0 0.18775 0.280762 0.372559 0.0302734 0.0224609
0 0.191919 0.269043 0.652832 0.0263672 0.0205078
0 0.192107 0.730957 0.110352 0.0498047 0.0546875
0 0.193676 0.754883 0.754395 0.0234375 0.0556641
0 0.194559 0.32959 0.744141 0.0146484 0.0253906
0 0.194758 0.283691 0.115234 0.0205078 0.0351562
0 0.195309 0.309082 0.792969 0.0146484 0.0214844
0 0.195755 0.52002 0.75293 0.0322266 0.0332031
0 0.196673 0.569336 0.727539 0.0292969 0.0332031
0 0.196958 0.338379 0.192871 0.0126953 0.0224609
0 0.19808 0.628906 0.359863 0.0390625 0.0322266
0 0.200368 0.21582 0.308105 0.0351562 0.0595703
0 0.200645 0.336914 0.143555 0.015625 0.0214844
0 0.200977 0.609375 0.266113 0.0332031 0.0556641
0 0.202818 0.47168 0.376953 0.0195312 0.0214844
0 0.204154 0.1875 0.20752 0.03125 0.0732422
0 0.205634 0.175781 0.046875 0.0195312 0.0292969
0 0.208316 0.227051 0.0341797 0.0341797 0.0546875
0 0.208469 0.333008 0.416016 0.0292969 0.0214844
0 0.208665 0.730469 0.167969 0.0175781 0.03125
0 0.208963 0.595215 0.0654297 0.0322266 0.0546875
0 0.210239 0.474609 0.416992 0.015625 0.0214844
0 0.21146 0.40918 0.0131836 0.0234375 0.0244141
0 0.211984 0.0966797 0.14209 0.0351562 0.0302734
0 0.212699 0.109375 0.562012 0.0390625 0.0380859
0 0.213515 0.325195 0.219238 0.0136719 0.0302734
0 0.214634 0.231934 0.279785 0.0263672 0.0498047
0 0.215108 0.650879 0.326172 0.0146484 0.0175781
0 0.215302 0.631836 0.317871 0.0195312 0.0224609
0 0.216711 0.379395 0.444336 0.0283203 0.0332031
0 0.218645 0.590332 0.699219 0.0166016 0.0390625
0 0.219079 0.313477 0.349609 0.0273438 0.0332031
0 0.219203 0.258301 0.241211 0.0205078 0.0292969
0 0.219492 0.29541 0.111328 0.0341797 0.0390625
0 0.219564 0.578613 0.527344 0.0322266 0.0253906
0 0.220544 0.755371 0.299316 0.0263672 0.0322266
0 0.221279 0.343262 0.0229492 0.0166016 0.0361328
0 0.222644 0.481934 0.0283203 0.0166016 0.0332031
0 0.222888 0.419434 0.190918 0.0361328 0.0361328
0 0.224639 0.228027 0.138672 0.0302734 0.0234375
0 0.225411 0.697266 0.467773 0.0175781 0.0214844
0 0.225932 0.577637 0.125 0.0205078 0.0234375
0 0.229076 0.0605469 0.774902 0.0253906 0.0322266
0 0.229285 0.424805 0.28125 0.0234375 0.0253906
0 0.230869 0.46582 0.281738 0.0175781 0.0302734
0 0.230908 0.469238 0.0371094 0.0224609 0.03125
0 0.231155 0.570312 0.388184 0.0175781 0.0244141
0 0.231745 0.498535 0.404297 0.0380859 0.0332031
0 0.234056 0.612305 0.284668 0.0390625 0.0380859
0 0.235625 0.220215 0.418945 0.0498047 0.0351562
0 0.235639 0.644043 0.703125 0.0205078 0.03125
0 0.239092 0.394043 0.13623 0.0146484 0.0244141
0 0.239765 0.0981445 0.369141 0.0185547 0.0429688
0 0.240234 0.455566 0.282715 0.0185547 0.0302734
0 0.241624 0.250488 0.133301 0.0185547 0.0244141
0 0.242009 0.259277 0.0136719 0.0126953 0.0273438
0 0.243318 0.681152 0.306152 0.0263672 0.0263672
0 0.243592 0.828613 0.287109 0.0302734 0.0253906
0 0.24427 0.64502 0.515137 0.0263672 0.0498047
0 0.244659 0.573242 0.081543 0.0214844 0.0302734
0 0.244964 0.174316 0.544434 0.0205078 0.0302734
0 0.24543 0.220703 0.0161133 0.03125 0.0322266
0 0.247063 0.496582 0.18457 0.0146484 0.0351562
0 0.247986 0.467773 0.117676 0.015625 0.0263672
0 0.250059 0.564941 0.118652 0.0458984 0.0498047
0 0.250846 0.740723 0.285645 0.0126953 0.0205078
0 0.253029 0.617676 0.206055 0.0205078 0.0234375
0 0.253331 0.477539 0.219238 0.0136719 0.0302734
0 0.253445 0.730469 0.335938 0.0253906 0.0332031
0 0.254529 0.472168 0.460449 0.0244141 0.0419922
0 0.255469 0.38916 0.318848 0.0166016 0.0224609
0 0.259326 0.0551758 0.241699 0.0361328 0.0517578
0 0.25975 0.710449 0.233398 0.0205078 0.0195312
0 0.262943 0.584473 0.34668 0.0244141 0.0332031
0 0.265477 0.707031 0.272461 0.0332031 0.03125
0 0.269964 0.305176 0.187988 0.0107422 0.0283203
0 0.272604 0.303711 0.106934 0.0214844 0.0400391
0 0.274324 0.456055 0.464844 0.0273438 0.0351562
0 0.277774 0.382812 0.0185547 0.0175781 0.03125
0 0.278148 0.641602 0.362793 0.0175781 0.0263672
0 0.280357 0.553711 0.219727 0.0175781 0.0351562
0 0.281415 0.176758 0.0117188 0.0292969 0.0234375
0 0.281457 0.753906 0.0258789 0.0488281 0.0478516
0 0.282032 0.666992 0.474609 0.0234375 0.0273438
0 0.284907 0.823242 0.214355 0.015625 0.0283203
0 0.285157 0.466797 0.197754 0.0195312 0.0244141
0 0.285286 0.475098 0.168457 0.0126953 0.0244141
0 0.288685 0.435547 0.128418 0.0234375 0.0380859
0 0.290677 0.549316 0.0825195 0.0146484 0.0478516
0 0.292248 0.615234 0.704102 0.0136719 0.0273438
0 0.292947 0.117676 0.246094 0.0400391 0.0605469
0 0.294849 0.388184 0.0610352 0.0439453 0.0361328
0 0.296053 0.167969 0.256348 0.015625 0.0224609
0 0.301032 0.090332 0.246094 0.0322266 0.0664062
0 0.303239 0.584961 0.775391 0.0234375 0.0195312
0 0.305037 0.198242 0.231445 0.0214844 0.0273438
0 0.307522 0.538574 0.0151367 0.0185547 0.0302734
0 0.308115 0.192383 0.30957 0.0273438 0.0605469
0 0.3108 0.189941 0.88623 0.0458984 0.0517578
0 0.314349 0.455078 0.368164 0.0292969 0.0273438
0 0.315112 0.142578 0.293457 0.0351562 0.0400391
0 0.316005 0.771484 0.131348 0.0332031 0.0517578
0 0.31832 0.416504 0.106445 0.0126953 0.0214844
0 0.320415 0.259277 0.342773 0.0166016 0.03125
0 0.321395 0.817383 0.279297 0.0410156 0.046875
0 0.322476 0.36377 0.201172 0.0146484 0.03125
0 0.323368 0.620117 0.355469 0.0234375 0.0273438
0 0.324871 0.405762 0.168945 0.0185547 0.0390625
0 0.325421 0.83252 0.440918 0.0361328 0.0517578
0 0.326372 0.601562 0.255371 0.0195312 0.0263672
0 0.327762 0.327148 0.165527 0.0195312 0.0302734
0 0.330237 0.316895 0.256836 0.0244141 0.0332031
0 0.330429 0.369141 0.0581055 0.0273438 0.0361328
0 0.333533 0.0820312 0.499512 0.0390625 0.0517578
0 0.334222 0.662109 0.0600586 0.0429688 0.0966797
0 0.33645 0.310059 0.0458984 0.0380859 0.0371094
0 0.336966 0.0732422 0.431152 0.0234375 0.0478516
0 0.337843 0.283691 0.236328 0.0146484 0.0292969
0 0.337986 0.637695 0.418457 0.0292969 0.0302734
0 0.341808 0.152832 0.219238 0.0263672 0.0439453
0 0.342281 0.41748 0.370605 0.0146484 0.0146484
0 0.347118 0.417969 0.248535 0.0136719 0.0361328
0 0.347138 0.134766 0.408691 0.0214844 0.0322266
0 0.347366 0.382324 0.399414 0.0107422 0.015625
0 0.348236 0.446777 0.0288086 0.0263672 0.0322266
0 0.350936 0.193359 0.76123 0.0332031 0.0419922
0 0.354526 0.183105 0.181152 0.0361328 0.0439453
0 0.355677 0.308594 0.619141 0.0195312 0.0234375
0 0.356307 0.585938 0.185547 0.0195312 0.0292969
0 0.356725 0.0830078 0.291504 0.0253906 0.0302734
0 0.35678 0.152344 0.345703 0.0371094 0.0527344
0 0.360232 0.234863 0.415039 0.0263672 0.0371094
0 0.367753 0.37207 0.155762 0.0214844 0.0498047
0 0.372148 0.469727 0.316406 0.00976562 0.0253906
0 0.373345 0.23584 0.0458984 0.0263672 0.0371094
0 0.375225 0.660645 0.256836 0.0361328 0.0351562
0 0.379804 0.437988 0.065918 0.0263672 0.0419922
0 0.38018 0.293457 0.0366211 0.0361328 0.0537109
0 0.380721 0.233398 0.518555 0.0253906 0.0292969
0 0.3819 0.0981445 0.181152 0.0283203 0.0419922
0 0.38652 0.380859 0.111816 0.0273438 0.0205078
0 0.390287 0.229004 0.977051 0.0244141 0.0419922
0 0.390407 0.499023 0.260254 0.0332031 0.0302734
0 0.391138 0.766602 0.208984 0.0253906 0.0332031
0 0.394085 0.138184 0.511719 0.0361328 0.0664062
0 0.394934 0.348145 0.228027 0.0166016 0.0302734
0 0.409315 0.706055 0.193848 0.015625 0.0224609
0 0.411465 0.566406 0.0170898 0.0214844 0.0322266
0 0.413875 0.320312 0.903809 0.0234375 0.0361328
0 0.414005 0.26709 0.504395 0.0361328 0.0419922
0 0.418676 0.446289 0.234375 0.00976562 0.0195312
0 0.421128 0.233398 0.264648 0.0214844 0.0273438
0 0.424277 0.170898 0.12207 0.0273438 0.0410156
0 0.428935 0.649414 0.195801 0.0234375 0.0322266
0 0.430999 0.404297 0.180664 0.0175781 0.0332031
0 0.433017 0.429199 0.318359 0.0185547 0.0292969
0 0.43322 0.519043 0.677246 0.0146484 0.0224609
0 0.43736 0.207031 0.0922852 0.0234375 0.0498047
0 0.437875 0.291504 0.185547 0.0126953 0.0273438
0 0.440649 0.106934 0.441895 0.0283203 0.0419922
0 0.442621 0.078125 0.862305 0.0566406 0.078125
0 0.44367 0.557129 0.206543 0.0185547 0.0361328
0 0.444518 0.443359 0.341797 0.0253906 0.03125
0 0.45588 0.189453 0.95459 0.0390625 0.0419922
0 0.458855 0.231445 0.229492 0.0273438 0.0429688
0 0.467278 0.45752 0.0893555 0.0302734 0.0458984
0 0.471177 0.433594 0.198242 0.0332031 0.0332031
0 0.4735 0.188477 0.422363 0.0292969 0.0419922
0 0.478076 0.224121 0.307129 0.0244141 0.0439453
0 0.47904 0.34375 0.311035 0.0234375 0.0322266
0 0.479118 0.136719 0.117188 0.03125 0.0507812
0 0.479557 0.40332 0.0629883 0.0195312 0.0263672
0 0.485633 0.546875 0.360352 0.0117188 0.0332031
0 0.487978 0.50293 0.156738 0.0214844 0.0380859
0 0.499552 0.240723 0.173828 0.0283203 0.046875
0 0.523583 0.322266 0.0810547 0.0195312 0.0253906
0 0.538864 0.51123 0.0859375 0.0380859 0.0371094
0 0.551019 0.389648 0.260742 0.0292969 0.0585938
0 0.623419 0.263672 0.0810547 0.0253906 0.0371094
0 0.635198 0.443848 0.157227 0.0205078 0.0332031
0 0.653362 0.569336 0.258301 0.0234375 0.0380859
0 0.705192 0.268555 0.908691 0.0410156 0.0498047
