0 0.100474 0.20166 0.188965 0.0302734 0.0322266
0 0.10191 0.367188 0.419922 0.0332031 0.0566406
0 0.101914 0.591797 0.118164 0.0449219 0.0683594
0 0.102693 0.144043 0.899902 0.0205078 0.0224609
0 0.102905 0.473145 0.410645 0.0126953 0.0302734
0 0.103033 0.378418 0.0795898 0.0341797 0.0498047
0 0.103681 0.663086 0.0317383 0.0839844 0.0634766
0 0.10434 0.691895 0.119141 0.0302734 0.046875
0 0.104355 0.33252 0.86377 0.0166016 0.0439453
0 0.104506 0.474121 0.703125 0.0224609 0.03125
0 0.105109 0.191406 0.189941 0.0527344 0.0478516
0 0.105199 0.542969 0.469238 0.0332031 0.0576172
0 0.105655 0.557129 0.989258 0.0283203 0.0214844
0 0.106107 0.335938 0.0913086 0.0136719 0.0224609
0 0.106266 0.16748 0.569336 0.0478516 0.0449219
0 0.106381 0.1875 0.100098 0.0585938 0.0517578
0 0.106736 0.543945 0.19873 0.0625 0.0732422
0 0.108828 0.618164 0.137207 0.0488281 0.0556641
0 0.109894 0.385742 0.366699 0.0371094 0.0498047
0 0.1105 0.383789 0.335449 0.0351562 0.0595703
0 0.110719 0.342773 0.315918 0.0292969 0.0302734
0 0.110937 0.271484 0.0410156 0.03125 0.0371094
0 0.110969 0.232422 0.185059 0.0273438 0.0263672
0 0.111069 0.561035 0.0361328 0.0380859 0.0722656
0 0.113882 0.442871 0.916992 0.0556641 0.0683594
0 0.11551 0.549805 0.431641 0.0253906 0.0351562
0 0.116822 0.230469 0.101562 0.0332031 0.0429688
0 0.117758 0.306152 0.125977 0.0185547 0.0371094
0 0.120818 0.268066 0.96582 0.0380859 0.0625
0 0.121115 0.435547 0.034668 0.015625 0.0283203
0 0.121608 0.347656 0.0717773 0.0136719 0.0380859
0 0.122457 0.1875 0.26416 0.046875 0.0498047
0 0.123709 0.40625 0.51709 0.0273438 0.0263672
0 0.124459 0.152832 0.965332 0.0947266 0.0673828
0 0.124714 0.784668 0.467773 0.0498047 0.0625
0 0.126131 0.569824 0.15625 0.0224609 0.03125
0 0.126168 0.564941 0.231934 0.0380859 0.0556641
0 0.127397 0.509277 0.282227 0.0419922 0.0507812
0 0.129949 0.429688 0.333984 0.0253906 0.0351562
0 0.130111 0.348145 0.368652 0.0205078 0.0419922
0 0.130447 0.342773 0.902832 0.0332031 0.0439453
0 0.13093 0.311523 0.941895 0.0234375 0.0537109
0 0.132192 0.163574 0.584961 0.0615234 0.0820312
0 0.134261 0.223145 0.879395 0.0419922 0.0556641
0 0.135876 0.0961914 0.560547 0.0458984 0.0410156
0 0.136916 0.721191 0.972168 0.0380859 0.0419922
0 0.137114 0.216797 0.0366211 0.0585938 0.0556641
0 0.13772 0.333984 0.623047 0.0429688 0.0507812
0 0.137952 0.330566 0.214844 0.0185547 0.0273438
0 0.138417 0.405273 0.932617 0.0214844 0.0410156
0 0.138937 0.605469 0.0209961 0.0292969 0.0419922
0 0.139627 0.414062 0.19873 0.0371094 0.0537109
0 0.139904 0.3125 0.368164 0.015625 0.0253906
0 0.140739 0.252441 0.876953 0.0185547 0.03125
0 0.143245 0.348633 0.0791016 0.0214844 0.0585938
0 0.144171 0.441406 0.0571289 0.0664062 0.0634766
0 0.144612 0.188965 0.967285 0.0244141 0.0498047
0 0.146335 0.579102 0.646484 0.0332031 0.03125
0 0.147055 0.518555 0.931152 0.0273438 0.0419922
0 0.150856 0.615234 0.0546875 0.0976562 0.103516
0 0.151418 0.448242 0.571289 0.0292969 0.0449219
0 0.153002 0.532227 0.140137 0.03125 0.0556641
0 0.15412 0.137695 0.972168 0.0566406 0.0458984
0 0.159268 0.59375 0.719727 0.0273438 0.0390625
0 0.161418 0.256836 0.238281 0.0292969 0.0410156
0 0.163227 0.108398 0.551758 0.0449219 0.0449219
0 0.164201 0.380859 0.380371 0.0253906 0.0244141
0 0.164713 0.47168 0.361816 0.0136719 0.0224609
0 0.165211 0.229492 0.811523 0.0195312 0.0332031
0 0.166371 0.576172 0.837891 0.0214844 0.0410156
0 0.167655 0.755371 0.166016 0.0302734 0.0429688
0 0.167834 0.333008 0.171387 0.0253906 0.0302734
0 0.16932 0.245117 0.871094 0.0351562 0.0390625
0 0.17136 0.406738 0.286621 0.0205078 0.0283203
0 0.172033 0.0751953 0.663574 0.0507812 0.0595703
0 0.172045 0.171387 0.213379 0.0283203 0.0341797
0 0.17461 0.294434 0.408203 0.0185547 0.0332031
0 0.177029 0.558105 0.438477 0.0283203 0.03125
0 0.177136 0.0786133 0.533691 0.0302734 0.0322266
0 0.180628 0.550781 0.496582 0.0175781 0.0283203
0 0.181075 0.492188 0.703125 0.0488281 0.046875
0 0.182714 0.302734 0.309082 0.0371094 0.0322266
0 0.183252 0.404785 0.012207 0.0166016 0.0244141
0 0.187809 0.617188 0.469727 0.0351562 0.0566406
0 0.18932 0.17334 0.105469 0.0361328 0.0449219
0 0.193231 0.119141 0.540039 0.03125 0.03125
0 0.195801 0.414551 0.0551758 0.0283203 0.0400391
0 0.195985 0.445801 0.291992 0.0283203 0.0292969
0 0.196667 0.564453 0.059082 0.0488281 0.0966797
0 0.196989 0.547363 0.486816 0.0224609 0.0517578
0 0.2009 0.297852 0.255859 0.015625 0.0332031
0 0.201924 0.248047 0.362305 0.0273438 0.0292969
0 0.202935 0.335938 0.418457 0.0117188 0.0166016
0 0.211545 0.73877 0.11377 0.0126953 0.0224609
0 0.21586 0.208496 0.661133 0.0693359 0.0546875
0 0.221119 0.342773 0.634277 0.046875 0.0439453
0 0.221905 0.262207 0.168457 0.0283203 0.0537109
0 0.223198 0.799805 0.258301 0.0429688 0.0439453
0 0.224239 0.36377 0.190918 0.0205078 0.0556641
0 0.22511 0.435547 0.211914 0.0546875 0.0761719
0 0.226837 0.28125 0.0297852 0.046875 0.0537109
0 0.227735 0.292969 0.0170898 0.0332031 0.0341797
0 0.229031 0.302246 0.115723 0.0263672 0.0556641
0 0.229464 0.276367 0.611816 0.0527344 0.0556641
0 0.233024 0.213379 0.103516 0.0361328 0.0410156
0 0.236101 0.220215 0.918457 0.0205078 0.0439453
0 0.237104 0.32666 0.272949 0.0244141 0.0263672
0 0.245831 0.555176 0.216309 0.0537109 0.0712891
0 0.247486 0.713867 0.359375 0.0429688 0.0566406
0 0.250414 0.57959 0.0317383 0.0126953 0.0283203
0 0.253125 0.553711 0.0175781 0.0371094 0.0351562
0 0.258222 0.568848 0.657715 0.0380859 0.0517578
0 0.263735 0.533203 0.769531 0.03125 0.0488281
0 0.265305 0.63916 0.0439453 0.0654297 0.078125
0 0.270861 0.334473 0.0205078 0.0205078 0.0332031
0 0.276136 0.17627 0.905273 0.0302734 0.0449219
0 0.2791 0.439941 0.235352 0.0380859 0.0449219
0 0.290188 0.432617 0.1875 0.0644531 0.0566406
0 0.29664 0.478516 0.131348 0.03125 0.0576172
0 0.325214 0.770508 0.308594 0.0429688 0.0664062
0 0.334244 0.244629 0.0869141 0.0166016 0.0371094
0 0.348571 0.679199 0.121094 0.0341797 0.0410156
0 0.363188 0.144043 0.624512 0.0673828 0.0849609
0 0.370922 0.366699 0.0209961 0.0341797 0.0419922
0 0.372376 0.311523 0.0605469 0.00976562 0.0273438
0 0.37547 0.260742 0.585938 0.0800781 0.0839844
0 0.385932 0.696777 0.166016 0.0498047 0.0625
0 0.408371 0.46875 0.0532227 0.078125 0.0673828
0 0.411252 0.510254 0.692871 0.0478516 0.0537109
0 0.417814 0.362793 0.0786133 0.0419922 0.0634766
0 0.421207 0.441406 0.991699 0.0214844 0.0166016
0 0.428723 0.234863 0.868164 0.0458984 0.0566406
0 0.429627 0.298828 0.175293 0.0175781 0.0322266
0 0.441416 0.411133 0.67627 0.0585938 0.0439453
0 0.477206 0.383301 0.152832 0.0205078 0.0361328
0 0.480959 0.754883 0.424316 0.0839844 0.0654297
0 0.484095 0.406738 0.110352 0.0283203 0.0429688
0 0.485176 0.329102 0.132324 0.0195312 0.0302734
0 0.498518 0.281738 0.101074 0.0341797 0.0537109
0 0.591948 0.708008 0.0249023 0.0410156 0.0498047
