0 0.102993 0.656738 0.788574 0.0244141 0.0419922
0 0.105274 0.416992 0.723145 0.0371094 0.0634766
0 0.107835 0.325195 0.85791 0.0214844 0.0205078
0 0.113994 0.431152 0.966309 0.0205078 0.0341797
0 0.116742 0.323242 0.0600586 0.130859 0.108398
0 0.116807 0.708496 0.90918 0.0380859 0.0527344
0 0.117678 0.487305 0.0751953 0.132812 0.144531
0 0.118907 0.348145 0.907227 0.0205078 0.03125
0 0.119694 0.336426 0.188965 0.0673828 0.0615234
0 0.121203 0.39209 0.0258789 0.0830078 0.0517578
0 0.122073 0.671875 0.710449 0.046875 0.0712891
0 0.129928 0.535645 0.414551 0.0732422 0.0966797
0 0.130958 0.387695 0.314941 0.0800781 0.0947266
0 0.139179 0.108887 0.892578 0.0302734 0.0546875
0 0.141099 0.286133 0.851562 0.0214844 0.0488281
0 0.141305 0.458984 0.767578 0.0136719 0.0292969
0 0.148602 0.372559 0.165039 0.0576172 0.117188
0 0.161055 0.340332 0.317383 0.0947266 0.123047
0 0.170418 0.637207 0.597168 0.0537109 0.0595703
0 0.171217 0.381836 0.188477 0.0566406 0.0683594
0 0.179452 0.849609 0.957031 0.0292969 0.0273438
0 0.184856 0.281738 0.081543 0.0478516 0.0791016
0 0.22083 0.608398 0.897949 0.0332031 0.0400391
0 0.232352 0.568848 0.682617 0.0283203 0.0273438
0 0.255138 0.445801 0.848145 0.0185547 0.0283203
0 0.265033 0.21875 0.256348 0.183594 0.231445
0 0.273672 0.318848 0.155273 0.0458984 0.0683594
0 0.27513 0.436523 0.180176 0.0644531 0.110352
0 0.325185 0.592773 0.954102 0.0234375 0.0410156
0 0.352964 0.183594 0.0561523 0.140625 0.112305
