0 0.102136 0.662598 0.154297 0.0126953 0.0175781
0 0.110053 0.416992 0.109375 0.0195312 0.0410156
0 0.111987 0.289551 0.123047 0.0283203 0.0429688
0 0.115786 0.458496 0.120605 0.0263672 0.0439453
0 0.119652 0.855469 0.152832 0.0703125 0.0615234
0 0.121189 0.496582 0.241211 0.0205078 0.0234375
0 0.122827 0.452637 0.106934 0.0185547 0.0361328
0 0.128531 0.510742 0.405762 0.0195312 0.0244141
0 0.13101 0.569336 0.0678711 0.015625 0.0185547
0 0.144638 0.332031 0.302734 0.0253906 0.046875
0 0.150524 0.344727 0.00976562 0.0410156 0.015625
0 0.150677 0.458008 0.286621 0.0507812 0.0478516
0 0.153682 0.433594 0.0424805 0.0703125 0.0712891
0 0.172318 0.503906 0.0522461 0.0332031 0.0517578
0 0.172813 0.510742 0.119141 0.0273438 0.0234375
0 0.203641 0.392578 0.180176 0.0214844 0.0283203
0 0.206195 0.441406 0.231934 0.0371094 0.0498047
0 0.214903 0.433594 0.150391 0.0175781 0.0292969
0 0.224373 0.370117 0.227051 0.0527344 0.0478516
0 0.243644 0.411621 0.62207 0.0400391 0.0507812
0 0.272587 0.544434 0.196777 0.0244141 0.0419922
0 0.289573 0.378906 0.121094 0.0351562 0.0527344
0 0.298941 0.479004 0.146973 0.0341797 0.0361328
