0 0.102696 0.699219 0.206055 0.0136719 0.0214844
0 0.105037 0.181152 0.240234 0.0634766 0.0566406
0 0.106429 0.166504 0.232422 0.0458984 0.0546875
0 0.110749 0.612793 0.44043 0.0126953 0.0234375
0 0.11998 0.144043 0.18457 0.0458984 0.0664062
0 0.130284 0.712891 0.043457 0.0175781 0.0361328
0 0.133088 0.307617 0.311035 0.0546875 0.0478516
0 0.146124 0.34668 0.61084 0.015625 0.0205078
0 0.152026 0.400391 0.128906 0.0488281 0.0644531
0 0.160361 0.364746 0.305176 0.0185547 0.0205078
0 0.163835 0.709961 0.0366211 0.0292969 0.0498047
0 0.172802 0.614746 0.0151367 0.0283203 0.0263672
0 0.19693 0.555664 0.0742188 0.0214844 0.0273438
0 0.235073 0.708008 0.26123 0.0292969 0.0400391
0 0.241207 0.384277 0.395508 0.0146484 0.015625
0 0.248472 0.726074 0.184082 0.0205078 0.0322266
0 0.256929 0.309082 0.556641 0.0224609 0.0195312
0 0.257534 0.446289 0.31543 0.0234375 0.0292969
0 0.276042 0.670898 0.027832 0.0507812 0.0537109
0 0.283483 0.78418 0.0498047 0.0429688 0.0566406
