0 0.104391 0.556641 0.819336 0.0410156 0.0390625
0 0.104852 0.149414 0.294434 0.0410156 0.0478516
0 0.109042 0.115234 0.693359 0.0351562 0.0410156
0 0.112909 0.187988 0.727539 0.0263672 0.0546875
0 0.114563 0.287598 0.664062 0.0537109 0.0566406
0 0.119559 0.291016 0.878418 0.0371094 0.0419922
0 0.1233 0.6875 0.481445 0.03125 0.0332031
0 0.123313 0.62207 0.686523 0.0253906 0.0449219
0 0.123347 0.818359 0.437012 0.0507812 0.0849609
0 0.125533 0.382812 0.0620117 0.0644531 0.100586
0 0.126303 0.370117 0.774902 0.0234375 0.0302734
0 0.126428 0.632324 0.462891 0.0263672 0.03125
0 0.126499 0.373535 0.98291 0.0302734 0.0341797
0 0.130461 0.29541 0.734863 0.0458984 0.0771484
0 0.138393 0.668457 0.464355 0.0263672 0.0341797
0 0.140919 0.331543 0.97168 0.0439453 0.0507812
0 0.149299 0.628418 0.533203 0.0244141 0.0234375
0 0.151014 0.314941 0.58252 0.0205078 0.0283203
0 0.155391 0.337402 0.773926 0.0302734 0.0458984
0 0.159406 0.772949 0.459961 0.0458984 0.078125
0 0.160631 0.0800781 0.676758 0.015625 0.0195312
0 0.161471 0.475098 0.958984 0.0576172 0.0722656
0 0.162019 0.303223 0.71582 0.0244141 0.0566406
0 0.173137 0.583008 0.520996 0.0488281 0.0634766
0 0.180653 0.443848 0.0571289 0.0673828 0.114258
0 0.194533 0.181641 0.525391 0.046875 0.0527344
0 0.198465 0.414062 0.955078 0.0195312 0.0273438
0 0.199868 0.217285 0.708984 0.0576172 0.0664062
0 0.203969 0.081543 0.535156 0.0478516 0.0683594
0 0.203988 0.166016 0.702637 0.03125 0.0302734
0 0.211088 0.781738 0.64502 0.0302734 0.0498047
0 0.21794 0.409668 0.766602 0.0205078 0.0371094
0 0.228529 0.581543 0.537109 0.0361328 0.0371094
0 0.240222 0.684082 0.555664 0.0439453 0.0488281
0 0.273686 0.611816 0.812988 0.0244141 0.0361328
0 0.355004 0.114746 0.47168 0.0419922 0.0410156
0 0.394354 0.171875 0.319336 0.03125 0.046875
0 0.414797 0.522461 0.659668 0.0214844 0.0302734
