0 0.100598 0.833984 0.686035 0.0253906 0.0263672
0 0.103035 0.28125 0.0712891 0.0117188 0.0234375
0 0.104938 0.243164 0.0151367 0.0273438 0.0302734
0 0.108352 0.83252 0.401855 0.0205078 0.0302734
0 0.110243 0.56543 0.0795898 0.0234375 0.0498047
0 0.110614 0.460449 0.505859 0.0166016 0.0371094
0 0.11418 0.506348 0.00683594 0.0107422 0.0136719
0 0.116163 0.872559 0.777832 0.0244141 0.0361328
0 0.116645 0.244141 0.103027 0.03125 0.0458984
0 0.121179 0.512207 0.597656 0.0302734 0.0332031
0 0.128279 0.410645 0.22168 0.0166016 0.0195312
0 0.132116 0.344727 0.0126953 0.0292969 0.0253906
0 0.144996 0.484375 0.392578 0.0214844 0.0214844
0 0.151056 0.390137 0.707031 0.0302734 0.0449219
0 0.151784 0.297363 0.0756836 0.0146484 0.0205078
0 0.153989 0.479492 0.0107422 0.0175781 0.0214844
0 0.156678 0.664551 0.14209 0.0166016 0.0146484
0 0.16173 0.280273 0.232422 0.0175781 0.0234375
0 0.162249 0.555176 0.172852 0.0341797 0.0390625
0 0.172446 0.135254 0.214844 0.0498047 0.0566406
0 0.175375 0.529297 0.348145 0.0117188 0.0224609
0 0.181741 0.32373 0.180176 0.0185547 0.0283203
0 0.198244 0.521484 0.074707 0.0195312 0.0302734
0 0.204909 0.594727 0.0737305 0.0195312 0.0224609
0 0.2056 0.765137 0.17627 0.0166016 0.0205078
0 0.207955 0.461914 0.144043 0.0136719 0.0185547
0 0.272117 0.716797 0.270996 0.0175781 0.0322266
0 0.273988 0.454102 0.504883 0.0292969 0.046875
0 0.297934 0.334473 0.043457 0.0224609 0.0498047
0 0.300886 0.400879 0.138672 0.0166016 0.0234375
0 0.367891 0.447266 0.703613 0.0253906 0.0498047
0 0.437782 0.382812 0.432129 0.0195312 0.0302734
0 0.549299 0.4375 0.0512695 0.0390625 0.0458984
