0 0.100257 0.419434 0.181152 0.0615234 0.0576172
0 0.100991 0.462402 0.0712891 0.0302734 0.046875
0 0.101354 0.439453 0.105469 0.0195312 0.0410156
0 0.103303 0.508789 0.509766 0.0292969 0.046875
0 0.104412 0.455078 0.583984 0.03125 0.03125
0 0.106766 0.844727 0.476074 0.0332031 0.0302734
0 0.106852 0.939941 0.41748 0.0673828 0.0693359
0 0.108802 0.648438 0.71875 0.015625 0.0273438
0 0.111017 0.809082 0.344238 0.0458984 0.0537109
0 0.111469 0.365234 0.162598 0.0488281 0.0615234
0 0.112364 0.379883 0.496582 0.0351562 0.0322266
0 0.112779 0.396484 0.535156 0.0175781 0.0292969
0 0.113616 0.783203 0.472168 0.0351562 0.0498047
0 0.118027 0.317383 0.675293 0.0175781 0.0224609
0 0.118114 0.529785 0.22998 0.0283203 0.0400391
0 0.118537 0.539062 0.0854492 0.0527344 0.0537109
0 0.120517 0.635254 0.676758 0.0126953 0.03125
0 0.123008 0.392578 0.733887 0.0214844 0.0263672
0 0.123266 0.158203 0.654297 0.0488281 0.046875
0 0.124252 0.45459 0.606934 0.0380859 0.0478516
0 0.124951 0.354004 0.553223 0.0263672 0.0361328
0 0.125326 0.839844 0.285645 0.0410156 0.0791016
0 0.125454 0.524902 0.984863 0.0322266 0.0283203
0 0.126262 0.72998 0.289551 0.0302734 0.0498047
0 0.127015 0.757324 0.505371 0.0439453 0.0478516
0 0.128199 0.150879 0.235352 0.0361328 0.0390625
0 0.130687 0.424316 0.568359 0.0166016 0.0234375
0 0.131334 0.391113 0.604004 0.0244141 0.0400391
0 0.132679 0.528809 0.0244141 0.0517578 0.0449219
0 0.135419 0.904297 0.320312 0.0273438 0.046875
0 0.137414 0.53125 0.666992 0.0234375 0.03125
0 0.138212 0.456055 0.494629 0.0371094 0.0361328
0 0.140455 0.603516 0.0283203 0.0273438 0.0527344
0 0.141691 0.473633 0.17041 0.0253906 0.0302734
0 0.143228 0.501953 0.315918 0.0214844 0.0244141
0 0.144541 0.589844 0.844238 0.0273438 0.0361328
0 0.148252 0.840332 0.464844 0.0556641 0.0488281
0 0.150811 0.0366211 0.269531 0.0263672 0.0390625
0 0.152421 0.742188 0.429688 0.0351562 0.0214844
0 0.15292 0.445801 0.59375 0.0361328 0.046875
0 0.15568 0.823242 0.446777 0.0429688 0.0595703
0 0.158778 0.936523 0.519043 0.0878906 0.0537109
0 0.15969 0.503418 0.753418 0.0263672 0.0361328
0 0.164288 0.521973 0.232422 0.0498047 0.0605469
0 0.165995 0.442871 0.602539 0.0244141 0.0332031
0 0.167733 0.305664 0.0380859 0.0800781 0.0683594
0 0.168942 0.681641 0.644043 0.0292969 0.0322266
0 0.171453 0.789062 0.416504 0.0214844 0.0263672
0 0.172087 0.391113 0.974609 0.0498047 0.0429688
0 0.185978 0.565918 0.621582 0.0244141 0.0263672
0 0.18608 0.779785 0.484375 0.0595703 0.0625
0 0.192529 0.0966797 0.330078 0.0488281 0.0507812
0 0.194039 0.122559 0.180664 0.0595703 0.0625
0 0.194731 0.416016 0.61377 0.0175781 0.0263672
0 0.19935 0.0966797 0.09375 0.0351562 0.0390625
0 0.206089 0.191406 0.0893555 0.0449219 0.0576172
0 0.207282 0.866211 0.46582 0.0644531 0.0527344
0 0.207925 0.440918 0.960449 0.0263672 0.0283203
0 0.20819 0.593262 0.85791 0.0322266 0.0654297
0 0.208954 0.351562 0.706055 0.0273438 0.0351562
0 0.210876 0.380859 0.960938 0.03125 0.0644531
0 0.215012 0.529297 0.65625 0.0371094 0.0488281
0 0.219998 0.70166 0.32959 0.0322266 0.0595703
0 0.22567 0.602539 0.735352 0.0351562 0.046875
0 0.227515 0.558594 0.700195 0.015625 0.0273438
0 0.237196 0.446289 0.0947266 0.0332031 0.0585938
0 0.237243 0.360352 0.0766602 0.046875 0.0634766
0 0.240431 0.378418 0.942871 0.0244141 0.0478516
0 0.248164 0.70166 0.155273 0.0283203 0.0253906
0 0.254083 0.521973 0.0219727 0.0283203 0.0361328
0 0.280456 0.455078 0.98877 0.0390625 0.0224609
0 0.294422 0.360352 0.803223 0.03125 0.0341797
0 0.300818 0.760254 0.494629 0.0693359 0.0634766
0 0.307174 0.311035 0.973145 0.0283203 0.0419922
0 0.313142 0.0839844 0.875977 0.0351562 0.0390625
0 0.317517 0.097168 0.290039 0.0732422 0.0917969
0 0.325439 0.606934 0.337402 0.0224609 0.0244141
0 0.335341 0.600586 0.558594 0.0234375 0.03125
0 0.335525 0.404785 0.813477 0.0205078 0.0351562
0 0.348409 0.305664 0.754395 0.0214844 0.0517578
0 0.357212 0.480957 0.830566 0.0302734 0.0341797
0 0.381739 0.65332 0.52002 0.0332031 0.0556641
0 0.39585 0.755859 0.699707 0.0253906 0.0537109
0 0.398271 0.702148 0.714844 0.0449219 0.0566406
0 0.419032 0.70459 0.432129 0.0263672 0.0361328
0 0.458292 0.508789 0.740723 0.0332031 0.0537109
0 0.496071 0.467773 0.835449 0.0507812 0.0419922
0 0.565326 0.479492 0.919434 0.0292969 0.0634766
