0 0.101528 0.711426 0.890625 0.0244141 0.0234375
0 0.102734 0.268555 0.220215 0.0839844 0.112305
0 0.103242 0.711426 0.0219727 0.0654297 0.0400391
0 0.103601 0.520508 0.892578 0.0410156 0.0527344
0 0.104513 0.512207 0.725098 0.0263672 0.0380859
0 0.105126 0.545898 0.23291 0.0292969 0.0419922
0 0.10896 0.506836 0.0268555 0.0664062 0.0498047
0 0.112219 0.493652 0.269531 0.0361328 0.0449219
0 0.112524 0.51123 0.842285 0.0205078 0.0205078
0 0.113805 0.479492 0.0224609 0.03125 0.0410156
0 0.114521 0.660645 0.76709 0.0126953 0.0302734
0 0.115424 0.453613 0.329102 0.0302734 0.0527344
0 0.115611 0.469238 0.749023 0.0166016 0.0292969
0 0.117302 0.486816 0.741211 0.0419922 0.0410156
0 0.118765 0.654785 0.656738 0.0146484 0.0205078
0 0.119683 0.641602 0.0957031 0.0449219 0.0703125
0 0.120434 0.808105 0.439453 0.0322266 0.03125
0 0.121973 0.418457 0.311035 0.0244141 0.0400391
0 0.122321 0.633789 0.0297852 0.107422 0.0517578
0 0.124332 0.554688 0.674316 0.0117188 0.0244141
0 0.127222 0.367188 0.772461 0.0117188 0.0214844
0 0.127632 0.24707 0.0922852 0.0449219 0.0595703
0 0.137317 0.230469 0.0283203 0.0917969 0.0566406
0 0.138433 0.414551 0.716797 0.0224609 0.0566406
0 0.139001 0.767578 0.169434 0.0722656 0.0556641
0 0.140982 0.770508 0.862793 0.03125 0.0302734
0 0.143793 0.568848 0.878418 0.0400391 0.0537109
0 0.145118 0.517578 0.711914 0.015625 0.0253906
0 0.146874 0.592773 0.0258789 0.0625 0.0458984
0 0.14726 0.323242 0.603516 0.0214844 0.0351562
0 0.149128 0.337402 0.969238 0.0185547 0.0302734
0 0.152077 0.605957 0.366699 0.0283203 0.0322266
0 0.154044 0.48291 0.0292969 0.0556641 0.0546875
0 0.155023 0.770508 0.989258 0.0273438 0.0214844
0 0.159592 0.0795898 0.155273 0.0400391 0.0332031
0 0.159796 0.532715 0.678223 0.00878906 0.0205078
0 0.160593 0.563965 0.916504 0.0380859 0.0634766
0 0.16072 0.567871 0.930176 0.0322266 0.0341797
0 0.161022 0.506348 0.333984 0.0478516 0.0527344
0 0.163377 0.743164 0.0693359 0.0605469 0.0859375
0 0.165177 0.745605 0.577637 0.0458984 0.0400391
0 0.166808 0.637207 0.208984 0.0537109 0.0605469
0 0.170423 0.666504 0.896484 0.0146484 0.0234375
0 0.171511 0.533691 0.23877 0.0537109 0.0478516
0 0.171647 0.506836 0.732422 0.0234375 0.0332031
0 0.176053 0.549805 0.417969 0.0214844 0.0253906
0 0.178513 0.209473 0.604492 0.0224609 0.0332031
0 0.178549 0.525879 0.337402 0.0537109 0.0498047
0 0.179889 0.635254 0.111816 0.0283203 0.0673828
0 0.188958 0.680176 0.134766 0.0361328 0.0390625
0 0.190944 0.469238 0.284668 0.0341797 0.0478516
0 0.198768 0.518066 0.244629 0.0517578 0.0439453
0 0.200177 0.236328 0.56543 0.0195312 0.0292969
0 0.201062 0.485352 0.688477 0.015625 0.0273438
0 0.207179 0.65332 0.862793 0.0273438 0.0224609
0 0.209865 0.557617 0.884277 0.0683594 0.0732422
0 0.217036 0.59375 0.234863 0.0371094 0.0419922
0 0.242516 0.426758 0.10498 0.0527344 0.0771484
0 0.246717 0.349609 0.0922852 0.0488281 0.0849609
0 0.25175 0.59375 0.70752 0.0175781 0.0361328
0 0.261314 0.354004 0.906738 0.0419922 0.0732422
0 0.263935 0.453613 0.783691 0.0146484 0.0283203
0 0.268292 0.536621 0.788574 0.0302734 0.0478516
0 0.283168 0.460938 0.649414 0.0136719 0.015625
0 0.286798 0.504395 0.746094 0.0185547 0.0410156
0 0.290205 0.750488 0.73584 0.0302734 0.0517578
0 0.319435 0.570312 0.774902 0.0253906 0.0263672
0 0.338343 0.474609 0.740234 0.0195312 0.0234375
0 0.346238 0.41748 0.323242 0.0341797 0.0546875
0 0.348889 0.278809 0.608398 0.0400391 0.0566406
0 0.365482 0.831055 0.583496 0.0664062 0.0419922
0 0.387768 0.201172 0.619629 0.0214844 0.0263672
0 0.38928 0.494629 0.34668 0.0380859 0.0546875
0 0.400573 0.612793 0.282227 0.0439453 0.0507812
0 0.401227 0.294922 0.673828 0.0253906 0.0292969
0 0.460078 0.648926 0.708984 0.0341797 0.0546875
