0 0.100935 0.457031 0.455078 0.0175781 0.03125
0 0.102288 0.481445 0.15332 0.0195312 0.0351562
0 0.102806 0.346191 0.132324 0.0419922 0.0634766
0 0.10324 0.243164 0.177734 0.0214844 0.0429688
0 0.10547 0.60791 0.0239258 0.0380859 0.0400391
0 0.105761 0.369141 0.19873 0.0195312 0.0166016
0 0.107564 0.458008 0.13916 0.0195312 0.0302734
0 0.11149 0.418457 0.312988 0.0205078 0.0302734
0 0.111592 0.189453 0.782715 0.0644531 0.0771484
0 0.112773 0.227051 0.419434 0.0224609 0.0263672
0 0.1167 0.193848 0.307617 0.0302734 0.0253906
0 0.117687 0.367188 0.0415039 0.0175781 0.0302734
0 0.120694 0.379395 0.0927734 0.0205078 0.03125
0 0.122103 0.356934 0.163086 0.0517578 0.0546875
0 0.124587 0.404785 0.0161133 0.0263672 0.0322266
0 0.127492 0.302734 0.342773 0.015625 0.0253906
0 0.127857 0.133301 0.433105 0.0283203 0.0458984
0 0.128959 0.282715 0.476562 0.0126953 0.015625
0 0.130861 0.354004 0.0126953 0.0205078 0.0253906
0 0.145856 0.429688 0.0927734 0.015625 0.0273438
0 0.145867 0.424316 0.307129 0.0185547 0.0205078
0 0.147096 0.303223 0.0141602 0.0322266 0.0283203
0 0.151854 0.254883 0.111816 0.0273438 0.0341797
0 0.152528 0.309082 0.430176 0.0185547 0.0224609
0 0.155389 0.307617 0.38623 0.0117188 0.0185547
0 0.158828 0.370605 0.435059 0.0185547 0.0439453
0 0.159909 0.254883 0.313965 0.03125 0.0341797
0 0.181575 0.574219 0.102539 0.0273438 0.03125
0 0.182488 0.271973 0.515625 0.00878906 0.0292969
0 0.184563 0.408203 0.0952148 0.0117188 0.0205078
0 0.188334 0.188965 0.42627 0.0263672 0.0439453
0 0.196173 0.205078 0.320312 0.0332031 0.0390625
0 0.19745 0.444336 0.26416 0.015625 0.0205078
0 0.218335 0.20459 0.259277 0.0361328 0.0322266
0 0.225434 0.218262 0.202148 0.0263672 0.0253906
0 0.234736 0.646973 0.0566406 0.0341797 0.0527344
0 0.239703 0.417969 0.170898 0.0371094 0.0566406
0 0.24464 0.692871 0.320801 0.0224609 0.0205078
0 0.24935 0.724121 0.255859 0.0244141 0.03125
0 0.284086 0.163086 0.0761719 0.0214844 0.0410156
