0 0.10009 0.16748 0.0385742 0.0263672 0.0322266
0 0.106486 0.242188 0.538574 0.0253906 0.0302734
0 0.110278 0.377441 0.609863 0.0263672 0.0224609
0 0.115331 0.160156 0.447266 0.0410156 0.0507812
0 0.115644 0.973633 0.731445 0.0449219 0.0390625
0 0.125567 0.198242 0.309082 0.0566406 0.0712891
0 0.130436 0.120605 0.405273 0.0224609 0.0253906
0 0.149847 0.248535 0.367676 0.0498047 0.0888672
0 0.150843 0.341797 0.416504 0.0175781 0.0322266
0 0.152341 0.0800781 0.333984 0.0449219 0.0351562
0 0.168978 0.125488 0.046875 0.0537109 0.046875
0 0.178544 0.372559 0.42041 0.0146484 0.0205078
0 0.186393 0.207031 0.333984 0.0527344 0.0761719
0 0.187793 0.309082 0.714355 0.0322266 0.0419922
0 0.195368 0.352051 0.952148 0.0224609 0.0351562
0 0.196791 0.328125 0.40332 0.00976562 0.015625
0 0.210307 0.688477 0.687988 0.0546875 0.0576172
0 0.220132 0.255371 0.358398 0.0341797 0.0566406
0 0.252745 0.180176 0.443848 0.0615234 0.0732422
0 0.2715 0.150879 0.351562 0.0244141 0.0292969
0 0.333753 0.756348 0.677246 0.0478516 0.0380859
0 0.372955 0.240234 0.392578 0.0625 0.0839844
0 0.566084 0.147461 0.399902 0.0292969 0.0400391
