0 0.100056 0.0673828 0.130859 0.0253906 0.0429688
0 0.100192 0.391602 0.836426 0.0234375 0.0263672
0 0.10087 0.386719 0.134766 0.0507812 0.0722656
0 0.10133 0.620117 0.669922 0.0253906 0.0273438
0 0.102044 0.411133 0.03125 0.0175781 0.0332031
0 0.102109 0.54541 0.729004 0.0244141 0.0205078
0 0.102131 0.774414 0.293945 0.0117188 0.0175781
0 0.102311 0.152344 0.122559 0.0292969 0.0478516
0 0.10255 0.242188 0.737793 0.0117188 0.0166016
0 0.10292 0.528809 0.868652 0.0517578 0.0478516
0 0.10373 0.726074 0.0805664 0.0322266 0.0419922
0 0.10377 0.293457 0.47168 0.0166016 0.0273438
0 0.104899 0.430664 0.532715 0.0175781 0.0205078
0 0.105658 0.455566 0.0117188 0.0224609 0.0234375
0 0.106114 0.717773 0.189941 0.0273438 0.0400391
0 0.106913 0.654297 0.156738 0.0234375 0.0283203
0 0.108346 0.415527 0.978516 0.0185547 0.0429688
0 0.108602 0.478516 0.437988 0.015625 0.0244141
0 0.108929 0.905762 0.129395 0.0849609 0.0556641
0 0.109021 0.266602 0.0834961 0.0449219 0.0419922
0 0.109042 0.552734 0.322266 0.0117188 0.0175781
0 0.110082 0.290039 0.41748 0.0351562 0.0439453
0 0.110452 0.679688 0.678223 0.015625 0.0185547
0 0.110904 0.459473 0.676758 0.0185547 0.0273438
0 0.111889 0.374512 0.169434 0.0341797 0.0595703
0 0.111921 0.677734 0.043457 0.03125 0.0419922
0 0.111951 0.265625 0.0688477 0.0390625 0.0322266
0 0.11264 0.322754 0.834473 0.0224609 0.0224609
0 0.113248 0.70459 0.0410156 0.0322266 0.0390625
0 0.113375 0.437012 0.20166 0.0341797 0.0615234
0 0.114495 0.603027 0.0463867 0.0224609 0.0400391
0 0.114568 0.256348 0.358887 0.0244141 0.0361328
0 0.11462 0.391113 0.0532227 0.0615234 0.0771484
0 0.116144 0.565918 0.851074 0.0166016 0.0302734
0 0.11671 0.365723 0.0893555 0.0283203 0.0341797
0 0.116717 0.273438 0.713379 0.0351562 0.0517578
0 0.117224 0.242676 0.121582 0.0283203 0.0361328
0 0.117429 0.282227 0.979004 0.0429688 0.0419922
0 0.117522 0.51123 0.20166 0.0205078 0.0224609
0 0.117775 0.492188 0.357422 0.0117188 0.0136719
0 0.117937 0.14209 0.470703 0.0283203 0.0371094
0 0.118251 0.391602 0.111816 0.0234375 0.0283203
0 0.118335 0.0454102 0.0244141 0.0419922 0.0488281
0 0.118419 0.619629 0.101562 0.0361328 0.0371094
0 0.118964 0.222168 0.570312 0.0537109 0.0527344
0 0.120073 0.430176 0.0180664 0.0263672 0.0302734
0 0.120219 0.284668 0.0742188 0.0498047 0.0410156
0 0.121158 0.757324 0.120117 0.0400391 0.046875
0 0.121608 0.378906 0.352539 0.0136719 0.0136719
0 0.121882 0.454102 0.905762 0.0117188 0.0224609
0 0.122117 0.0820312 0.464355 0.0546875 0.0517578
0 0.122645 0.615723 0.837402 0.0341797 0.0361328
0 0.123604 0.206055 0.541016 0.0195312 0.0371094
0 0.124017 0.64209 0.09375 0.0283203 0.0351562
0 0.124152 0.269531 0.303223 0.0214844 0.0185547
0 0.124595 0.118652 0.0297852 0.0478516 0.0537109
0 0.125195 0.230469 0.265625 0.0273438 0.0292969
0 0.125952 0.758301 0.274902 0.0224609 0.0361328
0 0.126066 0.609863 0.0151367 0.0498047 0.0283203
0 0.126479 0.84668 0.979004 0.0351562 0.0361328
0 0.126618 0.25 0.42041 0.0117188 0.0185547
0 0.127457 0.479492 0.537598 0.0117188 0.0185547
0 0.12807 0.213867 0.979004 0.0195312 0.0341797
0 0.128151 0.435059 0.901367 0.0126953 0.0175781
0 0.128296 0.80957 0.0375977 0.0332031 0.0400391
0 0.129399 0.436035 0.533691 0.0126953 0.0166016
0 0.129542 0.456055 0.0771484 0.0273438 0.0410156
0 0.129658 0.313965 0.0419922 0.0576172 0.0566406
0 0.131189 0.633789 0.732422 0.0117188 0.0175781
0 0.131733 0.17041 0.978027 0.0302734 0.0322266
0 0.132586 0.867188 0.765625 0.0585938 0.0449219
0 0.132867 0.841309 0.752441 0.0400391 0.0458984
0 0.132922 0.665039 0.638184 0.0136719 0.0302734
0 0.133504 0.774414 0.0170898 0.0292969 0.0302734
0 0.136397 0.134766 0.125977 0.0488281 0.0527344
0 0.136446 0.916992 0.921875 0.0449219 0.0390625
0 0.136489 0.324219 0.516113 0.0253906 0.0302734
0 0.136681 0.369629 0.182129 0.0244141 0.0380859
0 0.136834 0.702637 0.647949 0.0263672 0.0341797
0 0.137762 0.163086 0.167969 0.0449219 0.0507812
0 0.142094 0.432617 0.414551 0.0273438 0.0380859
0 0.142255 0.474609 0.595703 0.0175781 0.0429688
0 0.142443 0.689453 0.654785 0.0488281 0.0439453
0 0.143384 0.383301 0.116211 0.0400391 0.0527344
0 0.143996 0.350098 0.0478516 0.0166016 0.0390625
0 0.144192 0.691406 0.277832 0.03125 0.0361328
0 0.14461 0.833496 0.971191 0.0654297 0.0556641
0 0.145145 0.555176 0.0429688 0.0224609 0.0292969
0 0.145834 0.5 0.796875 0.0117188 0.0195312
0 0.146648 0.645996 0.219238 0.0341797 0.0380859
0 0.14672 0.567871 0.269531 0.0126953 0.0175781
0 0.149021 0.329102 0.125977 0.0371094 0.0585938
0 0.149242 0.716309 0.937012 0.0634766 0.0498047
0 0.149358 0.494629 0.947754 0.0458984 0.0693359
0 0.150077 0.779297 0.123047 0.0585938 0.0527344
0 0.150375 0.54834 0.908203 0.0166016 0.0390625
0 0.15164 0.602539 0.0327148 0.0175781 0.0205078
0 0.156129 0.189453 0.588867 0.0332031 0.0332031
0 0.156635 0.722168 0.271973 0.0244141 0.0380859
0 0.159585 0.294434 0.0415039 0.0302734 0.0576172
0 0.16047 0.20752 0.590332 0.0361328 0.0322266
0 0.160657 0.406738 0.632812 0.0205078 0.046875
0 0.161158 0.494629 0.106934 0.0478516 0.0673828
0 0.161827 0.230957 0.572266 0.0302734 0.0292969
0 0.162625 0.125977 0.230469 0.0351562 0.0742188
0 0.163787 0.192383 0.39502 0.0371094 0.0654297
0 0.164591 0.563477 0.0327148 0.0371094 0.0537109
0 0.164638 0.399902 0.165039 0.0419922 0.0625
0 0.165691 0.602051 0.737305 0.0166016 0.0214844
0 0.16717 0.708008 0.03125 0.0292969 0.0253906
0 0.167257 0.46582 0.352539 0.0136719 0.0195312
0 0.168045 0.358887 0.0981445 0.0498047 0.0537109
0 0.16838 0.602539 0.394531 0.0253906 0.0273438
0 0.169892 0.266113 0.985352 0.0263672 0.0292969
0 0.169955 0.336914 0.331055 0.0332031 0.046875
0 0.170644 0.880859 0.773926 0.0410156 0.0458984
0 0.171316 0.687012 0.343262 0.0146484 0.0185547
0 0.172139 0.231445 0.254883 0.0371094 0.0527344
0 0.172191 0.146973 0.591797 0.0283203 0.046875
0 0.172215 0.73877 0.148438 0.0498047 0.0507812
0 0.173435 0.572754 0.36377 0.0244141 0.0263672
0 0.174946 0.195312 0.374512 0.0292969 0.0361328
0 0.175894 0.40332 0.034668 0.0273438 0.0361328
0 0.17601 0.214844 0.473145 0.0195312 0.0419922
0 0.176193 0.257324 0.928223 0.0166016 0.0185547
0 0.177129 0.428711 0.768066 0.0136719 0.0322266
0 0.177639 0.319824 0.267578 0.0224609 0.0234375
0 0.178083 0.608398 0.59668 0.0234375 0.03125
0 0.178779 0.160645 0.135254 0.0498047 0.0673828
0 0.178883 0.399902 0.0634766 0.0400391 0.0488281
0 0.178986 0.151855 0.595215 0.0224609 0.0302734
0 0.179269 0.657715 0.980957 0.0537109 0.0322266
0 0.179461 0.599121 0.857422 0.0224609 0.0449219
0 0.179791 0.384766 0.441895 0.00976562 0.0166016
0 0.179971 0.348633 0.819824 0.0175781 0.0205078
0 0.18084 0.615723 0.046875 0.0380859 0.0546875
0 0.180855 0.717773 0.116211 0.0371094 0.0605469
0 0.184486 0.583008 0.0532227 0.0332031 0.0498047
0 0.185353 0.213379 0.0336914 0.0322266 0.0595703
0 0.185811 0.457031 0.0869141 0.0390625 0.0488281
0 0.186232 0.650879 0.680664 0.0166016 0.0214844
0 0.18685 0.412598 0.455078 0.0185547 0.0214844
0 0.186931 0.544434 0.933105 0.0322266 0.0302734
0 0.187206 0.359375 0.736816 0.0117188 0.0185547
0 0.187353 0.669922 0.906738 0.0429688 0.0498047
0 0.188606 0.339844 0.574707 0.0214844 0.0224609
0 0.18988 0.336914 0.494629 0.0117188 0.0224609
0 0.191937 0.695801 0.0629883 0.0576172 0.0654297
0 0.194097 0.593262 0.678223 0.0205078 0.0283203
0 0.195697 0.291504 0.0283203 0.0224609 0.0429688
0 0.195792 0.507324 0.398438 0.0205078 0.015625
0 0.196101 0.277832 0.42041 0.0166016 0.0283203
0 0.197984 0.289062 0.0214844 0.015625 0.0273438
0 0.19957 0.213867 0.32959 0.0117188 0.0224609
0 0.200735 0.463379 0.790527 0.0166016 0.0166016
0 0.200972 0.593262 0.0136719 0.0400391 0.0273438
0 0.20122 0.106445 0.973633 0.0292969 0.046875
0 0.201344 0.379395 0.583984 0.0166016 0.0195312
0 0.201561 0.62793 0.839844 0.0488281 0.0507812
0 0.202959 0.669922 0.10498 0.0234375 0.0400391
0 0.206758 0.33252 0.830566 0.0361328 0.0283203
0 0.209254 0.201172 0.111816 0.0605469 0.0712891
0 0.209756 0.160156 0.185059 0.0371094 0.0302734
0 0.212348 0.760254 0.0556641 0.0205078 0.03125
0 0.213457 0.418457 0.524902 0.0185547 0.0224609
0 0.213833 0.645996 0.749023 0.0224609 0.03125
0 0.2142 0.539551 0.366211 0.0126953 0.0214844
0 0.214471 0.597656 0.0625 0.015625 0.0390625
0 0.215465 0.183594 0.810547 0.0332031 0.0898438
0 0.21662 0.180176 0.585938 0.0166016 0.0410156
0 0.216703 0.301758 0.315918 0.0234375 0.0400391
0 0.22025 0.353516 0.885742 0.0136719 0.0175781
0 0.221455 0.506836 0.989746 0.0332031 0.0205078
0 0.22185 0.135254 0.480469 0.0419922 0.0527344
0 0.224237 0.867676 0.0302734 0.0458984 0.046875
0 0.224659 0.806152 0.243652 0.0595703 0.0498047
0 0.224786 0.53125 0.102539 0.0390625 0.0351562
0 0.22635 0.222168 0.777344 0.0146484 0.0332031
0 0.228407 0.259766 0.989258 0.0214844 0.0195312
0 0.22906 0.0458984 0.333496 0.0429688 0.0654297
0 0.2291 0.681641 0.268066 0.0449219 0.0419922
0 0.230084 0.583008 0.107422 0.0136719 0.0175781
0 0.230445 0.0551758 0.135254 0.0439453 0.0400391
0 0.230973 0.887695 0.128418 0.0390625 0.0498047
0 0.232644 0.0541992 0.18457 0.0478516 0.0605469
0 0.233649 0.563477 0.015625 0.0527344 0.03125
0 0.233676 0.478027 0.811035 0.0205078 0.0224609
0 0.234132 0.481934 0.628906 0.0205078 0.0253906
0 0.235336 0.545898 0.918457 0.0273438 0.0537109
0 0.236366 0.501953 0.0126953 0.0234375 0.0253906
0 0.238584 0.381348 0.838867 0.0126953 0.0214844
0 0.239286 0.290527 0.0585938 0.0400391 0.0488281
0 0.239748 0.669922 0.3125 0.0214844 0.0234375
0 0.241158 0.401367 0.832031 0.0195312 0.0292969
0 0.244276 0.342285 0.826172 0.0302734 0.0273438
0 0.245657 0.0639648 0.0332031 0.0771484 0.0625
0 0.245828 0.494141 0.0917969 0.0351562 0.0566406
0 0.24921 0.657715 0.225586 0.0341797 0.0351562
0 0.25051 0.490723 0.751953 0.0146484 0.0175781
0 0.251614 0.604004 0.0112305 0.0322266 0.0185547
0 0.252975 0.417969 0.354004 0.0117188 0.0205078
0 0.256223 0.61084 0.982422 0.0341797 0.0332031
0 0.257796 0.652832 0.367188 0.0185547 0.015625
0 0.258152 0.463379 0.747559 0.0126953 0.0185547
0 0.259657 0.133789 0.0405273 0.0605469 0.0712891
0 0.266211 0.241211 0.17627 0.0136719 0.0322266
0 0.266424 0.458008 0.212402 0.0371094 0.0498047
0 0.266935 0.549805 0.981934 0.0175781 0.0302734
0 0.27025 0.0449219 0.632324 0.0273438 0.0322266
0 0.2731 0.230957 0.236328 0.0439453 0.0410156
0 0.273558 0.51709 0.879883 0.0302734 0.0410156
0 0.274946 0.0649414 0.331543 0.0693359 0.0771484
0 0.275459 0.55957 0.324707 0.0273438 0.0244141
0 0.275474 0.267578 0.510254 0.0234375 0.0205078
0 0.28479 0.427246 0.753906 0.0205078 0.0371094
0 0.285784 0.580566 0.257324 0.0146484 0.0244141
0 0.288841 0.402344 0.478027 0.0136719 0.0205078
0 0.292176 0.121094 0.135742 0.0410156 0.0585938
0 0.293981 0.476562 0.896973 0.0117188 0.0166016
0 0.296392 0.578613 0.0180664 0.0283203 0.0322266
0 0.297551 0.541016 0.250977 0.0195312 0.0214844
0 0.299067 0.382812 0.708984 0.0136719 0.0195312
0 0.299353 0.200684 0.594727 0.0224609 0.0234375
0 0.29983 0.396973 0.921387 0.0302734 0.0341797
0 0.300598 0.463379 0.29541 0.0185547 0.0419922
0 0.300815 0.381348 0.493164 0.00878906 0.0136719
0 0.302363 0.666992 0.0322266 0.0371094 0.0488281
0 0.309021 0.373535 0.406738 0.0224609 0.0263672
0 0.309241 0.3125 0.128906 0.0898438 0.078125
0 0.312033 0.762695 0.133301 0.0664062 0.0673828
0 0.315591 0.636719 0.0283203 0.03125 0.0449219
0 0.32112 0.437012 0.657715 0.0146484 0.0224609
0 0.323055 0.375977 0.32666 0.0117188 0.0263672
0 0.332996 0.620117 0.274902 0.0195312 0.0224609
0 0.337966 0.617676 0.183105 0.0478516 0.0458984
0 0.339286 0.434082 0.324219 0.0126953 0.0195312
0 0.346278 0.662598 0.241699 0.0400391 0.0615234
0 0.347033 0.32959 0.507324 0.0283203 0.0361328
0 0.348534 0.500488 0.935547 0.0302734 0.0488281
0 0.350769 0.616211 0.0581055 0.0234375 0.0283203
0 0.363403 0.0849609 0.338867 0.0371094 0.0761719
0 0.370285 0.192871 0.138672 0.0595703 0.0742188
0 0.37052 0.386719 0.185059 0.0507812 0.0751953
0 0.376891 0.796387 0.920898 0.0556641 0.0625
0 0.382755 0.0449219 0.470215 0.0761719 0.0634766
0 0.384263 0.46875 0.019043 0.0253906 0.0361328
0 0.385311 0.418457 0.87207 0.0166016 0.0253906
0 0.386353 0.170898 0.48877 0.0292969 0.0537109
0 0.386592 0.650391 0.828125 0.0214844 0.0332031
0 0.394458 0.51416 0.102051 0.0322266 0.0498047
0 0.400817 0.338867 0.0415039 0.0351562 0.0517578
0 0.401981 0.398438 0.0683594 0.0195312 0.0332031
0 0.409874 0.719727 0.138672 0.0292969 0.0488281
0 0.413165 0.296387 0.97168 0.0380859 0.0488281
0 0.414469 0.379883 0.782715 0.0195312 0.0263672
0 0.414582 0.544922 0.109375 0.0253906 0.0253906
0 0.422296 0.605469 0.0585938 0.03125 0.0371094
0 0.423222 0.740723 0.937988 0.0478516 0.0478516
0 0.42944 0.338379 0.112305 0.0556641 0.0664062
0 0.431315 0.668457 0.260742 0.0419922 0.0488281
0 0.437083 0.14209 0.924805 0.0361328 0.0390625
0 0.438948 0.47168 0.13916 0.0527344 0.0576172
0 0.44001 0.712402 0.0834961 0.0498047 0.0517578
0 0.441617 0.100098 0.162598 0.0263672 0.0361328
0 0.449639 0.811035 0.591797 0.0849609 0.0625
0 0.469201 0.256836 0.0366211 0.0488281 0.0498047
0 0.471596 0.682617 0.916016 0.0664062 0.078125
0 0.47615 0.294434 0.143555 0.0576172 0.0644531
0 0.487246 0.491699 0.842773 0.0380859 0.03125
0 0.487812 0.429688 0.977051 0.0488281 0.0419922
0 0.489752 0.483398 0.0180664 0.0527344 0.0361328
0 0.493964 0.239746 0.448242 0.0283203 0.0292969
0 0.49582 0.576172 0.0615234 0.0234375 0.0351562
0 0.49946 0.42041 0.124512 0.0478516 0.0634766
0 0.505087 0.225098 0.897949 0.0341797 0.0361328
0 0.507536 0.183594 0.415039 0.0429688 0.0449219
0 0.51227 0.814453 0.0507812 0.0507812 0.0625
0 0.552503 0.612793 0.850586 0.0458984 0.0546875
0 0.555438 0.433594 0.0146484 0.0117188 0.0253906
0 0.559393 0.351074 0.235352 0.0615234 0.0644531
0 0.567137 0.626465 0.111328 0.0478516 0.0625
0 0.571405 0.395508 0.0419922 0.0449219 0.0410156
0 0.611379 0.53418 0.0146484 0.0332031 0.0292969
0 0.671038 0.557617 0.186035 0.0351562 0.0458984
