0 0.100526 0.417969 0.00976562 0.0253906 0.0175781
0 0.10117 0.428711 0.0102539 0.03125 0.0185547
0 0.103562 0.334473 0.131836 0.0283203 0.0351562
0 0.103595 0.412598 0.379395 0.0126953 0.0322266
0 0.103809 0.472168 0.13916 0.0126953 0.0341797
0 0.10472 0.477539 0.154785 0.0214844 0.0361328
0 0.105403 0.79541 0.33252 0.0263672 0.0341797
0 0.108988 0.403809 0.115234 0.0244141 0.0253906
0 0.111444 0.442871 0.0195312 0.0185547 0.0351562
0 0.112596 0.262695 0.330078 0.0273438 0.0429688
0 0.114441 0.489746 0.361328 0.0244141 0.0273438
0 0.115589 0.327637 0.621094 0.0458984 0.03125
0 0.115886 0.385742 0.253906 0.0332031 0.0546875
0 0.116579 0.405762 0.158691 0.0322266 0.0400391
0 0.125471 0.482422 0.0805664 0.0234375 0.0439453
0 0.129635 0.467285 0.0429688 0.0146484 0.0234375
0 0.137851 0.353516 0.355957 0.0332031 0.0400391
0 0.139827 0.772949 0.299316 0.0419922 0.0361328
0 0.142452 0.73584 0.231934 0.0126953 0.0244141
0 0.1434 0.454102 0.219727 0.0175781 0.0332031
0 0.146119 0.340332 0.137695 0.0185547 0.0351562
0 0.147571 0.47168 0.169922 0.0292969 0.0566406
0 0.147799 0.472168 0.135254 0.00878906 0.0205078
0 0.149349 0.413086 0.470215 0.0449219 0.0595703
0 0.15157 0.459473 0.117188 0.00878906 0.0136719
0 0.157502 0.723633 0.0571289 0.0253906 0.0380859
0 0.163052 0.490234 0.303223 0.0234375 0.0322266
0 0.164493 0.465332 0.489746 0.0166016 0.0244141
0 0.169363 0.491211 0.0800781 0.0371094 0.0566406
0 0.170898 0.479004 0.0219727 0.0166016 0.0244141
0 0.171954 0.365723 0.191406 0.0224609 0.0292969
0 0.173574 0.428223 0.259277 0.0458984 0.0673828
0 0.184345 0.303711 0.0297852 0.0390625 0.0576172
0 0.184798 0.381836 0.0205078 0.046875 0.0410156
0 0.186031 0.351074 0.280273 0.00878906 0.0195312
0 0.199623 0.526855 0.0483398 0.0146484 0.0361328
0 0.210027 0.458008 0.388672 0.0292969 0.0292969
0 0.210146 0.696777 0.205566 0.0322266 0.0517578
0 0.211397 0.390137 0.157715 0.0595703 0.0478516
0 0.21627 0.407715 0.0771484 0.0322266 0.0253906
0 0.219007 0.422363 0.241699 0.0205078 0.0302734
0 0.229042 0.35791 0.0595703 0.0302734 0.0410156
0 0.234247 0.702637 0.196777 0.0224609 0.0322266
0 0.239833 0.4375 0.355957 0.0234375 0.0400391
0 0.271767 0.512207 0.00830078 0.0146484 0.0166016
0 0.349743 0.490234 0.29248 0.03125 0.0517578
0 0.381205 0.446289 0.0800781 0.0234375 0.0351562
