0 0.100356 0.665527 0.455078 0.0302734 0.0214844
0 0.10102 0.246582 0.134766 0.0439453 0.0605469
0 0.101093 0.769043 0.340332 0.0263672 0.0302734
0 0.10196 0.44873 0.583984 0.0380859 0.0429688
0 0.102268 0.70166 0.0888672 0.0556641 0.0644531
0 0.10279 0.788574 0.336914 0.0615234 0.0625
0 0.103668 0.608398 0.625977 0.0546875 0.0410156
0 0.105869 0.426758 0.925781 0.015625 0.0332031
0 0.105992 0.621094 0.622559 0.0292969 0.0341797
0 0.106768 0.216309 0.865723 0.0146484 0.0419922
0 0.106845 0.351074 0.529785 0.0146484 0.0302734
0 0.109365 0.444824 0.516113 0.0439453 0.0322266
0 0.109472 0.397949 0.362305 0.0302734 0.0429688
0 0.110844 0.439453 0.573242 0.015625 0.0351562
0 0.111609 0.196289 0.936035 0.0332031 0.0439453
0 0.111911 0.385742 0.408691 0.0195312 0.0166016
0 0.113068 0.475586 0.370117 0.0234375 0.0332031
0 0.11348 0.279785 0.0634766 0.0947266 0.119141
0 0.114728 0.40625 0.486816 0.0234375 0.0283203
0 0.115418 0.568848 0.628906 0.0244141 0.0292969
0 0.115917 0.229492 0.0703125 0.0507812 0.0683594
0 0.117011 0.255371 0.0429688 0.0576172 0.0625
0 0.118282 0.438965 0.469727 0.0166016 0.0292969
0 0.118434 0.307617 0.116699 0.101562 0.120117
0 0.120575 0.563965 0.678711 0.0283203 0.0234375
0 0.120846 0.333984 0.456055 0.0605469 0.0390625
0 0.122393 0.442383 0.13623 0.0390625 0.104492
0 0.122645 0.55957 0.950195 0.0429688 0.046875
0 0.128815 0.266113 0.0888672 0.0419922 0.113281
0 0.130962 0.794434 0.109863 0.0439453 0.0595703
0 0.131086 0.249023 0.875488 0.0234375 0.0263672
0 0.131855 0.439453 0.42041 0.0195312 0.0224609
0 0.135955 0.3125 0.0400391 0.0878906 0.0742188
0 0.13701 0.40625 0.108398 0.0332031 0.046875
0 0.137399 0.305664 0.447266 0.0351562 0.0273438
0 0.139387 0.411621 0.109863 0.0419922 0.0810547
0 0.141189 0.586914 0.62793 0.0585938 0.0429688
0 0.144247 0.728516 0.677246 0.0234375 0.0419922
0 0.145626 0.090332 0.762695 0.0263672 0.0332031
0 0.147763 0.399902 0.453613 0.0166016 0.0263672
0 0.149554 0.461426 0.441406 0.0126953 0.0332031
0 0.152989 0.291016 0.890137 0.0351562 0.0419922
0 0.153037 0.416992 0.39209 0.0234375 0.0458984
0 0.154705 0.480469 0.126465 0.0761719 0.104492
0 0.155138 0.181641 0.0698242 0.0351562 0.0498047
0 0.155765 0.453125 0.652832 0.0175781 0.0244141
0 0.157481 0.541992 0.0249023 0.0507812 0.0498047
0 0.161494 0.692871 0.208984 0.0556641 0.0742188
0 0.161824 0.623047 0.196777 0.0527344 0.0634766
0 0.163088 0.388184 0.782227 0.0341797 0.0351562
0 0.163287 0.73584 0.280762 0.0478516 0.0478516
0 0.165745 0.115723 0.251465 0.0615234 0.0634766
0 0.165861 0.479492 0.117676 0.0429688 0.0556641
0 0.16847 0.261719 0.0605469 0.0390625 0.0742188
0 0.169026 0.723633 0.338867 0.0292969 0.0449219
0 0.16968 0.38916 0.532227 0.0205078 0.0273438
0 0.170822 0.259766 0.524414 0.0332031 0.0410156
0 0.171361 0.495117 0.150391 0.0449219 0.0527344
0 0.176138 0.589844 0.074707 0.0332031 0.0419922
0 0.179424 0.355469 0.456543 0.0273438 0.0322266
0 0.181998 0.650391 0.259766 0.0488281 0.0527344
0 0.183948 0.365723 0.455566 0.0537109 0.0400391
0 0.192002 0.0844727 0.314453 0.0517578 0.0507812
0 0.193677 0.727051 0.191406 0.0576172 0.0703125
0 0.19714 0.384766 0.521973 0.0273438 0.0517578
0 0.198957 0.850586 0.059082 0.0332031 0.0400391
0 0.200141 0.187012 0.319336 0.0380859 0.0332031
0 0.200319 0.548828 0.0859375 0.0371094 0.0449219
0 0.20058 0.316895 0.0732422 0.118164 0.146484
0 0.200666 0.383789 0.623047 0.0117188 0.0195312
0 0.206029 0.307129 0.848633 0.0185547 0.0253906
0 0.22098 0.323242 0.506836 0.0332031 0.0429688
0 0.223005 0.476562 0.962402 0.0234375 0.0283203
0 0.223345 0.356934 0.0820312 0.0439453 0.121094
0 0.22597 0.191895 0.140137 0.0380859 0.0615234
0 0.229323 0.429199 0.631348 0.0224609 0.0322266
0 0.230456 0.217773 0.633789 0.0390625 0.0585938
0 0.231998 0.616699 0.116699 0.0400391 0.0537109
0 0.235326 0.300781 0.155762 0.0605469 0.0400391
0 0.240733 0.725586 0.134277 0.0273438 0.0322266
0 0.241067 0.3125 0.458496 0.0390625 0.0419922
0 0.244016 0.384277 0.452637 0.0361328 0.0302734
0 0.251215 0.428223 0.754395 0.0244141 0.0244141
0 0.251525 0.314941 0.496582 0.0205078 0.0283203
0 0.256641 0.438965 0.0927734 0.0556641 0.185547
0 0.25883 0.157715 0.20752 0.0634766 0.104492
0 0.259974 0.171875 0.0532227 0.0605469 0.0986328
0 0.263582 0.466797 0.590332 0.0292969 0.0302734
0 0.266032 0.333984 0.516113 0.0273438 0.0400391
0 0.276486 0.747559 0.432129 0.0595703 0.0751953
0 0.291841 0.235352 0.0229492 0.0410156 0.0439453
0 0.302499 0.715332 0.208008 0.0869141 0.09375
0 0.305586 0.48877 0.133789 0.0498047 0.0703125
0 0.320992 0.648926 0.366699 0.0556641 0.0654297
0 0.346916 0.622559 0.0336914 0.0576172 0.0615234
0 0.350745 0.241699 0.655762 0.0458984 0.0478516
0 0.374146 0.535645 0.0458984 0.0556641 0.0917969
0 0.378453 0.427734 0.425293 0.0351562 0.0263672
0 0.38404 0.223145 0.0805664 0.0341797 0.0439453
0 0.404333 0.397949 0.868164 0.0205078 0.0371094
