0 0.100912 0.338867 0.0405273 0.0605469 0.0595703
0 0.102046 0.333496 0.751953 0.0400391 0.0527344
0 0.10688 0.435547 0.189941 0.0410156 0.0673828
0 0.10826 0.356934 0.699707 0.0126953 0.0263672
0 0.109039 0.247559 0.289551 0.0244141 0.0478516
0 0.109728 0.500977 0.0273438 0.0351562 0.0527344
0 0.113936 0.342285 0.59668 0.0361328 0.0585938
0 0.114813 0.404785 0.382324 0.0146484 0.0185547
0 0.116562 0.16748 0.843262 0.0400391 0.0498047
0 0.122265 0.416016 0.632324 0.0410156 0.0869141
0 0.126922 0.404785 0.0170898 0.0224609 0.0341797
0 0.1321 0.143066 0.663574 0.0341797 0.0322266
0 0.133593 0.492676 0.164062 0.0576172 0.078125
0 0.136446 0.481934 0.0566406 0.0205078 0.0429688
0 0.139691 0.17627 0.588379 0.0576172 0.0419922
0 0.142347 0.29248 0.112793 0.0224609 0.0400391
0 0.149145 0.578125 0.30127 0.0136719 0.0244141
0 0.157406 0.573242 0.0458984 0.0214844 0.0429688
0 0.159912 0.255371 0.0986328 0.0322266 0.0449219
0 0.170653 0.463867 0.0888672 0.015625 0.0234375
0 0.174843 0.540527 0.0673828 0.0341797 0.0410156
0 0.183112 0.54541 0.300293 0.0126953 0.0283203
0 0.211522 0.283691 0.583008 0.0224609 0.0273438
0 0.226798 0.546387 0.0126953 0.0244141 0.0234375
0 0.258789 0.30957 0.651367 0.0527344 0.046875
0 0.304198 0.248535 0.406738 0.0302734 0.0302734
0 0.336299 0.165527 0.244141 0.0615234 0.0507812
0 0.36835 0.449219 0.043457 0.0273438 0.0517578
0 0.461137 0.489258 0.0366211 0.046875 0.0693359
