0 0.103414 0.650879 0.178711 0.0166016 0.0175781
0 0.103641 0.709473 0.319824 0.0283203 0.0517578
0 0.105118 0.690918 0.471191 0.0244141 0.0224609
0 0.106433 0.691406 0.369141 0.00976562 0.0195312
0 0.108724 0.685547 0.163574 0.0136719 0.0283203
0 0.115782 0.444824 0.119629 0.0361328 0.0556641
0 0.116214 0.353027 0.00927734 0.0302734 0.0185547
0 0.117279 0.14209 0.168945 0.0205078 0.0273438
0 0.121412 0.785156 0.265137 0.03125 0.0458984
0 0.122566 0.341797 0.228516 0.0175781 0.0273438
0 0.123192 0.168945 0.633301 0.0234375 0.0439453
0 0.127929 0.695312 0.219727 0.0136719 0.015625
0 0.131174 0.243164 0.212402 0.0214844 0.0185547
0 0.132816 0.356445 0.455078 0.015625 0.0214844
0 0.140318 0.711426 0.263184 0.0244141 0.0380859
0 0.14089 0.585938 0.00927734 0.0195312 0.0146484
0 0.142172 0.108398 0.137207 0.0332031 0.0361328
0 0.143216 0.390137 0.262695 0.0263672 0.03125
0 0.146306 0.392578 0.158203 0.0214844 0.0253906
0 0.151778 0.404297 0.135254 0.0117188 0.0224609
0 0.155461 0.626953 0.530762 0.0214844 0.0361328
0 0.156195 0.318359 0.0366211 0.015625 0.0224609
0 0.159488 0.285645 0.185547 0.0400391 0.0371094
0 0.162746 0.354492 0.212402 0.0253906 0.0302734
0 0.165512 0.395508 0.269531 0.0234375 0.03125
0 0.173873 0.768066 0.212402 0.0224609 0.0341797
0 0.176961 0.416016 0.222656 0.0351562 0.0429688
0 0.180811 0.22168 0.130371 0.0351562 0.0341797
0 0.181794 0.805664 0.213379 0.0175781 0.0302734
0 0.182722 0.100586 0.132812 0.015625 0.0273438
0 0.187219 0.180664 0.15918 0.0195312 0.0195312
0 0.192225 0.291504 0.0673828 0.0146484 0.0214844
0 0.196161 0.300293 0.0419922 0.0146484 0.0195312
0 0.196491 0.0541992 0.0205078 0.0361328 0.0390625
0 0.202156 0.0507812 0.184082 0.0332031 0.0595703
0 0.208569 0.32666 0.197754 0.0205078 0.0322266
0 0.209761 0.178711 0.00976562 0.0351562 0.0175781
0 0.21123 0.650391 0.142578 0.0195312 0.0292969
0 0.219642 0.331055 0.179688 0.0195312 0.0332031
0 0.232499 0.297363 0.185547 0.0224609 0.0351562
0 0.23366 0.353027 0.348145 0.00878906 0.0146484
0 0.233823 0.382324 0.0986328 0.0283203 0.0292969
0 0.237262 0.121094 0.0200195 0.03125 0.0380859
0 0.238408 0.664551 0.219727 0.0146484 0.015625
0 0.240761 0.113281 0.0898438 0.0449219 0.0449219
0 0.240787 0.116211 0.185059 0.00976562 0.0166016
0 0.246555 0.185059 0.382812 0.0478516 0.0507812
0 0.251831 0.334473 0.284668 0.0224609 0.0322266
0 0.263818 0.217285 0.138672 0.0361328 0.0214844
0 0.2748 0.380371 0.187012 0.0146484 0.0283203
0 0.279768 0.301758 0.335938 0.00976562 0.0214844
0 0.283632 0.35498 0.273926 0.0185547 0.0224609
0 0.296185 0.791992 0.258789 0.015625 0.0351562
0 0.327154 0.255371 0.034668 0.0224609 0.0244141
0 0.353375 0.299805 0.140137 0.0214844 0.0341797
0 0.379322 0.165527 0.0888672 0.0419922 0.0449219
0 0.398176 0.225586 0.104004 0.0371094 0.0771484
0 0.408519 0.264648 0.180176 0.0175781 0.0302734
0 0.489958 0.358887 0.120117 0.0126953 0.03125
