0 0.100348 0.374512 0.218262 0.0263672 0.0341797
0 0.100762 0.658203 0.0483398 0.0585938 0.0654297
0 0.101562 0.810059 0.283203 0.0732422 0.0683594
0 0.102653 0.5 0.0102539 0.0332031 0.0205078
0 0.103392 0.439453 0.166504 0.0273438 0.0478516
0 0.103563 0.291504 0.160156 0.0537109 0.0410156
0 0.104555 0.257812 0.311523 0.0507812 0.0625
0 0.106163 0.333496 0.125977 0.0400391 0.0371094
0 0.106394 0.689453 0.0131836 0.0351562 0.0263672
0 0.106427 0.375488 0.516113 0.0126953 0.0185547
0 0.107736 0.382324 0.0234375 0.108398 0.046875
0 0.107909 0.740723 0.337402 0.0595703 0.0849609
0 0.108324 0.461426 0.260742 0.0478516 0.046875
0 0.109185 0.483398 0.0419922 0.0449219 0.0527344
0 0.110293 0.308594 0.351562 0.0234375 0.0234375
0 0.11059 0.460938 0.237305 0.0410156 0.0546875
0 0.113857 0.380859 0.363281 0.046875 0.0566406
0 0.114134 0.34082 0.407715 0.0410156 0.0419922
0 0.114337 0.448242 0.0830078 0.046875 0.0703125
0 0.115655 0.875977 0.255371 0.0703125 0.0556641
0 0.118634 0.513672 0.156738 0.0195312 0.0361328
0 0.120831 0.543945 0.138184 0.0371094 0.0380859
0 0.120844 0.427734 0.0498047 0.0957031 0.0917969
0 0.121191 0.547363 0.0214844 0.0263672 0.0429688
0 0.12467 0.0839844 0.354004 0.015625 0.0283203
0 0.124897 0.340332 0.0249023 0.0634766 0.0439453
0 0.125302 0.791016 0.260254 0.0507812 0.0537109
0 0.128562 0.144531 0.141602 0.0429688 0.0605469
0 0.129179 0.125488 0.357422 0.0283203 0.0546875
0 0.12923 0.469238 0.0185547 0.0322266 0.0371094
0 0.129882 0.353027 0.208496 0.0556641 0.0498047
0 0.129996 0.889648 0.660156 0.0273438 0.03125
0 0.131249 0.237793 0.303223 0.0576172 0.0556641
0 0.131922 0.458496 0.102051 0.0361328 0.0439453
0 0.132815 0.318848 0.204102 0.0341797 0.0429688
0 0.13381 0.60791 0.112793 0.0595703 0.0576172
0 0.137484 0.546387 0.0454102 0.0361328 0.0498047
0 0.14138 0.362793 0.339844 0.0576172 0.0332031
0 0.142021 0.364746 0.257812 0.0283203 0.0488281
0 0.143109 0.347656 0.34082 0.0273438 0.03125
0 0.14382 0.633301 0.694824 0.0439453 0.0302734
0 0.144763 0.662109 0.616699 0.0332031 0.0556641
0 0.145471 0.395508 0.0708008 0.0566406 0.0537109
0 0.149085 0.206055 0.166992 0.0332031 0.0332031
0 0.14967 0.158203 0.0561523 0.09375 0.104492
0 0.153069 0.280273 0.781738 0.0449219 0.0400391
0 0.153976 0.456055 0.329102 0.0195312 0.0371094
0 0.155657 0.481934 0.0224609 0.0615234 0.0371094
0 0.156379 0.665039 0.864746 0.0253906 0.0419922
0 0.157248 0.38916 0.255371 0.0361328 0.0439453
0 0.158582 0.376953 0.302734 0.0175781 0.0175781
0 0.159279 0.382324 0.381348 0.0458984 0.0400391
0 0.16058 0.259277 0.214355 0.0400391 0.0576172
0 0.162371 0.391113 0.76416 0.0283203 0.0361328
0 0.167008 0.0664062 0.0419922 0.0878906 0.0761719
0 0.171452 0.679199 0.117676 0.0361328 0.0615234
0 0.180009 0.59082 0.0239258 0.046875 0.0400391
0 0.180053 0.289551 0.368164 0.0126953 0.0234375
0 0.180401 0.143555 0.217285 0.046875 0.0498047
0 0.182014 0.463867 0.059082 0.0800781 0.0966797
0 0.182263 0.585938 0.0961914 0.0253906 0.0380859
0 0.184256 0.149414 0.291504 0.0351562 0.0810547
0 0.185064 0.660645 0.631348 0.0263672 0.0341797
0 0.194966 0.374512 0.679688 0.0244141 0.0273438
0 0.199308 0.636719 0.685059 0.0585938 0.0478516
0 0.203463 0.633301 0.110352 0.0283203 0.0429688
0 0.204281 0.379395 0.339844 0.0322266 0.0273438
0 0.206917 0.123047 0.154785 0.0371094 0.0830078
0 0.212196 0.538086 0.0595703 0.0449219 0.0507812
0 0.213712 0.678711 0.0175781 0.0507812 0.03125
0 0.217665 0.78418 0.0205078 0.0566406 0.0390625
0 0.221262 0.425781 0.40918 0.0214844 0.0292969
0 0.230457 0.182617 0.0288086 0.0546875 0.0556641
0 0.231635 0.420898 0.649414 0.0253906 0.0214844
0 0.232582 0.40918 0.0185547 0.0664062 0.03125
0 0.23348 0.554199 0.0317383 0.0517578 0.0576172
0 0.24079 0.422363 0.027832 0.0654297 0.0556641
0 0.259013 0.305664 0.381348 0.0175781 0.0205078
0 0.260872 0.789062 0.578125 0.03125 0.0253906
0 0.270165 0.652344 0.287109 0.03125 0.046875
0 0.275403 0.718262 0.0375977 0.0283203 0.0341797
0 0.276674 0.162598 0.132812 0.0322266 0.0429688
0 0.296433 0.589355 0.109375 0.0361328 0.0722656
0 0.3062 0.604004 0.019043 0.0302734 0.0380859
0 0.311109 0.333984 0.206055 0.0546875 0.0507812
0 0.316257 0.172852 0.203125 0.0351562 0.0371094
0 0.319901 0.358887 0.0161133 0.0615234 0.0263672
0 0.332488 0.293457 0.0322266 0.0654297 0.0546875
0 0.340085 0.665039 0.0288086 0.0683594 0.0537109
0 0.345961 0.438965 0.0429688 0.0439453 0.0820312
0 0.3505 0.412109 0.28418 0.0371094 0.0449219
0 0.355334 0.46875 0.160156 0.0332031 0.0429688
0 0.367164 0.239258 0.027832 0.0566406 0.0498047
0 0.390563 0.548828 0.123047 0.0449219 0.0605469
0 0.395471 0.421875 0.314941 0.0332031 0.0302734
0 0.402918 0.488281 0.0644531 0.0546875 0.09375
0 0.506153 0.197266 0.659668 0.0234375 0.0341797
0 0.511111 0.260742 0.158203 0.0898438 0.046875
0 0.610738 0.341797 0.137207 0.0527344 0.0654297
