0 0.101206 0.321777 0.253418 0.0146484 0.0302734
0 0.102054 0.616699 0.0546875 0.0263672 0.0390625
0 0.102399 0.282715 0.404297 0.0458984 0.0390625
0 0.102882 0.600098 0.226562 0.0107422 0.0234375
0 0.103185 0.601562 0.123047 0.00976562 0.0253906
0 0.105226 0.161621 0.293457 0.0263672 0.0322266
0 0.105737 0.476074 0.242676 0.0322266 0.0556641
0 0.109929 0.0341797 0.620117 0.03125 0.046875
0 0.111609 0.398926 0.144531 0.0244141 0.0449219
0 0.111785 0.196777 0.125488 0.0341797 0.0380859
0 0.112793 0.544434 0.0668945 0.0224609 0.0419922
0 0.114389 0.281738 0.268066 0.0146484 0.0283203
0 0.114489 0.558594 0.246582 0.0351562 0.0361328
0 0.115533 0.233887 0.390137 0.0185547 0.0166016
0 0.116278 0.54248 0.03125 0.0302734 0.0566406
0 0.122301 0.792969 0.0795898 0.0292969 0.0419922
0 0.123342 0.847168 0.387207 0.0244141 0.0341797
0 0.126682 0.649902 0.282227 0.0166016 0.0273438
0 0.126863 0.502441 0.11377 0.0205078 0.0263672
0 0.127606 0.469727 0.015625 0.0175781 0.03125
0 0.131509 0.625 0.0400391 0.0136719 0.0273438
0 0.137374 0.484863 0.0356445 0.0400391 0.0595703
0 0.13769 0.593262 0.271484 0.0146484 0.0175781
0 0.144516 0.638184 0.316406 0.0244141 0.0351562
0 0.148232 0.890625 0.134766 0.0214844 0.0273438
0 0.148264 0.541992 0.0151367 0.03125 0.0302734
0 0.150026 0.485352 0.257324 0.0175781 0.0263672
0 0.150801 0.640625 0.112793 0.0234375 0.0244141
0 0.151959 0.30127 0.265625 0.0146484 0.0371094
0 0.170545 0.149902 0.209473 0.0322266 0.0458984
0 0.17139 0.604492 0.0126953 0.0390625 0.0195312
0 0.172349 0.461426 0.0908203 0.0185547 0.0351562
0 0.182921 0.558594 0.302246 0.00976562 0.0166016
0 0.189059 0.455078 0.0405273 0.0234375 0.0361328
0 0.189337 0.537598 0.145508 0.0205078 0.0253906
0 0.190967 0.655273 0.0952148 0.0332031 0.0556641
0 0.206231 0.117188 0.731934 0.0429688 0.0458984
0 0.225966 0.574707 0.0366211 0.0185547 0.0322266
0 0.229142 0.480957 0.301758 0.0322266 0.0214844
0 0.247591 0.546875 0.0722656 0.015625 0.0253906
0 0.251338 0.444824 0.637207 0.0126953 0.0205078
0 0.256672 0.0693359 0.219727 0.0175781 0.0273438
0 0.31046 0.44043 0.11084 0.0332031 0.0322266
0 0.320298 0.359375 0.152344 0.0234375 0.0195312
0 0.350931 0.495117 0.158203 0.0195312 0.0390625
0 0.39167 0.478027 0.258301 0.0283203 0.0361328
0 0.394855 0.615723 0.173828 0.0244141 0.0332031
0 0.400414 0.409668 0.478516 0.0263672 0.0351562
0 0.426484 0.317383 0.1875 0.0390625 0.0390625
