0 0.101109 0.597168 0.493652 0.0224609 0.0263672
0 0.108042 0.339844 0.370117 0.0195312 0.015625
0 0.123115 0.490723 0.249023 0.0185547 0.0273438
0 0.125311 0.464355 0.384277 0.0166016 0.0263672
0 0.126036 0.524414 0.471191 0.0117188 0.0244141
0 0.130707 0.48584 0.634766 0.0107422 0.0214844
0 0.144545 0.446777 0.632324 0.0185547 0.0283203
0 0.172266 0.835938 0.458496 0.0507812 0.0322266
0 0.17424 0.507812 0.525391 0.0273438 0.0175781
0 0.175361 0.467773 0.528809 0.0253906 0.0283203
0 0.269254 0.486816 0.601562 0.0205078 0.0214844
0 0.310542 0.588379 0.490234 0.0361328 0.0371094
0 0.319451 0.314453 0.321289 0.0253906 0.0292969
