0 0.100821 0.489746 0.870117 0.0283203 0.0351562
0 0.101186 0.878906 0.98877 0.0214844 0.0205078
0 0.102347 0.696777 0.728516 0.0517578 0.0898438
0 0.107669 0.258789 0.327637 0.0214844 0.0263672
0 0.109868 0.608887 0.282715 0.0439453 0.0380859
0 0.111987 0.178711 0.365723 0.0742188 0.0966797
0 0.117932 0.296387 0.613281 0.0166016 0.0332031
0 0.131052 0.626465 0.688477 0.0634766 0.0820312
0 0.17199 0.428223 0.961914 0.0517578 0.0742188
0 0.172188 0.562012 0.416504 0.0615234 0.0400391
0 0.178057 0.759766 0.334961 0.0429688 0.0390625
0 0.204213 0.779297 0.755859 0.0429688 0.0625
0 0.349919 0.787598 0.736816 0.0478516 0.0517578
0 0.359822 0.565918 0.793945 0.0205078 0.0410156
0 0.423499 0.490723 0.953613 0.0556641 0.0888672
0 0.463493 0.396973 0.432617 0.0361328 0.046875
