0 0.103772 0.473633 0.450195 0.0117188 0.0253906
0 0.10603 0.502441 0.190918 0.0322266 0.0263672
0 0.114724 0.443359 0.195312 0.0273438 0.0488281
0 0.116686 0.134766 0.500488 0.0214844 0.0380859
0 0.118948 0.317871 0.384766 0.0205078 0.0371094
0 0.119495 0.449707 0.365723 0.0458984 0.0419922
0 0.165371 0.503418 0.470703 0.0302734 0.0488281
0 0.170653 0.416992 0.0825195 0.0996094 0.120117
0 0.176818 0.378906 0.0219727 0.0664062 0.0439453
0 0.23078 0.357422 0.193848 0.03125 0.0517578
0 0.235302 0.462891 0.213867 0.0410156 0.0507812
0 0.254019 0.420898 0.22168 0.0175781 0.0332031
0 0.256764 0.484375 0.316895 0.0214844 0.0283203
0 0.309903 0.532715 0.267578 0.0283203 0.0449219
0 0.313866 0.42627 0.311523 0.0419922 0.0546875
0 0.326204 0.359863 0.306152 0.0439453 0.0478516
0 0.370356 0.48877 0.121094 0.0302734 0.0507812
