0 0.100239 0.599121 0.563477 0.0205078 0.0390625
0 0.100647 0.661133 0.822754 0.0332031 0.0576172
0 0.102245 0.258789 0.63623 0.0253906 0.0205078
0 0.10269 0.0234375 0.529785 0.0351562 0.0322266
0 0.10289 0.463867 0.878418 0.0117188 0.0244141
0 0.104683 0.390625 0.694824 0.0488281 0.0322266
0 0.105488 0.447266 0.882324 0.0136719 0.0185547
0 0.106192 0.136719 0.644043 0.0292969 0.0478516
0 0.108462 0.586914 0.902832 0.0371094 0.0361328
0 0.108864 0.400391 0.740723 0.0449219 0.0654297
0 0.109342 0.428223 0.89209 0.0126953 0.0185547
0 0.110003 0.401855 0.41748 0.0166016 0.0224609
0 0.111485 0.440918 0.906738 0.0166016 0.0205078
0 0.112281 0.48584 0.656738 0.0166016 0.0478516
0 0.117003 0.571777 0.990723 0.0302734 0.0185547
0 0.123329 0.0424805 0.45459 0.0673828 0.0458984
0 0.129136 0.540527 0.797852 0.0185547 0.0253906
0 0.129273 0.532227 0.623535 0.0253906 0.0283203
0 0.131312 0.618164 0.975098 0.0410156 0.0419922
0 0.133819 0.427734 0.978027 0.0136719 0.0283203
0 0.135294 0.413086 0.768066 0.0214844 0.0322266
0 0.135353 0.194336 0.177734 0.0429688 0.0449219
0 0.136869 0.302734 0.520508 0.0136719 0.0195312
0 0.137777 0.509277 0.931152 0.0166016 0.0224609
0 0.141773 0.523438 0.600098 0.0332031 0.0380859
0 0.144471 0.515625 0.800781 0.0136719 0.0234375
0 0.144678 0.487793 0.937988 0.0185547 0.0263672
0 0.153214 0.305176 0.578125 0.0205078 0.0332031
0 0.154964 0.697266 0.0371094 0.101562 0.0722656
0 0.155303 0.572754 0.543457 0.0185547 0.0224609
0 0.162017 0.503418 0.848145 0.0263672 0.0244141
0 0.168546 0.520996 0.972656 0.0263672 0.03125
0 0.168914 0.130371 0.730957 0.0341797 0.0322266
0 0.169295 0.61377 0.562988 0.0458984 0.0341797
0 0.16974 0.22998 0.447266 0.0478516 0.0449219
0 0.172073 0.316406 0.567871 0.0175781 0.0380859
0 0.175858 0.405762 0.444824 0.0341797 0.0458984
0 0.177999 0.542969 0.836426 0.0214844 0.0185547
0 0.180024 0.380371 0.865723 0.0166016 0.0166016
0 0.18055 0.54541 0.693359 0.0107422 0.0175781
0 0.181547 0.605469 0.560059 0.0234375 0.0302734
0 0.189582 0.47168 0.80127 0.0136719 0.0244141
0 0.192939 0.446289 0.76709 0.0234375 0.0302734
0 0.193547 0.469727 0.58252 0.0273438 0.0244141
0 0.194868 0.408203 0.761719 0.03125 0.0546875
0 0.198226 0.158691 0.305176 0.0498047 0.0478516
0 0.20018 0.471191 0.982422 0.0185547 0.0332031
0 0.20527 0.485352 0.670898 0.0195312 0.0292969
0 0.20869 0.689941 0.97998 0.0556641 0.0341797
0 0.21797 0.336914 0.479004 0.0117188 0.0185547
0 0.219934 0.433105 0.520996 0.0146484 0.0185547
0 0.239152 0.529785 0.611328 0.0400391 0.046875
0 0.239463 0.330078 0.512695 0.0136719 0.0214844
0 0.244719 0.355957 0.450684 0.0419922 0.0439453
0 0.248044 0.459961 0.646484 0.0175781 0.0253906
0 0.249113 0.120605 0.569336 0.0615234 0.0527344
0 0.252568 0.543945 0.898438 0.0410156 0.0410156
0 0.256175 0.027832 0.365234 0.0517578 0.0722656
0 0.266239 0.212891 0.6875 0.03125 0.0429688
0 0.274651 0.0849609 0.407227 0.0371094 0.03125
0 0.278942 0.139648 0.219727 0.0605469 0.0449219
0 0.281307 0.568848 0.63916 0.0478516 0.0478516
0 0.308213 0.402832 0.692871 0.0244141 0.0263672
0 0.309523 0.492188 0.888184 0.03125 0.0517578
0 0.326329 0.0893555 0.322266 0.0634766 0.0625
0 0.326896 0.455566 0.933594 0.0263672 0.0273438
0 0.333412 0.372559 0.837402 0.0146484 0.0322266
0 0.336415 0.708984 0.825684 0.046875 0.0283203
0 0.349346 0.370117 0.702637 0.0253906 0.0361328
0 0.353793 0.431152 0.828125 0.0205078 0.0390625
0 0.375924 0.207031 0.619629 0.0390625 0.0380859
0 0.405843 0.637695 0.566406 0.0175781 0.0234375
0 0.495944 0.167969 0.365234 0.0273438 0.03125
0 0.548668 0.342773 0.854004 0.0292969 0.0361328
