0 0.10363 0.268555 0.546875 0.0136719 0.0214844
0 0.10509 0.23877 0.596191 0.0224609 0.0205078
0 0.115377 0.404785 0.246582 0.0341797 0.0419922
0 0.129679 0.081543 0.380371 0.0595703 0.0654297
0 0.141708 0.314941 0.0195312 0.0732422 0.0390625
0 0.152979 0.310059 0.614258 0.0224609 0.0292969
0 0.156117 0.805664 0.84375 0.0253906 0.0214844
0 0.168482 0.28418 0.592773 0.0195312 0.0214844
0 0.1761 0.581543 0.921387 0.0205078 0.0322266
0 0.188298 0.163574 0.0605469 0.0615234 0.0664062
0 0.192032 0.357422 0.606445 0.0332031 0.0351562
0 0.192726 0.231934 0.0571289 0.0693359 0.0986328
0 0.293369 0.231934 0.702148 0.0322266 0.046875
