0 0.101423 0.421875 0.353516 0.0292969 0.0585938
0 0.101958 0.0556641 0.657227 0.0136719 0.0292969
0 0.103994 0.74707 0.687988 0.0371094 0.0576172
0 0.105724 0.0380859 0.645996 0.0449219 0.0400391
0 0.107603 0.484863 0.832031 0.0537109 0.09375
0 0.113418 0.91748 0.415039 0.0771484 0.0546875
0 0.114963 0.165527 0.572266 0.0263672 0.046875
0 0.115008 0.300781 0.0415039 0.0898438 0.0791016
0 0.117806 0.806641 0.133789 0.0664062 0.0449219
0 0.118833 0.143066 0.650879 0.0224609 0.0361328
0 0.119551 0.456055 0.509766 0.0527344 0.0449219
0 0.137508 0.604492 0.686523 0.0332031 0.078125
0 0.144178 0.109375 0.65918 0.0292969 0.0351562
0 0.158936 0.034668 0.646484 0.0283203 0.0273438
0 0.161067 0.0107422 0.574219 0.0214844 0.0527344
0 0.161333 0.185059 0.638672 0.0283203 0.0429688
0 0.182784 0.226074 0.119141 0.0849609 0.0722656
0 0.183203 0.405273 0.549805 0.015625 0.0332031
0 0.194257 0.686035 0.941406 0.0380859 0.0625
0 0.196435 0.64209 0.827148 0.0576172 0.0644531
0 0.197275 0.144531 0.115234 0.0644531 0.0625
0 0.201996 0.128906 0.609375 0.015625 0.0410156
0 0.202156 0.623047 0.90332 0.0234375 0.0332031
0 0.237989 0.463379 0.975098 0.0205078 0.0439453
0 0.28508 0.0708008 0.620117 0.0380859 0.0488281
0 0.290955 0.431152 0.984375 0.0146484 0.0292969
0 0.302622 0.453613 0.532715 0.0537109 0.0732422
