0 0.106454 0.346191 0.100098 0.0400391 0.0556641
0 0.109632 0.417969 0.344238 0.0332031 0.0341797
0 0.110632 0.384766 0.304199 0.00976562 0.0224609
0 0.114282 0.295898 0.324219 0.0195312 0.0214844
0 0.116483 0.120117 0.142578 0.0371094 0.0292969
0 0.118895 0.393555 0.22168 0.0175781 0.0273438
0 0.1194 0.292969 0.42334 0.0410156 0.0576172
0 0.128542 0.303223 0.117188 0.0244141 0.0546875
0 0.145611 0.399414 0.141113 0.0273438 0.0361328
0 0.147582 0.445312 0.0942383 0.0546875 0.0712891
0 0.148172 0.625 0.711426 0.0410156 0.0771484
0 0.161162 0.129395 0.354004 0.0478516 0.0263672
0 0.178522 0.356934 0.31543 0.0302734 0.0292969
0 0.183486 0.168945 0.612305 0.0273438 0.03125
0 0.188966 0.252441 0.396973 0.0185547 0.0263672
0 0.189999 0.345215 0.318359 0.0498047 0.0351562
0 0.205399 0.0527344 0.206543 0.0332031 0.0380859
0 0.23144 0.404297 0.344727 0.0429688 0.0351562
0 0.237961 0.388672 0.525391 0.0410156 0.0371094
0 0.269566 0.304688 0.430176 0.0742188 0.0751953
0 0.275455 0.350098 0.0839844 0.0556641 0.078125
0 0.359126 0.43457 0.228516 0.0390625 0.0527344
0 0.456629 0.369629 0.26123 0.0478516 0.0322266
