0 0.100135 0.674805 0.284668 0.148438 0.0791016
0 0.101145 0.715332 0.574707 0.0419922 0.0615234
0 0.105252 0.799805 0.791016 0.0273438 0.0390625
0 0.10538 0.870117 0.783691 0.0546875 0.0517578
0 0.108754 0.539551 0.452148 0.0302734 0.0351562
0 0.119906 0.822266 0.617676 0.0253906 0.0263672
0 0.122382 0.125977 0.435547 0.0488281 0.0703125
0 0.123908 0.616211 0.521484 0.0175781 0.0195312
0 0.127437 0.647949 0.390625 0.0244141 0.0546875
0 0.141908 0.911621 0.0654297 0.0341797 0.0507812
0 0.148804 0.499512 0.570312 0.0185547 0.0214844
0 0.149735 0.40918 0.439941 0.0429688 0.0556641
0 0.149973 0.174805 0.361816 0.0585938 0.0615234
0 0.153084 0.780273 0.554199 0.046875 0.0498047
0 0.154715 0.993164 0.15332 0.0136719 0.0351562
0 0.167774 0.114746 0.449219 0.0244141 0.0449219
0 0.171291 0.947754 0.162598 0.0302734 0.0478516
0 0.17823 0.376465 0.83252 0.0263672 0.0263672
0 0.178741 0.772949 0.654297 0.0205078 0.0214844
0 0.182874 0.0527344 0.479492 0.0214844 0.0234375
0 0.203567 0.528809 0.561035 0.00878906 0.0185547
0 0.205782 0.294434 0.308105 0.0205078 0.0224609
0 0.21384 0.717285 0.555664 0.0302734 0.0292969
0 0.219291 0.745605 0.882324 0.0537109 0.0654297
0 0.220682 0.157715 0.607422 0.0224609 0.03125
0 0.221884 0.572266 0.639648 0.0195312 0.0214844
0 0.230342 0.485352 0.681152 0.0273438 0.0595703
0 0.245662 0.769531 0.0356445 0.015625 0.0341797
0 0.248036 0.529785 0.667969 0.0185547 0.0332031
0 0.257312 0.190918 0.369629 0.0419922 0.0478516
0 0.28394 0.152344 0.339355 0.0195312 0.0205078
0 0.302916 0.251953 0.880859 0.0410156 0.0410156
0 0.30744 0.360352 0.0107422 0.0332031 0.0175781
0 0.338785 0.684082 0.527832 0.0263672 0.0283203
0 0.355378 0.75293 0.180664 0.0410156 0.0585938
0 0.37482 0.708008 0.434082 0.046875 0.0615234
0 0.387996 0.79834 0.787598 0.0166016 0.0263672
0 0.417932 0.418457 0.649902 0.0146484 0.0205078
