0 0.100674 0.317871 0.192871 0.0380859 0.0556641
0 0.101102 0.397461 0.535645 0.00976562 0.0185547
0 0.109568 0.233398 0.439453 0.0546875 0.0527344
0 0.110779 0.292969 0.327637 0.0332031 0.0517578
0 0.112664 0.634766 0.296387 0.03125 0.0341797
0 0.119004 0.385742 0.460938 0.00976562 0.015625
0 0.12034 0.86377 0.227051 0.0283203 0.0419922
0 0.120637 0.37207 0.520996 0.0253906 0.0400391
0 0.120978 0.597656 0.259277 0.0195312 0.0283203
0 0.124868 0.273926 0.209473 0.0146484 0.0224609
0 0.124955 0.268555 0.0527344 0.0566406 0.0664062
0 0.125148 0.251953 0.752441 0.0214844 0.0224609
0 0.125846 0.546875 0.218262 0.0273438 0.0341797
0 0.128909 0.740723 0.0131836 0.0341797 0.0263672
0 0.129919 0.334961 0.193848 0.0625 0.0693359
0 0.133507 0.151367 0.0571289 0.109375 0.0986328
0 0.133903 0.568848 0.0581055 0.0263672 0.0576172
0 0.13649 0.445801 0.321289 0.0244141 0.0253906
0 0.13863 0.38623 0.244141 0.0185547 0.0234375
0 0.150008 0.543457 0.187012 0.0166016 0.0244141
0 0.153099 0.251465 0.787109 0.0263672 0.0878906
0 0.155305 0.321777 0.562988 0.0361328 0.0478516
0 0.167829 0.4375 0.162109 0.0253906 0.0429688
0 0.174462 0.558594 0.03125 0.0546875 0.0488281
0 0.183227 0.45459 0.321777 0.0361328 0.0322266
0 0.183545 0.552734 0.0322266 0.03125 0.0351562
0 0.195733 0.643066 0.286133 0.0458984 0.0585938
0 0.225792 0.296387 0.338867 0.0244141 0.03125
0 0.235857 0.217285 0.296875 0.0224609 0.0214844
0 0.249091 0.429688 0.539551 0.0136719 0.0224609
0 0.254898 0.255859 0.333984 0.0136719 0.0292969
0 0.25589 0.781738 0.0668945 0.0400391 0.0556641
0 0.256726 0.36377 0.387695 0.0126953 0.03125
0 0.340265 0.290527 0.368164 0.0185547 0.0195312
0 0.374618 0.469727 0.059082 0.0410156 0.0615234
