0 0.102961 0.468262 0.572266 0.0380859 0.0683594
0 0.10492 0.325684 0.98584 0.0556641 0.0244141
0 0.105654 0.233887 0.556152 0.0322266 0.0478516
0 0.105722 0.183105 0.981934 0.0205078 0.0302734
0 0.106433 0.135254 0.581055 0.0322266 0.0527344
0 0.109092 0.148438 0.540039 0.0449219 0.0449219
0 0.114583 0.267578 0.878906 0.0175781 0.0292969
0 0.116421 0.674316 0.458008 0.0400391 0.0546875
0 0.117387 0.395996 0.953125 0.0341797 0.0410156
0 0.119489 0.370117 0.769043 0.0273438 0.0283203
0 0.124246 0.282227 0.562988 0.0390625 0.0361328
0 0.12634 0.566406 0.463867 0.0332031 0.0429688
0 0.130235 0.320801 0.628906 0.0205078 0.0195312
0 0.131587 0.164551 0.554199 0.0478516 0.0439453
0 0.140935 0.26416 0.941895 0.0537109 0.0673828
0 0.142078 0.616699 0.669922 0.0205078 0.0351562
0 0.14239 0.231934 0.544434 0.0205078 0.0283203
0 0.146408 0.412109 0.786621 0.0488281 0.0556641
0 0.148108 0.559082 0.839844 0.0595703 0.0566406
0 0.153671 0.512207 0.441895 0.0224609 0.0283203
0 0.171204 0.462891 0.969238 0.0351562 0.0517578
0 0.17362 0.192871 0.868652 0.0185547 0.0283203
0 0.177248 0.449219 0.54248 0.0332031 0.0361328
0 0.188591 0.117676 0.515137 0.0595703 0.0517578
0 0.188999 0.563477 0.557617 0.0332031 0.0273438
0 0.192136 0.179688 0.565918 0.0273438 0.0517578
0 0.192491 0.317871 0.55957 0.0224609 0.0273438
0 0.195158 0.29834 0.720215 0.0498047 0.0537109
0 0.195625 0.15332 0.546875 0.0273438 0.0292969
0 0.212248 0.385254 0.833496 0.0244141 0.0478516
0 0.213497 0.490723 0.842285 0.0595703 0.0654297
0 0.223032 0.945312 0.703613 0.046875 0.0419922
0 0.227225 0.447266 0.46875 0.046875 0.046875
0 0.239719 0.363281 0.51416 0.0292969 0.0341797
0 0.254106 0.63623 0.887207 0.0537109 0.0927734
0 0.274071 0.385254 0.461426 0.0341797 0.0419922
0 0.281082 0.198242 0.598145 0.0195312 0.0322266
0 0.281099 0.437012 0.858887 0.0361328 0.0537109
0 0.289579 0.537109 0.938477 0.0507812 0.0644531
0 0.393497 0.472656 0.587891 0.0273438 0.0527344
0 0.611009 0.368652 0.577148 0.0361328 0.0332031
