0 0.100111 0.344238 0.15918 0.0205078 0.0371094
0 0.100607 0.355469 0.175781 0.0214844 0.0292969
0 0.103299 0.246582 0.555176 0.0478516 0.0595703
0 0.103511 0.989746 0.220703 0.0205078 0.03125
0 0.104086 0.516602 0.112305 0.0195312 0.0234375
0 0.105135 0.518555 0.202637 0.015625 0.0205078
0 0.108421 0.0493164 0.0878906 0.0322266 0.0527344
0 0.11088 0.304688 0.179199 0.0410156 0.0400391
0 0.111092 0.257812 0.178223 0.015625 0.0224609
0 0.111956 0.428223 0.435547 0.0107422 0.0195312
0 0.116671 0.76709 0.464355 0.0341797 0.0419922
0 0.118868 0.744629 0.153809 0.0126953 0.0322266
0 0.120527 0.250488 0.0327148 0.0263672 0.0341797
0 0.121397 0.0371094 0.605957 0.0136719 0.0224609
0 0.123589 0.318848 0.421387 0.0205078 0.0263672
0 0.128257 0.78418 0.532715 0.0136719 0.0205078
0 0.142495 0.887207 0.319336 0.0283203 0.0332031
0 0.150377 0.521484 0.195801 0.0175781 0.0341797
0 0.155869 0.34668 0.168457 0.0332031 0.0478516
0 0.155876 0.305176 0.326172 0.0224609 0.0214844
0 0.160475 0.809082 0.1875 0.0400391 0.0351562
0 0.16903 0.80957 0.423828 0.0449219 0.0488281
0 0.170965 0.773438 0.196777 0.0214844 0.0419922
0 0.172716 0.348145 0.599609 0.0341797 0.0488281
0 0.173893 0.730469 0.249512 0.0234375 0.0205078
0 0.18447 0.212402 0.168945 0.0380859 0.0390625
0 0.199173 0.26416 0.54541 0.0830078 0.0712891
0 0.207473 0.495605 0.456055 0.0146484 0.0214844
0 0.223338 0.758789 0.311523 0.0195312 0.0273438
0 0.225419 0.720215 0.15918 0.0185547 0.0351562
0 0.26394 0.274902 0.10498 0.0283203 0.0263672
0 0.267217 0.734863 0.359375 0.0224609 0.0253906
0 0.26765 0.37207 0.429688 0.0292969 0.0351562
0 0.269613 0.521484 0.29834 0.015625 0.0205078
0 0.284369 0.39502 0.382324 0.0166016 0.0263672
0 0.341472 0.772949 0.131836 0.0341797 0.0566406
0 0.366091 0.766602 0.407227 0.0234375 0.0195312
0 0.437335 0.573242 0.193848 0.0195312 0.0341797
0 0.511951 0.580566 0.352539 0.0341797 0.0273438
0 0.524623 0.865723 0.208008 0.0302734 0.0351562
