0 0.100096 0.634766 0.243164 0.0214844 0.0195312
0 0.100155 0.79541 0.0717773 0.0400391 0.0537109
0 0.100626 0.594238 0.509277 0.0361328 0.0341797
0 0.100897 0.469238 0.983887 0.0263672 0.0244141
0 0.101179 0.449707 0.660156 0.0166016 0.0253906
0 0.103501 0.129883 0.962891 0.0214844 0.0292969
0 0.103583 0.770996 0.730957 0.0615234 0.0419922
0 0.104066 0.640625 0.185547 0.0371094 0.0507812
0 0.10422 0.241699 0.636719 0.0205078 0.0214844
0 0.104526 0.202637 0.205566 0.0400391 0.0576172
0 0.105417 0.893555 0.900391 0.0234375 0.0390625
0 0.105814 0.629883 0.169922 0.0390625 0.0371094
0 0.106377 0.615234 0.982422 0.0214844 0.03125
0 0.107044 0.893555 0.187988 0.0214844 0.0283203
0 0.107054 0.179199 0.713379 0.0322266 0.0419922
0 0.107069 0.610352 0.876465 0.0273438 0.0478516
0 0.107563 0.790039 0.288574 0.0332031 0.0576172
0 0.108348 0.414551 0.548828 0.0400391 0.0507812
0 0.108373 0.264648 0.272461 0.0761719 0.0703125
0 0.10893 0.772949 0.0917969 0.0322266 0.0390625
0 0.109068 0.472168 0.859375 0.0126953 0.0195312
0 0.109453 0.0356445 0.501953 0.0205078 0.0195312
0 0.110668 0.316895 0.458984 0.0302734 0.0410156
0 0.110895 0.673828 0.13623 0.0195312 0.0205078
0 0.11096 0.112305 0.439941 0.0722656 0.0576172
0 0.111402 0.331543 0.375977 0.0224609 0.03125
0 0.113253 0.467773 0.166504 0.0449219 0.0595703
0 0.113639 0.601074 0.146484 0.0263672 0.0390625
0 0.11699 0.294434 0.98877 0.0166016 0.0205078
0 0.11751 0.604492 0.681641 0.015625 0.0273438
0 0.117593 0.70166 0.102539 0.0361328 0.03125
0 0.117715 0.709473 0.692871 0.0205078 0.0341797
0 0.118121 0.850098 0.477051 0.157227 0.0908203
0 0.118804 0.879883 0.216797 0.0253906 0.0351562
0 0.118973 0.553711 0.814453 0.0214844 0.0195312
0 0.120625 0.546387 0.886719 0.0224609 0.0566406
0 0.121026 0.481445 0.693848 0.0292969 0.0400391
0 0.121521 0.647949 0.515625 0.0263672 0.0351562
0 0.121849 0.61084 0.0322266 0.0263672 0.0429688
0 0.123146 0.633789 0.012207 0.0546875 0.0244141
0 0.124162 0.588867 0.127441 0.0410156 0.0595703
0 0.124228 0.370117 0.774414 0.0214844 0.03125
0 0.124251 0.311035 0.597168 0.0830078 0.0498047
0 0.126941 0.33252 0.0390625 0.0615234 0.0683594
0 0.12751 0.476074 0.744629 0.0302734 0.0302734
0 0.12764 0.450684 0.0693359 0.0166016 0.0214844
0 0.127806 0.260742 0.210449 0.0449219 0.0478516
0 0.128481 0.34375 0.244629 0.0253906 0.0517578
0 0.128603 0.163574 0.650879 0.0244141 0.0400391
0 0.129072 0.295898 0.628906 0.0253906 0.0292969
0 0.129089 0.354492 0.376953 0.0292969 0.0429688
0 0.129335 0.858398 0.72998 0.0566406 0.0400391
0 0.130495 0.393555 0.0141602 0.0371094 0.0283203
0 0.130633 0.603516 0.747559 0.0195312 0.0478516
0 0.130953 0.565918 0.884277 0.0615234 0.0654297
0 0.131292 0.209961 0.420898 0.0273438 0.0371094
0 0.13144 0.5625 0.655273 0.0234375 0.0292969
0 0.13166 0.090332 0.394531 0.0576172 0.0546875
0 0.131924 0.522461 0.98291 0.03125 0.0302734
0 0.132078 0.404297 0.80957 0.0195312 0.03125
0 0.132195 0.313965 0.82373 0.00878906 0.0224609
0 0.133296 0.621094 0.160645 0.0527344 0.0478516
0 0.134461 0.390137 0.244629 0.0283203 0.0419922
0 0.13448 0.496094 0.680176 0.0273438 0.0361328
0 0.134533 0.385742 0.612793 0.0507812 0.0556641
0 0.13605 0.686523 0.317383 0.0292969 0.0507812
0 0.137161 0.833496 0.281738 0.0302734 0.0419922
0 0.137332 0.453125 0.59082 0.00976562 0.0253906
0 0.137427 0.552734 0.260742 0.0390625 0.0566406
0 0.137921 0.305664 0.633301 0.0292969 0.0361328
0 0.138406 0.234375 0.0874023 0.0253906 0.0283203
0 0.139132 0.265625 0.666016 0.0292969 0.0371094
0 0.139219 0.683594 0.302246 0.0214844 0.0283203
0 0.139434 0.384766 0.514648 0.0136719 0.0195312
0 0.139852 0.721191 0.313965 0.0458984 0.0478516
0 0.140468 0.240723 0.98877 0.0166016 0.0205078
0 0.140686 0.359375 0.29248 0.03125 0.0419922
0 0.142141 0.196777 0.351562 0.0341797 0.0566406
0 0.142208 0.367676 0.246094 0.0458984 0.0527344
0 0.142734 0.34668 0.843262 0.0273438 0.0576172
0 0.144104 0.484375 0.245117 0.0527344 0.0488281
0 0.144115 0.663086 0.106934 0.0175781 0.0439453
0 0.144754 0.441406 0.682129 0.03125 0.0595703
0 0.144772 0.789062 0.0229492 0.0527344 0.0400391
0 0.144888 0.307617 0.0981445 0.0507812 0.0361328
0 0.145075 0.350586 0.560059 0.0195312 0.0302734
0 0.145675 0.356445 0.152832 0.0410156 0.0380859
0 0.145827 0.354004 0.781738 0.0283203 0.0283203
0 0.14584 0.0961914 0.214844 0.0673828 0.0957031
0 0.146179 0.884277 0.257324 0.0244141 0.0302734
0 0.146571 0.168945 0.637207 0.0332031 0.0498047
0 0.146622 0.523438 0.050293 0.0214844 0.0380859
0 0.147126 0.459961 0.822754 0.0253906 0.0283203
0 0.148557 0.154297 0.141113 0.0429688 0.0439453
0 0.148589 0.555176 0.976562 0.0185547 0.0292969
0 0.148589 0.625977 0.922363 0.0371094 0.0595703
0 0.148679 0.280273 0.66748 0.0273438 0.0400391
0 0.14962 0.678223 0.751953 0.0244141 0.0332031
0 0.150664 0.284668 0.867188 0.0263672 0.0566406
0 0.151698 0.528809 0.0410156 0.0224609 0.046875
0 0.15222 0.15625 0.166504 0.0625 0.0810547
0 0.1525 0.215332 0.775879 0.0361328 0.0537109
0 0.15262 0.254883 0.208008 0.0332031 0.0253906
0 0.152673 0.705078 0.012207 0.0292969 0.0244141
0 0.152907 0.937012 0.972168 0.0732422 0.0517578
0 0.153118 0.524414 0.136719 0.0117188 0.0410156
0 0.155699 0.182129 0.773438 0.0693359 0.0488281
0 0.15635 0.59082 0.0825195 0.0390625 0.0556641
0 0.158944 0.436523 0.723145 0.0371094 0.0556641
0 0.161554 0.579102 0.986328 0.0253906 0.0273438
0 0.162511 0.652344 0.69043 0.0292969 0.0292969
0 0.162538 0.42334 0.0913086 0.0458984 0.0537109
0 0.16305 0.462402 0.626465 0.0185547 0.0244141
0 0.163685 0.744629 0.654785 0.0302734 0.0361328
0 0.164974 0.741211 0.570312 0.0527344 0.0644531
0 0.165827 0.240234 0.0273438 0.0449219 0.0546875
0 0.165915 0.616211 0.0415039 0.0253906 0.0302734
0 0.166048 0.790527 0.15918 0.0263672 0.0292969
0 0.166559 0.505859 0.679688 0.0488281 0.046875
0 0.166978 0.590332 0.885742 0.0615234 0.0683594
0 0.167804 0.429199 0.985352 0.0361328 0.0273438
0 0.169887 0.363281 0.0229492 0.0507812 0.0458984
0 0.171548 0.82373 0.136719 0.0478516 0.0488281
0 0.17405 0.291992 0.0634766 0.0664062 0.0839844
0 0.175918 0.44043 0.79248 0.0214844 0.0224609
0 0.176429 0.490234 0.0566406 0.0117188 0.0214844
0 0.176666 0.180176 0.182129 0.0849609 0.0888672
0 0.177515 0.387207 0.383789 0.0205078 0.0234375
0 0.177563 0.736328 0.153809 0.0371094 0.0400391
0 0.177837 0.37207 0.925781 0.0214844 0.03125
0 0.177974 0.40332 0.107422 0.0410156 0.0410156
0 0.179878 0.441895 0.664551 0.0322266 0.0380859
0 0.180461 0.812988 0.456543 0.0693359 0.0693359
0 0.180831 0.454102 0.0166016 0.0332031 0.0332031
0 0.181216 0.762207 0.79248 0.0498047 0.0634766
0 0.182727 0.458008 0.097168 0.0253906 0.0302734
0 0.183093 0.695312 0.644531 0.03125 0.0371094
0 0.183458 0.853516 0.314453 0.0742188 0.0644531
0 0.18376 0.343262 0.373047 0.0419922 0.0351562
0 0.18387 0.430176 0.78418 0.0341797 0.0410156
0 0.185427 0.150391 0.345215 0.0507812 0.0615234
0 0.187906 0.729004 0.0141602 0.0400391 0.0283203
0 0.188145 0.347168 0.60498 0.0263672 0.0341797
0 0.189569 0.674316 0.0585938 0.0146484 0.0410156
0 0.191862 0.331543 0.458008 0.0458984 0.0488281
0 0.191991 0.272949 0.230957 0.0185547 0.0244141
0 0.192915 0.197266 0.908691 0.0214844 0.0263672
0 0.193619 0.836426 0.294434 0.0537109 0.0673828
0 0.19709 0.293457 0.788086 0.0361328 0.0390625
0 0.198612 0.376953 0.308105 0.03125 0.0400391
0 0.199586 0.270508 0.170898 0.0878906 0.0859375
0 0.202071 0.615723 0.0175781 0.0380859 0.0351562
0 0.203099 0.619629 0.012207 0.0400391 0.0166016
0 0.204168 0.51123 0.128418 0.0263672 0.0361328
0 0.204912 0.590332 0.197754 0.0244141 0.0283203
0 0.206062 0.293945 0.0878906 0.0644531 0.0546875
0 0.208122 0.418457 0.00732422 0.0166016 0.0146484
0 0.20887 0.234863 0.630371 0.0322266 0.0322266
0 0.210829 0.552246 0.25293 0.0244141 0.0390625
0 0.210829 0.231934 0.168945 0.0537109 0.0800781
0 0.211543 0.314941 0.641602 0.0439453 0.0449219
0 0.212789 0.422363 0.775879 0.0185547 0.0322266
0 0.212974 0.205078 0.887695 0.0390625 0.0703125
0 0.214515 0.473145 0.178223 0.0302734 0.0400391
0 0.214948 0.60791 0.0131836 0.0263672 0.0263672
0 0.216251 0.21582 0.180664 0.0605469 0.0878906
0 0.216591 0.187012 0.30957 0.0712891 0.0839844
0 0.222009 0.208008 0.698242 0.046875 0.046875
0 0.224831 0.351562 0.245117 0.0175781 0.0351562
0 0.226326 0.379883 0.0898438 0.0390625 0.0644531
0 0.226994 0.240234 0.279297 0.0429688 0.0488281
0 0.231975 0.653809 0.205566 0.0224609 0.0263672
0 0.23261 0.422852 0.660645 0.0175781 0.0361328
0 0.234245 0.19043 0.710449 0.0390625 0.0498047
0 0.236202 0.466309 0.741211 0.0361328 0.0390625
0 0.237162 0.347168 0.734375 0.0224609 0.0273438
0 0.237405 0.655273 0.110352 0.0351562 0.046875
0 0.237675 0.84082 0.138672 0.0644531 0.0371094
0 0.240035 0.659668 0.869141 0.0224609 0.0351562
0 0.240984 0.28125 0.181152 0.0488281 0.0634766
0 0.241229 0.661621 0.901855 0.0458984 0.0419922
0 0.241596 0.791016 0.317871 0.0449219 0.0732422
0 0.241986 0.520996 0.527832 0.0283203 0.0283203
0 0.245697 0.451172 0.144531 0.0253906 0.0371094
0 0.247021 0.167969 0.59375 0.0292969 0.0351562
0 0.251695 0.751953 0.22168 0.0214844 0.0253906
0 0.25198 0.146484 0.102051 0.0234375 0.0322266
0 0.253017 0.370117 0.0166016 0.0332031 0.0292969
0 0.254437 0.610352 0.891113 0.0390625 0.0712891
0 0.257312 0.571289 0.70459 0.03125 0.0322266
0 0.260841 0.090332 0.587891 0.0400391 0.0546875
0 0.262065 0.78418 0.0830078 0.0507812 0.0566406
0 0.263352 0.418457 0.561523 0.0380859 0.03125
0 0.263417 0.262695 0.463867 0.0351562 0.0449219
0 0.263567 0.310547 0.043457 0.0644531 0.0791016
0 0.264091 0.35791 0.603516 0.0439453 0.0410156
0 0.264848 0.824707 0.312988 0.0986328 0.0791016
0 0.265548 0.447266 0.0126953 0.0195312 0.0253906
0 0.268653 0.430664 0.185059 0.0351562 0.0732422
0 0.270491 0.503906 0.236328 0.03125 0.0351562
0 0.270713 0.185547 0.363281 0.0507812 0.0742188
0 0.273467 0.164551 0.384766 0.0361328 0.0429688
0 0.276202 0.553223 0.216309 0.0244141 0.0341797
0 0.276764 0.684082 0.343262 0.0283203 0.0537109
0 0.277048 0.525391 0.139648 0.0234375 0.046875
0 0.279014 0.662109 0.830566 0.0253906 0.0380859
0 0.28042 0.547852 0.292969 0.0390625 0.0546875
0 0.287053 0.324219 0.653809 0.0273438 0.0263672
0 0.290786 0.601074 0.767578 0.0244141 0.0410156
0 0.291072 0.595703 0.361328 0.0371094 0.0429688
0 0.291799 0.415527 0.0610352 0.0263672 0.0380859
0 0.292733 0.704102 0.145996 0.0195312 0.0302734
0 0.29287 0.160156 0.600586 0.0546875 0.0605469
0 0.293059 0.471191 0.0161133 0.0244141 0.0322266
0 0.294275 0.207031 0.765625 0.03125 0.0351562
0 0.299538 0.665039 0.230957 0.0273438 0.0244141
0 0.299586 0.53418 0.0244141 0.015625 0.0371094
0 0.304005 0.158203 0.786621 0.0429688 0.0498047
0 0.309344 0.379883 0.246094 0.0214844 0.0390625
0 0.310512 0.265625 0.246582 0.03125 0.0478516
0 0.31693 0.894531 0.339844 0.0703125 0.0664062
0 0.318296 0.643066 0.0498047 0.0185547 0.0253906
0 0.320093 0.253418 0.667969 0.0263672 0.03125
0 0.322185 0.164062 0.361328 0.0722656 0.0839844
0 0.32358 0.381836 0.554199 0.0136719 0.0146484
0 0.32403 0.189453 0.0864258 0.0351562 0.0654297
0 0.324275 0.220703 0.692383 0.03125 0.0332031
0 0.326193 0.58252 0.0698242 0.0205078 0.0302734
0 0.330176 0.753906 0.22998 0.0273438 0.0439453
0 0.333746 0.428223 0.729004 0.0224609 0.0341797
0 0.339424 0.632812 0.304688 0.0175781 0.0332031
0 0.341432 0.729492 0.0820312 0.0527344 0.0664062
0 0.34229 0.717285 0.812012 0.0224609 0.0341797
0 0.345647 0.603516 0.254395 0.0175781 0.0302734
0 0.354274 0.416504 0.250977 0.0380859 0.0527344
0 0.354506 0.252441 0.34082 0.0498047 0.0429688
0 0.355615 0.587402 0.765625 0.0556641 0.0429688
0 0.355618 0.408691 0.114258 0.0244141 0.0292969
0 0.355854 0.729492 0.266602 0.0214844 0.0253906
0 0.356758 0.335449 0.244629 0.0361328 0.0771484
0 0.358902 0.671387 0.759766 0.0361328 0.0410156
0 0.361992 0.309082 0.603516 0.0478516 0.0449219
0 0.362416 0.729004 0.304199 0.0322266 0.0283203
0 0.362929 0.259766 0.263184 0.0410156 0.0673828
0 0.363653 0.314941 0.172852 0.0361328 0.0625
0 0.369729 0.621094 0.23877 0.0253906 0.0302734
0 0.371108 0.433594 0.0927734 0.0332031 0.0371094
0 0.378768 0.591797 0.102539 0.046875 0.0664062
0 0.389914 0.375488 0.768066 0.0146484 0.0224609
0 0.394921 0.143066 0.59375 0.0576172 0.0644531
0 0.397521 0.471191 0.240234 0.0302734 0.0410156
0 0.403508 0.183594 0.197754 0.0488281 0.0595703
0 0.405793 0.238281 0.797852 0.0332031 0.0390625
0 0.412156 0.47998 0.799805 0.0283203 0.0429688
0 0.412886 0.645508 0.0107422 0.0292969 0.0214844
0 0.417958 0.629883 0.936035 0.0234375 0.0283203
0 0.426412 0.392578 0.172852 0.0234375 0.03125
0 0.435622 0.341309 0.691406 0.0263672 0.0449219
0 0.440003 0.796387 0.237305 0.0400391 0.0429688
0 0.443581 0.697754 0.0556641 0.0302734 0.0410156
0 0.446466 0.430664 0.316895 0.0507812 0.0712891
0 0.463896 0.56543 0.767578 0.0351562 0.0390625
0 0.477884 0.49707 0.0195312 0.0136719 0.0195312
0 0.479548 0.483398 0.919434 0.0351562 0.0458984
0 0.482065 0.638184 0.11084 0.0439453 0.0517578
0 0.503322 0.286133 0.711426 0.046875 0.0576172
0 0.507371 0.417969 0.897461 0.0253906 0.0273438
0 0.514471 0.5 0.121582 0.015625 0.0302734
0 0.518832 0.190918 0.289551 0.0556641 0.0478516
0 0.536311 0.538086 0.0712891 0.0253906 0.0410156
0 0.54141 0.664062 0.274902 0.0488281 0.0537109
0 0.554124 0.706543 0.209961 0.0439453 0.0507812
0 0.608963 0.493164 0.30127 0.0527344 0.0869141
0 0.620092 0.285645 0.279785 0.0341797 0.0576172
0 0.623017 0.854492 0.193848 0.0390625 0.0400391
