0 0.102073 0.218262 0.501953 0.0166016 0.03125
0 0.102978 0.438965 0.905762 0.0224609 0.0341797
0 0.104726 0.20752 0.483887 0.0224609 0.0322266
0 0.104968 0.162598 0.271973 0.0205078 0.0205078
0 0.10616 0.15625 0.471191 0.0234375 0.0224609
0 0.106658 0.205566 0.187988 0.0244141 0.0263672
0 0.107065 0.714355 0.220703 0.0458984 0.0585938
0 0.107066 0.206543 0.631348 0.0224609 0.0244141
0 0.107425 0.222168 0.65918 0.0185547 0.0488281
0 0.110725 0.373535 0.21582 0.0126953 0.0234375
0 0.115924 0.771484 0.188965 0.0175781 0.0263672
0 0.117868 0.765137 0.149414 0.0146484 0.0390625
0 0.118578 0.0839844 0.233887 0.0410156 0.0400391
0 0.119629 0.218262 0.587891 0.0166016 0.0253906
0 0.119673 0.192871 0.437988 0.0107422 0.0263672
0 0.120372 0.224609 0.157227 0.03125 0.0390625
0 0.122096 0.724609 0.0112305 0.0195312 0.0205078
0 0.122563 0.185547 0.722656 0.0332031 0.0410156
0 0.124266 0.191895 0.277344 0.0224609 0.0292969
0 0.125245 0.114746 0.409668 0.0205078 0.0302734
0 0.128216 0.178223 0.546875 0.0166016 0.0253906
0 0.130035 0.818848 0.24707 0.0341797 0.0410156
0 0.137251 0.629395 0.289551 0.0126953 0.0146484
0 0.139611 0.79541 0.186523 0.0283203 0.0371094
0 0.142761 0.816895 0.313477 0.0205078 0.015625
0 0.149713 0.12793 0.302734 0.015625 0.0332031
0 0.153226 0.208984 0.552246 0.0175781 0.0263672
0 0.154557 0.811035 0.114746 0.0205078 0.0341797
0 0.155655 0.0849609 0.386719 0.0117188 0.015625
0 0.162717 0.862305 0.166504 0.0273438 0.0419922
0 0.163301 0.608398 0.311035 0.0214844 0.0244141
0 0.163922 0.119629 0.367188 0.0146484 0.0195312
0 0.168606 0.674316 0.245605 0.0126953 0.0400391
0 0.172267 0.445801 0.529297 0.0224609 0.015625
0 0.17228 0.336914 0.203613 0.015625 0.0185547
0 0.172397 0.290039 0.259277 0.0234375 0.0244141
0 0.173624 0.774902 0.0361328 0.0400391 0.0605469
0 0.173898 0.172852 0.497559 0.0195312 0.0283203
0 0.18382 0.313477 0.355469 0.0371094 0.0390625
0 0.187149 0.155762 0.271973 0.0185547 0.0244141
0 0.187875 0.810059 0.432617 0.0498047 0.0527344
0 0.194084 0.766113 0.161621 0.0244141 0.0576172
0 0.198126 0.702148 0.0874023 0.0234375 0.0283203
0 0.198322 0.944336 0.132812 0.015625 0.0253906
0 0.198862 0.21582 0.492676 0.0234375 0.0341797
0 0.203254 0.227539 0.297852 0.0234375 0.0273438
0 0.204501 0.310547 0.288574 0.0175781 0.0283203
0 0.21827 0.882324 0.258301 0.0556641 0.0654297
0 0.221414 0.821777 0.175293 0.0322266 0.0537109
0 0.235754 0.213867 0.541504 0.0195312 0.0322266
0 0.235872 0.710449 0.294434 0.0205078 0.0224609
0 0.252493 0.19873 0.413574 0.0146484 0.0322266
0 0.252831 0.370605 0.257812 0.0126953 0.0292969
0 0.254421 0.165527 0.320801 0.0205078 0.0263672
0 0.262178 0.0957031 0.322266 0.0117188 0.0234375
0 0.264946 0.304199 0.472656 0.0263672 0.0527344
0 0.270008 0.141113 0.378418 0.0146484 0.0166016
0 0.270088 0.250977 0.350098 0.0136719 0.0166016
0 0.270706 0.171875 0.289062 0.0117188 0.0273438
0 0.278672 0.160156 0.647949 0.0234375 0.0380859
0 0.291222 0.810547 0.258301 0.0488281 0.0615234
0 0.336126 0.197266 0.301758 0.0117188 0.0214844
0 0.343513 0.257324 0.427734 0.0205078 0.0234375
0 0.354216 0.241699 0.395996 0.0185547 0.0205078
0 0.405561 0.148926 0.218262 0.0302734 0.0341797
0 0.407932 0.34082 0.0244141 0.0800781 0.0449219
0 0.477762 0.22168 0.360352 0.0253906 0.0507812
0 0.549847 0.757812 0.276367 0.0234375 0.0410156
0 0.572115 0.183594 0.361328 0.0253906 0.046875
