0 0.101587 0.242188 0.291016 0.015625 0.0195312
0 0.103245 0.748047 0.0605469 0.046875 0.101562
0 0.10359 0.481445 0.617188 0.0078125 0.0175781
0 0.107006 0.646484 0.583984 0.0273438 0.0488281
0 0.108094 0.348145 0.209961 0.0185547 0.0253906
0 0.108836 0.125977 0.363281 0.0292969 0.0429688
0 0.113207 0.60791 0.212891 0.0126953 0.0195312
0 0.114009 0.707031 0.281738 0.0214844 0.0224609
0 0.114439 0.171875 0.318359 0.0390625 0.046875
0 0.118633 0.6875 0.152344 0.0195312 0.0507812
0 0.119906 0.154785 0.408691 0.0107422 0.0244141
0 0.119909 0.393066 0.0693359 0.0341797 0.0429688
0 0.135393 0.657715 0.266113 0.0556641 0.0673828
0 0.138083 0.177734 0.0698242 0.0292969 0.0341797
0 0.139658 0.510742 0.101074 0.0117188 0.0166016
0 0.143486 0.240234 0.0581055 0.0546875 0.0478516
0 0.146224 0.351074 0.318359 0.0205078 0.0253906
0 0.148504 0.205078 0.369141 0.0410156 0.0410156
0 0.148523 0.265625 0.266113 0.0117188 0.0224609
0 0.15194 0.320801 0.65625 0.0107422 0.0214844
0 0.174423 0.492188 0.305176 0.0136719 0.0166016
0 0.176172 0.395996 0.0712891 0.0244141 0.0273438
0 0.202626 0.308105 0.0498047 0.0224609 0.0234375
0 0.227013 0.248535 0.316895 0.0302734 0.0283203
0 0.249769 0.384766 0.170898 0.0429688 0.0390625
0 0.307379 0.447266 0.520996 0.0136719 0.0205078
0 0.41394 0.670898 0.0322266 0.0410156 0.0527344
