0 0.100491 0.87793 0.0170898 0.0722656 0.0341797
0 0.101226 0.453125 0.356934 0.0175781 0.0244141
0 0.105597 0.27002 0.289062 0.0224609 0.0410156
0 0.10691 0.231445 0.0668945 0.046875 0.0634766
0 0.109272 0.317871 0.303223 0.0107422 0.0185547
0 0.109395 0.112793 0.0366211 0.0576172 0.0576172
0 0.110419 0.932129 0.0649414 0.0693359 0.0712891
0 0.112221 0.263184 0.0654297 0.0595703 0.0839844
0 0.114608 0.230469 0.292969 0.0332031 0.0527344
0 0.115404 0.119141 0.0200195 0.0585938 0.0361328
0 0.116796 0.0834961 0.270996 0.0576172 0.0478516
0 0.119924 0.0844727 0.281738 0.0400391 0.0400391
0 0.121051 0.344727 0.043457 0.0253906 0.0517578
0 0.12419 0.493164 0.194824 0.0253906 0.0322266
0 0.125208 0.571289 0.0507812 0.0175781 0.0234375
0 0.126449 0.358887 0.112793 0.0146484 0.0478516
0 0.126721 0.133789 0.220215 0.0234375 0.0263672
0 0.129974 0.758789 0.417969 0.0488281 0.0449219
0 0.133276 0.453613 0.294922 0.0244141 0.0253906
0 0.13468 0.3125 0.104004 0.03125 0.0322266
0 0.137318 0.892578 0.367676 0.0878906 0.0478516
0 0.141954 0.499512 0.427246 0.0185547 0.0166016
0 0.146945 0.188477 0.354004 0.0214844 0.0205078
0 0.148835 0.382812 0.114746 0.015625 0.0322266
0 0.152211 0.336914 0.266113 0.0136719 0.0341797
0 0.157017 0.14209 0.390137 0.0224609 0.0244141
0 0.163112 0.448242 0.290527 0.015625 0.0224609
0 0.163886 0.444336 0.249023 0.0214844 0.0253906
0 0.167782 0.283203 0.0854492 0.03125 0.0458984
0 0.167852 0.427734 0.361816 0.0117188 0.0224609
0 0.172632 0.184082 0.0756836 0.0400391 0.0400391
0 0.176332 0.520508 0.376953 0.0253906 0.0195312
0 0.203803 0.460938 0.299316 0.0136719 0.0205078
0 0.213732 0.15918 0.019043 0.0273438 0.0322266
0 0.2141 0.0507812 0.259766 0.046875 0.0253906
0 0.221041 0.48877 0.304199 0.0126953 0.0205078
0 0.23587 0.0981445 0.0600586 0.0263672 0.0380859
0 0.237392 0.0454102 0.385742 0.0498047 0.0546875
0 0.249708 0.759766 0.012207 0.0214844 0.0244141
0 0.251516 0.432617 0.0585938 0.0195312 0.0273438
0 0.260051 0.305664 0.189453 0.03125 0.0371094
0 0.263035 0.47998 0.346191 0.0205078 0.0224609
0 0.266021 0.449219 0.244629 0.015625 0.0224609
0 0.283977 0.461914 0.396484 0.0214844 0.03125
0 0.284292 0.490723 0.544434 0.0302734 0.0341797
0 0.285924 0.435059 0.415039 0.0185547 0.0351562
0 0.302516 0.269043 0.286621 0.0166016 0.0224609
0 0.342506 0.521973 0.319336 0.0185547 0.0234375
0 0.354422 0.134766 0.283691 0.0234375 0.0419922
0 0.558037 0.443848 0.126465 0.0166016 0.0205078
0 0.651402 0.474609 0.470703 0.0390625 0.0683594
