0 0.101511 0.192383 0.380371 0.0371094 0.0458984
0 0.102042 0.77002 0.227051 0.0322266 0.0419922
0 0.103787 0.532227 0.864746 0.0078125 0.0185547
0 0.108408 0.308105 0.253418 0.0283203 0.0439453
0 0.110416 0.665039 0.608887 0.00976562 0.0107422
0 0.113733 0.191406 0.368164 0.03125 0.0214844
0 0.114555 0.315918 0.310059 0.0302734 0.0361328
0 0.117084 0.0385742 0.081543 0.0537109 0.0732422
0 0.119351 0.34082 0.234375 0.0429688 0.0527344
0 0.11985 0.204102 0.323242 0.0117188 0.015625
0 0.121681 0.381348 0.498535 0.0146484 0.0263672
0 0.12692 0.305176 0.236816 0.0380859 0.0595703
0 0.127217 0.315918 0.571289 0.0205078 0.0371094
0 0.127875 0.475586 0.0966797 0.0195312 0.0351562
0 0.130944 0.34082 0.0942383 0.0507812 0.0947266
0 0.145068 0.330566 0.17627 0.0224609 0.0263672
0 0.145334 0.295898 0.748535 0.0371094 0.0458984
0 0.155104 0.48584 0.289062 0.0419922 0.0761719
0 0.15695 0.336914 0.662109 0.03125 0.0390625
0 0.172301 0.564453 0.860352 0.0117188 0.0292969
0 0.236949 0.177734 0.501953 0.0175781 0.0175781
0 0.260953 0.34668 0.506348 0.0117188 0.0166016
0 0.267191 0.311523 0.125488 0.0253906 0.0400391
0 0.272864 0.453125 0.390625 0.0136719 0.0234375
0 0.353329 0.320801 0.0273438 0.0283203 0.046875
0 0.357915 0.289062 0.196777 0.0234375 0.0322266
