0 0.10626 0.422852 0.103516 0.0839844 0.0644531
0 0.109357 0.37793 0.127441 0.167969 0.137695
0 0.110211 0.196289 0.708496 0.046875 0.0712891
0 0.111542 0.315918 0.0986328 0.0478516 0.0644531
0 0.112316 0.342285 0.675781 0.0556641 0.078125
0 0.118501 0.56543 0.410156 0.0175781 0.0273438
0 0.119177 0.334961 0.314941 0.0976562 0.12793
0 0.120488 0.291504 0.174316 0.0439453 0.0615234
0 0.132933 0.416504 0.22998 0.0712891 0.0947266
0 0.135697 0.219727 0.82666 0.0214844 0.0244141
0 0.164543 0.512207 0.963867 0.0537109 0.0722656
0 0.165392 0.354492 0.686523 0.103516 0.0957031
0 0.17486 0.202637 0.627441 0.0478516 0.0615234
0 0.215641 0.310547 0.775879 0.0410156 0.0615234
0 0.218524 0.227051 0.185547 0.0947266 0.162109
0 0.227759 0.44043 0.506348 0.0410156 0.0380859
0 0.233955 0.333008 0.706543 0.0625 0.0517578
0 0.376401 0.47998 0.330078 0.0361328 0.0644531
0 0.41658 0.439453 0.375488 0.0410156 0.0537109
