0 0.100257 0.194824 0.147949 0.0478516 0.0302734
0 0.100497 0.285156 0.329102 0.0332031 0.046875
0 0.100652 0.399414 0.165039 0.015625 0.0292969
0 0.103134 0.388672 0.46582 0.0292969 0.046875
0 0.104065 0.0742188 0.166016 0.0273438 0.0351562
0 0.105614 0.51416 0.142578 0.0283203 0.0234375
0 0.107929 0.341797 0.430176 0.0136719 0.0205078
0 0.108028 0.331543 0.285645 0.0439453 0.0654297
0 0.108274 0.188965 0.0161133 0.0595703 0.0322266
0 0.109487 0.441406 0.263672 0.03125 0.0488281
0 0.110265 0.390625 0.47168 0.0195312 0.03125
0 0.111619 0.229492 0.0864258 0.0449219 0.0615234
0 0.112707 0.291016 0.222168 0.0195312 0.0263672
0 0.113644 0.336426 0.260254 0.0498047 0.0673828
0 0.114937 0.587402 0.375 0.0126953 0.0175781
0 0.115141 0.427734 0.395996 0.0273438 0.0380859
0 0.115446 0.48877 0.0737305 0.0224609 0.0478516
0 0.117388 0.457031 0.126465 0.0117188 0.0185547
0 0.120377 0.405762 0.300293 0.0244141 0.0263672
0 0.121223 0.759766 0.339844 0.0820312 0.0644531
0 0.122086 0.266602 0.453613 0.0195312 0.0361328
0 0.124548 0.535156 0.266113 0.0253906 0.0244141
0 0.129724 0.185547 0.139648 0.0703125 0.0488281
0 0.130619 0.369141 0.418945 0.0234375 0.0273438
0 0.130976 0.210449 0.268066 0.0478516 0.0615234
0 0.131954 0.258301 0.0429688 0.0224609 0.0371094
0 0.132188 0.512695 0.594727 0.0175781 0.0234375
0 0.133871 0.506348 0.137207 0.0400391 0.0439453
0 0.135444 0.335938 0.889648 0.0488281 0.046875
0 0.136873 0.503906 0.301758 0.0234375 0.0292969
0 0.143418 0.495605 0.124512 0.0185547 0.0283203
0 0.144864 0.473633 0.299805 0.0117188 0.0214844
0 0.14838 0.563477 0.164062 0.0175781 0.0214844
0 0.150916 0.286621 0.319336 0.0205078 0.0429688
0 0.153139 0.304688 0.128418 0.03125 0.0400391
0 0.160175 0.29248 0.264648 0.0185547 0.0292969
0 0.173497 0.546875 0.034668 0.0449219 0.0673828
0 0.173676 0.161133 0.217773 0.015625 0.015625
0 0.174798 0.391113 0.330566 0.0185547 0.0380859
0 0.175294 0.472656 0.354004 0.0273438 0.0439453
0 0.182634 0.444336 0.516113 0.0175781 0.0244141
0 0.194025 0.463379 0.10791 0.0107422 0.0224609
0 0.194947 0.162598 0.137695 0.0478516 0.0449219
0 0.199267 0.28418 0.177734 0.0234375 0.0292969
0 0.200797 0.438965 0.23291 0.0361328 0.0576172
0 0.204731 0.288086 0.30957 0.015625 0.0234375
0 0.220651 0.497559 0.412598 0.0107422 0.0185547
0 0.230478 0.447266 0.270996 0.0214844 0.0283203
0 0.234721 0.720703 0.491699 0.03125 0.0380859
0 0.237855 0.369629 0.0380859 0.0302734 0.0429688
0 0.246822 0.489746 0.0556641 0.0263672 0.0722656
0 0.250581 0.762695 0.344727 0.0546875 0.0429688
0 0.271105 0.321289 0.015625 0.0351562 0.0273438
0 0.274631 0.52832 0.183594 0.0292969 0.046875
0 0.285564 0.317383 0.204102 0.0234375 0.0371094
0 0.298968 0.396973 0.216309 0.0283203 0.0595703
0 0.314727 0.431641 0.179688 0.0214844 0.03125
0 0.339961 0.328613 0.0766602 0.0185547 0.0322266
0 0.449463 0.493164 0.223633 0.0332031 0.0605469
