0 0.102633 0.550781 0.90918 0.0273438 0.0371094
0 0.104587 0.341797 0.177734 0.0351562 0.0449219
0 0.104965 0.16748 0.17334 0.0458984 0.0458984
0 0.105021 0.335449 0.0288086 0.0615234 0.0498047
0 0.106582 0.619629 0.795898 0.0576172 0.0703125
0 0.10796 0.120117 0.0996094 0.0292969 0.046875
0 0.108827 0.380371 0.11377 0.0498047 0.0458984
0 0.10913 0.378906 0.0805664 0.107422 0.0732422
0 0.111406 0.36084 0.820312 0.0400391 0.0605469
0 0.112144 0.303711 0.632812 0.0117188 0.015625
0 0.113344 0.481445 0.186035 0.046875 0.0654297
0 0.114535 0.243164 0.344727 0.0410156 0.0527344
0 0.116152 0.650391 0.491699 0.0214844 0.0205078
0 0.116342 0.376953 0.76123 0.0488281 0.0537109
0 0.117477 0.739746 0.529785 0.0439453 0.0595703
0 0.118064 0.300293 0.822754 0.0146484 0.0224609
0 0.118251 0.354492 0.849609 0.015625 0.0273438
0 0.119749 0.312012 0.0922852 0.0556641 0.0615234
0 0.121881 0.283203 0.884277 0.0273438 0.0341797
0 0.122658 0.533203 0.975098 0.0273438 0.0498047
0 0.127763 0.365723 0.0917969 0.0556641 0.0722656
0 0.128118 0.285156 0.799805 0.0351562 0.046875
0 0.128183 0.231934 0.877441 0.0322266 0.0341797
0 0.128968 0.208496 0.666992 0.0322266 0.0371094
0 0.130785 0.250977 0.880371 0.0175781 0.0283203
0 0.131187 0.151855 0.726562 0.0166016 0.0292969
0 0.136493 0.334473 0.0942383 0.0615234 0.0869141
0 0.137825 0.111328 0.768555 0.0429688 0.046875
0 0.137865 0.733398 0.94043 0.0292969 0.0429688
0 0.138305 0.230469 0.679199 0.03125 0.0400391
0 0.138723 0.352051 0.527832 0.0126953 0.0146484
0 0.14189 0.533203 0.19873 0.0332031 0.0400391
0 0.142099 0.616699 0.588867 0.0478516 0.0371094
0 0.144499 0.513672 0.456055 0.015625 0.0234375
0 0.145649 0.35791 0.494629 0.0107422 0.0166016
0 0.146053 0.302246 0.0966797 0.0205078 0.0351562
0 0.146378 0.293945 0.0986328 0.0410156 0.0449219
0 0.148871 0.621094 0.974121 0.0390625 0.0439453
0 0.150149 0.46875 0.757324 0.015625 0.0322266
0 0.155833 0.416504 0.640625 0.0380859 0.0351562
0 0.158677 0.336914 0.669434 0.0175781 0.0244141
0 0.159618 0.596191 0.588379 0.0341797 0.0380859
0 0.159825 0.0146484 0.574219 0.0273438 0.0449219
0 0.169734 0.197266 0.224609 0.0273438 0.0351562
0 0.180015 0.321289 0.0175781 0.0429688 0.03125
0 0.181892 0.40918 0.56543 0.0292969 0.0371094
0 0.183932 0.242188 0.881348 0.03125 0.0322266
0 0.184386 0.153809 0.571289 0.0302734 0.0410156
0 0.191999 0.583496 0.82959 0.0224609 0.0322266
0 0.19258 0.0444336 0.628418 0.0556641 0.0302734
0 0.194386 0.223145 0.667969 0.0263672 0.0292969
0 0.197372 0.105957 0.290039 0.0439453 0.0585938
0 0.202037 0.231445 0.786133 0.03125 0.046875
0 0.210712 0.411133 0.074707 0.0488281 0.0537109
0 0.21267 0.445312 0.455566 0.0214844 0.0224609
0 0.214853 0.353516 0.837402 0.0234375 0.0478516
0 0.217613 0.263672 0.604004 0.0175781 0.0244141
0 0.218329 0.458008 0.660645 0.0488281 0.0673828
0 0.224642 0.117188 0.68457 0.0351562 0.0292969
0 0.235819 0.220703 0.0351562 0.0917969 0.0703125
0 0.242148 0.279297 0.904297 0.0332031 0.0625
0 0.24432 0.490234 0.962891 0.015625 0.0273438
0 0.246153 0.308105 0.641113 0.0205078 0.0302734
0 0.247373 0.277344 0.788574 0.0292969 0.0302734
0 0.252967 0.588867 0.521484 0.0175781 0.015625
0 0.260098 0.721191 0.971191 0.0283203 0.0498047
0 0.271713 0.200195 0.740723 0.0273438 0.0380859
0 0.279929 0.0732422 0.705078 0.0449219 0.0527344
0 0.284406 0.220703 0.880371 0.0449219 0.0439453
0 0.307426 0.629395 0.588867 0.0224609 0.0351562
0 0.310458 0.119141 0.615723 0.0273438 0.0498047
0 0.318186 0.410156 0.807617 0.0273438 0.0449219
0 0.363494 0.715332 0.368652 0.0517578 0.0673828
0 0.383996 0.583984 0.957031 0.0253906 0.0390625
0 0.386218 0.473145 0.505371 0.0224609 0.0283203
0 0.41176 0.212402 0.590332 0.0400391 0.0498047
0 0.412236 0.168945 0.807617 0.0234375 0.03125
0 0.415709 0.449219 0.168945 0.0449219 0.0546875
0 0.442074 0.337402 0.905762 0.0263672 0.0732422
0 0.443629 0.291504 0.549316 0.0498047 0.0361328
0 0.515 0.19873 0.88623 0.0322266 0.0478516
