0 0.107294 0.4375 0.489746 0.0234375 0.0283203
0 0.108399 0.205566 0.912109 0.0478516 0.0488281
0 0.110549 0.689941 0.119141 0.0712891 0.09375
0 0.113067 0.157715 0.783691 0.0341797 0.0576172
0 0.115643 0.574707 0.674805 0.0244141 0.0449219
0 0.115764 0.669922 0.059082 0.123047 0.116211
0 0.120493 0.19043 0.67334 0.0527344 0.0732422
0 0.122405 0.385254 0.585449 0.0302734 0.0439453
0 0.123723 0.461426 0.48877 0.0458984 0.0322266
0 0.124181 0.733887 0.288574 0.0537109 0.0595703
0 0.125164 0.48291 0.459473 0.0322266 0.0712891
0 0.125903 0.341797 0.583008 0.0351562 0.046875
0 0.134316 0.359375 0.47998 0.0410156 0.0458984
0 0.142835 0.410156 0.482422 0.0292969 0.0351562
0 0.149766 0.749512 0.090332 0.0634766 0.0673828
0 0.163013 0.217285 0.472168 0.0283203 0.0478516
0 0.164482 0.774414 0.232422 0.0195312 0.0351562
0 0.168918 0.281738 0.640137 0.0595703 0.0830078
0 0.169179 0.554688 0.752441 0.0234375 0.0498047
0 0.175314 0.524414 0.520508 0.0117188 0.0253906
0 0.181889 0.195801 0.53418 0.0283203 0.0449219
0 0.205757 0.558105 0.474121 0.0146484 0.0166016
0 0.21319 0.692383 0.141602 0.0449219 0.0527344
0 0.215584 0.622559 0.455566 0.0263672 0.0341797
0 0.21873 0.442871 0.484375 0.0244141 0.03125
0 0.229015 0.736816 0.160156 0.0341797 0.0488281
0 0.232822 0.794434 0.0180664 0.0458984 0.0361328
0 0.246934 0.164551 0.565918 0.0419922 0.0517578
0 0.254415 0.322266 0.47998 0.0292969 0.0517578
0 0.258321 0.840332 0.0395508 0.0263672 0.0341797
0 0.270519 0.405273 0.682129 0.0390625 0.0576172
0 0.273134 0.473145 0.489258 0.0185547 0.0273438
0 0.274872 0.766602 0.0810547 0.03125 0.0507812
0 0.291843 0.407715 0.520996 0.0458984 0.0419922
0 0.304636 0.506836 0.712891 0.0214844 0.0273438
0 0.320603 0.304688 0.554688 0.0234375 0.0332031
0 0.321642 0.76709 0.202148 0.0283203 0.0332031
0 0.330368 0.486816 0.681641 0.0419922 0.046875
0 0.430688 0.263184 0.478027 0.0380859 0.0341797
0 0.439678 0.219238 0.563477 0.0341797 0.0371094
0 0.55147 0.799316 0.121094 0.0380859 0.0410156
