0 0.1009 0.563477 0.369141 0.0292969 0.0253906
0 0.101235 0.580566 0.352051 0.0126953 0.0205078
0 0.102571 0.536621 0.373535 0.0244141 0.0224609
0 0.103145 0.324219 0.0361328 0.0546875 0.0527344
0 0.104487 0.58252 0.410156 0.0478516 0.03125
0 0.106257 0.638672 0.266602 0.0136719 0.0195312
0 0.108523 0.536133 0.277832 0.0273438 0.0439453
0 0.115058 0.540527 0.289551 0.0205078 0.0205078
0 0.119496 0.687988 0.222168 0.0693359 0.0498047
0 0.124055 0.337891 0.0571289 0.015625 0.0263672
0 0.125103 0.595703 0.408203 0.0332031 0.0253906
0 0.126194 0.415039 0.213379 0.0195312 0.0205078
0 0.132833 0.647949 0.382324 0.0126953 0.0224609
0 0.140697 0.711426 0.216309 0.0458984 0.0380859
0 0.143448 0.149902 0.344238 0.0185547 0.0263672
0 0.145934 0.61377 0.145508 0.0283203 0.03125
0 0.146815 0.349121 0.0297852 0.0166016 0.0205078
0 0.146831 0.392578 0.278809 0.0429688 0.0400391
0 0.153269 0.260254 0.284668 0.0126953 0.0244141
0 0.159042 0.395508 0.090332 0.03125 0.0400391
0 0.159982 0.384277 0.0776367 0.0166016 0.0283203
0 0.160828 0.536133 0.0888672 0.00976562 0.0195312
0 0.16114 0.525879 0.335938 0.0224609 0.0175781
0 0.168513 0.0878906 0.0273438 0.0585938 0.046875
0 0.17055 0.548828 0.373047 0.0507812 0.0253906
0 0.17442 0.514648 0.224121 0.0253906 0.0380859
0 0.178629 0.65625 0.166016 0.0332031 0.0449219
0 0.181636 0.520508 0.476562 0.0292969 0.0507812
0 0.182654 0.570801 0.300293 0.0107422 0.0166016
0 0.183531 0.690918 0.0136719 0.0361328 0.0253906
0 0.186356 0.48877 0.327637 0.0205078 0.0244141
0 0.187945 0.570312 0.418457 0.03125 0.0380859
0 0.200637 0.331055 0.272461 0.0078125 0.015625
0 0.201525 0.533691 0.264648 0.0185547 0.0332031
0 0.225959 0.592285 0.108887 0.0263672 0.0419922
0 0.233263 0.297363 0.283203 0.0244141 0.0390625
0 0.236877 0.669922 0.214844 0.046875 0.0410156
0 0.246876 0.225098 0.164551 0.0263672 0.0400391
0 0.255934 0.52002 0.230469 0.0205078 0.0273438
0 0.271146 0.615723 0.043457 0.0263672 0.0400391
0 0.278332 0.662109 0.349121 0.0273438 0.0302734
0 0.281977 0.407227 0.282715 0.0234375 0.0283203
0 0.295423 0.536621 0.255371 0.0185547 0.0205078
0 0.297916 0.341309 0.0292969 0.0341797 0.0234375
0 0.306233 0.406738 0.209473 0.0244141 0.0263672
0 0.332945 0.703125 0.019043 0.0546875 0.0380859
0 0.338248 0.606934 0.10498 0.0341797 0.0400391
0 0.343742 0.270508 0.0483398 0.0175781 0.0263672
0 0.361918 0.558105 0.122559 0.0244141 0.0283203
0 0.369743 0.619629 0.154297 0.0380859 0.0507812
0 0.380035 0.641113 0.015625 0.0302734 0.0292969
0 0.381717 0.49707 0.151367 0.015625 0.0292969
0 0.390682 0.404297 0.0981445 0.0195312 0.0263672
0 0.413001 0.372559 0.271973 0.0205078 0.0498047
0 0.429563 0.327148 0.0703125 0.0273438 0.0351562
0 0.430906 0.377441 0.140137 0.0244141 0.0341797
0 0.452617 0.436035 0.166016 0.0263672 0.0332031
0 0.483876 0.344238 0.29834 0.0146484 0.0205078
0 0.546192 0.577148 0.514648 0.0390625 0.0527344
0 0.679082 0.570312 0.0449219 0.0429688 0.0683594
