0 0.108337 0.398926 0.739746 0.0224609 0.0244141
0 0.118288 0.543945 0.303223 0.0136719 0.0302734
0 0.118603 0.138184 0.429199 0.0283203 0.0302734
0 0.128461 0.666504 0.821289 0.0283203 0.0527344
0 0.132943 0.730957 0.272949 0.0205078 0.0322266
0 0.140963 0.380859 0.25 0.0351562 0.0253906
0 0.160216 0.608398 0.276855 0.0253906 0.0341797
0 0.161377 0.613281 0.52002 0.0214844 0.0263672
0 0.205736 0.650391 0.195801 0.0234375 0.0322266
0 0.212711 0.522949 0.279297 0.0263672 0.0273438
0 0.21833 0.407715 0.437988 0.0146484 0.0146484
0 0.228904 0.578613 0.180176 0.0322266 0.0498047
0 0.290949 0.478516 0.530273 0.0644531 0.0488281
0 0.302952 0.370605 0.399902 0.0283203 0.0283203
0 0.35786 0.477539 0.37207 0.0273438 0.0332031
