0 0.102313 0.361328 0.98877 0.0273438 0.0205078
0 0.104474 0.858887 0.132324 0.0556641 0.0927734
0 0.105049 0.866211 0.331543 0.0136719 0.0283203
0 0.10585 0.51416 0.0268555 0.0341797 0.0478516
0 0.106125 0.884277 0.340332 0.0302734 0.0361328
0 0.107367 0.204102 0.127441 0.0527344 0.0849609
0 0.112163 0.399414 0.304199 0.0390625 0.0498047
0 0.117776 0.651855 0.298828 0.0146484 0.0253906
0 0.130669 0.320801 0.371582 0.0146484 0.0166016
0 0.136171 0.317383 0.183594 0.015625 0.0253906
0 0.13628 0.213867 0.112793 0.0390625 0.0595703
0 0.15193 0.483398 0.802246 0.0527344 0.0419922
0 0.153274 0.374512 0.128418 0.0361328 0.0322266
0 0.155163 0.404297 0.273438 0.0234375 0.0292969
0 0.157547 0.310059 0.238281 0.0556641 0.0371094
0 0.160698 0.330566 0.242188 0.0322266 0.0332031
0 0.167759 0.293945 0.174316 0.0273438 0.0302734
0 0.182601 0.845703 0.279785 0.0566406 0.0751953
0 0.183532 0.401855 0.285156 0.0322266 0.0488281
0 0.183613 0.410156 0.229492 0.0273438 0.03125
0 0.195931 0.788086 0.0698242 0.0292969 0.0400391
0 0.196494 0.427246 0.140137 0.0283203 0.0458984
0 0.208302 0.296875 0.23584 0.0234375 0.0302734
0 0.277315 0.360352 0.219727 0.0234375 0.03125
