0 0.100288 0.293457 0.189453 0.0205078 0.015625
0 0.100326 0.571777 0.0258789 0.0166016 0.0322266
0 0.10047 0.183594 0.578613 0.0351562 0.0400391
0 0.100731 0.277344 0.518066 0.0136719 0.0263672
0 0.101892 0.612793 0.257812 0.0146484 0.0234375
0 0.103877 0.583984 0.118652 0.0117188 0.0126953
0 0.104678 0.37207 0.490234 0.0136719 0.0175781
0 0.10973 0.710938 0.21875 0.015625 0.0214844
0 0.113502 0.680664 0.0292969 0.0292969 0.0449219
0 0.11548 0.963379 0.395996 0.0634766 0.0576172
0 0.115559 0.3125 0.330078 0.00976562 0.015625
0 0.117298 0.397949 0.0976562 0.0283203 0.0253906
0 0.118127 0.0820312 0.361328 0.0234375 0.0234375
0 0.121733 0.777344 0.165039 0.0214844 0.0390625
0 0.122392 0.119141 0.293945 0.0292969 0.0273438
0 0.123755 0.72998 0.266113 0.00878906 0.0146484
0 0.124901 0.741699 0.0766602 0.0166016 0.0185547
0 0.125639 0.88916 0.410156 0.0361328 0.046875
0 0.128709 0.72168 0.171875 0.0371094 0.0351562
0 0.130389 0.276855 0.334961 0.0126953 0.0195312
0 0.130758 0.42334 0.494141 0.0146484 0.015625
0 0.131971 0.181152 0.562012 0.0458984 0.0654297
0 0.13201 0.326172 0.297852 0.0195312 0.0253906
0 0.133439 0.260254 0.531738 0.0126953 0.0146484
0 0.135511 0.72998 0.367676 0.0283203 0.0205078
0 0.13656 0.253418 0.408691 0.0107422 0.0126953
0 0.139233 0.185547 0.342285 0.015625 0.0244141
0 0.139526 0.255859 0.32373 0.0234375 0.0361328
0 0.139663 0.64502 0.155273 0.0283203 0.0292969
0 0.140621 0.325195 0.159668 0.0195312 0.0283203
0 0.142922 0.788086 0.338867 0.0117188 0.0175781
0 0.14383 0.80127 0.0581055 0.0244141 0.0419922
0 0.143917 0.0844727 0.078125 0.0400391 0.0566406
0 0.144523 0.238281 0.393555 0.0175781 0.0214844
0 0.147353 0.869629 0.316895 0.0380859 0.0302734
0 0.147943 0.780762 0.15625 0.0205078 0.0292969
0 0.151871 0.795898 0.42334 0.0253906 0.0361328
0 0.156967 0.526367 0.271484 0.0117188 0.0214844
0 0.157278 0.853516 0.129395 0.0253906 0.0498047
0 0.160393 0.515137 0.186523 0.0146484 0.0175781
0 0.161014 0.70459 0.356934 0.0146484 0.0166016
0 0.161608 0.36377 0.644043 0.0263672 0.0439453
0 0.162929 0.665039 0.171387 0.015625 0.0205078
0 0.163091 0.663574 0.0258789 0.0556641 0.0419922
0 0.16312 0.567383 0.229004 0.015625 0.0341797
0 0.164719 0.304199 0.268555 0.0126953 0.0175781
0 0.166388 0.651855 0.161133 0.0224609 0.03125
0 0.166896 0.832031 0.130859 0.046875 0.0527344
0 0.168738 0.605469 0.140625 0.0214844 0.0273438
0 0.170871 0.572266 0.310547 0.0175781 0.0214844
0 0.171765 0.862793 0.034668 0.0224609 0.0341797
0 0.172343 0.813477 0.254395 0.0175781 0.0185547
0 0.172561 0.566895 0.266113 0.0224609 0.0263672
0 0.178921 0.606445 0.266602 0.0175781 0.0390625
0 0.179325 0.82959 0.338379 0.0517578 0.0595703
0 0.179579 0.367188 0.108398 0.015625 0.0234375
0 0.180843 0.379395 0.299316 0.0107422 0.0205078
0 0.184814 0.878418 0.125977 0.0322266 0.046875
0 0.185608 0.0693359 0.393555 0.0175781 0.0253906
0 0.187129 0.771484 0.384766 0.0292969 0.0292969
0 0.189875 0.591309 0.138184 0.0126953 0.0224609
0 0.190312 0.200195 0.13916 0.046875 0.0751953
0 0.190357 0.333008 0.603027 0.0117188 0.0146484
0 0.193528 0.759766 0.0322266 0.0175781 0.0292969
0 0.199012 0.412109 0.302734 0.0195312 0.0195312
0 0.200752 0.304199 0.274414 0.0205078 0.0292969
0 0.203335 0.771973 0.175781 0.0185547 0.03125
0 0.203749 0.781738 0.0341797 0.0126953 0.0214844
0 0.207244 0.351074 0.146973 0.0205078 0.0439453
0 0.210369 0.242188 0.321289 0.0292969 0.0253906
0 0.215181 0.821777 0.135254 0.0244141 0.0380859
0 0.216858 0.251465 0.405273 0.0185547 0.0195312
0 0.22231 0.341309 0.493164 0.0146484 0.0175781
0 0.229441 0.781738 0.248535 0.0205078 0.0322266
0 0.239265 0.195312 0.386719 0.0117188 0.0234375
0 0.243224 0.739746 0.183105 0.0380859 0.0478516
0 0.245851 0.25 0.123047 0.0214844 0.0292969
0 0.257021 0.613281 0.0527344 0.0136719 0.0214844
0 0.261483 0.768066 0.35791 0.0126953 0.0263672
0 0.266036 0.710938 0.0922852 0.0214844 0.0244141
0 0.269672 0.634277 0.126953 0.0185547 0.0332031
0 0.274822 0.711914 0.119629 0.0175781 0.0244141
0 0.286382 0.764648 0.317871 0.015625 0.0302734
0 0.302518 0.907715 0.268066 0.0302734 0.0419922
0 0.329401 0.614258 0.0991211 0.0136719 0.0302734
0 0.329927 0.748535 0.117188 0.0263672 0.0410156
0 0.351911 0.619141 0.323242 0.0410156 0.0390625
0 0.354222 0.830566 0.19873 0.0419922 0.0400391
0 0.440252 0.596191 0.22998 0.0205078 0.0283203
