0 0.10399 0.124512 0.369629 0.0322266 0.0556641
0 0.105554 0.0859375 0.370117 0.0371094 0.0527344
0 0.1067 0.429199 0.0332031 0.0419922 0.0527344
0 0.109373 0.487305 0.699707 0.0273438 0.0439453
0 0.110037 0.228027 0.861328 0.0107422 0.0214844
0 0.110708 0.493164 0.971191 0.0507812 0.0439453
0 0.111264 0.209473 0.0776367 0.0224609 0.0361328
0 0.111356 0.149902 0.506348 0.0224609 0.0322266
0 0.1178 0.669434 0.932617 0.0537109 0.0507812
0 0.118784 0.181641 0.895996 0.0175781 0.0224609
0 0.132455 0.36084 0.0214844 0.0283203 0.0351562
0 0.138686 0.490234 0.690918 0.0195312 0.0283203
0 0.145509 0.144043 0.512207 0.0185547 0.0283203
0 0.154424 0.432617 0.978027 0.0488281 0.0341797
0 0.165524 0.172363 0.421387 0.0263672 0.0380859
0 0.168258 0.34375 0.861816 0.0273438 0.0244141
0 0.178254 0.375 0.706055 0.0175781 0.0273438
0 0.17908 0.193848 0.837402 0.0263672 0.0361328
0 0.185751 0.0449219 0.712402 0.0429688 0.0439453
0 0.200671 0.397949 0.842773 0.0166016 0.0253906
0 0.233172 0.177734 0.30127 0.0214844 0.0341797
0 0.248059 0.0942383 0.264648 0.0302734 0.0351562
0 0.25348 0.0639648 0.458008 0.0419922 0.0351562
0 0.265596 0.703125 0.947266 0.0429688 0.0507812
0 0.295638 0.356445 0.737305 0.0214844 0.0292969
0 0.318088 0.376465 0.95459 0.0380859 0.0478516
0 0.347658 0.120117 0.300293 0.0214844 0.0244141
0 0.348414 0.388184 0.786133 0.0185547 0.0273438
0 0.450927 0.110352 0.375977 0.0644531 0.0625
