0 0.100235 0.629883 0.10498 0.0527344 0.0498047
0 0.101173 0.594727 0.899902 0.0175781 0.0302734
0 0.101635 0.0180664 0.550293 0.0322266 0.0400391
0 0.104934 0.285156 0.38916 0.0117188 0.0205078
0 0.105766 0.0957031 0.402344 0.0117188 0.0214844
0 0.105914 0.285645 0.28125 0.0244141 0.0566406
0 0.107681 0.51123 0.313965 0.0322266 0.0498047
0 0.108021 0.233887 0.69873 0.0263672 0.0439453
0 0.108776 0.0253906 0.283691 0.0390625 0.0498047
0 0.113224 0.385742 0.198242 0.0175781 0.03125
0 0.117684 0.476562 0.489258 0.03125 0.0488281
0 0.118956 0.12207 0.255371 0.0292969 0.0419922
0 0.119304 0.194824 0.400391 0.0126953 0.0175781
0 0.126913 0.246582 0.445312 0.0400391 0.0332031
0 0.127909 0.226074 0.512695 0.0400391 0.0507812
0 0.130911 0.543457 0.172852 0.0146484 0.0273438
0 0.130981 0.135254 0.70752 0.0166016 0.0302734
0 0.131871 0.185547 0.86084 0.0273438 0.0400391
0 0.134023 0.788574 0.660645 0.0341797 0.0400391
0 0.134359 0.0102539 0.482422 0.0205078 0.03125
0 0.142298 0.224609 0.286133 0.03125 0.0507812
0 0.15422 0.140625 0.570312 0.0351562 0.0566406
0 0.155313 0.203125 0.619629 0.0527344 0.0673828
0 0.165096 0.416992 0.749512 0.0175781 0.0400391
0 0.170544 0.262695 0.740723 0.0292969 0.0458984
0 0.178507 0.691406 0.870605 0.0488281 0.0478516
0 0.194915 0.311035 0.339355 0.0205078 0.0458984
0 0.208794 0.191895 0.208496 0.0537109 0.0615234
0 0.234272 0.220703 0.638672 0.0371094 0.0605469
0 0.241975 0.187012 0.608398 0.0400391 0.0585938
0 0.312091 0.380371 0.292969 0.0302734 0.0527344
0 0.344152 0.409668 0.500977 0.0146484 0.0292969
0 0.362933 0.242188 0.895508 0.0390625 0.0585938
0 0.399229 0.432129 0.413086 0.0361328 0.0683594
0 0.443563 0.567383 0.624023 0.0175781 0.0351562
