0 0.101136 0.163086 0.529297 0.0175781 0.0234375
0 0.106135 0.116211 0.542969 0.0214844 0.0351562
0 0.112022 0.133789 0.218262 0.0117188 0.0146484
0 0.117683 0.32959 0.568848 0.0498047 0.0556641
0 0.124314 0.780273 0.29541 0.015625 0.0185547
0 0.124452 0.317383 0.472656 0.0292969 0.0292969
0 0.131373 0.253418 0.119629 0.0244141 0.0361328
0 0.134194 0.327637 0.121582 0.0341797 0.0595703
0 0.135375 0.20166 0.368164 0.0341797 0.0273438
0 0.150798 0.126465 0.643066 0.0361328 0.0693359
0 0.154908 0.517578 0.920898 0.0175781 0.0253906
0 0.157482 0.0415039 0.651367 0.0498047 0.0488281
0 0.164022 0.319824 0.135742 0.0380859 0.0371094
0 0.247619 0.333008 0.363281 0.0175781 0.0253906
0 0.252826 0.161133 0.0737305 0.0527344 0.0458984
0 0.361804 0.180664 0.308105 0.0214844 0.0341797
0 0.377542 0.251465 0.231934 0.0302734 0.0283203
0 0.411158 0.271484 0.168945 0.0332031 0.0351562
