0 0.102977 0.36084 0.771973 0.0146484 0.0185547
0 0.105037 0.120117 0.771973 0.046875 0.0439453
0 0.10813 0.465332 0.0239258 0.0439453 0.0439453
0 0.111465 0.578613 0.170898 0.0283203 0.0820312
0 0.118154 0.393555 0.402832 0.0195312 0.0322266
0 0.11981 0.505859 0.0117188 0.03125 0.0234375
0 0.130225 0.22998 0.318359 0.0244141 0.03125
0 0.136809 0.733887 0.618652 0.0302734 0.0419922
0 0.145898 0.577637 0.0214844 0.0400391 0.0429688
0 0.146328 0.474609 0.108887 0.0507812 0.0517578
0 0.150648 0.369141 0.388184 0.0507812 0.0537109
0 0.167974 0.746582 0.174316 0.0166016 0.0244141
0 0.168667 0.508789 0.206055 0.0214844 0.0292969
0 0.172708 0.398926 0.692871 0.0146484 0.0244141
0 0.190361 0.525879 0.174805 0.0498047 0.0625
0 0.200061 0.438965 0.419434 0.0322266 0.0244141
0 0.226625 0.150391 0.371582 0.0214844 0.0224609
0 0.23727 0.398438 0.495117 0.015625 0.0195312
0 0.246726 0.422852 0.317383 0.0195312 0.0234375
0 0.262655 0.824219 0.145508 0.0351562 0.0449219
0 0.267443 0.773438 0.366211 0.0175781 0.0214844
0 0.315165 0.336426 0.019043 0.0205078 0.0341797
0 0.323044 0.306641 0.135742 0.0410156 0.0585938
0 0.336049 0.512207 0.163574 0.0498047 0.0498047
0 0.376548 0.50293 0.158203 0.0214844 0.0292969
0 0.458009 0.796387 0.703613 0.0322266 0.0458984
0 0.515371 0.572266 0.196777 0.0351562 0.0537109
