0 0.113028 0.510254 0.51709 0.0263672 0.0478516
0 0.119652 0.314453 0.734375 0.0273438 0.0214844
0 0.124475 0.275391 0.782227 0.015625 0.03125
0 0.130063 0.394043 0.767578 0.0146484 0.015625
0 0.169297 0.344727 0.826172 0.0195312 0.0175781
0 0.186933 0.319824 0.79541 0.0224609 0.0185547
0 0.196196 0.145508 0.973633 0.0332031 0.0507812
0 0.196469 0.340332 0.779785 0.0146484 0.0224609
0 0.206262 0.135254 0.145996 0.0439453 0.0595703
0 0.263313 0.292969 0.821289 0.0273438 0.0292969
0 0.289957 0.572266 0.54541 0.0273438 0.0263672
