0 0.10409 0.717773 0.254395 0.0351562 0.0380859
0 0.106775 0.861328 0.16748 0.0273438 0.0244141
0 0.108415 0.427734 0.526367 0.0292969 0.0195312
0 0.130191 0.55957 0.240234 0.0214844 0.0273438
0 0.138415 0.700195 0.333008 0.0117188 0.0195312
0 0.139228 0.0703125 0.381348 0.0566406 0.0732422
0 0.180897 0.751465 0.185059 0.0341797 0.0322266
0 0.193927 0.146973 0.196289 0.0302734 0.03125
0 0.21168 0.320801 0.105957 0.0517578 0.0693359
0 0.264927 0.247559 0.0532227 0.0791016 0.0673828
0 0.302311 0.55127 0.266113 0.0146484 0.0146484
0 0.422141 0.430664 0.125 0.0371094 0.0546875
