0 0.103035 0.668945 0.611328 0.03125 0.0234375
0 0.112813 0.770508 0.440918 0.0410156 0.0478516
0 0.11339 0.823242 0.56543 0.0507812 0.0566406
0 0.116174 0.743652 0.466797 0.0263672 0.03125
0 0.119452 0.185059 0.391113 0.0185547 0.0224609
0 0.124304 0.774902 0.679688 0.0712891 0.0839844
0 0.135785 0.789551 0.0800781 0.0205078 0.0351562
0 0.140525 0.710938 0.216797 0.0195312 0.0195312
0 0.158367 0.722168 0.472656 0.0126953 0.0214844
0 0.162877 0.681152 0.657715 0.0673828 0.0986328
0 0.172671 0.140625 0.179199 0.0371094 0.0517578
0 0.184316 0.599121 0.731445 0.0400391 0.0644531
0 0.186846 0.725586 0.583008 0.0566406 0.0488281
0 0.196775 0.799805 0.342285 0.0449219 0.0634766
0 0.205073 0.313965 0.198242 0.0224609 0.046875
0 0.225366 0.779297 0.49707 0.0507812 0.046875
0 0.228755 0.26709 0.229492 0.0283203 0.0351562
0 0.230446 0.726074 0.260742 0.0302734 0.0410156
0 0.255055 0.60498 0.881348 0.0322266 0.0380859
0 0.258318 0.785156 0.693359 0.0449219 0.0527344
0 0.279409 0.810059 0.817383 0.0537109 0.0839844
0 0.282962 0.595215 0.4375 0.0478516 0.0390625
0 0.286853 0.916016 0.666504 0.0546875 0.0771484
0 0.305936 0.603516 0.720215 0.0292969 0.0400391
0 0.350903 0.666504 0.477051 0.0205078 0.0576172
0 0.41714 0.768555 0.296875 0.0234375 0.0351562
