0 0.100159 0.655762 0.320312 0.0400391 0.0625
0 0.10051 0.434082 0.40918 0.0458984 0.0566406
0 0.100629 0.18457 0.131836 0.0429688 0.0644531
0 0.101586 0.393555 0.317871 0.0292969 0.0322266
0 0.102466 0.333496 0.202148 0.0458984 0.0585938
0 0.102476 0.4375 0.228027 0.0371094 0.0498047
0 0.102518 0.205566 0.462891 0.0283203 0.046875
0 0.103338 0.599121 0.617676 0.0185547 0.0322266
0 0.103355 0.271484 0.317383 0.0195312 0.0390625
0 0.103362 0.135742 0.444824 0.0429688 0.0537109
0 0.10412 0.107422 0.394531 0.0566406 0.0605469
0 0.104341 0.321777 0.459961 0.0361328 0.0585938
0 0.104751 0.660156 0.133789 0.0703125 0.0703125
0 0.105041 0.247559 0.0839844 0.0458984 0.0742188
0 0.105641 0.270996 0.51709 0.0205078 0.0458984
0 0.106366 0.543457 0.483887 0.0322266 0.0556641
0 0.106583 0.644043 0.135254 0.0400391 0.0478516
0 0.106693 0.217773 0.34375 0.0410156 0.0800781
0 0.107069 0.418945 0.386719 0.0449219 0.0585938
0 0.107525 0.258789 0.564453 0.0234375 0.0351562
0 0.107894 0.57959 0.432129 0.0263672 0.0205078
0 0.108832 0.441895 0.354004 0.0380859 0.0693359
0 0.109419 0.478027 0.0415039 0.0849609 0.0830078
0 0.110197 0.42041 0.413086 0.0322266 0.0546875
0 0.110469 0.202148 0.441406 0.046875 0.0410156
0 0.110866 0.407227 0.494629 0.015625 0.0341797
0 0.112341 0.748535 0.350098 0.0283203 0.0302734
0 0.112515 0.376465 0.504883 0.0244141 0.0488281
0 0.113027 0.366699 0.453125 0.0283203 0.0292969
0 0.113425 0.277832 0.322266 0.0205078 0.0371094
0 0.113501 0.606445 0.207031 0.0566406 0.0546875
0 0.114233 0.250488 0.421875 0.0263672 0.0410156
0 0.115368 0.388184 0.258301 0.0126953 0.0244141
0 0.116858 0.394531 0.648926 0.0195312 0.0244141
0 0.117005 0.493652 0.359863 0.0439453 0.0498047
0 0.117205 0.243652 0.364258 0.0615234 0.0566406
0 0.118011 0.227539 0.509277 0.0371094 0.0498047
0 0.118812 0.35791 0.456543 0.0537109 0.0517578
0 0.119964 0.685059 0.436035 0.0263672 0.0458984
0 0.120356 0.31543 0.475586 0.0195312 0.0351562
0 0.120452 0.278809 0.0664062 0.108398 0.126953
0 0.120785 0.405273 0.316895 0.03125 0.0322266
0 0.120972 0.284668 0.563965 0.0576172 0.0517578
0 0.121193 0.459961 0.188477 0.0527344 0.0917969
0 0.122878 0.74707 0.0874023 0.046875 0.0595703
0 0.122891 0.333984 0.261719 0.0117188 0.0175781
0 0.122996 0.456055 0.492676 0.0214844 0.0400391
0 0.123061 0.77832 0.38916 0.0117188 0.0224609
0 0.12338 0.415039 0.427734 0.0175781 0.0371094
0 0.124249 0.769531 0.791504 0.0234375 0.0322266
0 0.12549 0.0932617 0.396484 0.0322266 0.046875
0 0.125886 0.561523 0.422363 0.0253906 0.0263672
0 0.126089 0.559082 0.594238 0.0400391 0.0341797
0 0.12619 0.120117 0.146973 0.0527344 0.0712891
0 0.126718 0.780273 0.199707 0.0273438 0.0400391
0 0.128667 0.317383 0.415039 0.0136719 0.0234375
0 0.129674 0.524414 0.378906 0.0351562 0.0371094
0 0.130142 0.459961 0.208984 0.0371094 0.0585938
0 0.130332 0.583496 0.153809 0.0751953 0.0751953
0 0.131884 0.567383 0.774902 0.0625 0.0439453
0 0.132225 0.268555 0.340332 0.0449219 0.0732422
0 0.133007 0.36377 0.321289 0.0439453 0.0546875
0 0.136025 0.56543 0.367188 0.0527344 0.0292969
0 0.137634 0.267578 0.537598 0.0488281 0.0927734
0 0.137856 0.756348 0.10791 0.0615234 0.0927734
0 0.139209 0.259277 0.172852 0.0595703 0.0625
0 0.139572 0.333496 0.500977 0.0205078 0.0234375
0 0.140299 0.686523 0.415039 0.0273438 0.046875
0 0.144689 0.388672 0.313477 0.0527344 0.0410156
0 0.144914 0.339355 0.568848 0.0517578 0.0537109
0 0.146163 0.553223 0.980469 0.0283203 0.0351562
0 0.146345 0.206543 0.385742 0.0205078 0.0253906
0 0.149492 0.534668 0.319336 0.0361328 0.0546875
0 0.150126 0.69873 0.672363 0.0224609 0.0205078
0 0.150353 0.734863 0.420898 0.0244141 0.0332031
0 0.150624 0.545898 0.825684 0.0214844 0.0302734
0 0.150798 0.0732422 0.109863 0.0527344 0.0673828
0 0.151559 0.114258 0.87207 0.0957031 0.144531
0 0.151721 0.694824 0.742676 0.0302734 0.0634766
0 0.153294 0.312988 0.566895 0.0517578 0.0537109
0 0.153716 0.343262 0.580078 0.0185547 0.0390625
0 0.15452 0.543945 0.594727 0.03125 0.0292969
0 0.155088 0.570312 0.141602 0.115234 0.119141
0 0.155121 0.622559 0.555176 0.0166016 0.0263672
0 0.156921 0.755859 0.356445 0.0214844 0.0253906
0 0.158089 0.270996 0.507812 0.0322266 0.0683594
0 0.158224 0.519531 0.344238 0.0878906 0.100586
0 0.160928 0.376953 0.669434 0.0234375 0.0322266
0 0.161977 0.708496 0.236328 0.0263672 0.03125
0 0.163333 0.53418 0.337891 0.046875 0.078125
0 0.16418 0.258301 0.378906 0.0283203 0.0332031
0 0.164611 0.668457 0.521973 0.0146484 0.0244141
0 0.164638 0.097168 0.414062 0.0478516 0.0722656
0 0.164698 0.527832 0.87793 0.0205078 0.0429688
0 0.164947 0.577148 0.469727 0.03125 0.0410156
0 0.165104 0.566895 0.429199 0.0380859 0.0205078
0 0.167626 0.218262 0.361816 0.0322266 0.0498047
0 0.167851 0.282715 0.777832 0.0341797 0.0439453
0 0.168488 0.304199 0.579102 0.0244141 0.0273438
0 0.168583 0.370117 0.275879 0.0175781 0.0283203
0 0.169384 0.617676 0.571289 0.0263672 0.046875
0 0.170266 0.265625 0.559082 0.0390625 0.0517578
0 0.172581 0.475098 0.828613 0.0283203 0.0322266
0 0.173018 0.632812 0.0854492 0.0390625 0.0400391
0 0.175471 0.25293 0.313965 0.015625 0.0263672
0 0.177154 0.280273 0.338379 0.0273438 0.0517578
0 0.17903 0.454102 0.486328 0.0371094 0.0566406
0 0.183276 0.405273 0.913086 0.0878906 0.123047
0 0.187595 0.583008 0.597656 0.0292969 0.0273438
0 0.188003 0.367676 0.507324 0.0439453 0.0693359
0 0.192067 0.460938 0.645996 0.0273438 0.0361328
0 0.19361 0.606445 0.42627 0.00976562 0.0205078
0 0.195619 0.148926 0.539062 0.0224609 0.0332031
0 0.199089 0.565918 0.470703 0.0244141 0.0371094
0 0.200629 0.159668 0.742676 0.0205078 0.0419922
0 0.203203 0.511719 0.54248 0.0195312 0.0283203
0 0.205435 0.54248 0.365234 0.0302734 0.03125
0 0.20885 0.682129 0.402344 0.0205078 0.0253906
0 0.212299 0.635254 0.904785 0.0576172 0.0732422
0 0.212555 0.293945 0.284668 0.0214844 0.0322266
0 0.214866 0.781738 0.229492 0.0419922 0.0585938
0 0.21529 0.617676 0.0292969 0.0537109 0.046875
0 0.216989 0.133301 0.458008 0.0263672 0.0351562
0 0.222946 0.484863 0.265137 0.0205078 0.0302734
0 0.226038 0.369141 0.54834 0.03125 0.0615234
0 0.226175 0.104492 0.431152 0.046875 0.0458984
0 0.231541 0.381348 0.394043 0.0361328 0.0439453
0 0.23618 0.695801 0.621094 0.0244141 0.0292969
0 0.236653 0.757812 0.279297 0.0390625 0.0488281
0 0.236865 0.318848 0.341797 0.0244141 0.0488281
0 0.239156 0.38916 0.731934 0.0205078 0.0302734
0 0.242555 0.73877 0.717285 0.0400391 0.0498047
0 0.242577 0.592285 0.598145 0.0185547 0.0244141
0 0.245404 0.466797 0.583496 0.0175781 0.0263672
0 0.25017 0.616699 0.945801 0.0556641 0.0537109
0 0.250668 0.329102 0.632324 0.0332031 0.0439453
0 0.251588 0.352051 0.207031 0.0283203 0.0390625
0 0.253895 0.281738 0.435547 0.0263672 0.0507812
0 0.254448 0.194824 0.435059 0.0263672 0.0322266
0 0.258938 0.754883 0.419922 0.0273438 0.0351562
0 0.261639 0.186035 0.508789 0.0185547 0.0234375
0 0.263672 0.52832 0.658203 0.0449219 0.0566406
0 0.263945 0.384766 0.661621 0.0332031 0.0419922
0 0.267269 0.148438 0.411133 0.0429688 0.0449219
0 0.273844 0.568359 0.596191 0.0214844 0.0263672
0 0.277013 0.260742 0.367188 0.0351562 0.0605469
0 0.280634 0.741699 0.34082 0.0244141 0.0253906
0 0.289336 0.287109 0.65918 0.0273438 0.0429688
0 0.29475 0.351562 0.338867 0.0390625 0.0507812
0 0.299937 0.498535 0.896484 0.0380859 0.0371094
0 0.306363 0.672363 0.245117 0.0361328 0.0410156
0 0.313994 0.308105 0.70459 0.0498047 0.0634766
0 0.320128 0.714355 0.350586 0.0224609 0.0253906
0 0.32263 0.459961 0.632812 0.0410156 0.0605469
0 0.324017 0.446289 0.331543 0.0390625 0.0712891
0 0.326499 0.242676 0.428711 0.0380859 0.0507812
0 0.329465 0.532227 0.365723 0.0527344 0.0537109
0 0.335533 0.369629 0.556152 0.0244141 0.0341797
0 0.364025 0.632812 0.491211 0.0214844 0.0234375
0 0.376742 0.217773 0.466797 0.0429688 0.0449219
0 0.384415 0.195801 0.95166 0.0458984 0.0810547
0 0.386326 0.486328 0.955566 0.03125 0.0458984
0 0.398556 0.339844 0.290527 0.015625 0.0224609
0 0.400396 0.337402 0.442871 0.0478516 0.0517578
0 0.423379 0.39209 0.0737305 0.12793 0.137695
0 0.429366 0.58252 0.37793 0.0361328 0.0292969
0 0.461186 0.320312 0.210938 0.0273438 0.078125
0 0.471748 0.412598 0.206055 0.0380859 0.0683594
0 0.517206 0.48877 0.441895 0.0458984 0.0458984
