0 0.101251 0.339844 0.153809 0.0527344 0.0537109
0 0.101404 0.935547 0.603027 0.0644531 0.0966797
0 0.103346 0.743164 0.162598 0.0292969 0.0263672
0 0.103745 0.685059 0.312012 0.0419922 0.0634766
0 0.106814 0.835938 0.0351562 0.0253906 0.03125
0 0.109449 0.217773 0.513672 0.015625 0.03125
0 0.11216 0.854004 0.0317383 0.0732422 0.0537109
0 0.112836 0.728516 0.221191 0.0117188 0.0126953
0 0.115824 0.166504 0.383789 0.0322266 0.0273438
0 0.116187 0.249512 0.0351562 0.0205078 0.0273438
0 0.118989 0.687012 0.226562 0.0185547 0.03125
0 0.122073 0.78418 0.390625 0.0429688 0.0585938
0 0.126277 0.313965 0.0522461 0.0380859 0.0654297
0 0.127438 0.0693359 0.0712891 0.0292969 0.0371094
0 0.131511 0.576172 0.065918 0.0253906 0.0361328
0 0.142006 0.838867 0.0356445 0.0371094 0.0458984
0 0.145869 0.0537109 0.557129 0.0507812 0.0517578
0 0.152504 0.308594 0.100098 0.0429688 0.0576172
0 0.15587 0.834473 0.303711 0.0244141 0.0195312
0 0.158574 0.188965 0.276855 0.0556641 0.0595703
0 0.163468 0.214355 0.0307617 0.0419922 0.0615234
0 0.164531 0.427246 0.575684 0.0146484 0.0263672
0 0.168294 0.308594 0.759277 0.0820312 0.0615234
0 0.178683 0.727051 0.217285 0.0185547 0.0205078
0 0.178705 0.26709 0.103027 0.0419922 0.0615234
0 0.19207 0.843262 0.175781 0.0205078 0.0292969
0 0.213251 0.0893555 0.0214844 0.0615234 0.0390625
0 0.217798 0.111816 0.28418 0.0673828 0.0390625
0 0.221325 0.156738 0.0698242 0.0439453 0.0673828
0 0.221829 0.689941 0.21582 0.0263672 0.046875
0 0.230639 0.836914 0.0844727 0.0429688 0.0478516
0 0.23952 0.455566 0.269043 0.0419922 0.0361328
0 0.251678 0.546875 0.90918 0.0371094 0.0605469
0 0.257305 0.191406 0.0947266 0.0273438 0.0351562
0 0.314709 0.734375 0.463379 0.0292969 0.0302734
0 0.321604 0.119141 0.344238 0.0292969 0.0302734
0 0.351402 0.635742 0.198242 0.0253906 0.03125
0 0.443039 0.90918 0.218262 0.0566406 0.0498047
