0 0.10007 0.447754 0.665527 0.0107422 0.0166016
0 0.102592 0.329102 0.392578 0.0332031 0.0429688
0 0.106508 0.104492 0.647949 0.0351562 0.0556641
0 0.107694 0.254395 0.658203 0.0107422 0.0195312
0 0.108141 0.173828 0.815918 0.0273438 0.0419922
0 0.108374 0.479492 0.0253906 0.0214844 0.0449219
0 0.110335 0.80957 0.543457 0.0332031 0.0263672
0 0.113203 0.796875 0.791504 0.00976562 0.0185547
0 0.119944 0.22998 0.912598 0.0146484 0.0224609
0 0.124188 0.306152 0.989746 0.0283203 0.0185547
0 0.12926 0.378418 0.10791 0.0712891 0.0849609
0 0.131325 0.716797 0.0463867 0.101562 0.0888672
0 0.132075 0.0410156 0.630859 0.0664062 0.0820312
0 0.140055 0.0424805 0.663086 0.0634766 0.046875
0 0.143117 0.535156 0.22168 0.0566406 0.0507812
0 0.144578 0.274902 0.130859 0.0556641 0.0878906
0 0.147165 0.347168 0.0356445 0.0556641 0.0693359
0 0.148864 0.612793 0.979004 0.0458984 0.0361328
0 0.150788 0.167969 0.660645 0.0234375 0.0302734
0 0.153146 0.481934 0.128418 0.0654297 0.0517578
0 0.154584 0.0146484 0.665039 0.0273438 0.0527344
0 0.167717 0.395996 0.256836 0.0595703 0.115234
0 0.172214 0.416504 0.554199 0.0224609 0.0283203
0 0.182843 0.366699 0.0849609 0.0732422 0.144531
0 0.189236 0.480469 0.0332031 0.0410156 0.0566406
0 0.192756 0.120605 0.714844 0.0224609 0.046875
0 0.193534 0.629395 0.638672 0.0712891 0.0820312
0 0.210032 0.204102 0.971191 0.0429688 0.0556641
0 0.215272 0.395508 0.296875 0.03125 0.0390625
0 0.218518 0.0424805 0.611328 0.0478516 0.0449219
0 0.221694 0.184082 0.538086 0.0439453 0.0429688
0 0.238897 0.631836 0.920898 0.0273438 0.0507812
0 0.243922 0.0610352 0.669434 0.0244141 0.0341797
0 0.24617 0.183105 0.627441 0.0263672 0.0439453
0 0.252943 0.464355 0.116211 0.0947266 0.0722656
0 0.290295 0.581543 0.0874023 0.0869141 0.0654297
0 0.310744 0.112793 0.661133 0.0478516 0.0546875
0 0.325486 0.541992 0.592285 0.0351562 0.0673828
0 0.328111 0.599121 0.0307617 0.0615234 0.0595703
0 0.543243 0.144043 0.62793 0.0322266 0.0410156
