0 0.110487 0.82666 0.245117 0.0146484 0.0234375
0 0.114204 0.238281 0.453613 0.0273438 0.0361328
0 0.115066 0.491211 0.159668 0.0273438 0.0244141
0 0.116026 0.530273 0.318359 0.0253906 0.0253906
0 0.116403 0.245605 0.662598 0.0322266 0.0322266
0 0.121808 0.328125 0.286621 0.0429688 0.0439453
0 0.126515 0.32959 0.527832 0.0341797 0.0615234
0 0.129072 0.480469 0.310059 0.0175781 0.0224609
0 0.139998 0.419434 0.554199 0.0205078 0.0224609
0 0.141849 0.823242 0.309082 0.0351562 0.0322266
0 0.168647 0.245605 0.541016 0.0224609 0.0429688
0 0.189187 0.523926 0.165527 0.0185547 0.0283203
0 0.193876 0.465332 0.289062 0.0673828 0.0585938
0 0.205701 0.441406 0.0429688 0.0234375 0.0371094
0 0.251426 0.395996 0.191895 0.0283203 0.0458984
0 0.297103 0.441406 0.291016 0.0253906 0.0449219
0 0.3159 0.490723 0.40625 0.0517578 0.0488281
0 0.3667 0.483887 0.279297 0.0439453 0.0644531
