0 0.107925 0.48291 0.276367 0.0419922 0.0488281
0 0.112895 0.348633 0.0820312 0.0078125 0.0136719
0 0.11606 0.540039 0.0170898 0.0527344 0.0322266
0 0.120178 0.731934 0.263672 0.00878906 0.0195312
0 0.123352 0.297852 0.39209 0.03125 0.0380859
0 0.123721 0.856934 0.226562 0.0322266 0.0429688
0 0.124931 0.806641 0.0356445 0.0820312 0.0673828
0 0.12903 0.251465 0.407227 0.0244141 0.0351562
0 0.143049 0.404785 0.397949 0.0126953 0.0126953
0 0.143724 0.425781 0.134277 0.03125 0.0556641
0 0.158775 0.427246 0.250488 0.0185547 0.0224609
0 0.166807 0.566406 0.145508 0.0371094 0.0488281
0 0.16728 0.359375 0.319824 0.015625 0.0244141
0 0.177374 0.486328 0.368652 0.0273438 0.0263672
0 0.185785 0.311035 0.0102539 0.0263672 0.0205078
0 0.19203 0.403809 0.0161133 0.0205078 0.0322266
0 0.198562 0.36377 0.635254 0.0263672 0.0283203
0 0.198605 0.745117 0.0444336 0.0214844 0.0341797
0 0.270466 0.472168 0.26709 0.0244141 0.0380859
0 0.333516 0.489746 0.182617 0.0263672 0.0234375
0 0.404964 0.305664 0.104004 0.0351562 0.0439453
