0 0.100142 0.541504 0.693848 0.00878906 0.0146484
0 0.101215 0.436035 0.402344 0.00878906 0.0253906
0 0.101476 0.513672 0.870605 0.0292969 0.0400391
0 0.103775 0.242676 0.399902 0.0302734 0.0302734
0 0.103929 0.401855 0.0541992 0.0224609 0.0458984
0 0.104272 0.698242 0.654297 0.0253906 0.0429688
0 0.104995 0.645996 0.173828 0.0244141 0.0273438
0 0.105205 0.762207 0.309082 0.0185547 0.0302734
0 0.106394 0.29541 0.541504 0.0283203 0.0341797
0 0.108685 0.51709 0.0200195 0.0615234 0.0341797
0 0.109301 0.807129 0.969727 0.0478516 0.0546875
0 0.110572 0.625977 0.839844 0.0117188 0.0273438
0 0.111139 0.493652 0.229492 0.0419922 0.0527344
0 0.112212 0.467773 0.990723 0.0117188 0.0185547
0 0.113318 0.657715 0.206543 0.0107422 0.0244141
0 0.113863 0.766602 0.669434 0.0273438 0.0400391
0 0.114552 0.0854492 0.496582 0.0244141 0.0244141
0 0.115752 0.459473 0.0415039 0.0361328 0.0634766
0 0.117298 0.692383 0.197266 0.0214844 0.0332031
0 0.117318 0.329102 0.154785 0.0195312 0.0419922
0 0.117592 0.311523 0.757324 0.0117188 0.0185547
0 0.118207 0.818359 0.359863 0.046875 0.0419922
0 0.118825 0.486816 0.182617 0.0185547 0.0214844
0 0.120123 0.568359 0.203125 0.0273438 0.0332031
0 0.120769 0.459473 0.791992 0.0146484 0.0273438
0 0.122816 0.612793 0.734863 0.0244141 0.0205078
0 0.123001 0.775879 0.764648 0.0322266 0.0253906
0 0.125674 0.37793 0.348145 0.0234375 0.0361328
0 0.12654 0.566895 0.294434 0.0107422 0.0166016
0 0.128608 0.573242 0.878906 0.03125 0.0449219
0 0.128644 0.595215 0.0112305 0.0478516 0.0224609
0 0.128651 0.69873 0.717773 0.0166016 0.0175781
0 0.12931 0.106445 0.46582 0.0390625 0.0507812
0 0.130716 0.490723 0.406738 0.0126953 0.0224609
0 0.130717 0.742188 0.838867 0.0234375 0.0527344
0 0.130725 0.705078 0.770996 0.0214844 0.0244141
0 0.13098 0.357422 0.0332031 0.0703125 0.0605469
0 0.131672 0.753418 0.395996 0.0244141 0.0439453
0 0.1318 0.213867 0.852051 0.0371094 0.0400391
0 0.131944 0.296387 0.771484 0.0166016 0.0214844
0 0.132834 0.297852 0.0849609 0.0332031 0.0390625
0 0.133388 0.862305 0.119629 0.0390625 0.0537109
0 0.134229 0.411621 0.370605 0.0166016 0.0263672
0 0.134407 0.591797 0.276855 0.0136719 0.0185547
0 0.134648 0.645996 0.95166 0.0830078 0.0810547
0 0.134907 0.833984 0.111816 0.0507812 0.0537109
0 0.134963 0.654297 0.109863 0.0136719 0.0244141
0 0.136218 0.712891 0.0561523 0.0664062 0.0537109
0 0.136512 0.805664 0.353027 0.0273438 0.0361328
0 0.138894 0.779297 0.0395508 0.0332031 0.0439453
0 0.142606 0.78125 0.226562 0.0195312 0.0273438
0 0.14386 0.393555 0.255371 0.0195312 0.0224609
0 0.145295 0.549316 0.942383 0.0517578 0.0625
0 0.145673 0.529785 0.187012 0.0419922 0.0634766
0 0.14648 0.571777 0.986328 0.0224609 0.0273438
0 0.146892 0.489746 0.314453 0.0205078 0.0292969
0 0.147583 0.689453 0.574707 0.0214844 0.0283203
0 0.148103 0.54834 0.287109 0.0205078 0.0214844
0 0.149586 0.708008 0.662598 0.0449219 0.0537109
0 0.150779 0.0957031 0.45459 0.0175781 0.0322266
0 0.150787 0.385254 0.42041 0.0224609 0.0205078
0 0.150873 0.496582 0.126953 0.0361328 0.046875
0 0.151402 0.364258 0.205566 0.0585938 0.0888672
0 0.152343 0.811035 0.10498 0.0654297 0.0732422
0 0.152394 0.0458984 0.49707 0.0273438 0.0234375
0 0.155722 0.486816 0.0620117 0.0595703 0.0712891
0 0.157653 0.541016 0.833496 0.0253906 0.0302734
0 0.159594 0.6875 0.206055 0.0292969 0.0449219
0 0.161218 0.104492 0.571777 0.0351562 0.0361328
0 0.161663 0.4375 0.0966797 0.0273438 0.0429688
0 0.167162 0.96582 0.339355 0.0683594 0.0517578
0 0.168684 0.259766 0.387695 0.0527344 0.0605469
0 0.171417 0.833496 0.362793 0.0380859 0.0419922
0 0.174882 0.622559 0.80127 0.0224609 0.0498047
0 0.176824 0.986328 0.256348 0.0234375 0.0322266
0 0.178165 0.678223 0.617188 0.0185547 0.0410156
0 0.180604 0.888184 0.284668 0.0576172 0.0439453
0 0.180711 0.611816 0.880371 0.0419922 0.0439453
0 0.18363 0.321777 0.404297 0.0556641 0.0527344
0 0.18779 0.239258 0.192383 0.0292969 0.0292969
0 0.187909 0.09375 0.499023 0.0214844 0.0273438
0 0.188837 0.858398 0.684082 0.0332031 0.0439453
0 0.189186 0.620117 0.881348 0.0214844 0.0341797
0 0.197284 0.445801 0.982422 0.0166016 0.0332031
0 0.198486 0.718262 0.591309 0.0205078 0.0322266
0 0.199098 0.120605 0.291992 0.0517578 0.0625
0 0.203112 0.490234 0.396484 0.015625 0.0371094
0 0.203585 0.760742 0.443359 0.0371094 0.046875
0 0.210624 0.479492 0.549805 0.0117188 0.0195312
0 0.215069 0.609863 0.0439453 0.0322266 0.0488281
0 0.21692 0.307129 0.309082 0.0263672 0.0302734
0 0.217598 0.805664 0.508789 0.0292969 0.0390625
0 0.222552 0.581543 0.195312 0.0146484 0.0292969
0 0.223237 0.614746 0.150879 0.0537109 0.0478516
0 0.224879 0.296875 0.773438 0.00976562 0.0136719
0 0.226663 0.312012 0.0585938 0.0380859 0.0625
0 0.228473 0.60498 0.737305 0.0341797 0.0273438
0 0.231403 0.55957 0.147949 0.015625 0.0244141
0 0.234745 0.494141 0.589355 0.0136719 0.0185547
0 0.239734 0.0258789 0.47998 0.0419922 0.0361328
0 0.246578 0.381836 0.696777 0.0585938 0.0341797
0 0.247145 0.223145 0.858398 0.0205078 0.0234375
0 0.255493 0.557617 0.330078 0.0214844 0.0195312
0 0.257891 0.585449 0.877441 0.0556641 0.0556641
0 0.259535 0.682129 0.971191 0.0634766 0.0556641
0 0.265324 0.541992 0.953613 0.0332031 0.0517578
0 0.269777 0.864258 0.261719 0.0527344 0.0585938
0 0.271692 0.931152 0.0527344 0.0400391 0.0429688
0 0.272667 0.617188 0.202148 0.0253906 0.0332031
0 0.279265 0.771973 0.230469 0.0283203 0.03125
0 0.297341 0.820801 0.30127 0.0224609 0.0302734
0 0.304819 0.383301 0.015625 0.0556641 0.03125
0 0.310504 0.668945 0.714844 0.0410156 0.0683594
0 0.317028 0.716309 0.123535 0.0673828 0.0556641
0 0.341195 0.648926 0.0439453 0.0400391 0.0566406
0 0.346774 0.391602 0.461426 0.0195312 0.0244141
0 0.34728 0.79248 0.28418 0.0341797 0.0664062
0 0.353843 0.835938 0.18457 0.0214844 0.0351562
0 0.358787 0.453125 0.904297 0.0351562 0.0605469
0 0.362684 0.809082 0.0795898 0.0458984 0.0654297
0 0.368438 0.733887 0.683105 0.0283203 0.0302734
0 0.37901 0.333008 0.0351562 0.0644531 0.0664062
0 0.387864 0.573242 0.0844727 0.0449219 0.0537109
0 0.389931 0.515625 0.794434 0.0195312 0.0341797
0 0.456761 0.733398 0.274902 0.0390625 0.0498047
0 0.465833 0.623047 0.938965 0.0566406 0.0771484
0 0.471504 0.76416 0.351562 0.0458984 0.0371094
0 0.48148 0.416992 0.800781 0.0234375 0.0273438
0 0.497147 0.382324 0.0600586 0.0439453 0.0537109
0 0.532083 0.515137 0.621094 0.0302734 0.0292969
