0 0.103939 0.183105 0.461914 0.0185547 0.0234375
0 0.104774 0.15625 0.431152 0.0410156 0.0400391
0 0.10552 0.308594 0.25293 0.0585938 0.0332031
0 0.107014 0.458496 0.452148 0.0341797 0.0546875
0 0.111666 0.283203 0.447754 0.0273438 0.0322266
0 0.115876 0.498535 0.194824 0.0185547 0.0341797
0 0.117233 0.294434 0.238281 0.0712891 0.0644531
0 0.117514 0.446777 0.181152 0.0205078 0.0244141
0 0.121045 0.508789 0.0805664 0.0234375 0.0400391
0 0.127715 0.0922852 0.365234 0.0361328 0.0527344
0 0.13628 0.383789 0.202637 0.0234375 0.0361328
0 0.150324 0.196289 0.417969 0.0234375 0.0449219
0 0.150797 0.590332 0.0180664 0.0322266 0.0302734
0 0.173991 0.492676 0.189453 0.0126953 0.0253906
0 0.180577 0.379883 0.153809 0.0253906 0.0498047
0 0.200861 0.48291 0.510742 0.0439453 0.0664062
0 0.206272 0.368164 0.328613 0.0488281 0.0458984
0 0.234576 0.423828 0.163086 0.0195312 0.0292969
0 0.252257 0.43457 0.101562 0.0371094 0.0566406
0 0.327409 0.506836 0.132324 0.0332031 0.0322266
