0 0.101827 0.90625 0.741211 0.046875 0.0546875
0 0.10212 0.690918 0.0332031 0.0654297 0.0664062
0 0.102752 0.307617 0.539551 0.0117188 0.0185547
0 0.103074 0.789062 0.257812 0.0292969 0.0605469
0 0.103645 0.355957 0.172363 0.0302734 0.0439453
0 0.104323 0.500488 0.222168 0.0146484 0.0166016
0 0.104622 0.575684 0.824219 0.0478516 0.0644531
0 0.105419 0.523438 0.421875 0.0136719 0.0195312
0 0.105764 0.160156 0.59082 0.0566406 0.0605469
0 0.108546 0.702637 0.867188 0.0185547 0.015625
0 0.108559 0.495605 0.938965 0.0302734 0.0576172
0 0.109167 0.206543 0.902344 0.0224609 0.0351562
0 0.109301 0.288086 0.0361328 0.0507812 0.0625
0 0.109364 0.373535 0.244629 0.0205078 0.0439453
0 0.109776 0.419922 0.0869141 0.0175781 0.0273438
0 0.111302 0.442383 0.0771484 0.0273438 0.0292969
0 0.111853 0.11377 0.108887 0.0615234 0.0595703
0 0.112248 0.151855 0.0766602 0.0751953 0.0869141
0 0.113791 0.268066 0.154297 0.0263672 0.0351562
0 0.113859 0.682129 0.215332 0.0400391 0.0439453
0 0.114117 0.0478516 0.425293 0.0253906 0.0419922
0 0.116294 0.765137 0.970215 0.0537109 0.0556641
0 0.117095 0.753418 0.0107422 0.0341797 0.0214844
0 0.118715 0.710449 0.0732422 0.0283203 0.0429688
0 0.119149 0.586914 0.0410156 0.0683594 0.0664062
0 0.119177 0.669922 0.153809 0.0332031 0.0576172
0 0.119772 0.228027 0.780762 0.0341797 0.0439453
0 0.120085 0.827637 0.150879 0.0263672 0.0341797
0 0.121151 0.380371 0.346191 0.0263672 0.0517578
0 0.121285 0.539062 0.183594 0.0234375 0.0292969
0 0.123003 0.904785 0.583496 0.0830078 0.0810547
0 0.123886 0.101074 0.0429688 0.0517578 0.0605469
0 0.124388 0.344727 0.0424805 0.0273438 0.0400391
0 0.125257 0.432129 0.991211 0.0126953 0.0175781
0 0.12619 0.218262 0.0849609 0.0146484 0.0332031
0 0.128113 0.253906 0.555176 0.0351562 0.0302734
0 0.128472 0.512695 0.0214844 0.03125 0.0351562
0 0.129763 0.0922852 0.108887 0.0361328 0.0537109
0 0.129908 0.582031 0.329102 0.0351562 0.0488281
0 0.143949 0.581543 0.123047 0.0654297 0.0527344
0 0.14848 0.259766 0.152832 0.0449219 0.0458984
0 0.149247 0.849609 0.107422 0.0429688 0.0507812
0 0.152858 0.241699 0.21875 0.0341797 0.0585938
0 0.15318 0.436035 0.233887 0.0458984 0.0751953
0 0.153401 0.418457 0.0126953 0.0126953 0.0253906
0 0.153967 0.54248 0.0209961 0.0322266 0.0419922
0 0.156137 0.522461 0.152344 0.0214844 0.0371094
0 0.158942 0.463379 0.138184 0.0595703 0.0439453
0 0.161213 0.112793 0.83252 0.0302734 0.0380859
0 0.163396 0.342773 0.197266 0.03125 0.0742188
0 0.164318 0.563965 0.182617 0.0224609 0.03125
0 0.167725 0.503906 0.0693359 0.0292969 0.0351562
0 0.173014 0.485352 0.213379 0.0253906 0.0322266
0 0.174093 0.476074 0.45752 0.0244141 0.0263672
0 0.175989 0.380859 0.244141 0.0332031 0.0644531
0 0.177188 0.317383 0.178223 0.015625 0.0458984
0 0.184589 0.316895 0.0649414 0.0244141 0.0283203
0 0.188956 0.542969 0.459473 0.0175781 0.0205078
0 0.191744 0.0913086 0.15918 0.0302734 0.0390625
0 0.191752 0.381348 0.616211 0.0302734 0.0253906
0 0.193639 0.0620117 0.505371 0.0400391 0.0439453
0 0.199751 0.210938 0.0952148 0.0292969 0.0458984
0 0.200608 0.524414 0.220215 0.015625 0.0224609
0 0.203349 0.447754 0.00976562 0.0302734 0.0195312
0 0.204541 0.416992 0.119629 0.0390625 0.0712891
0 0.2096 0.725586 0.202637 0.0214844 0.0322266
0 0.215346 0.315918 0.195801 0.0283203 0.0751953
0 0.218046 0.182617 0.213867 0.078125 0.0722656
0 0.220171 0.166504 0.524902 0.0478516 0.0400391
0 0.220551 0.638184 0.821289 0.0302734 0.0527344
0 0.220958 0.316895 0.124512 0.0361328 0.0400391
0 0.221622 0.443359 0.0415039 0.0253906 0.0283203
0 0.232139 0.786133 0.109375 0.0527344 0.0488281
0 0.232658 0.162109 0.0419922 0.0488281 0.0585938
0 0.23392 0.67627 0.891602 0.0478516 0.0507812
0 0.234092 0.285156 0.211426 0.0488281 0.0654297
0 0.234602 0.227539 0.662109 0.046875 0.046875
0 0.234722 0.467773 0.0791016 0.0332031 0.0332031
0 0.248755 0.505371 0.0258789 0.0498047 0.0517578
0 0.255409 0.225098 0.00878906 0.0341797 0.0175781
0 0.256541 0.64502 0.125977 0.0205078 0.0292969
0 0.256923 0.703613 0.805176 0.0302734 0.0595703
0 0.257543 0.439941 0.134766 0.0458984 0.046875
0 0.257774 0.585938 0.254883 0.0664062 0.0722656
0 0.263923 0.537109 0.543457 0.015625 0.0146484
0 0.26739 0.677734 0.134277 0.0371094 0.0498047
0 0.278529 0.0332031 0.329102 0.0390625 0.046875
0 0.29978 0.186035 0.0297852 0.0439453 0.0498047
0 0.312682 0.658203 0.289062 0.0761719 0.046875
0 0.329794 0.353027 0.187012 0.0419922 0.0751953
0 0.335129 0.481934 0.140137 0.0263672 0.0380859
0 0.335714 0.346191 0.117676 0.0478516 0.0458984
0 0.348551 0.242676 0.139648 0.0400391 0.0488281
0 0.353018 0.55957 0.12207 0.0507812 0.0429688
0 0.372295 0.0854492 0.554199 0.0283203 0.0302734
0 0.373202 0.193848 0.154785 0.0341797 0.0380859
0 0.381287 0.672852 0.240234 0.0253906 0.0351562
0 0.38437 0.467773 0.177734 0.0292969 0.0292969
0 0.407712 0.669922 0.192871 0.0351562 0.0439453
0 0.432999 0.217773 0.836426 0.0507812 0.141602
0 0.448318 0.139648 0.102539 0.0585938 0.0703125
0 0.453373 0.605957 0.185547 0.0380859 0.0332031
0 0.466143 0.604004 0.112793 0.0439453 0.0517578
