0 0.102517 0.369629 0.396484 0.0166016 0.0195312
0 0.102826 0.227051 0.20459 0.0146484 0.0302734
0 0.10312 0.27832 0.0151367 0.0449219 0.0263672
0 0.11303 0.143066 0.0170898 0.0712891 0.0322266
0 0.113751 0.489746 0.130371 0.0576172 0.0712891
0 0.115593 0.250977 0.141602 0.0273438 0.0449219
0 0.125991 0.394043 0.61377 0.0146484 0.0224609
0 0.128283 0.477539 0.38916 0.0273438 0.0380859
0 0.128564 0.565918 0.529785 0.0205078 0.0224609
0 0.130835 0.26709 0.0595703 0.0244141 0.0332031
0 0.131079 0.287109 0.435547 0.0332031 0.0410156
0 0.140185 0.282715 0.34375 0.0224609 0.0292969
0 0.144238 0.563477 0.88916 0.0390625 0.0478516
0 0.150391 0.697266 0.0151367 0.0214844 0.0302734
0 0.158234 0.529785 0.268555 0.0322266 0.0507812
0 0.166306 0.335449 0.401855 0.0302734 0.0537109
0 0.172351 0.308105 0.34375 0.0615234 0.0683594
0 0.17615 0.54541 0.488281 0.0380859 0.0449219
0 0.176828 0.0263672 0.492676 0.0410156 0.0615234
0 0.18524 0.386719 0.166016 0.0917969 0.0683594
0 0.18582 0.258301 0.302734 0.0419922 0.0273438
0 0.20288 0.694336 0.277344 0.0332031 0.03125
0 0.206476 0.334961 0.597656 0.0292969 0.0371094
0 0.217782 0.270508 0.0107422 0.0292969 0.0195312
0 0.220044 0.63916 0.0327148 0.0146484 0.0283203
0 0.235083 0.80127 0.0756836 0.0166016 0.0400391
0 0.256895 0.106445 0.11084 0.0410156 0.0380859
0 0.2696 0.106445 0.325195 0.0605469 0.0566406
0 0.27261 0.784668 0.67627 0.0263672 0.0322266
0 0.287263 0.708496 0.334961 0.0498047 0.0488281
0 0.307042 0.858398 0.630371 0.0546875 0.0576172
0 0.311699 0.478516 0.188477 0.0332031 0.0449219
0 0.321955 0.563965 0.0786133 0.0478516 0.0634766
0 0.326954 0.183105 0.0883789 0.0517578 0.0751953
0 0.427129 0.188477 0.254883 0.0449219 0.0527344
0 0.459945 0.0112305 0.293945 0.0224609 0.0546875
