0 0.100839 0.217285 0.487793 0.0380859 0.0517578
0 0.101464 0.522949 0.428711 0.0224609 0.0234375
0 0.101599 0.435547 0.0952148 0.0390625 0.0400391
0 0.101989 0.39209 0.259766 0.0380859 0.0488281
0 0.10325 0.366211 0.0175781 0.0664062 0.0292969
0 0.104466 0.308105 0.379883 0.0224609 0.0292969
0 0.104537 0.616211 0.265625 0.0410156 0.0429688
0 0.105043 0.732422 0.288086 0.0546875 0.0644531
0 0.107304 0.247559 0.331543 0.0205078 0.0341797
0 0.108558 0.367676 0.320312 0.0595703 0.0644531
0 0.108913 0.371582 0.182617 0.0361328 0.0488281
0 0.109088 0.387695 0.0849609 0.0683594 0.0859375
0 0.110318 0.463867 0.31543 0.0742188 0.078125
0 0.110953 0.277832 0.371582 0.0244141 0.0439453
0 0.112439 0.634277 0.183105 0.0302734 0.0361328
0 0.112643 0.408203 0.0581055 0.0507812 0.0458984
0 0.113586 0.605957 0.199219 0.0205078 0.0253906
0 0.113987 0.29248 0.0473633 0.0283203 0.0263672
0 0.114195 0.381836 0.0117188 0.0390625 0.0234375
0 0.115338 0.509277 0.286133 0.0693359 0.0644531
0 0.115404 0.590332 0.0478516 0.0439453 0.0488281
0 0.11604 0.572266 0.0161133 0.0214844 0.0322266
0 0.116431 0.357422 0.181641 0.0351562 0.0488281
0 0.116641 0.782715 0.242188 0.0380859 0.0664062
0 0.11819 0.486328 0.0200195 0.0527344 0.0400391
0 0.118306 0.472168 0.0703125 0.0302734 0.0429688
0 0.118397 0.308594 0.195801 0.0429688 0.0576172
0 0.11895 0.34668 0.135254 0.0175781 0.0244141
0 0.119538 0.394043 0.303711 0.0283203 0.0410156
0 0.121498 0.528809 0.106445 0.00683594 0.0234375
0 0.122288 0.123535 0.547852 0.0244141 0.0253906
0 0.122585 0.540039 0.210449 0.0507812 0.0732422
0 0.123599 0.269531 0.256836 0.0253906 0.0371094
0 0.123611 0.635742 0.126465 0.0605469 0.0576172
0 0.127506 0.654785 0.131836 0.0458984 0.0507812
0 0.130414 0.141602 0.412109 0.0625 0.0761719
0 0.131743 0.521484 0.470215 0.0390625 0.0419922
0 0.132332 0.449707 0.0693359 0.0927734 0.09375
0 0.135649 0.442871 0.441406 0.0458984 0.0644531
0 0.136226 0.284668 0.254883 0.0439453 0.0585938
0 0.136251 0.424316 0.215332 0.0322266 0.0537109
0 0.137944 0.607422 0.0405273 0.0546875 0.0537109
0 0.137974 0.706543 0.149414 0.0791016 0.0605469
0 0.139291 0.22998 0.176758 0.0224609 0.0429688
0 0.141113 0.689453 0.288086 0.101562 0.0996094
0 0.141165 0.308105 0.0288086 0.0185547 0.0302734
0 0.141239 0.177246 0.402344 0.0244141 0.0332031
0 0.14244 0.547852 0.0761719 0.0292969 0.0273438
0 0.144378 0.658691 0.268555 0.0439453 0.0410156
0 0.147253 0.195801 0.538086 0.0400391 0.0371094
0 0.14921 0.490723 0.311035 0.0556641 0.0595703
0 0.153674 0.678711 0.0615234 0.0898438 0.113281
0 0.154407 0.387207 0.310547 0.0517578 0.0683594
0 0.154521 0.123047 0.260254 0.0410156 0.0712891
0 0.154895 0.484375 0.0981445 0.0488281 0.0654297
0 0.155046 0.365723 0.249023 0.0283203 0.0429688
0 0.155555 0.165039 0.411133 0.046875 0.0507812
0 0.155689 0.1875 0.446777 0.0253906 0.0302734
0 0.156466 0.311523 0.4375 0.0234375 0.0410156
0 0.156544 0.379883 0.336426 0.0605469 0.0810547
0 0.158638 0.607422 0.0512695 0.0351562 0.0419922
0 0.166904 0.527344 0.473633 0.0214844 0.0253906
0 0.169804 0.4375 0.22998 0.0527344 0.0634766
0 0.171231 0.462402 0.457031 0.0537109 0.0644531
0 0.175846 0.229492 0.408203 0.0449219 0.0449219
0 0.177594 0.16748 0.253418 0.0439453 0.0673828
0 0.183011 0.586914 0.192383 0.03125 0.0488281
0 0.188392 0.396484 0.250488 0.0175781 0.0244141
0 0.190888 0.318848 0.371582 0.0341797 0.0419922
0 0.191986 0.602539 0.341309 0.0351562 0.0302734
0 0.195317 0.786621 0.065918 0.0576172 0.0654297
0 0.196141 0.643555 0.19043 0.0488281 0.0488281
0 0.198115 0.624512 0.0170898 0.0322266 0.0341797
0 0.201438 0.361816 0.0375977 0.0654297 0.0615234
0 0.202104 0.382324 0.0517578 0.0556641 0.0605469
0 0.203867 0.585938 0.133301 0.0605469 0.0478516
0 0.204297 0.706543 0.208984 0.0458984 0.046875
0 0.207746 0.150391 0.696289 0.0234375 0.0214844
0 0.21085 0.444336 0.0932617 0.0488281 0.0595703
0 0.227101 0.688477 0.312988 0.0605469 0.0537109
0 0.235383 0.187988 0.30957 0.0400391 0.0488281
0 0.241007 0.707031 0.0844727 0.0390625 0.0478516
0 0.243919 0.342285 0.0302734 0.0478516 0.0488281
0 0.247116 0.216797 0.222656 0.0253906 0.0585938
0 0.252162 0.372559 0.365723 0.0458984 0.0439453
0 0.256973 0.58252 0.0507812 0.0224609 0.0371094
0 0.262277 0.477539 0.165039 0.0371094 0.0507812
0 0.266727 0.586426 0.0893555 0.0146484 0.0263672
0 0.27638 0.759277 0.0424805 0.0634766 0.0693359
0 0.296894 0.467285 0.0883789 0.0693359 0.0771484
0 0.303635 0.289551 0.235352 0.0263672 0.03125
0 0.314108 0.291016 0.108887 0.0332031 0.0302734
0 0.317754 0.268555 0.178223 0.0292969 0.0576172
0 0.322353 0.428223 0.027832 0.0517578 0.0498047
0 0.333547 0.48877 0.216797 0.0263672 0.0332031
0 0.334942 0.594238 0.444336 0.0556641 0.0566406
0 0.33855 0.303711 0.285156 0.0371094 0.0488281
0 0.338708 0.571289 0.130859 0.0234375 0.0449219
0 0.340991 0.341309 0.232422 0.0244141 0.0332031
0 0.346478 0.385742 0.18457 0.0292969 0.0507812
0 0.358976 0.535645 0.0195312 0.0322266 0.0371094
0 0.359075 0.61377 0.132324 0.0419922 0.0517578
0 0.359415 0.219238 0.585938 0.0341797 0.0605469
0 0.364971 0.521484 0.161133 0.0332031 0.0351562
0 0.381606 0.391602 0.121582 0.0429688 0.0458984
0 0.625187 0.320312 0.127441 0.0253906 0.0439453
0 0.652073 0.316895 0.078125 0.0283203 0.0371094
