0 0.10087 0.305176 0.227051 0.0126953 0.0224609
0 0.101774 0.880859 0.316895 0.0390625 0.0400391
0 0.108481 0.737305 0.42334 0.0078125 0.0166016
0 0.120105 0.816895 0.48877 0.0263672 0.0439453
0 0.120772 0.924805 0.334961 0.015625 0.0234375
0 0.120851 0.38916 0.226562 0.0126953 0.0292969
0 0.127828 0.747559 0.443848 0.0146484 0.0166016
0 0.136117 0.911621 0.575684 0.0263672 0.0380859
0 0.136524 0.991211 0.429688 0.0175781 0.0292969
0 0.138867 0.891602 0.32666 0.0273438 0.0419922
0 0.139612 0.663574 0.364258 0.0419922 0.0332031
0 0.139779 0.79248 0.521973 0.0205078 0.0439453
0 0.140926 0.311035 0.195801 0.0224609 0.0322266
0 0.142727 0.688477 0.283203 0.0253906 0.0527344
0 0.149764 0.856934 0.409668 0.0224609 0.0205078
0 0.152005 0.869629 0.303223 0.0361328 0.0302734
0 0.152994 0.282227 0.574707 0.015625 0.0263672
0 0.156433 0.991699 0.543457 0.0166016 0.0322266
0 0.157683 0.697754 0.26416 0.0302734 0.0615234
0 0.168891 0.899414 0.252441 0.0253906 0.0341797
0 0.175763 0.824219 0.49707 0.0136719 0.03125
0 0.176829 0.887207 0.318848 0.0224609 0.0263672
0 0.183903 0.65625 0.169434 0.0234375 0.0283203
0 0.186041 0.401367 0.140137 0.0136719 0.0244141
0 0.191511 0.743164 0.244629 0.0214844 0.0380859
0 0.192815 0.838867 0.429688 0.0195312 0.0234375
0 0.193323 0.942383 0.316406 0.0214844 0.0351562
0 0.223355 0.607422 0.55957 0.015625 0.0292969
0 0.237339 0.452148 0.249512 0.0234375 0.0283203
0 0.269965 0.703613 0.234375 0.0244141 0.0761719
0 0.283211 0.958984 0.427734 0.0214844 0.0332031
0 0.300111 0.793945 0.415527 0.0136719 0.0166016
0 0.355858 0.673828 0.119629 0.0195312 0.0322266
0 0.375516 0.707031 0.211914 0.0195312 0.0585938
0 0.444348 0.923828 0.40332 0.0488281 0.0371094
