0 0.104409 0.461426 0.0996094 0.0166016 0.0253906
0 0.104935 0.523438 0.215332 0.015625 0.0302734
0 0.105785 0.339844 0.265625 0.0449219 0.0332031
0 0.105873 0.216309 0.313477 0.0283203 0.0253906
0 0.109811 0.549316 0.00878906 0.0205078 0.0136719
0 0.110293 0.408691 0.245117 0.0263672 0.0292969
0 0.111355 0.473145 0.782227 0.0224609 0.0292969
0 0.118599 0.3125 0.712402 0.0332031 0.0439453
0 0.119685 0.278809 0.13623 0.0244141 0.0322266
0 0.12156 0.438477 0.0205078 0.0136719 0.0214844
0 0.126224 0.852539 0.441895 0.0410156 0.0556641
0 0.133878 0.901367 0.0673828 0.0292969 0.0507812
0 0.155018 0.40332 0.0585938 0.0175781 0.0273438
0 0.168498 0.414062 0.391602 0.00976562 0.015625
0 0.173497 0.18457 0.352539 0.0410156 0.0390625
0 0.180893 0.607422 0.152344 0.0488281 0.0585938
0 0.184614 0.209473 0.378418 0.0732422 0.0556641
0 0.186222 0.845215 0.0581055 0.0595703 0.114258
0 0.187892 0.435059 0.263184 0.0166016 0.0224609
0 0.188672 0.281738 0.419922 0.0302734 0.0410156
0 0.191055 0.464844 0.208984 0.0195312 0.0371094
0 0.202625 0.987793 0.242676 0.0224609 0.0537109
0 0.203181 0.123047 0.0371094 0.0195312 0.03125
0 0.262589 0.671875 0.129395 0.0195312 0.0400391
0 0.291463 0.515137 0.0410156 0.0400391 0.0605469
0 0.357622 0.331055 0.26123 0.0234375 0.0322266
0 0.358103 0.105469 0.320312 0.0390625 0.0546875
0 0.369435 0.47168 0.0546875 0.046875 0.0996094
0 0.440426 0.185547 0.375977 0.0410156 0.0527344
0 0.466741 0.231934 0.371094 0.0400391 0.0664062
0 0.682261 0.323242 0.183105 0.0292969 0.0341797
0 0.686101 0.246582 0.16748 0.0361328 0.0537109
