0 0.100235 0.986328 0.641113 0.0234375 0.0263672
0 0.101474 0.378418 0.625 0.0166016 0.0273438
0 0.105926 0.657715 0.436523 0.0126953 0.015625
0 0.106366 0.986328 0.736328 0.0253906 0.0742188
0 0.107433 0.862305 0.756836 0.0195312 0.0195312
0 0.107538 0.896484 0.67041 0.0214844 0.0322266
0 0.10792 0.652344 0.345703 0.015625 0.0253906
0 0.10857 0.47998 0.971191 0.0224609 0.0380859
0 0.11021 0.966797 0.535156 0.0371094 0.0449219
0 0.112578 0.447754 0.818359 0.0146484 0.0253906
0 0.11452 0.710449 0.490723 0.0205078 0.0341797
0 0.115408 0.695801 0.678711 0.0146484 0.0214844
0 0.11618 0.408691 0.314453 0.0283203 0.0371094
0 0.118235 0.496582 0.48584 0.0107422 0.0322266
0 0.124659 0.971191 0.421875 0.0341797 0.0253906
0 0.125 0.778809 0.642578 0.0126953 0.0175781
0 0.130232 0.367188 0.506836 0.0136719 0.0292969
0 0.131728 0.739746 0.487305 0.0283203 0.0273438
0 0.139882 0.291016 0.630371 0.0292969 0.0458984
0 0.140235 0.441406 0.282227 0.0253906 0.0253906
0 0.145923 0.651855 0.816406 0.0166016 0.0273438
0 0.147857 0.849121 0.549316 0.0400391 0.0361328
0 0.148198 0.811035 0.65918 0.0107422 0.0234375
0 0.151049 0.436523 0.576172 0.0136719 0.0253906
0 0.157277 0.813965 0.57666 0.0224609 0.0224609
0 0.159411 0.696777 0.405273 0.0185547 0.0488281
0 0.163896 0.694336 0.96875 0.0214844 0.0488281
0 0.165101 0.616699 0.324707 0.0185547 0.0322266
0 0.167085 0.455078 0.177246 0.0761719 0.100586
0 0.170526 0.563477 0.316895 0.0175781 0.0458984
0 0.17164 0.648438 0.587891 0.015625 0.0273438
0 0.17385 0.97168 0.543945 0.0273438 0.0292969
0 0.175909 0.986328 0.845703 0.0253906 0.0449219
0 0.176683 0.634766 0.630859 0.0175781 0.0175781
0 0.179253 0.321289 0.520996 0.0195312 0.0283203
0 0.182785 0.686035 0.315918 0.0244141 0.0263672
0 0.189362 0.634277 0.394531 0.0224609 0.0273438
0 0.193549 0.708008 0.859863 0.0214844 0.0263672
0 0.206462 0.595703 0.435547 0.0136719 0.0214844
0 0.213396 0.908691 0.500488 0.0263672 0.0380859
0 0.2165 0.589355 0.34082 0.0205078 0.0332031
0 0.224866 0.86377 0.530273 0.0400391 0.0546875
0 0.240157 0.939453 0.382324 0.0292969 0.0400391
0 0.241228 0.145996 0.521973 0.0224609 0.0322266
0 0.24515 0.633301 0.266602 0.0126953 0.0214844
0 0.256973 0.463379 0.196289 0.0517578 0.0683594
0 0.264047 0.53418 0.257812 0.0253906 0.0351562
0 0.289767 0.0849609 0.445312 0.0410156 0.0390625
0 0.311318 0.643066 0.515137 0.0166016 0.0205078
0 0.314021 0.695312 0.259277 0.0117188 0.0205078
0 0.330703 0.744141 0.58252 0.0136719 0.0224609
0 0.348932 0.872559 0.422363 0.0244141 0.0205078
0 0.41205 0.366211 0.54834 0.0234375 0.0400391
0 0.444286 0.711426 0.0688477 0.0615234 0.0693359
0 0.471437 0.646973 0.753418 0.0224609 0.0283203
