0 0.101352 0.438477 0.159668 0.0195312 0.0244141
0 0.106043 0.231445 0.683594 0.0566406 0.0625
0 0.112216 0.657715 0.559082 0.0302734 0.0517578
0 0.112923 0.20752 0.316895 0.0263672 0.0302734
0 0.115145 0.432129 0.153809 0.0302734 0.0380859
0 0.117516 0.372559 0.106934 0.0263672 0.0322266
0 0.118267 0.489258 0.303223 0.0332031 0.0283203
0 0.127928 0.346191 0.0463867 0.0185547 0.0263672
0 0.146627 0.133301 0.027832 0.0341797 0.0556641
0 0.14808 0.305176 0.482422 0.0654297 0.0371094
0 0.247002 0.207031 0.228027 0.0273438 0.0556641
0 0.281454 0.415039 0.287598 0.0410156 0.0439453
