0 0.10006 0.256836 0.803711 0.0195312 0.0429688
0 0.102494 0.981445 0.203125 0.0371094 0.0449219
0 0.10376 0.165527 0.0991211 0.0498047 0.0517578
0 0.109071 0.378906 0.72998 0.0332031 0.0244141
0 0.110827 0.243652 0.164062 0.0146484 0.0410156
0 0.111892 0.302246 0.210938 0.0146484 0.015625
0 0.115551 0.380859 0.709961 0.0664062 0.0605469
0 0.119994 0.234863 0.13623 0.0224609 0.0263672
0 0.126181 0.418945 0.688477 0.0390625 0.0527344
0 0.131675 0.986816 0.193848 0.0244141 0.0322266
0 0.136907 0.655762 0.336914 0.0380859 0.0566406
0 0.161006 0.427246 0.594727 0.0322266 0.0253906
0 0.162147 0.27002 0.206055 0.0244141 0.0390625
0 0.164241 0.29834 0.328613 0.0107422 0.0302734
0 0.18593 0.222168 0.580078 0.0224609 0.0195312
0 0.221584 0.265137 0.214355 0.0185547 0.0283203
0 0.324175 0.197266 0.188477 0.0234375 0.0234375
0 0.346601 0.338867 0.433594 0.0253906 0.0253906
