0 0.100605 0.243652 0.303711 0.0478516 0.0429688
0 0.100811 0.258301 0.0546875 0.0400391 0.0527344
0 0.1017 0.367188 0.0771484 0.0214844 0.0390625
0 0.102438 0.257812 0.390137 0.03125 0.0556641
0 0.102593 0.40625 0.0112305 0.03125 0.0185547
0 0.102791 0.141113 0.654785 0.0341797 0.0556641
0 0.104107 0.487305 0.0683594 0.00976562 0.0195312
0 0.106287 0.458008 0.00732422 0.0273438 0.0146484
0 0.106546 0.382812 0.059082 0.0527344 0.0537109
0 0.109421 0.296387 0.380859 0.0107422 0.0214844
0 0.110715 0.392578 0.168945 0.0136719 0.0175781
0 0.111494 0.674316 0.0532227 0.0166016 0.0263672
0 0.113636 0.367188 0.24707 0.015625 0.0390625
0 0.113766 0.0957031 0.0268555 0.0585938 0.0498047
0 0.114091 0.129395 0.482422 0.0322266 0.0351562
0 0.114547 0.177246 0.345215 0.0380859 0.0517578
0 0.115769 0.751953 0.307617 0.0214844 0.03125
0 0.116093 0.397461 0.0151367 0.0253906 0.0302734
0 0.116214 0.62793 0.116211 0.0273438 0.0253906
0 0.117185 0.0947266 0.501953 0.0566406 0.0566406
0 0.117395 0.642578 0.376953 0.046875 0.0390625
0 0.11746 0.128418 0.290527 0.0380859 0.0498047
0 0.121242 0.219238 0.446777 0.0263672 0.0478516
0 0.123271 0.136719 0.482422 0.0566406 0.0507812
0 0.123645 0.285156 0.480469 0.0390625 0.0449219
0 0.123646 0.157227 0.34082 0.0585938 0.0625
0 0.126479 0.0966797 0.239258 0.0351562 0.0507812
0 0.12669 0.304688 0.305664 0.0351562 0.0507812
0 0.126713 0.273926 0.0527344 0.0224609 0.0351562
0 0.127523 0.0732422 0.228516 0.0195312 0.0253906
0 0.13018 0.369629 0.147949 0.0166016 0.0302734
0 0.131879 0.203613 0.0131836 0.0458984 0.0224609
0 0.133056 0.849609 0.202637 0.0273438 0.0283203
0 0.135639 0.295898 0.220703 0.0527344 0.0527344
0 0.136739 0.0849609 0.0415039 0.0585938 0.0732422
0 0.137783 0.258789 0.405273 0.0214844 0.0351562
0 0.13797 0.513672 0.227051 0.0136719 0.0205078
0 0.139698 0.496582 0.144531 0.0322266 0.0332031
0 0.145324 0.0454102 0.164062 0.0654297 0.0527344
0 0.145938 0.213379 0.367188 0.0205078 0.0253906
0 0.147163 0.153809 0.138672 0.0302734 0.03125
0 0.152136 0.758301 0.375488 0.0517578 0.0517578
0 0.157285 0.480469 0.111816 0.0292969 0.0361328
0 0.160728 0.325195 0.019043 0.015625 0.0185547
0 0.167646 0.123535 0.183105 0.0439453 0.0478516
0 0.172006 0.236816 0.181152 0.0400391 0.0478516
0 0.173331 0.304688 0.226562 0.0292969 0.0332031
0 0.173777 0.797363 0.280273 0.0224609 0.0273438
0 0.177777 0.356934 0.148926 0.0166016 0.0263672
0 0.181267 0.34082 0.0737305 0.0449219 0.0419922
0 0.182034 0.176758 0.112793 0.0371094 0.0556641
0 0.184966 0.140137 0.344238 0.0380859 0.0537109
0 0.185274 0.34668 0.307617 0.03125 0.0410156
0 0.185869 0.395996 0.0981445 0.0166016 0.0302734
0 0.186933 0.766113 0.277832 0.0185547 0.0283203
0 0.190137 0.801758 0.130859 0.0214844 0.0273438
0 0.191842 0.208496 0.45166 0.0537109 0.0478516
0 0.192328 0.353516 0.21582 0.00976562 0.03125
0 0.198921 0.404785 0.0219727 0.0224609 0.0341797
0 0.203998 0.240234 0.0507812 0.0273438 0.0566406
0 0.213083 0.169434 0.0200195 0.0322266 0.0380859
0 0.217425 0.430664 0.141602 0.0351562 0.0429688
0 0.217606 0.669922 0.012207 0.0253906 0.0244141
0 0.221116 0.640625 0.012207 0.0390625 0.0244141
0 0.223338 0.372559 0.145996 0.0107422 0.0205078
0 0.228051 0.181641 0.27002 0.0410156 0.0576172
0 0.231141 0.162598 0.129883 0.0439453 0.046875
0 0.238187 0.298828 0.0527344 0.0175781 0.0234375
0 0.238577 0.403809 0.215332 0.0283203 0.0673828
0 0.240016 0.372559 0.0449219 0.0263672 0.0332031
0 0.240545 0.909668 0.334961 0.0458984 0.0488281
0 0.251997 0.448242 0.195312 0.0371094 0.0449219
0 0.255095 0.51416 0.0625 0.0283203 0.0507812
0 0.256803 0.410156 0.0556641 0.0214844 0.0449219
0 0.258583 0.268555 0.0610352 0.0253906 0.0380859
0 0.263434 0.185059 0.0834961 0.0498047 0.0419922
0 0.266029 0.0742188 0.0585938 0.0390625 0.0605469
0 0.269675 0.273438 0.147949 0.0253906 0.0302734
0 0.275605 0.487305 0.255371 0.015625 0.0341797
0 0.27831 0.464355 0.0727539 0.0126953 0.0224609
0 0.286524 0.280762 0.137207 0.0341797 0.0517578
0 0.291291 0.325684 0.111328 0.0322266 0.0390625
0 0.30666 0.184082 0.019043 0.0751953 0.0341797
0 0.311648 0.350586 0.0234375 0.0214844 0.046875
0 0.317364 0.17041 0.376465 0.0302734 0.0419922
0 0.317915 0.631348 0.370117 0.0263672 0.0273438
0 0.32846 0.270508 0.221191 0.0703125 0.0576172
0 0.331262 0.362793 0.0620117 0.0380859 0.0556641
0 0.338269 0.831055 0.351562 0.0292969 0.046875
0 0.341006 0.32959 0.0751953 0.0302734 0.0332031
0 0.35622 0.440918 0.146973 0.0185547 0.0322266
0 0.369088 0.418945 0.134277 0.0195312 0.0419922
0 0.378553 0.174316 0.0830078 0.0283203 0.03125
0 0.38585 0.436035 0.078125 0.0166016 0.0292969
0 0.388085 0.468262 0.302246 0.0458984 0.0400391
0 0.389979 0.20166 0.20166 0.0302734 0.0419922
0 0.401602 0.85791 0.265625 0.0498047 0.0371094
0 0.415957 0.289551 0.0180664 0.0185547 0.0302734
0 0.422991 0.210449 0.078125 0.0380859 0.0449219
0 0.470396 0.44043 0.0327148 0.0234375 0.0341797
0 0.476947 0.865723 0.0776367 0.0283203 0.0341797
0 0.488367 0.233398 0.129883 0.0566406 0.0527344
0 0.529929 0.129395 0.0771484 0.0400391 0.046875
