0 0.110192 0.348145 0.170898 0.0126953 0.0117188
0 0.110822 0.311035 0.0791016 0.0126953 0.0253906
0 0.111195 0.796875 0.141602 0.046875 0.0527344
0 0.111552 0.519043 0.0517578 0.00878906 0.0214844
0 0.111849 0.424805 0.104004 0.0136719 0.0185547
0 0.112734 0.608887 0.210449 0.0166016 0.0185547
0 0.11334 0.367676 0.0146484 0.0556641 0.0234375
0 0.115517 0.272949 0.114258 0.0302734 0.0429688
0 0.116636 0.262695 0.0307617 0.015625 0.0263672
0 0.119547 0.20752 0.394043 0.0107422 0.0224609
0 0.12775 0.46875 0.222168 0.0136719 0.0205078
0 0.13288 0.661621 0.0810547 0.0166016 0.0195312
0 0.133377 0.489258 0.261719 0.015625 0.0253906
0 0.135114 0.182129 0.397461 0.0185547 0.0175781
0 0.135519 0.819336 0.388184 0.0449219 0.0712891
0 0.139535 0.470703 0.372559 0.015625 0.0205078
0 0.140794 0.203613 0.203613 0.0244141 0.0341797
0 0.14618 0.868652 0.314941 0.0419922 0.0556641
0 0.146538 0.377441 0.116211 0.0126953 0.0234375
0 0.14833 0.228516 0.260742 0.0253906 0.0292969
0 0.154329 0.530762 0.467773 0.0146484 0.0195312
0 0.155053 0.697754 0.138184 0.0185547 0.0224609
0 0.155618 0.85498 0.0424805 0.0400391 0.0400391
0 0.162851 0.291504 0.0390625 0.0263672 0.0351562
0 0.163166 0.708008 0.452148 0.0195312 0.0195312
0 0.163604 0.379883 0.0107422 0.0371094 0.0175781
0 0.164738 0.72998 0.207031 0.0166016 0.0234375
0 0.166208 0.306641 0.019043 0.0429688 0.0361328
0 0.166494 0.941406 0.379883 0.0625 0.0859375
0 0.168383 0.531738 0.358398 0.0185547 0.0195312
0 0.179384 0.536621 0.35498 0.0185547 0.0224609
0 0.187279 0.953613 0.0849609 0.0283203 0.0332031
0 0.189504 0.488281 0.410156 0.015625 0.015625
0 0.19282 0.418457 0.27832 0.0205078 0.0449219
0 0.207361 0.352539 0.275391 0.03125 0.0273438
0 0.210238 0.516113 0.130859 0.0166016 0.0292969
0 0.215396 0.529785 0.255371 0.0302734 0.0400391
0 0.215902 0.408691 0.156738 0.0205078 0.0205078
0 0.219192 0.541992 0.341797 0.0117188 0.0234375
0 0.221438 0.447266 0.178711 0.0117188 0.0273438
0 0.252684 0.541992 0.290527 0.0117188 0.0166016
0 0.269732 0.394531 0.0703125 0.0214844 0.046875
0 0.278268 0.350098 0.0722656 0.0185547 0.0253906
0 0.287884 0.425293 0.227539 0.0166016 0.015625
0 0.294253 0.346191 0.359863 0.0205078 0.0283203
0 0.309725 0.179688 0.456055 0.015625 0.0332031
0 0.453223 0.453613 0.140137 0.0185547 0.0283203
0 0.495384 0.47998 0.288574 0.0185547 0.0185547
0 0.572892 0.520508 0.644531 0.03125 0.0644531
