0 0.102647 0.68457 0.479004 0.03125 0.0556641
0 0.105923 0.235352 0.164551 0.0625 0.0751953
0 0.106061 0.786133 0.534668 0.0175781 0.0361328
0 0.106653 0.889648 0.464355 0.046875 0.0498047
0 0.106924 0.253906 0.682129 0.015625 0.0263672
0 0.107391 0.382812 0.10498 0.0566406 0.0595703
0 0.10851 0.163086 0.663574 0.046875 0.0751953
0 0.108652 0.427734 0.66748 0.0175781 0.0322266
0 0.108726 0.0805664 0.75 0.0224609 0.0410156
0 0.109055 0.74707 0.425781 0.0273438 0.0292969
0 0.110005 0.374512 0.220703 0.0224609 0.0410156
0 0.11003 0.34375 0.595703 0.0234375 0.0351562
0 0.11164 0.740234 0.800781 0.0585938 0.0390625
0 0.11613 0.408691 0.18457 0.0556641 0.0800781
0 0.117162 0.333008 0.0166016 0.0566406 0.0292969
0 0.117395 0.692871 0.243164 0.0341797 0.0390625
0 0.118064 0.206543 0.55957 0.0224609 0.03125
0 0.118086 0.178711 0.641602 0.0273438 0.0351562
0 0.120231 0.402344 0.211914 0.046875 0.0507812
0 0.120646 0.601562 0.478027 0.0214844 0.0283203
0 0.120755 0.949219 0.312988 0.0761719 0.0517578
0 0.120783 0.355469 0.179199 0.0488281 0.0712891
0 0.122208 0.389648 0.541992 0.0195312 0.0214844
0 0.123367 0.728516 0.291504 0.0644531 0.0947266
0 0.124547 0.607422 0.990234 0.0351562 0.0195312
0 0.124581 0.364258 0.583008 0.0234375 0.0390625
0 0.124787 0.293457 0.828613 0.0302734 0.0322266
0 0.126994 0.740723 0.890625 0.0341797 0.0429688
0 0.128052 0.655273 0.887695 0.0507812 0.0507812
0 0.128074 0.659668 0.194336 0.0498047 0.046875
0 0.128449 0.415527 0.430664 0.0224609 0.03125
0 0.12962 0.243164 0.574219 0.0214844 0.0234375
0 0.131833 0.482422 0.991699 0.0195312 0.0166016
0 0.134833 0.713379 0.241699 0.0673828 0.0498047
0 0.137404 0.48877 0.626953 0.0185547 0.0273438
0 0.138629 0.369629 0.293457 0.0380859 0.0517578
0 0.139737 0.301758 0.766602 0.015625 0.0390625
0 0.142736 0.161621 0.222168 0.0400391 0.0400391
0 0.147406 0.338867 0.604004 0.0195312 0.0341797
0 0.15231 0.291016 0.597656 0.0195312 0.0253906
0 0.15319 0.447754 0.557617 0.0205078 0.0253906
0 0.15375 0.424316 0.672852 0.0107422 0.0273438
0 0.154498 0.575684 0.496582 0.0341797 0.0380859
0 0.155583 0.263672 0.650391 0.0175781 0.0234375
0 0.155598 0.74707 0.438477 0.046875 0.0664062
0 0.159221 0.814941 0.556152 0.0302734 0.0537109
0 0.160556 0.546387 0.393555 0.0361328 0.0351562
0 0.160675 0.501953 0.614258 0.0234375 0.0273438
0 0.164878 0.175293 0.818359 0.0244141 0.03125
0 0.16573 0.51709 0.401855 0.0166016 0.0283203
0 0.166565 0.274902 0.0517578 0.0849609 0.0605469
0 0.168034 0.266113 0.614258 0.0224609 0.0292969
0 0.169451 0.386719 0.218262 0.0488281 0.0458984
0 0.169642 0.736816 0.412598 0.0439453 0.0498047
0 0.174348 0.436035 0.713379 0.0322266 0.0400391
0 0.176642 0.64502 0.893066 0.0283203 0.0439453
0 0.178374 0.401367 0.347168 0.0214844 0.0224609
0 0.178699 0.552734 0.895508 0.0195312 0.0214844
0 0.182619 0.412109 0.754395 0.0214844 0.0224609
0 0.18815 0.106934 0.791016 0.0263672 0.0234375
0 0.190779 0.512207 0.139648 0.0419922 0.0625
0 0.191734 0.419434 0.38623 0.0126953 0.0205078
0 0.194018 0.522949 0.770996 0.0205078 0.0283203
0 0.194204 0.490723 0.158691 0.0302734 0.0517578
0 0.195366 0.695801 0.783691 0.0205078 0.0458984
0 0.196088 0.576172 0.930176 0.0175781 0.0400391
0 0.197477 0.243652 0.23584 0.0537109 0.0595703
0 0.198553 0.814941 0.547363 0.0185547 0.0361328
0 0.20406 0.535645 0.0297852 0.0791016 0.0576172
0 0.204963 0.354492 0.76416 0.0136719 0.0244141
0 0.20715 0.495117 0.490723 0.0273438 0.0263672
0 0.208515 0.907715 0.54541 0.0361328 0.0341797
0 0.212823 0.333984 0.597656 0.0136719 0.0332031
0 0.215651 0.229004 0.603027 0.0244141 0.0361328
0 0.216773 0.127441 0.64502 0.0263672 0.0341797
0 0.221027 0.421387 0.513672 0.0107422 0.0214844
0 0.226292 0.69043 0.408691 0.0273438 0.0498047
0 0.226582 0.398438 0.399414 0.0136719 0.0253906
0 0.248108 0.369141 0.443848 0.0195312 0.0263672
0 0.25092 0.336914 0.176758 0.0605469 0.0859375
0 0.260937 0.897949 0.404297 0.0673828 0.0429688
0 0.267687 0.521973 0.460449 0.0224609 0.0263672
0 0.268457 0.398438 0.496582 0.0136719 0.0244141
0 0.270302 0.481445 0.455078 0.0273438 0.0253906
0 0.270352 0.347168 0.534668 0.0166016 0.0283203
0 0.272668 0.564941 0.479492 0.0185547 0.0214844
0 0.275369 0.358398 0.592285 0.03125 0.0439453
0 0.280598 0.520996 0.521484 0.0283203 0.03125
0 0.289567 0.819336 0.394043 0.0566406 0.0712891
0 0.319064 0.441895 0.653809 0.0263672 0.0302734
0 0.320005 0.464355 0.606934 0.0107422 0.0205078
0 0.327152 0.0913086 0.737793 0.0380859 0.0537109
0 0.336248 0.695312 0.480957 0.0488281 0.0751953
0 0.349802 0.654785 0.779785 0.0361328 0.0400391
0 0.35387 0.149414 0.695312 0.0488281 0.0507812
0 0.3579 0.63623 0.512695 0.0537109 0.046875
0 0.387777 0.753418 0.457031 0.0458984 0.0488281
0 0.399522 0.161133 0.552734 0.0410156 0.0410156
0 0.403603 0.752441 0.520508 0.0419922 0.0585938
0 0.420598 0.709473 0.503418 0.0400391 0.0498047
0 0.421966 0.617676 0.594727 0.0419922 0.0566406
0 0.435844 0.577148 0.41748 0.0214844 0.0322266
0 0.442366 0.500977 0.352539 0.0292969 0.0214844
0 0.465481 0.345215 0.820312 0.0400391 0.0292969
0 0.505594 0.304199 0.683594 0.0263672 0.0273438
0 0.520438 0.301758 0.635742 0.0234375 0.0351562
