0 0.10341 0.305176 0.332031 0.0205078 0.0332031
0 0.107355 0.837402 0.32959 0.0263672 0.0458984
0 0.129907 0.631348 0.258301 0.0322266 0.0595703
0 0.14485 0.665527 0.276855 0.0166016 0.0146484
0 0.147397 0.608398 0.332031 0.0175781 0.0273438
0 0.162217 0.779785 0.0649414 0.0146484 0.0380859
0 0.170399 0.637695 0.0327148 0.0175781 0.0302734
0 0.170639 0.289062 0.130371 0.0117188 0.0263672
0 0.206983 0.0947266 0.0644531 0.0429688 0.0429688
0 0.208206 0.321777 0.0839844 0.0244141 0.0371094
0 0.243597 0.190918 0.0957031 0.0263672 0.0273438
0 0.254075 0.601562 0.0571289 0.0253906 0.0322266
0 0.283706 0.116699 0.253418 0.0263672 0.0341797
