0 0.101223 0.240723 0.289551 0.0224609 0.0244141
0 0.103318 0.467285 0.124512 0.0146484 0.0263672
0 0.104624 0.476562 0.267578 0.0195312 0.015625
0 0.107531 0.287598 0.319336 0.0244141 0.0429688
0 0.108278 0.48291 0.0229492 0.0634766 0.0439453
0 0.109399 0.388184 0.567383 0.0302734 0.0292969
0 0.113754 0.658203 0.520996 0.0273438 0.0419922
0 0.114772 0.151367 0.419922 0.0175781 0.0273438
0 0.116433 0.211914 0.314941 0.015625 0.0185547
0 0.119186 0.45459 0.560547 0.0126953 0.0175781
0 0.120628 0.358887 0.331055 0.0146484 0.0273438
0 0.12238 0.46875 0.43457 0.0195312 0.0234375
0 0.12264 0.203613 0.34668 0.0185547 0.0292969
0 0.126895 0.370605 0.0288086 0.0849609 0.0576172
0 0.133263 0.380371 0.498047 0.0126953 0.0195312
0 0.134305 0.23584 0.197266 0.0341797 0.0332031
0 0.135025 0.335449 0.0649414 0.0244141 0.0419922
0 0.137879 0.390625 0.263672 0.0175781 0.03125
0 0.150273 0.464355 0.470703 0.0224609 0.03125
0 0.150975 0.501465 0.166504 0.0185547 0.0205078
0 0.153444 0.107422 0.531738 0.0410156 0.0341797
0 0.153542 0.523926 0.42041 0.0126953 0.0224609
0 0.157056 0.340332 0.399414 0.0146484 0.0253906
0 0.163944 0.0834961 0.478516 0.0439453 0.0742188
0 0.177789 0.445801 0.397949 0.0126953 0.0205078
0 0.178525 0.451172 0.367188 0.0195312 0.0234375
0 0.182342 0.333496 0.274414 0.0244141 0.0253906
0 0.185428 0.17627 0.0576172 0.0341797 0.046875
0 0.186446 0.313477 0.626465 0.0175781 0.0244141
0 0.190192 0.259277 0.462891 0.0244141 0.0214844
0 0.192387 0.694824 0.614746 0.0283203 0.0458984
0 0.205452 0.424805 0.491699 0.0195312 0.0283203
0 0.206546 0.400879 0.103516 0.0185547 0.0371094
0 0.232464 0.697754 0.533203 0.0380859 0.0253906
0 0.238024 0.123047 0.0209961 0.0507812 0.0400391
0 0.244656 0.419434 0.578613 0.0166016 0.0224609
0 0.245897 0.239258 0.202148 0.0234375 0.0195312
0 0.309284 0.299316 0.412598 0.0341797 0.0380859
0 0.352382 0.386719 0.185059 0.0332031 0.0361328
0 0.371716 0.133789 0.0957031 0.0351562 0.0507812
