0 0.105133 0.453125 0.108398 0.0292969 0.0292969
0 0.109548 0.415527 0.0107422 0.0400391 0.0175781
0 0.111202 0.390137 0.189453 0.0439453 0.0917969
0 0.11954 0.655273 0.92334 0.0273438 0.0517578
0 0.119989 0.688965 0.902344 0.0224609 0.0234375
0 0.122144 0.328613 0.125 0.0810547 0.0957031
0 0.127095 0.480469 0.574707 0.113281 0.120117
0 0.132476 0.861816 0.930664 0.0263672 0.0332031
0 0.135386 0.131348 0.565918 0.0244141 0.0400391
0 0.13587 0.325684 0.137207 0.0400391 0.0693359
0 0.137346 0.176758 0.134766 0.0605469 0.0976562
0 0.137833 0.219727 0.163086 0.0429688 0.0878906
0 0.138589 0.576172 0.0688477 0.0390625 0.0400391
0 0.141871 0.0224609 0.287598 0.0234375 0.0283203
0 0.142298 0.293945 0.0546875 0.046875 0.0644531
0 0.142661 0.366211 0.090332 0.0957031 0.0673828
0 0.150004 0.63623 0.47168 0.0927734 0.0878906
0 0.158001 0.412598 0.830566 0.0283203 0.0263672
0 0.167219 0.66748 0.0239258 0.0537109 0.0419922
0 0.175441 0.384766 0.0292969 0.0332031 0.0449219
0 0.176963 0.358398 0.194824 0.0371094 0.0576172
0 0.193771 0.61377 0.48877 0.0458984 0.0595703
0 0.201655 0.454102 0.0576172 0.0332031 0.0546875
0 0.217704 0.368652 0.346191 0.0263672 0.0302734
0 0.218472 0.499023 0.0678711 0.0488281 0.0537109
0 0.219165 0.27832 0.0571289 0.03125 0.0615234
0 0.223744 0.311035 0.046875 0.0576172 0.0605469
0 0.226199 0.389648 0.0869141 0.0488281 0.0546875
0 0.232823 0.135742 0.515625 0.0664062 0.0996094
0 0.256556 0.631836 0.885254 0.0195312 0.0439453
0 0.27312 0.354004 0.102539 0.0556641 0.0605469
0 0.284787 0.0219727 0.554688 0.0380859 0.0234375
0 0.318276 0.311035 0.142578 0.0478516 0.0898438
0 0.333128 0.262695 0.167969 0.0546875 0.0976562
0 0.344887 0.444336 0.0600586 0.0585938 0.0791016
0 0.63226 0.242188 0.0810547 0.0488281 0.0449219
