0 0.100127 0.379883 0.108887 0.0507812 0.0634766
0 0.10058 0.583496 0.0537109 0.0537109 0.0683594
0 0.103278 0.391602 0.275879 0.015625 0.0224609
0 0.107412 0.505371 0.244629 0.0322266 0.0302734
0 0.109086 0.541992 0.269531 0.0195312 0.0234375
0 0.11122 0.497559 0.139648 0.0458984 0.0410156
0 0.113139 0.567871 0.043457 0.0576172 0.0654297
0 0.117069 0.45752 0.335449 0.0283203 0.0361328
0 0.121305 0.442871 0.34082 0.0556641 0.0605469
0 0.122785 0.15332 0.583008 0.03125 0.0390625
0 0.130887 0.515625 0.23584 0.0566406 0.0537109
0 0.133585 0.526855 0.22168 0.0341797 0.046875
0 0.140331 0.509766 0.132812 0.0273438 0.0371094
0 0.148469 0.506348 0.361328 0.0205078 0.0273438
0 0.150549 0.521973 0.0131836 0.0537109 0.0263672
0 0.152487 0.509766 0.059082 0.0644531 0.0673828
0 0.153641 0.313965 0.168945 0.0439453 0.0410156
0 0.157131 0.726562 0.128906 0.0683594 0.121094
0 0.160708 0.411133 0.112305 0.0410156 0.0585938
0 0.161881 0.559082 0.416504 0.0341797 0.0517578
0 0.170189 0.285645 0.110352 0.0458984 0.046875
0 0.191956 0.543457 0.333496 0.0673828 0.0576172
0 0.212144 0.447754 0.228027 0.0537109 0.0595703
0 0.217497 0.647949 0.0454102 0.0361328 0.0400391
0 0.222336 0.470703 0.015625 0.0390625 0.03125
0 0.235888 0.375488 0.177246 0.0322266 0.0380859
0 0.237303 0.419922 0.20752 0.0644531 0.0537109
0 0.249713 0.693848 0.0170898 0.0615234 0.0322266
0 0.252456 0.480469 0.168945 0.0253906 0.0371094
0 0.267323 0.460938 0.0888672 0.0332031 0.0410156
0 0.321639 0.369629 0.0927734 0.0302734 0.0664062
