0 0.10118 0.466797 0.22168 0.0234375 0.0371094
0 0.10169 0.199219 0.506348 0.0195312 0.0224609
0 0.104725 0.267578 0.398926 0.0214844 0.0185547
0 0.105883 0.473633 0.369629 0.0136719 0.0205078
0 0.11007 0.433105 0.430664 0.0146484 0.0371094
0 0.112548 0.476562 0.22998 0.0214844 0.0322266
0 0.12196 0.543945 0.384766 0.015625 0.0195312
0 0.132817 0.406738 0.22168 0.0380859 0.0585938
0 0.136594 0.380859 0.55127 0.0136719 0.0185547
0 0.137904 0.204102 0.168945 0.0351562 0.0566406
0 0.139018 0.935059 0.666504 0.0380859 0.0400391
0 0.142097 0.410156 0.243164 0.0195312 0.0234375
0 0.159709 0.434082 0.299805 0.0224609 0.0253906
0 0.170415 0.704102 0.603027 0.0117188 0.0224609
0 0.173079 0.978027 0.723633 0.0380859 0.0625
0 0.180958 0.501465 0.303711 0.0283203 0.0253906
0 0.188877 0.461426 0.252441 0.0185547 0.0517578
0 0.217656 0.429199 0.437988 0.0205078 0.0419922
0 0.235182 0.370605 0.53125 0.0224609 0.0273438
0 0.285953 0.423828 0.199219 0.0175781 0.0273438
0 0.290184 0.561523 0.303223 0.03125 0.0380859
0 0.290724 0.635742 0.665039 0.0253906 0.0351562
0 0.322219 0.30957 0.339844 0.0234375 0.0214844
0 0.325199 0.40625 0.23291 0.0253906 0.0341797
0 0.365142 0.817871 0.432129 0.0302734 0.0419922
0 0.397309 0.393555 0.191406 0.0214844 0.03125
0 0.404828 0.465332 0.241211 0.0283203 0.0546875
0 0.437761 0.707031 0.765625 0.03125 0.0429688
