0 0.100042 0.468262 0.314453 0.0244141 0.03125
0 0.100648 0.384766 0.0478516 0.0234375 0.03125
0 0.100849 0.222168 0.313477 0.0263672 0.0351562
0 0.101396 0.389648 0.20459 0.0371094 0.0693359
0 0.102815 0.745117 0.125488 0.0527344 0.0498047
0 0.102946 0.285156 0.216309 0.0253906 0.0419922
0 0.103333 0.762695 0.28125 0.0332031 0.0429688
0 0.103483 0.803223 0.261719 0.0380859 0.0585938
0 0.103695 0.316406 0.544922 0.0292969 0.03125
0 0.10404 0.664062 0.281738 0.0214844 0.0283203
0 0.106023 0.734375 0.30127 0.0527344 0.0498047
0 0.106983 0.793945 0.284668 0.046875 0.0478516
0 0.107003 0.362793 0.160156 0.0302734 0.0585938
0 0.108335 0.428711 0.102539 0.0253906 0.03125
0 0.110508 0.864258 0.136719 0.0566406 0.0605469
0 0.111621 0.361328 0.197266 0.0371094 0.0449219
0 0.111775 0.45752 0.0317383 0.0341797 0.0517578
0 0.113605 0.46875 0.481445 0.0117188 0.0234375
0 0.115273 0.536621 0.395996 0.0439453 0.0439453
0 0.116032 0.396973 0.532227 0.0205078 0.0273438
0 0.116863 0.392578 0.177246 0.015625 0.0302734
0 0.118106 0.211426 0.595703 0.0341797 0.046875
0 0.12165 0.709961 0.244141 0.0136719 0.0253906
0 0.121879 0.358398 0.0239258 0.0410156 0.0439453
0 0.122767 0.477051 0.312012 0.0263672 0.0400391
0 0.123887 0.800781 0.240723 0.0390625 0.0576172
0 0.124852 0.567383 0.236328 0.0214844 0.03125
0 0.125927 0.722656 0.394531 0.0195312 0.03125
0 0.126718 0.47998 0.222168 0.0205078 0.0283203
0 0.127406 0.692383 0.358398 0.0234375 0.0390625
0 0.127561 0.193359 0.267578 0.03125 0.0429688
0 0.129573 0.546875 0.402832 0.0253906 0.0263672
0 0.129942 0.505371 0.282715 0.0361328 0.0380859
0 0.130316 0.393066 0.0488281 0.0224609 0.03125
0 0.133379 0.311523 0.108398 0.0625 0.0976562
0 0.135153 0.530762 0.0610352 0.0126953 0.0283203
0 0.136501 0.147461 0.294922 0.0351562 0.0429688
0 0.138519 0.626953 0.269043 0.0214844 0.0341797
0 0.138794 0.757812 0.44043 0.0410156 0.0410156
0 0.13881 0.402344 0.333008 0.0195312 0.0351562
0 0.139989 0.483887 0.315918 0.0146484 0.0341797
0 0.140605 0.348633 0.316406 0.0332031 0.0292969
0 0.143256 0.432129 0.175293 0.0263672 0.0322266
0 0.143409 0.296875 0.220703 0.0390625 0.0449219
0 0.143625 0.385742 0.291992 0.0253906 0.0351562
0 0.146161 0.94043 0.101074 0.0722656 0.0712891
0 0.146382 0.538574 0.0810547 0.0341797 0.0605469
0 0.146604 0.455078 0.0419922 0.015625 0.03125
0 0.147385 0.354004 0.0166016 0.0263672 0.0292969
0 0.148728 0.439941 0.0253906 0.0439453 0.0429688
0 0.149956 0.437988 0.189453 0.0244141 0.0410156
0 0.151749 0.53125 0.0644531 0.0195312 0.0410156
0 0.155104 0.514648 0.219727 0.03125 0.046875
0 0.155952 0.542969 0.26123 0.0195312 0.0185547
0 0.156882 0.403809 0.285645 0.0361328 0.0419922
0 0.163059 0.353027 0.348633 0.0185547 0.0292969
0 0.164981 0.635742 0.0771484 0.0546875 0.0351562
0 0.167143 0.39502 0.012207 0.0146484 0.0244141
0 0.167472 0.464355 0.101074 0.0283203 0.0400391
0 0.16752 0.163086 0.291016 0.0625 0.0585938
0 0.168351 0.74707 0.190918 0.0195312 0.0439453
0 0.168825 0.735352 0.188477 0.0449219 0.0449219
0 0.172297 0.415039 0.320312 0.0234375 0.0371094
0 0.172916 0.526367 0.822754 0.0214844 0.0263672
0 0.174187 0.650879 0.271484 0.0283203 0.0410156
0 0.17608 0.405273 0.12793 0.015625 0.03125
0 0.176924 0.42041 0.0146484 0.0283203 0.0292969
0 0.179107 0.662598 0.153809 0.0498047 0.0439453
0 0.180815 0.239746 0.29248 0.0634766 0.0771484
0 0.181008 0.790039 0.861328 0.03125 0.0683594
0 0.183313 0.417969 0.280762 0.015625 0.0361328
0 0.183924 0.834961 0.760742 0.0664062 0.0507812
0 0.185786 0.680176 0.356934 0.0419922 0.0419922
0 0.188024 0.345703 0.390137 0.0195312 0.0380859
0 0.188044 0.63623 0.0615234 0.0791016 0.0722656
0 0.18844 0.631348 0.248047 0.0380859 0.0429688
0 0.190093 0.60498 0.354492 0.0419922 0.0351562
0 0.190372 0.373535 0.385254 0.0166016 0.0322266
0 0.1963 0.897949 0.988281 0.0302734 0.0214844
0 0.19722 0.186035 0.284668 0.0439453 0.0654297
0 0.200944 0.597168 0.129883 0.0244141 0.0371094
0 0.202203 0.647949 0.321289 0.0126953 0.0214844
0 0.205831 0.713867 0.186523 0.046875 0.046875
0 0.206689 0.353027 0.207031 0.0244141 0.0332031
0 0.209647 0.453125 0.153809 0.0253906 0.0283203
0 0.211255 0.0673828 0.679199 0.0546875 0.0556641
0 0.21204 0.783691 0.222656 0.0576172 0.0625
0 0.214573 0.229492 0.307617 0.0410156 0.0507812
0 0.215624 0.694824 0.0180664 0.0322266 0.0361328
0 0.217055 0.666504 0.356445 0.0205078 0.0371094
0 0.217948 0.822266 0.0268555 0.03125 0.0498047
0 0.21866 0.63916 0.158691 0.0322266 0.0380859
0 0.222789 0.8125 0.128906 0.0429688 0.046875
0 0.228284 0.478516 0.174316 0.0253906 0.0302734
0 0.22844 0.13916 0.69043 0.0634766 0.0585938
0 0.246191 0.362793 0.0375977 0.0263672 0.0595703
0 0.248391 0.194824 0.679688 0.0302734 0.0390625
0 0.249645 0.480957 0.0795898 0.0478516 0.0517578
0 0.250102 0.692383 0.322266 0.0273438 0.03125
0 0.254096 0.374023 0.307129 0.0195312 0.0302734
0 0.255806 0.696289 0.0292969 0.0449219 0.0566406
0 0.257577 0.63623 0.262207 0.0419922 0.0478516
0 0.258863 0.450195 0.408203 0.0234375 0.0332031
0 0.2601 0.306641 0.304199 0.0351562 0.0576172
0 0.260981 0.580078 0.317871 0.015625 0.0224609
0 0.262383 0.661621 0.205078 0.0439453 0.0449219
0 0.267068 0.449707 0.237305 0.0146484 0.0253906
0 0.270213 0.49707 0.353027 0.0136719 0.0224609
0 0.270279 0.620605 0.200684 0.0263672 0.0302734
0 0.271995 0.603027 0.13916 0.0302734 0.0498047
0 0.279325 0.171875 0.369141 0.0527344 0.0546875
0 0.28486 0.369141 0.475098 0.0214844 0.0224609
0 0.298926 0.408691 0.328125 0.0263672 0.0390625
0 0.299583 0.397461 0.229492 0.0195312 0.0410156
0 0.302165 0.334961 0.0566406 0.0175781 0.03125
0 0.304927 0.390625 0.284668 0.0175781 0.0322266
0 0.315026 0.472656 0.229004 0.0136719 0.0205078
0 0.325225 0.609375 0.794922 0.046875 0.0625
0 0.330184 0.720703 0.280762 0.0429688 0.0478516
0 0.338958 0.312988 0.217285 0.0322266 0.0458984
0 0.352717 0.388184 0.0908203 0.0185547 0.0371094
0 0.360693 0.421875 0.162598 0.0371094 0.0283203
0 0.362421 0.362305 0.310059 0.0429688 0.0341797
0 0.373818 0.506836 0.0493164 0.0214844 0.0283203
0 0.37596 0.343262 0.214355 0.0322266 0.0380859
0 0.385571 0.389648 0.187012 0.0273438 0.0458984
0 0.394353 0.291504 0.526367 0.0263672 0.0527344
0 0.410054 0.765137 0.134277 0.0361328 0.0517578
0 0.41254 0.443848 0.198242 0.0166016 0.0253906
0 0.456651 0.796387 0.0629883 0.0302734 0.0458984
0 0.484216 0.37793 0.391602 0.0175781 0.0429688
0 0.491407 0.739746 0.0541992 0.0380859 0.0400391
0 0.503753 0.45166 0.28125 0.0224609 0.0332031
