0 0.100456 0.519531 0.113281 0.0527344 0.0410156
0 0.102949 0.509277 0.0683594 0.118164 0.0722656
0 0.103012 0.733887 0.939941 0.0439453 0.0478516
0 0.103652 0.582031 0.749023 0.0195312 0.0214844
0 0.106231 0.314453 0.28418 0.0195312 0.0253906
0 0.107627 0.270508 0.220215 0.0253906 0.0322266
0 0.10794 0.482422 0.238281 0.0488281 0.0644531
0 0.110613 0.204102 0.323242 0.0253906 0.0332031
0 0.11079 0.459473 0.0664062 0.0283203 0.0449219
0 0.110884 0.439453 0.0185547 0.0605469 0.0332031
0 0.111589 0.663086 0.185547 0.0664062 0.0664062
0 0.113484 0.359863 0.275879 0.0361328 0.0400391
0 0.115243 0.183105 0.790527 0.0439453 0.0595703
0 0.115887 0.342285 0.250488 0.0283203 0.0361328
0 0.118399 0.255371 0.81543 0.0576172 0.0488281
0 0.120691 0.593262 0.180176 0.0419922 0.0576172
0 0.124776 0.744629 0.188477 0.0576172 0.0625
0 0.126936 0.460449 0.0175781 0.0595703 0.0292969
0 0.131191 0.663086 0.102051 0.0488281 0.0478516
0 0.135844 0.608398 0.237793 0.0644531 0.0439453
0 0.139051 0.449707 0.115234 0.0419922 0.0546875
0 0.139222 0.281738 0.153809 0.0322266 0.0478516
0 0.140952 0.319824 0.097168 0.0478516 0.0830078
0 0.144971 0.205078 0.193359 0.0292969 0.0390625
0 0.145725 0.538086 0.120117 0.101562 0.0917969
0 0.147897 0.365723 0.0756836 0.0361328 0.0439453
0 0.149667 0.643066 0.450684 0.0322266 0.0517578
0 0.162579 0.708984 0.964844 0.0449219 0.0429688
0 0.169965 0.393555 0.191406 0.078125 0.130859
0 0.171318 0.510254 0.019043 0.0458984 0.0380859
0 0.17768 0.495605 0.369141 0.0146484 0.0175781
0 0.178384 0.239746 0.108887 0.0244141 0.0615234
0 0.180534 0.412109 0.0234375 0.046875 0.0429688
0 0.183161 0.358887 0.128906 0.0400391 0.0449219
0 0.183284 0.193359 0.892578 0.0410156 0.0507812
0 0.184589 0.470215 0.344727 0.0302734 0.0488281
0 0.196863 0.196777 0.12793 0.0498047 0.0703125
0 0.214138 0.288086 0.0600586 0.0371094 0.0615234
0 0.221692 0.589844 0.0336914 0.0273438 0.0576172
0 0.226971 0.333496 0.112793 0.0654297 0.0771484
0 0.23237 0.344238 0.0214844 0.0302734 0.0429688
0 0.236046 0.217773 0.463379 0.0605469 0.0849609
0 0.245562 0.648438 0.034668 0.078125 0.0634766
0 0.253899 0.140625 0.0253906 0.0625 0.046875
0 0.263985 0.618652 0.98877 0.0634766 0.0224609
0 0.289222 0.480469 0.0644531 0.0664062 0.0546875
0 0.292279 0.805176 0.947266 0.0341797 0.0273438
0 0.367984 0.84668 0.85791 0.0410156 0.0458984
0 0.380103 0.40918 0.0795898 0.0351562 0.0537109
0 0.388461 0.540039 0.0605469 0.0429688 0.0449219
0 0.454959 0.161621 0.575684 0.0380859 0.0341797
