0 0.101621 0.644043 0.792969 0.0263672 0.0214844
0 0.105111 0.320801 0.149414 0.0693359 0.0722656
0 0.107122 0.279785 0.338379 0.0478516 0.0498047
0 0.115689 0.143066 0.76416 0.0498047 0.0498047
0 0.118001 0.272949 0.633301 0.0361328 0.0458984
0 0.118274 0.570312 0.561035 0.0742188 0.0400391
0 0.119259 0.614258 0.48584 0.0351562 0.0400391
0 0.12021 0.452148 0.272949 0.0742188 0.0888672
0 0.121063 0.269531 0.111328 0.0742188 0.111328
0 0.12123 0.618164 0.966309 0.03125 0.0380859
0 0.12235 0.52002 0.290039 0.0595703 0.0625
0 0.124669 0.32373 0.0566406 0.0771484 0.078125
0 0.129743 0.728516 0.481445 0.046875 0.0644531
0 0.135023 0.228516 0.632324 0.0253906 0.0537109
0 0.137368 0.163086 0.355469 0.0449219 0.0371094
0 0.138126 0.0922852 0.133789 0.0205078 0.0292969
0 0.13841 0.0693359 0.267578 0.0253906 0.0351562
0 0.141699 0.595703 0.925781 0.0234375 0.0214844
0 0.141931 0.0913086 0.748535 0.0693359 0.0498047
0 0.144561 0.69043 0.470703 0.0449219 0.0683594
0 0.14732 0.173828 0.432617 0.0253906 0.0566406
0 0.148895 0.327637 0.111328 0.151367 0.166016
0 0.160729 0.403809 0.811523 0.0341797 0.0683594
0 0.161916 0.688477 0.364258 0.0449219 0.0605469
0 0.163936 0.362793 0.300293 0.0537109 0.0576172
0 0.165224 0.489746 0.837891 0.0146484 0.0214844
0 0.17913 0.326172 0.762695 0.0566406 0.0605469
0 0.182686 0.711914 0.475586 0.0917969 0.0703125
0 0.187344 0.239258 0.145996 0.0390625 0.0732422
0 0.187625 0.255371 0.0244141 0.0439453 0.0429688
0 0.187907 0.230957 0.615234 0.0185547 0.0429688
0 0.191784 0.470215 0.555176 0.0458984 0.0517578
0 0.207579 0.263672 0.349609 0.0351562 0.0449219
0 0.216919 0.590332 0.330078 0.147461 0.117188
0 0.217917 0.330566 0.0722656 0.108398 0.128906
0 0.218619 0.65332 0.460449 0.0390625 0.0498047
0 0.220292 0.11377 0.0927734 0.0283203 0.0546875
0 0.222218 0.523926 0.556641 0.0224609 0.0273438
0 0.233166 0.223633 0.0756836 0.03125 0.0400391
0 0.248413 0.578125 0.46582 0.0253906 0.0566406
0 0.260101 0.188477 0.291504 0.0390625 0.0458984
0 0.27607 0.0703125 0.755859 0.0507812 0.0488281
0 0.278895 0.458984 0.812988 0.015625 0.0263672
0 0.317192 0.114258 0.744141 0.0292969 0.0507812
0 0.552403 0.158691 0.157715 0.0322266 0.0458984
