0 0.100448 0.702148 0.0107422 0.0527344 0.0175781
0 0.102763 0.194824 0.768555 0.0341797 0.0351562
0 0.103472 0.489746 0.0878906 0.0126953 0.0332031
0 0.103531 0.254883 0.185547 0.0214844 0.03125
0 0.103715 0.699707 0.695312 0.0146484 0.0195312
0 0.104256 0.306641 0.106445 0.0390625 0.0566406
0 0.104855 0.437012 0.169922 0.0166016 0.0234375
0 0.105982 0.328613 0.22998 0.0205078 0.0244141
0 0.106334 0.306641 0.156738 0.0175781 0.0263672
0 0.107035 0.214844 0.074707 0.0292969 0.0400391
0 0.107504 0.262207 0.568848 0.0283203 0.0439453
0 0.108409 0.389648 0.352539 0.0136719 0.0253906
0 0.109061 0.615723 0.0263672 0.0771484 0.046875
0 0.109096 0.428711 0.195312 0.0761719 0.0917969
0 0.109115 0.317871 0.0932617 0.0166016 0.0439453
0 0.109334 0.293457 0.396484 0.0146484 0.0195312
0 0.112078 0.237305 0.133789 0.0410156 0.046875
0 0.112984 0.315918 0.0117188 0.0224609 0.0234375
0 0.114536 0.265137 0.291504 0.0576172 0.0791016
0 0.118656 0.457031 0.229492 0.0332031 0.03125
0 0.119238 0.693848 0.266113 0.0224609 0.0419922
0 0.120841 0.164062 0.752441 0.015625 0.0205078
0 0.121801 0.302734 0.56543 0.0214844 0.0429688
0 0.130136 0.773438 0.686523 0.0566406 0.0644531
0 0.130576 0.802246 0.195312 0.0185547 0.0351562
0 0.131836 0.202148 0.762695 0.0175781 0.0292969
0 0.132947 0.168457 0.713867 0.0166016 0.0234375
0 0.136711 0.116699 0.0820312 0.0419922 0.0625
0 0.136734 0.69043 0.529785 0.0195312 0.0166016
0 0.137157 0.27832 0.182129 0.0136719 0.0302734
0 0.137897 0.349121 0.15625 0.0146484 0.0253906
0 0.138941 0.289062 0.0908203 0.0488281 0.0644531
0 0.142352 0.848633 0.195801 0.0292969 0.0341797
0 0.146815 0.376465 0.0517578 0.0185547 0.0273438
0 0.151686 0.362793 0.09375 0.0166016 0.03125
0 0.153142 0.166016 0.165039 0.0351562 0.0371094
0 0.164387 0.364746 0.181152 0.0283203 0.0537109
0 0.170673 0.312988 0.367188 0.0263672 0.0351562
0 0.176418 0.478516 0.00927734 0.03125 0.0146484
0 0.179064 0.386719 0.0249023 0.03125 0.0439453
0 0.179379 0.25293 0.311523 0.046875 0.0507812
0 0.184543 0.274902 0.254395 0.0498047 0.0712891
0 0.186929 0.0957031 0.161133 0.0410156 0.046875
0 0.196291 0.45752 0.0527344 0.0341797 0.0605469
0 0.19683 0.336914 0.63916 0.0195312 0.0224609
0 0.201496 0.34082 0.0209961 0.0332031 0.0361328
0 0.206857 0.173828 0.20752 0.0488281 0.0478516
0 0.23508 0.445312 0.09375 0.0175781 0.0292969
0 0.237575 0.248047 0.706543 0.0234375 0.0341797
0 0.243657 0.409668 0.20459 0.0361328 0.0673828
0 0.253627 0.421387 0.0268555 0.0126953 0.0263672
0 0.253714 0.810547 0.226562 0.0214844 0.0195312
0 0.25686 0.742676 0.034668 0.0771484 0.0673828
0 0.271262 0.293457 0.0102539 0.0126953 0.0205078
0 0.314426 0.822754 0.0170898 0.0537109 0.0322266
0 0.38572 0.760254 0.0976562 0.0322266 0.0585938
0 0.400303 0.259766 0.0214844 0.0253906 0.0371094
