0 0.100518 0.530273 0.638672 0.0449219 0.0507812
0 0.100766 0.51123 0.169922 0.0205078 0.0410156
0 0.102145 0.540039 0.44043 0.03125 0.0371094
0 0.104163 0.464355 0.492676 0.0126953 0.0283203
0 0.104644 0.291016 0.655762 0.0195312 0.0185547
0 0.105442 0.567871 0.629883 0.0205078 0.0410156
0 0.105817 0.614746 0.111816 0.0361328 0.0478516
0 0.106155 0.151367 0.633789 0.0410156 0.0410156
0 0.106279 0.95752 0.330566 0.0771484 0.0830078
0 0.108619 0.878906 0.44043 0.0488281 0.0722656
0 0.108626 0.720703 0.115234 0.0371094 0.0371094
0 0.109209 0.594727 0.98877 0.0273438 0.0205078
0 0.109566 0.687012 0.471191 0.0126953 0.0283203
0 0.109654 0.717285 0.241211 0.0244141 0.0292969
0 0.109735 0.179199 0.723145 0.0185547 0.0244141
0 0.109817 0.547852 0.188965 0.0292969 0.0302734
0 0.11048 0.266113 0.55957 0.0166016 0.0175781
0 0.111174 0.279297 0.596191 0.0136719 0.0166016
0 0.111483 0.444336 0.835449 0.0253906 0.0498047
0 0.111531 0.370605 0.665039 0.0146484 0.015625
0 0.112132 0.416992 0.411133 0.0273438 0.0332031
0 0.112723 0.206055 0.187012 0.0273438 0.0458984
0 0.113137 0.649902 0.25293 0.0126953 0.0234375
0 0.113538 0.631836 0.0644531 0.0605469 0.0644531
0 0.113622 0.478516 0.0151367 0.0390625 0.0302734
0 0.113816 0.367676 0.912598 0.0263672 0.0322266
0 0.114773 0.35498 0.48584 0.0107422 0.0224609
0 0.117272 0.460449 0.498535 0.0166016 0.0263672
0 0.117564 0.286621 0.565918 0.0107422 0.0185547
0 0.117661 0.421875 0.487305 0.0117188 0.0214844
0 0.118212 0.716309 0.0444336 0.0478516 0.0517578
0 0.118666 0.813477 0.355957 0.0644531 0.0517578
0 0.118916 0.876953 0.123535 0.0429688 0.0380859
0 0.119453 0.531738 0.979004 0.0400391 0.0341797
0 0.120322 0.57666 0.932129 0.0322266 0.0556641
0 0.120466 0.882812 0.320801 0.0585938 0.0498047
0 0.120506 0.283691 0.953125 0.0146484 0.0234375
0 0.12075 0.730957 0.179688 0.0361328 0.0507812
0 0.121558 0.531738 0.446289 0.0224609 0.0292969
0 0.121973 0.335449 0.532715 0.0185547 0.0146484
0 0.122579 0.584473 0.191406 0.0771484 0.0820312
0 0.124064 0.283203 0.034668 0.0488281 0.0693359
0 0.124354 0.562988 0.820801 0.0185547 0.0341797
0 0.12459 0.369141 0.441406 0.0136719 0.0117188
0 0.125219 0.405762 0.717285 0.0224609 0.0302734
0 0.125731 0.284668 0.543945 0.0126953 0.015625
0 0.126348 0.789551 0.0175781 0.0712891 0.03125
0 0.126725 0.646484 0.282227 0.0214844 0.0273438
0 0.128388 0.207031 0.705078 0.0214844 0.0351562
0 0.130927 0.316895 0.863281 0.0263672 0.0449219
0 0.131583 0.534668 0.767578 0.0439453 0.0585938
0 0.13298 0.641113 0.804688 0.0126953 0.0175781
0 0.134111 0.256836 0.700684 0.015625 0.0244141
0 0.134856 0.651855 0.847656 0.0166016 0.0234375
0 0.135287 0.692871 0.298828 0.0244141 0.0253906
0 0.137788 0.466797 0.629883 0.0390625 0.0351562
0 0.138121 0.610352 0.15625 0.0195312 0.0371094
0 0.140419 0.0415039 0.611328 0.0751953 0.0527344
0 0.144236 0.272949 0.40332 0.0283203 0.0371094
0 0.146254 0.841797 0.294434 0.0273438 0.0361328
0 0.147714 0.533691 0.134277 0.0576172 0.0830078
0 0.149142 0.744629 0.90332 0.0380859 0.0429688
0 0.152327 0.255859 0.612793 0.015625 0.0205078
0 0.155014 0.45459 0.711914 0.0478516 0.0644531
0 0.155872 0.348145 0.0854492 0.0205078 0.0400391
0 0.155921 0.288574 0.713379 0.0166016 0.0244141
0 0.159732 0.757324 0.834473 0.0283203 0.0517578
0 0.15975 0.308594 0.124512 0.0625 0.0771484
0 0.160165 0.294434 0.864746 0.0283203 0.0400391
0 0.16263 0.0922852 0.741211 0.0400391 0.0507812
0 0.168978 0.409668 0.414551 0.0205078 0.0263672
0 0.168986 0.585449 0.0146484 0.0419922 0.0273438
0 0.173326 0.546875 0.430176 0.0371094 0.0400391
0 0.17628 0.682129 0.257324 0.0283203 0.0341797
0 0.178158 0.517578 0.163086 0.0351562 0.0566406
0 0.178832 0.468262 0.152832 0.0595703 0.0478516
0 0.179951 0.42041 0.51709 0.0205078 0.0166016
0 0.180463 0.887695 0.0380859 0.140625 0.0761719
0 0.180514 0.545898 0.0576172 0.0136719 0.0410156
0 0.181388 0.309082 0.0371094 0.0205078 0.0253906
0 0.183309 0.376953 0.501465 0.0136719 0.0263672
0 0.183618 0.708008 0.18457 0.0683594 0.0449219
0 0.187673 0.65625 0.953613 0.03125 0.0439453
0 0.193454 0.566895 0.145996 0.0458984 0.0498047
0 0.196408 0.961426 0.683594 0.0712891 0.0761719
0 0.197632 0.180664 0.762207 0.0234375 0.0302734
0 0.199003 0.486816 0.842285 0.0283203 0.0419922
0 0.203284 0.243164 0.668945 0.0214844 0.0234375
0 0.205825 0.540039 0.0961914 0.03125 0.0341797
0 0.209355 0.444824 0.820801 0.0205078 0.0205078
0 0.214565 0.796875 0.059082 0.0644531 0.0615234
0 0.215287 0.106934 0.430664 0.0361328 0.0351562
0 0.215358 0.344727 0.0209961 0.0371094 0.0400391
0 0.216047 0.210449 0.116699 0.0478516 0.0634766
0 0.216524 0.657227 0.319336 0.0488281 0.0566406
0 0.219647 0.313477 0.288574 0.0585938 0.0654297
0 0.221397 0.736328 0.112793 0.0683594 0.0537109
0 0.224663 0.514648 0.966797 0.0214844 0.03125
0 0.224974 0.544922 0.985352 0.0273438 0.0273438
0 0.231465 0.459961 0.437988 0.0136719 0.0322266
0 0.233415 0.691895 0.0786133 0.0283203 0.0517578
0 0.235407 0.732422 0.46582 0.0390625 0.0527344
0 0.236518 0.570312 0.0756836 0.03125 0.0361328
0 0.239845 0.501465 0.468262 0.0185547 0.0185547
0 0.240722 0.536621 0.103516 0.0458984 0.0527344
0 0.243137 0.335449 0.683105 0.0283203 0.0361328
0 0.243469 0.581055 0.952637 0.0332031 0.0419922
0 0.253166 0.616699 0.795898 0.0185547 0.0292969
0 0.26316 0.690918 0.183594 0.0478516 0.0351562
0 0.264273 0.838379 0.228027 0.0537109 0.0673828
0 0.272723 0.306641 0.611328 0.0117188 0.0253906
0 0.275917 0.520508 0.300781 0.0214844 0.0195312
0 0.277415 0.359375 0.81543 0.0332031 0.0390625
0 0.279417 0.460938 0.0214844 0.0351562 0.0390625
0 0.285353 0.583496 0.208496 0.0556641 0.0498047
0 0.292648 0.566895 0.92334 0.0302734 0.0439453
0 0.294583 0.34668 0.0307617 0.0253906 0.0419922
0 0.29917 0.609375 0.861816 0.0332031 0.0517578
0 0.303089 0.949219 0.0952148 0.0507812 0.0615234
0 0.311957 0.622559 0.191895 0.0263672 0.0419922
0 0.314677 0.483398 0.14502 0.0390625 0.0458984
0 0.330475 0.740723 0.203125 0.0361328 0.0703125
0 0.344389 0.609863 0.0717773 0.0419922 0.0634766
0 0.344744 0.36084 0.0874023 0.0439453 0.0693359
0 0.349181 0.513184 0.860352 0.0380859 0.0527344
0 0.353679 0.487305 0.205566 0.0332031 0.0400391
0 0.354271 0.261719 0.105469 0.0332031 0.0605469
0 0.356409 0.63623 0.469238 0.0283203 0.0322266
0 0.364614 0.321777 0.536621 0.0361328 0.0263672
0 0.365951 0.362305 0.114746 0.0429688 0.0810547
0 0.404823 0.666504 0.0581055 0.0341797 0.0673828
0 0.439993 0.545898 0.0151367 0.03125 0.0302734
0 0.449858 0.467773 0.943359 0.0429688 0.0449219
0 0.498523 0.408203 0.928711 0.0234375 0.0410156
0 0.516964 0.499512 0.0668945 0.0595703 0.0693359
0 0.534522 0.304688 0.866699 0.0410156 0.0517578
