0 0.100946 0.797852 0.391113 0.0253906 0.0283203
0 0.102205 0.208496 0.116211 0.0263672 0.0351562
0 0.103108 0.476562 0.731934 0.0253906 0.0322266
0 0.103628 0.0795898 0.547852 0.0361328 0.0429688
0 0.103818 0.662598 0.944336 0.0205078 0.0332031
0 0.103851 0.361816 0.467773 0.0205078 0.0253906
0 0.105539 0.114746 0.575195 0.0595703 0.0449219
0 0.106103 0.518555 0.910645 0.0292969 0.0654297
0 0.106338 0.402832 0.975098 0.0380859 0.0498047
0 0.106691 0.436523 0.808105 0.03125 0.0498047
0 0.107224 0.881348 0.510742 0.0185547 0.0234375
0 0.10737 0.806152 0.0830078 0.0400391 0.0351562
0 0.107381 0.584961 0.736328 0.0273438 0.0371094
0 0.107441 0.135254 0.981445 0.0615234 0.0332031
0 0.10772 0.530273 0.581543 0.0292969 0.0341797
0 0.108923 0.605469 0.648438 0.03125 0.0273438
0 0.108986 0.48877 0.206055 0.0478516 0.0566406
0 0.109555 0.578613 0.0454102 0.0263672 0.0517578
0 0.110052 0.225586 0.465332 0.0234375 0.0361328
0 0.111006 0.257812 0.0917969 0.0605469 0.0625
0 0.111298 0.706543 0.772949 0.0244141 0.0302734
0 0.111522 0.64502 0.112793 0.0185547 0.0361328
0 0.111612 0.518066 0.0566406 0.0380859 0.0722656
0 0.111665 0.251465 0.331543 0.0146484 0.0341797
0 0.112587 0.719727 0.826172 0.0214844 0.0390625
0 0.11268 0.619141 0.0830078 0.0410156 0.0625
0 0.11319 0.674805 0.130859 0.0292969 0.046875
0 0.113722 0.969238 0.270996 0.0576172 0.0556641
0 0.11401 0.503906 0.0151367 0.03125 0.0302734
0 0.114184 0.565918 0.654785 0.0185547 0.0185547
0 0.114535 0.618652 0.976562 0.0185547 0.046875
0 0.116812 0.603027 0.240723 0.0341797 0.0439453
0 0.117797 0.381836 0.404785 0.0390625 0.0400391
0 0.118429 0.510254 0.0522461 0.0224609 0.0439453
0 0.122808 0.615234 0.109863 0.0429688 0.0595703
0 0.123587 0.169922 0.937012 0.0253906 0.0478516
0 0.123775 0.756348 0.836914 0.0244141 0.0332031
0 0.124753 0.602051 0.781738 0.0166016 0.0322266
0 0.125561 0.730469 0.135742 0.03125 0.0449219
0 0.127194 0.417969 0.983398 0.0234375 0.0332031
0 0.12839 0.114746 0.638672 0.0380859 0.0527344
0 0.128625 0.808105 0.952637 0.0556641 0.0556641
0 0.131122 0.74707 0.604492 0.0214844 0.03125
0 0.133017 0.433105 0.40918 0.0322266 0.0253906
0 0.13312 0.749512 0.592773 0.0283203 0.046875
0 0.133844 0.512695 0.133789 0.0273438 0.0351562
0 0.134197 0.506836 0.616699 0.0253906 0.0244141
0 0.135753 0.496582 0.125 0.0341797 0.0332031
0 0.137435 0.55127 0.943848 0.0107422 0.0322266
0 0.138384 0.386719 0.175293 0.0742188 0.0869141
0 0.13937 0.796875 0.0649414 0.0488281 0.0556641
0 0.13986 0.931641 0.649414 0.0253906 0.0253906
0 0.141863 0.28125 0.970215 0.0410156 0.0595703
0 0.143763 0.414062 0.564941 0.0136719 0.0263672
0 0.143781 0.592773 0.989746 0.0136719 0.0205078
0 0.145516 0.39209 0.402832 0.0263672 0.0322266
0 0.145715 0.521484 0.57373 0.0253906 0.0400391
0 0.147248 0.84082 0.507324 0.0371094 0.0419922
0 0.148007 0.660156 0.227051 0.0644531 0.0439453
0 0.148932 0.277344 0.763672 0.0175781 0.0273438
0 0.149429 0.78418 0.791016 0.0234375 0.03125
0 0.149703 0.749512 0.844238 0.0244141 0.0380859
0 0.150736 0.76123 0.969238 0.0478516 0.0576172
0 0.152388 0.341309 0.102539 0.0634766 0.0859375
0 0.153221 0.467773 0.0380859 0.0390625 0.0488281
0 0.153801 0.761719 0.109863 0.0390625 0.0458984
0 0.154483 0.755371 0.576172 0.0224609 0.0253906
0 0.156737 0.361816 0.338379 0.0185547 0.0224609
0 0.157301 0.368652 0.46582 0.0205078 0.0253906
0 0.157383 0.84082 0.469238 0.0136719 0.0205078
0 0.157424 0.629395 0.804199 0.0283203 0.0380859
0 0.158723 0.753418 0.753906 0.0244141 0.0195312
0 0.160945 0.461426 0.241699 0.0341797 0.0478516
0 0.162968 0.412598 0.16748 0.0498047 0.0537109
0 0.163447 0.650391 0.293945 0.03125 0.0292969
0 0.164136 0.408691 0.782715 0.0185547 0.0263672
0 0.165421 0.799805 0.754883 0.0273438 0.0273438
0 0.165827 0.421387 0.967285 0.0263672 0.0615234
0 0.166212 0.581543 0.0595703 0.0419922 0.0800781
0 0.167508 0.375977 0.463379 0.0175781 0.0244141
0 0.167623 0.859863 0.480469 0.00878906 0.015625
0 0.170151 0.757324 0.702637 0.0244141 0.0322266
0 0.170639 0.369629 0.139648 0.0419922 0.0410156
0 0.171256 0.379395 0.854004 0.0224609 0.0537109
0 0.171712 0.760254 0.669434 0.0302734 0.0283203
0 0.174363 0.657715 0.933594 0.0283203 0.0273438
0 0.175059 0.508301 0.64209 0.0341797 0.0556641
0 0.176302 0.585449 0.804199 0.0244141 0.0400391
0 0.17741 0.680176 0.0498047 0.0400391 0.03125
0 0.178928 0.581543 0.0927734 0.0458984 0.0546875
0 0.183499 0.293945 0.681641 0.0292969 0.0449219
0 0.18421 0.501953 0.188965 0.0429688 0.0595703
0 0.18705 0.678711 0.126465 0.015625 0.0322266
0 0.190224 0.286133 0.69043 0.0136719 0.0351562
0 0.191607 0.598633 0.692871 0.0214844 0.0224609
0 0.191687 0.560547 0.0625 0.0703125 0.09375
0 0.195703 0.438477 0.486328 0.0507812 0.0429688
0 0.196573 0.46582 0.735352 0.0429688 0.0371094
0 0.197577 0.86084 0.925293 0.0244141 0.0400391
0 0.200805 0.712402 0.766602 0.0283203 0.0273438
0 0.201773 0.367676 0.40918 0.0361328 0.03125
0 0.204915 0.499023 0.664062 0.0195312 0.0292969
0 0.206349 0.53418 0.823242 0.0214844 0.0273438
0 0.207538 0.716797 0.0551758 0.0625 0.0556641
0 0.2093 0.522949 0.365723 0.0146484 0.0244141
0 0.230065 0.407227 0.522949 0.0117188 0.0166016
0 0.231395 0.795898 0.942871 0.0273438 0.0380859
0 0.236019 0.817871 0.560547 0.0224609 0.0429688
0 0.244146 0.502441 0.930664 0.0244141 0.0273438
0 0.244824 0.503418 0.655273 0.0263672 0.0371094
0 0.245169 0.695801 0.32959 0.0283203 0.0380859
0 0.251098 0.453613 0.5 0.0263672 0.0507812
0 0.253735 0.565918 0.698242 0.0244141 0.0390625
0 0.256188 0.627441 0.0703125 0.0283203 0.0332031
0 0.256679 0.382812 0.196289 0.0546875 0.0585938
0 0.258851 0.345703 0.458008 0.0195312 0.0234375
0 0.260349 0.73291 0.779785 0.0166016 0.0185547
0 0.285131 0.526855 0.57373 0.0166016 0.0283203
0 0.286983 0.64209 0.874023 0.0283203 0.0390625
0 0.287879 0.532715 0.0615234 0.0556641 0.0957031
0 0.28855 0.805664 0.171387 0.0878906 0.0712891
0 0.29157 0.766113 0.742188 0.0205078 0.0234375
0 0.293003 0.441895 0.863281 0.0302734 0.0253906
0 0.293198 0.182129 0.932617 0.0498047 0.0488281
0 0.294292 0.618652 0.966797 0.0341797 0.0546875
0 0.29723 0.592285 0.793945 0.0341797 0.0488281
0 0.299897 0.427246 0.0141602 0.0322266 0.0283203
0 0.300805 0.546387 0.776367 0.0166016 0.0214844
0 0.320908 0.504395 0.133789 0.0439453 0.0507812
0 0.323314 0.675293 0.819824 0.0361328 0.0400391
0 0.32893 0.621094 0.903809 0.0390625 0.0400391
0 0.330336 0.525391 0.893066 0.0273438 0.0439453
0 0.34421 0.304199 0.668457 0.0205078 0.0439453
0 0.345156 0.453613 0.486328 0.0205078 0.0292969
0 0.361261 0.679199 0.0610352 0.0478516 0.0576172
0 0.366469 0.473145 0.327148 0.0166016 0.0253906
0 0.381374 0.394531 0.978027 0.0234375 0.0380859
0 0.388482 0.378418 0.924805 0.0263672 0.0273438
0 0.393029 0.341797 0.620605 0.0253906 0.0302734
0 0.404187 0.401855 0.72998 0.0185547 0.0400391
0 0.406166 0.555176 0.599121 0.0205078 0.0244141
0 0.410088 0.662598 0.72998 0.0263672 0.0361328
0 0.41193 0.47998 0.819336 0.0244141 0.0566406
0 0.416303 0.558594 0.839844 0.0214844 0.0371094
0 0.425367 0.379395 0.513184 0.0263672 0.0361328
0 0.429288 0.417969 0.475098 0.0273438 0.0322266
0 0.437982 0.504883 0.987305 0.0371094 0.0253906
0 0.47503 0.415527 0.0844727 0.0751953 0.0693359
0 0.491497 0.598633 0.635742 0.0371094 0.046875
0 0.519282 0.727051 0.902344 0.0322266 0.0449219
0 0.522566 0.564453 0.900391 0.0371094 0.0527344
0 0.537548 0.469727 0.94873 0.0351562 0.0439453
