0 0.104669 0.0141602 0.0297852 0.0263672 0.0380859
0 0.10527 0.641113 0.59375 0.0322266 0.0429688
0 0.10651 0.151855 0.292969 0.0166016 0.0273438
0 0.111316 0.655762 0.701172 0.0205078 0.0332031
0 0.113005 0.537598 0.124512 0.0166016 0.0380859
0 0.116969 0.684082 0.616211 0.0361328 0.0371094
0 0.126377 0.694336 0.779785 0.03125 0.0419922
0 0.129282 0.832031 0.43457 0.0214844 0.0390625
0 0.131679 0.388672 0.0800781 0.0117188 0.0273438
0 0.136843 0.507324 0.238281 0.0224609 0.0527344
0 0.144511 0.695312 0.373535 0.0214844 0.0302734
0 0.156257 0.0585938 0.494629 0.0390625 0.0341797
0 0.158884 0.966309 0.548828 0.0166016 0.0351562
0 0.159077 0.347168 0.881348 0.0166016 0.0263672
0 0.161546 0.393066 0.0249023 0.0244141 0.0380859
0 0.167761 0.797852 0.604004 0.0292969 0.0322266
0 0.174126 0.470703 0.149414 0.0214844 0.0449219
0 0.176033 0.12207 0.299316 0.0175781 0.0341797
0 0.178107 0.272461 0.816895 0.0195312 0.0419922
0 0.180835 0.412109 0.885742 0.03125 0.0410156
0 0.22147 0.805176 0.231445 0.0263672 0.03125
0 0.254307 0.341309 0.0405273 0.0166016 0.0400391
0 0.282229 0.159668 0.521973 0.0712891 0.0634766
0 0.311449 0.414551 0.154297 0.0263672 0.046875
0 0.357022 0.238281 0.10498 0.0214844 0.0341797
0 0.387413 0.130371 0.409668 0.0341797 0.0361328
0 0.415096 0.065918 0.505371 0.0537109 0.0615234
0 0.479878 0.479492 0.341797 0.0429688 0.0488281
0 0.572178 0.461914 0.0317383 0.0214844 0.0419922
