0 0.1013 0.535645 0.232422 0.0224609 0.0332031
0 0.106449 0.174805 0.45166 0.0117188 0.0185547
0 0.109073 0.321777 0.367188 0.0107422 0.0234375
0 0.112262 0.172852 0.573242 0.0273438 0.046875
0 0.116 0.519043 0.0463867 0.0166016 0.0263672
0 0.11991 0.556641 0.012207 0.015625 0.0244141
0 0.123577 0.29834 0.355957 0.0126953 0.0322266
0 0.124618 0.496094 0.0151367 0.0234375 0.0263672
0 0.127357 0.396484 0.313477 0.015625 0.0253906
0 0.130531 0.418945 0.329102 0.0175781 0.0234375
0 0.13224 0.373535 0.14209 0.0224609 0.0302734
0 0.133471 0.282715 0.403809 0.0517578 0.0302734
0 0.14491 0.0498047 0.482422 0.015625 0.0195312
0 0.147213 0.438477 0.120117 0.0273438 0.0507812
0 0.147692 0.503906 0.146484 0.0292969 0.0253906
0 0.156367 0.471191 0.522949 0.0419922 0.0576172
0 0.183865 0.101074 0.509277 0.0205078 0.0205078
0 0.189619 0.480957 0.275391 0.0302734 0.03125
0 0.194621 0.359375 0.0180664 0.0546875 0.0341797
0 0.233552 0.361816 0.0405273 0.0458984 0.0693359
0 0.244257 0.380371 0.0668945 0.0478516 0.0498047
0 0.251017 0.405273 0.244141 0.0390625 0.0488281
0 0.27992 0.365234 0.0610352 0.0429688 0.0498047
0 0.320346 0.310059 0.0234375 0.0400391 0.0429688
0 0.350764 0.209961 0.129395 0.0253906 0.0537109
