0 0.100208 0.856445 0.274902 0.0410156 0.0458984
0 0.100565 0.552246 0.834961 0.0400391 0.0761719
0 0.1008 0.660645 0.229004 0.0341797 0.0380859
0 0.100872 0.862793 0.324707 0.0537109 0.0693359
0 0.101183 0.654297 0.0986328 0.0449219 0.0488281
0 0.102302 0.644043 0.207031 0.0283203 0.0488281
0 0.10272 0.487793 0.0522461 0.0283203 0.0419922
0 0.103359 0.337402 0.777344 0.0537109 0.0625
0 0.103545 0.446289 0.790039 0.0078125 0.0175781
0 0.103925 0.319336 0.376465 0.0214844 0.0458984
0 0.103952 0.288086 0.400391 0.0351562 0.0664062
0 0.104665 0.796875 0.968262 0.0449219 0.0615234
0 0.104795 0.640625 0.834961 0.0351562 0.0800781
0 0.104826 0.584961 0.233887 0.015625 0.0205078
0 0.105021 0.520508 0.509766 0.0371094 0.03125
0 0.105211 0.147949 0.376953 0.0224609 0.0292969
0 0.105959 0.116211 0.27002 0.0332031 0.0517578
0 0.10726 0.333008 0.211426 0.0234375 0.0439453
0 0.108948 0.203125 0.517578 0.0585938 0.0507812
0 0.109503 0.254395 0.626465 0.0673828 0.0634766
0 0.11027 0.157227 0.47168 0.0449219 0.0429688
0 0.110552 0.466797 0.315918 0.0195312 0.0244141
0 0.111629 0.355957 0.651855 0.0498047 0.0322266
0 0.111756 0.144531 0.459961 0.0253906 0.0292969
0 0.11205 0.0405273 0.500977 0.0498047 0.0585938
0 0.112669 0.504883 0.20752 0.0273438 0.0283203
0 0.112707 0.35791 0.619141 0.0439453 0.0703125
0 0.112901 0.291992 0.625488 0.0410156 0.0439453
0 0.113625 0.317871 0.668945 0.0400391 0.0605469
0 0.11435 0.343262 0.29834 0.0205078 0.0205078
0 0.116705 0.769043 0.00878906 0.0361328 0.0175781
0 0.117111 0.257812 0.242188 0.0390625 0.0546875
0 0.117301 0.718262 0.202637 0.0341797 0.0302734
0 0.118443 0.281738 0.370605 0.0537109 0.0458984
0 0.119112 0.708008 0.364258 0.00976562 0.0175781
0 0.119135 0.337402 0.657227 0.0634766 0.0488281
0 0.119174 0.300293 0.286621 0.0380859 0.0439453
0 0.119459 0.374512 0.153809 0.0166016 0.0283203
0 0.119633 0.758789 0.372559 0.0273438 0.0439453
0 0.12103 0.563965 0.113281 0.0537109 0.0566406
0 0.121041 0.603027 0.0253906 0.0166016 0.0332031
0 0.122183 0.802734 0.334473 0.0234375 0.0400391
0 0.122374 0.150879 0.504883 0.0185547 0.0273438
0 0.122853 0.717773 0.217773 0.046875 0.0546875
0 0.122867 0.330078 0.714355 0.0429688 0.0478516
0 0.123795 0.320312 0.710938 0.0605469 0.0800781
0 0.124575 0.542969 0.300293 0.0527344 0.0576172
0 0.12517 0.249023 0.317871 0.0234375 0.0205078
0 0.125249 0.729492 0.658691 0.0234375 0.0361328
0 0.130378 0.565918 0.0161133 0.0322266 0.0322266
0 0.132452 0.230957 0.136719 0.0341797 0.0371094
0 0.132567 0.37793 0.648438 0.0273438 0.0292969
0 0.132837 0.318848 0.768555 0.0712891 0.0722656
0 0.133263 0.105469 0.491699 0.0292969 0.0341797
0 0.133398 0.444824 0.0185547 0.0224609 0.0371094
0 0.133649 0.127441 0.390137 0.0263672 0.0419922
0 0.133778 0.474121 0.191406 0.0283203 0.0429688
0 0.134975 0.791016 0.0942383 0.0527344 0.0556641
0 0.135141 0.685547 0.16748 0.0253906 0.0380859
0 0.137408 0.637207 0.396973 0.0322266 0.0478516
0 0.137558 0.20459 0.269043 0.0283203 0.0400391
0 0.137645 0.640625 0.194336 0.0195312 0.0371094
0 0.137846 0.67334 0.03125 0.0166016 0.0332031
0 0.137937 0.885742 0.326172 0.0625 0.0722656
0 0.13874 0.359375 0.522461 0.0253906 0.0371094
0 0.139323 0.470215 0.484863 0.0126953 0.0185547
0 0.140995 0.785645 0.865723 0.0283203 0.0361328
0 0.141663 0.790527 0.672852 0.0185547 0.03125
0 0.143166 0.38623 0.620605 0.0751953 0.0751953
0 0.143517 0.137695 0.704102 0.0136719 0.0175781
0 0.144032 0.354492 0.277832 0.0136719 0.0322266
0 0.144616 0.128418 0.234863 0.0341797 0.0478516
0 0.145146 0.723633 0.775391 0.03125 0.0390625
0 0.145942 0.528809 0.0161133 0.0439453 0.0322266
0 0.146039 0.598633 0.117188 0.0429688 0.0527344
0 0.146791 0.681641 0.23584 0.0488281 0.0556641
0 0.147711 0.691895 0.108398 0.0576172 0.046875
0 0.148303 0.652832 0.0664062 0.0244141 0.0410156
0 0.148352 0.538574 0.35498 0.0224609 0.0244141
0 0.148465 0.594238 0.180664 0.0556641 0.0527344
0 0.151104 0.503906 0.120605 0.0332031 0.0517578
0 0.151589 0.609375 0.59082 0.0253906 0.0273438
0 0.152294 0.429688 0.186035 0.0527344 0.0380859
0 0.152674 0.518555 0.480957 0.0390625 0.0283203
0 0.153627 0.818359 0.355957 0.0507812 0.0712891
0 0.153794 0.154297 0.368652 0.0175781 0.0263672
0 0.15429 0.567383 0.436035 0.0136719 0.0361328
0 0.154849 0.215332 0.540527 0.0419922 0.0478516
0 0.155751 0.431152 0.238281 0.0185547 0.0273438
0 0.155782 0.461914 0.503418 0.015625 0.0166016
0 0.157511 0.801758 0.495117 0.0253906 0.03125
0 0.157778 0.106445 0.592773 0.0507812 0.0742188
0 0.157857 0.54541 0.019043 0.0439453 0.0361328
0 0.159878 0.385742 0.471191 0.046875 0.0439453
0 0.160834 0.337891 0.272949 0.0371094 0.0595703
0 0.161278 0.632812 0.406738 0.0214844 0.0302734
0 0.165858 0.78418 0.015625 0.0566406 0.03125
0 0.16604 0.675293 0.203125 0.0185547 0.0214844
0 0.166426 0.254395 0.521484 0.0146484 0.0195312
0 0.169566 0.418945 0.508789 0.0253906 0.0351562
0 0.171443 0.702148 0.227539 0.0214844 0.0332031
0 0.173581 0.717773 0.148438 0.0917969 0.0722656
0 0.174569 0.555664 0.120117 0.015625 0.0390625
0 0.174947 0.708008 0.527832 0.0175781 0.0263672
0 0.176086 0.413574 0.0849609 0.0576172 0.0566406
0 0.176264 0.782715 0.430664 0.0244141 0.0273438
0 0.17936 0.468262 0.259277 0.0361328 0.0478516
0 0.180007 0.39209 0.178711 0.0283203 0.0410156
0 0.180144 0.39502 0.288574 0.0185547 0.0244141
0 0.180354 0.382812 0.0375977 0.0410156 0.0693359
0 0.182254 0.166992 0.202637 0.0507812 0.0439453
0 0.185815 0.465332 0.182617 0.0400391 0.0488281
0 0.187757 0.44043 0.0327148 0.0273438 0.0322266
0 0.190651 0.506348 0.595703 0.0205078 0.0292969
0 0.190884 0.368652 0.506836 0.0419922 0.0644531
0 0.191087 0.243164 0.150879 0.0449219 0.0478516
0 0.1924 0.271973 0.373535 0.0419922 0.0302734
0 0.193957 0.403809 0.26123 0.0205078 0.0322266
0 0.194472 0.295898 0.294922 0.0253906 0.0292969
0 0.195422 0.106445 0.281738 0.0390625 0.0400391
0 0.195845 0.15332 0.308105 0.0234375 0.0380859
0 0.198649 0.411621 0.990234 0.0185547 0.0175781
0 0.199017 0.140625 0.20459 0.0527344 0.0615234
0 0.201437 0.543457 0.128906 0.0380859 0.0664062
0 0.202824 0.654297 0.148438 0.0234375 0.0234375
0 0.203129 0.433105 0.0336914 0.0166016 0.0224609
0 0.205717 0.170898 0.429199 0.0136719 0.0302734
0 0.205741 0.862793 0.228027 0.0205078 0.0302734
0 0.20614 0.229492 0.513184 0.0214844 0.0341797
0 0.207593 0.66748 0.228516 0.0439453 0.0605469
0 0.210116 0.262207 0.681641 0.112305 0.160156
0 0.210698 0.491211 0.404785 0.03125 0.0439453
0 0.211976 0.188965 0.446777 0.0166016 0.0205078
0 0.213493 0.155273 0.519531 0.0214844 0.0449219
0 0.218748 0.193359 0.516602 0.0292969 0.03125
0 0.219507 0.239746 0.245117 0.0185547 0.0273438
0 0.220368 0.411621 0.187988 0.0361328 0.0361328
0 0.221187 0.771973 0.498535 0.0283203 0.0322266
0 0.221537 0.367676 0.151367 0.0244141 0.0273438
0 0.223039 0.850098 0.312012 0.0263672 0.0498047
0 0.226135 0.670898 0.317383 0.03125 0.03125
0 0.226478 0.300293 0.254395 0.0263672 0.0439453
0 0.229042 0.817871 0.895508 0.0224609 0.0390625
0 0.231551 0.280762 0.381348 0.0302734 0.0361328
0 0.236474 0.767578 0.551758 0.0253906 0.0214844
0 0.239322 0.377441 0.485352 0.0537109 0.0742188
0 0.245525 0.222656 0.14502 0.03125 0.0439453
0 0.245764 0.351074 0.191406 0.0302734 0.0449219
0 0.24619 0.0366211 0.131348 0.0595703 0.0966797
0 0.247248 0.203613 0.15918 0.0419922 0.046875
0 0.248968 0.751465 0.823242 0.0380859 0.0351562
0 0.250424 0.740723 0.467285 0.0302734 0.0537109
0 0.25132 0.0585938 0.21582 0.0664062 0.078125
0 0.25141 0.0644531 0.46875 0.0507812 0.0371094
0 0.251966 0.298828 0.351562 0.0234375 0.0214844
0 0.254081 0.135254 0.380371 0.0205078 0.0380859
0 0.255042 0.675781 0.460938 0.0332031 0.0332031
0 0.257196 0.190918 0.368164 0.0205078 0.0234375
0 0.259547 0.313965 0.0224609 0.0283203 0.0371094
0 0.259832 0.859375 0.266113 0.0234375 0.0322266
0 0.264047 0.196289 0.481445 0.0234375 0.0292969
0 0.267298 0.212891 0.209473 0.0175781 0.0244141
0 0.2674 0.638672 0.292969 0.0527344 0.0625
0 0.269171 0.539551 0.116211 0.0244141 0.0585938
0 0.269195 0.470703 0.214844 0.0429688 0.0566406
0 0.270533 0.60791 0.0371094 0.0244141 0.0488281
0 0.272502 0.179199 0.203613 0.0283203 0.0341797
0 0.27285 0.760742 0.935547 0.0253906 0.0292969
0 0.274136 0.256348 0.157227 0.0283203 0.0351562
0 0.277447 0.210449 0.293457 0.0439453 0.0673828
0 0.277573 0.763184 0.35791 0.0322266 0.0556641
0 0.286073 0.72998 0.551758 0.0341797 0.0332031
0 0.286691 0.586914 0.107422 0.0429688 0.0605469
0 0.286894 0.513672 0.0756836 0.015625 0.0283203
0 0.29204 0.0307617 0.518066 0.0517578 0.0595703
0 0.292749 0.69043 0.156738 0.0390625 0.0595703
0 0.293018 0.645508 0.0864258 0.0429688 0.0615234
0 0.293327 0.452637 0.163086 0.0361328 0.0371094
0 0.295808 0.557617 0.286621 0.0449219 0.0439453
0 0.297427 0.503906 0.521484 0.0332031 0.0390625
0 0.298623 0.548828 0.209473 0.0195312 0.0380859
0 0.29951 0.533203 0.172363 0.0332031 0.0419922
0 0.300726 0.166016 0.340332 0.0273438 0.0361328
0 0.30404 0.695801 0.0161133 0.0244141 0.0322266
0 0.314227 0.466797 0.240723 0.0410156 0.0634766
0 0.314613 0.414062 0.617676 0.0429688 0.0400391
0 0.315619 0.64502 0.797363 0.0224609 0.0439453
0 0.31598 0.360352 0.637207 0.0625 0.0595703
0 0.327436 0.52832 0.430176 0.0195312 0.0341797
0 0.32909 0.671875 0.371094 0.0136719 0.0214844
0 0.333591 0.66748 0.467773 0.0283203 0.0332031
0 0.333745 0.539551 0.102051 0.0126953 0.0361328
0 0.336724 0.747559 0.666504 0.0537109 0.0615234
0 0.343315 0.19873 0.254883 0.0126953 0.03125
0 0.343551 0.477539 0.18457 0.015625 0.03125
0 0.349125 0.822266 0.235352 0.0351562 0.03125
0 0.361172 0.464844 0.0751953 0.0214844 0.0234375
0 0.362716 0.479004 0.0136719 0.0458984 0.0273438
0 0.371191 0.515137 0.0166016 0.0322266 0.0332031
0 0.372638 0.712891 0.0219727 0.0449219 0.0419922
0 0.375518 0.560547 0.0336914 0.0351562 0.0537109
0 0.383734 0.735352 0.873535 0.03125 0.0498047
0 0.383952 0.259277 0.262695 0.0224609 0.0292969
0 0.390869 0.186035 0.154785 0.0283203 0.0361328
0 0.41505 0.154785 0.264648 0.0341797 0.0429688
0 0.417539 0.262695 0.203613 0.0429688 0.0537109
0 0.423728 0.634277 0.983887 0.0400391 0.0302734
0 0.427362 0.733398 0.158203 0.0449219 0.0507812
0 0.428757 0.435059 0.248047 0.0263672 0.046875
0 0.430158 0.260742 0.475098 0.0546875 0.0478516
0 0.432593 0.476074 0.606445 0.0439453 0.0546875
0 0.434259 0.487793 0.117676 0.0439453 0.0615234
0 0.437916 0.635254 0.0151367 0.0283203 0.0302734
0 0.445834 0.722168 0.375977 0.0205078 0.0351562
0 0.455895 0.341309 0.20166 0.0380859 0.0537109
0 0.459226 0.230957 0.398438 0.0439453 0.0371094
0 0.464797 0.69043 0.44873 0.0175781 0.0263672
0 0.476639 0.53418 0.311035 0.0371094 0.0400391
0 0.489963 0.773438 0.0966797 0.0507812 0.0644531
0 0.499139 0.780273 0.199707 0.0292969 0.0380859
0 0.503845 0.296387 0.174316 0.0302734 0.0478516
0 0.524994 0.746094 0.22168 0.0449219 0.0527344
0 0.578491 0.833984 0.167969 0.0566406 0.0605469
0 0.579584 0.695312 0.333496 0.0253906 0.0322266
0 0.617427 0.669434 0.5625 0.0419922 0.0488281
