0 0.100967 0.344727 0.314941 0.0136719 0.0283203
0 0.101323 0.475098 0.242188 0.0224609 0.0332031
0 0.103639 0.348633 0.0429688 0.0390625 0.0390625
0 0.104475 0.169434 0.103027 0.0205078 0.0224609
0 0.104577 0.39209 0.662598 0.0166016 0.0224609
0 0.104587 0.201172 0.156738 0.0292969 0.0283203
0 0.105719 0.0922852 0.0478516 0.0244141 0.0292969
0 0.109064 0.313965 0.233887 0.0283203 0.0244141
0 0.109941 0.321289 0.0961914 0.0253906 0.0263672
0 0.110669 0.309082 0.194824 0.0244141 0.0283203
0 0.110809 0.456543 0.0991211 0.0224609 0.0224609
0 0.110907 0.711426 0.385742 0.0126953 0.0253906
0 0.112085 0.503906 0.0136719 0.00976562 0.0234375
0 0.112295 0.210938 0.40625 0.0234375 0.0390625
0 0.113752 0.556641 0.24707 0.015625 0.0332031
0 0.11397 0.468262 0.147949 0.0341797 0.0322266
0 0.114264 0.537598 0.0546875 0.00878906 0.00976562
0 0.114299 0.097168 0.154297 0.0205078 0.0371094
0 0.11481 0.491211 0.602539 0.0175781 0.0214844
0 0.115099 0.236816 0.127441 0.0224609 0.0341797
0 0.115973 0.739258 0.733398 0.0390625 0.0488281
0 0.117382 0.983887 0.192383 0.0244141 0.0390625
0 0.118971 0.417969 0.692383 0.0195312 0.0234375
0 0.119225 0.435547 0.711426 0.015625 0.0205078
0 0.119729 0.320312 0.474121 0.0253906 0.0263672
0 0.119843 0.444336 0.0996094 0.0195312 0.0214844
0 0.119984 0.331543 0.160645 0.0361328 0.0400391
0 0.120858 0.493652 0.690918 0.0146484 0.0322266
0 0.121287 0.458008 0.220703 0.0175781 0.0253906
0 0.121388 0.359863 0.0200195 0.0126953 0.0205078
0 0.121725 0.0625 0.0600586 0.0351562 0.0380859
0 0.122692 0.430664 0.650879 0.0117188 0.0205078
0 0.124757 0.564941 0.283691 0.0126953 0.0263672
0 0.125112 0.424805 0.193848 0.0175781 0.0283203
0 0.125557 0.993164 0.12793 0.0117188 0.0214844
0 0.125708 0.60791 0.0483398 0.0185547 0.0205078
0 0.12599 0.308594 0.0200195 0.0195312 0.0244141
0 0.127239 0.561035 0.0185547 0.00683594 0.015625
0 0.127959 0.449219 0.358398 0.0195312 0.0253906
0 0.128617 0.371582 0.33252 0.0107422 0.0205078
0 0.12893 0.415527 0.012207 0.0146484 0.0244141
0 0.131616 0.496094 0.257324 0.0195312 0.0283203
0 0.131646 0.389648 0.0234375 0.0175781 0.03125
0 0.133206 0.69043 0.711426 0.015625 0.0263672
0 0.134027 0.675781 0.779785 0.0136719 0.0244141
0 0.134111 0.821777 0.671387 0.0263672 0.0322266
0 0.134588 0.0371094 0.193359 0.0429688 0.0351562
0 0.135204 0.444824 0.282715 0.0205078 0.0205078
0 0.141655 0.328613 0.153809 0.0185547 0.0302734
0 0.1428 0.49707 0.229492 0.0390625 0.0390625
0 0.14307 0.537598 0.00927734 0.0146484 0.0166016
0 0.143437 0.604004 0.679688 0.00683594 0.0136719
0 0.144603 0.332031 0.240723 0.0332031 0.0322266
0 0.151383 0.823242 0.17627 0.0175781 0.0205078
0 0.151579 0.187988 0.287598 0.0166016 0.0185547
0 0.152533 0.239746 0.391113 0.0146484 0.0263672
0 0.153035 0.313965 0.181152 0.0263672 0.0341797
0 0.153674 0.464355 0.0996094 0.0146484 0.0214844
0 0.158181 0.768555 0.23584 0.015625 0.0205078
0 0.16248 0.546387 0.441895 0.0263672 0.0283203
0 0.163272 0.170898 0.626465 0.0292969 0.0439453
0 0.165997 0.320312 0.242676 0.0332031 0.0361328
0 0.166179 0.160156 0.208984 0.0332031 0.0351562
0 0.167176 0.342773 0.238281 0.015625 0.0253906
0 0.167859 0.390137 0.248535 0.0205078 0.0341797
0 0.169701 0.306152 0.23291 0.0166016 0.0244141
0 0.172654 0.754883 0.205078 0.0410156 0.0488281
0 0.174977 0.554688 0.446777 0.03125 0.0322266
0 0.176222 0.847656 0.10498 0.0410156 0.0576172
0 0.177395 0.553711 0.253906 0.00976562 0.0175781
0 0.17953 0.614258 0.888672 0.015625 0.0195312
0 0.183821 0.306152 0.811035 0.0341797 0.0458984
0 0.184069 0.402832 0.0673828 0.0361328 0.0292969
0 0.18547 0.244629 0.132812 0.0302734 0.0371094
0 0.186157 0.746094 0.55957 0.0175781 0.0253906
0 0.186656 0.487305 0.233887 0.0644531 0.0537109
0 0.186975 0.507812 0.438965 0.0175781 0.0283203
0 0.187614 0.272461 0.683105 0.0273438 0.0341797
0 0.189012 0.375 0.239746 0.0332031 0.0419922
0 0.195412 0.137207 0.21582 0.0517578 0.0371094
0 0.196592 0.141602 0.0883789 0.0429688 0.0615234
0 0.205206 0.185059 0.0698242 0.0517578 0.0419922
0 0.205231 0.531738 0.255371 0.0185547 0.0322266
0 0.206372 0.598633 0.296875 0.0117188 0.0175781
0 0.208137 0.514648 0.220215 0.0253906 0.0302734
0 0.20822 0.486816 0.631348 0.0107422 0.0146484
0 0.208396 0.367188 0.33252 0.0234375 0.0224609
0 0.209712 0.509766 0.230957 0.0449219 0.0478516
0 0.211537 0.45752 0.0112305 0.0126953 0.0224609
0 0.211871 0.469238 0.232422 0.0302734 0.0429688
0 0.212046 0.349121 0.157227 0.0146484 0.03125
0 0.212497 0.373535 0.230957 0.0185547 0.0283203
0 0.213817 0.35791 0.242676 0.0283203 0.0283203
0 0.223247 0.871094 0.215332 0.0214844 0.0400391
0 0.225644 0.520996 0.520996 0.0146484 0.0146484
0 0.225979 0.417969 0.13623 0.015625 0.0185547
0 0.226019 0.290039 0.0078125 0.0175781 0.0136719
0 0.229096 0.318359 0.172363 0.0273438 0.0263672
0 0.231586 0.483887 0.0791016 0.0146484 0.0195312
0 0.232178 0.498047 0.0615234 0.00976562 0.0234375
0 0.23368 0.474121 0.0166016 0.0126953 0.03125
0 0.240955 0.662109 0.0302734 0.0449219 0.0488281
0 0.243945 0.148438 0.268555 0.0136719 0.0273438
0 0.248595 0.191895 0.0849609 0.0576172 0.0625
0 0.251971 0.438965 0.241211 0.0107422 0.0195312
0 0.255355 0.118652 0.101562 0.0205078 0.0253906
0 0.258065 0.20459 0.109375 0.0478516 0.0449219
0 0.258626 0.679199 0.386719 0.0185547 0.0292969
0 0.26727 0.120117 0.0209961 0.0332031 0.0380859
0 0.268915 0.27832 0.324707 0.0195312 0.0341797
0 0.277086 0.333496 0.101562 0.0224609 0.03125
0 0.281354 0.557617 0.777832 0.0253906 0.0244141
0 0.284046 0.366211 0.239746 0.0253906 0.0302734
0 0.287497 0.29541 0.262695 0.0166016 0.0195312
0 0.292599 0.739746 0.357422 0.0283203 0.046875
0 0.304344 0.564453 0.232422 0.0195312 0.03125
0 0.305595 0.341797 0.0444336 0.0195312 0.0302734
0 0.310073 0.256348 0.14209 0.0419922 0.0439453
0 0.321057 0.569824 0.662109 0.0244141 0.0273438
0 0.322986 0.566406 0.292969 0.0195312 0.0351562
0 0.324674 0.12793 0.221191 0.0292969 0.0263672
0 0.342728 0.179688 0.216309 0.0507812 0.0498047
0 0.37664 0.458008 0.156738 0.0527344 0.0341797
0 0.379295 0.315918 0.299805 0.0263672 0.0234375
0 0.381098 0.633789 0.738281 0.0175781 0.0175781
0 0.381209 0.817871 0.0385742 0.0224609 0.0419922
0 0.38612 0.381836 0.154785 0.0195312 0.0302734
0 0.402433 0.302246 0.09375 0.0185547 0.0292969
0 0.413522 0.633301 0.373047 0.0146484 0.0214844
0 0.432038 0.596191 0.213867 0.0263672 0.0390625
0 0.522178 0.171875 0.0185547 0.0351562 0.03125
