0 0.101037 0.214844 0.545898 0.0195312 0.0273438
0 0.101799 0.747559 0.232422 0.0107422 0.015625
0 0.103928 0.227539 0.160156 0.0195312 0.0195312
0 0.105239 0.405762 0.960449 0.0302734 0.0693359
0 0.105252 0.28125 0.123535 0.0117188 0.0244141
0 0.105957 0.152832 0.389648 0.0166016 0.0234375
0 0.106966 0.292969 0.0976562 0.0273438 0.0253906
0 0.107967 0.156738 0.598633 0.0126953 0.0175781
0 0.108139 0.19043 0.430664 0.0175781 0.0253906
0 0.108983 0.205566 0.507812 0.0126953 0.015625
0 0.109038 0.871094 0.109863 0.0292969 0.0361328
0 0.109142 0.308594 0.228516 0.0195312 0.0214844
0 0.10965 0.327637 0.430176 0.0263672 0.0498047
0 0.111328 0.242676 0.499512 0.0205078 0.0302734
0 0.111844 0.183105 0.246582 0.0146484 0.0224609
0 0.114865 0.14502 0.68457 0.0224609 0.0371094
0 0.116862 0.762695 0.0219727 0.0664062 0.0380859
0 0.117254 0.684082 0.201172 0.0126953 0.0390625
0 0.121294 0.148926 0.529785 0.0244141 0.0205078
0 0.121746 0.286621 0.299805 0.0166016 0.0234375
0 0.121817 0.191895 0.603027 0.0224609 0.0263672
0 0.124886 0.357422 0.168945 0.0195312 0.0273438
0 0.126083 0.227539 0.414551 0.015625 0.0263672
0 0.128192 0.169922 0.343262 0.015625 0.0224609
0 0.128679 0.391113 0.180664 0.00683594 0.0214844
0 0.130838 0.279785 0.306152 0.0205078 0.0283203
0 0.131348 0.708984 0.0449219 0.0175781 0.0253906
0 0.131465 0.203613 0.414062 0.0185547 0.0214844
0 0.134134 0.41748 0.268555 0.0244141 0.0253906
0 0.138534 0.234863 0.512695 0.0146484 0.0175781
0 0.1395 0.757324 0.0292969 0.0283203 0.0410156
0 0.13952 0.248047 0.128906 0.0253906 0.0332031
0 0.140508 0.388184 0.222168 0.00878906 0.0263672
0 0.146011 0.785156 0.00976562 0.0351562 0.0195312
0 0.146464 0.262695 0.35791 0.00976562 0.0224609
0 0.147031 0.184082 0.409668 0.0126953 0.0205078
0 0.150161 0.153809 0.275391 0.0166016 0.03125
0 0.150372 0.143555 0.373535 0.015625 0.0244141
0 0.151416 0.519043 0.262207 0.0283203 0.0224609
0 0.152821 0.363281 0.0161133 0.0644531 0.0302734
0 0.153259 0.642578 0.266602 0.0195312 0.0449219
0 0.160313 0.255859 0.264648 0.0175781 0.0234375
0 0.164346 0.331055 0.253906 0.0175781 0.0273438
0 0.165284 0.192383 0.29248 0.0195312 0.0244141
0 0.165286 0.218262 0.40625 0.0185547 0.0253906
0 0.172821 0.341797 0.200195 0.00976562 0.0214844
0 0.173987 0.125977 0.293457 0.00976562 0.0224609
0 0.179427 0.64209 0.243652 0.0146484 0.0185547
0 0.186116 0.687988 0.230957 0.00683594 0.0107422
0 0.189297 0.641113 0.252441 0.0185547 0.0361328
0 0.195938 0.119141 0.510742 0.00976562 0.015625
0 0.202329 0.260742 0.40918 0.015625 0.0214844
0 0.204082 0.722656 0.249023 0.0195312 0.0273438
0 0.210681 0.178711 0.442871 0.0175781 0.0185547
0 0.217835 0.82373 0.0649414 0.0283203 0.0361328
0 0.22058 0.772461 0.22998 0.0195312 0.0361328
0 0.224856 0.246582 0.492676 0.0205078 0.0302734
0 0.22816 0.224121 0.37207 0.0146484 0.0253906
0 0.229494 0.68457 0.261719 0.0175781 0.0234375
0 0.230893 0.220215 0.271973 0.0107422 0.0205078
0 0.234544 0.125488 0.458008 0.0263672 0.0351562
0 0.23457 0.468262 0.483887 0.0224609 0.0146484
0 0.250838 0.818359 0.206055 0.0546875 0.078125
0 0.253601 0.275391 0.314941 0.0175781 0.0166016
0 0.253816 0.620605 0.26416 0.0205078 0.0244141
0 0.332132 0.338379 0.317383 0.0263672 0.0449219
0 0.395571 0.282715 0.38916 0.0224609 0.0244141
0 0.455349 0.24707 0.328125 0.0214844 0.0449219
0 0.464075 0.208496 0.329102 0.0244141 0.0429688
