0 0.100468 0.789062 0.184082 0.0371094 0.0556641
0 0.103286 0.79248 0.757324 0.0244141 0.0224609
0 0.111808 0.686523 0.0297852 0.0234375 0.0380859
0 0.113264 0.405762 0.115234 0.0185547 0.0175781
0 0.119901 0.527344 0.266113 0.00976562 0.0185547
0 0.128842 0.737793 0.347656 0.0263672 0.0429688
0 0.13155 0.385254 0.26123 0.0185547 0.0263672
0 0.134491 0.235352 0.0776367 0.0585938 0.0986328
0 0.134611 0.198242 0.179199 0.046875 0.0458984
0 0.142399 0.39209 0.0756836 0.0185547 0.0400391
0 0.144602 0.348145 0.417969 0.0224609 0.0214844
0 0.167947 0.646973 0.0141602 0.0283203 0.0283203
0 0.192097 0.333984 0.0375977 0.015625 0.0244141
0 0.201036 0.389648 0.128418 0.0351562 0.0400391
0 0.203622 0.283691 0.333496 0.0146484 0.0166016
0 0.261943 0.157227 0.650879 0.0253906 0.0419922
0 0.391107 0.713867 0.304688 0.0195312 0.0253906
0 0.40405 0.439941 0.254395 0.0283203 0.0244141
