0 0.100992 0.535645 0.679688 0.0478516 0.0585938
0 0.101521 0.386719 0.708008 0.015625 0.0234375
0 0.106245 0.0947266 0.663086 0.0351562 0.0605469
0 0.127393 0.683105 0.680664 0.0244141 0.0332031
0 0.137174 0.432617 0.594238 0.0683594 0.0751953
0 0.140708 0.458984 0.355469 0.0625 0.0585938
0 0.142364 0.587402 0.629883 0.0400391 0.0683594
0 0.1545 0.407715 0.900391 0.0205078 0.0332031
0 0.163482 0.822266 0.315918 0.0332031 0.0654297
0 0.186118 0.453125 0.715332 0.0625 0.0576172
0 0.196502 0.479004 0.852051 0.0361328 0.0517578
0 0.200893 0.561035 0.797852 0.0400391 0.0507812
0 0.204392 0.339355 0.76416 0.0498047 0.0458984
