0 0.100351 0.494141 0.181641 0.00976562 0.0214844
0 0.100559 0.116211 0.731934 0.0488281 0.0556641
0 0.100912 0.289551 0.0805664 0.0361328 0.0380859
0 0.102013 0.23584 0.0131836 0.0185547 0.0263672
0 0.102418 0.609375 0.0253906 0.015625 0.0332031
0 0.107025 0.338379 0.0126953 0.0166016 0.0234375
0 0.109738 0.143066 0.134766 0.0224609 0.0449219
0 0.111185 0.382812 0.0200195 0.0292969 0.0244141
0 0.112687 0.974609 0.623535 0.0390625 0.0224609
0 0.118284 0.379883 0.0151367 0.046875 0.0283203
0 0.120531 0.43457 0.281738 0.0351562 0.0302734
0 0.120913 0.427246 0.126953 0.0126953 0.0273438
0 0.12361 0.314453 0.180176 0.0175781 0.0244141
0 0.134723 0.404297 0.244629 0.015625 0.0244141
0 0.135224 0.378418 0.370605 0.0283203 0.0478516
0 0.137459 0.45459 0.0693359 0.0224609 0.0273438
0 0.141981 0.380859 0.126465 0.015625 0.0322266
0 0.14357 0.370117 0.0537109 0.0253906 0.0351562
0 0.143797 0.459473 0.484375 0.0224609 0.0351562
0 0.147896 0.345703 0.181641 0.015625 0.0195312
0 0.150289 0.416504 0.189453 0.0185547 0.0292969
0 0.154532 0.671387 0.296875 0.0224609 0.0292969
0 0.167453 0.610352 0.0698242 0.03125 0.0556641
0 0.171792 0.510742 0.189453 0.0117188 0.0273438
0 0.18078 0.442383 0.217285 0.0117188 0.0283203
0 0.189682 0.38916 0.132324 0.0244141 0.0400391
0 0.193121 0.414551 0.14209 0.0205078 0.0263672
0 0.195546 0.615723 0.245605 0.0302734 0.0244141
0 0.199485 0.424805 0.0698242 0.0253906 0.0302734
0 0.201284 0.381836 0.059082 0.0371094 0.0341797
0 0.245907 0.447266 0.0898438 0.0117188 0.0175781
0 0.24913 0.40918 0.183594 0.0234375 0.03125
0 0.250988 0.515137 0.0151367 0.0244141 0.0302734
0 0.25973 0.36377 0.161133 0.0126953 0.0234375
0 0.263247 0.358887 0.122559 0.0126953 0.0166016
0 0.275964 0.626465 0.280762 0.0205078 0.0302734
0 0.284838 0.424805 0.0170898 0.0253906 0.0263672
0 0.3156 0.565918 0.177246 0.0263672 0.0341797
0 0.36967 0.450195 0.118652 0.0175781 0.0302734
0 0.411314 0.265137 0.019043 0.0205078 0.0244141
0 0.617047 0.459961 0.0292969 0.0273438 0.0488281
