0 0.101111 0.256348 0.467285 0.0244141 0.0302734
0 0.101359 0.629395 0.0151367 0.0224609 0.0224609
0 0.101793 0.219238 0.0175781 0.0283203 0.03125
0 0.101933 0.199707 0.110352 0.0263672 0.0253906
0 0.102433 0.249512 0.0820312 0.0283203 0.0410156
0 0.103189 0.183594 0.0737305 0.0195312 0.0322266
0 0.103194 0.0351562 0.0844727 0.046875 0.0478516
0 0.103526 0.320801 0.814941 0.0244141 0.0283203
0 0.103655 0.330078 0.925781 0.0195312 0.0429688
0 0.103756 0.27832 0.046875 0.0273438 0.0351562
0 0.103797 0.518555 0.712891 0.0175781 0.0234375
0 0.104392 0.717773 0.740723 0.0273438 0.0302734
0 0.10443 0.546875 0.888672 0.015625 0.0292969
0 0.104516 0.341309 0.460449 0.0439453 0.0439453
0 0.104728 0.443848 0.800781 0.0166016 0.0332031
0 0.104878 0.328613 0.454102 0.0205078 0.0410156
0 0.105246 0.202148 0.787598 0.0136719 0.0244141
0 0.105599 0.19043 0.604004 0.03125 0.0439453
0 0.106177 0.403809 0.0961914 0.0263672 0.0517578
0 0.106578 0.73291 0.379883 0.0244141 0.0332031
0 0.106594 0.165527 0.480957 0.0107422 0.0205078
0 0.107019 0.168945 0.186523 0.0351562 0.0429688
0 0.107268 0.716797 0.566895 0.015625 0.0302734
0 0.107534 0.469727 0.864746 0.0234375 0.0361328
0 0.107561 0.17334 0.817383 0.0224609 0.03125
0 0.108071 0.224121 0.503906 0.0400391 0.0371094
0 0.108236 0.30127 0.0805664 0.0205078 0.0380859
0 0.108544 0.649414 0.516602 0.0078125 0.0175781
0 0.108962 0.739258 0.527832 0.015625 0.0146484
0 0.109193 0.259277 0.734863 0.0205078 0.0185547
0 0.109356 0.0698242 0.602051 0.0458984 0.0361328
0 0.109379 0.707031 0.418457 0.0117188 0.0341797
0 0.10939 0.601074 0.0698242 0.0263672 0.0205078
0 0.109616 0.484375 0.475586 0.0175781 0.0195312
0 0.109617 0.256836 0.699707 0.0175781 0.0244141
0 0.109772 0.835449 0.55957 0.0224609 0.0273438
0 0.109802 0.715332 0.155762 0.0634766 0.0615234
0 0.110406 0.538574 0.51709 0.0107422 0.0244141
0 0.11139 0.519531 0.0263672 0.0175781 0.0292969
0 0.112086 0.530762 0.469238 0.0185547 0.0263672
0 0.112836 0.431152 0.0717773 0.0146484 0.0205078
0 0.113254 0.301758 0.492188 0.015625 0.0234375
0 0.11332 0.360352 0.484375 0.0410156 0.0488281
0 0.113426 0.477539 0.462402 0.0117188 0.0185547
0 0.115011 0.803711 0.627441 0.0253906 0.0263672
0 0.115037 0.283691 0.23877 0.0322266 0.0361328
0 0.115159 0.861816 0.394531 0.0244141 0.0253906
0 0.115176 0.341797 0.0170898 0.0273438 0.0224609
0 0.115191 0.340332 0.836914 0.0478516 0.0683594
0 0.115286 0.340332 0.191406 0.0185547 0.03125
0 0.11535 0.149414 0.105957 0.0234375 0.0419922
0 0.116511 0.364258 0.842773 0.0527344 0.0761719
0 0.116774 0.422363 0.301758 0.0146484 0.0234375
0 0.117329 0.217773 0.841309 0.0175781 0.0341797
0 0.117715 0.793457 0.970703 0.0498047 0.0429688
0 0.117928 0.359863 0.0410156 0.0185547 0.03125
0 0.118009 0.544922 0.46582 0.0253906 0.0214844
0 0.118462 0.305176 0.368652 0.0166016 0.0283203
0 0.118874 0.28418 0.0991211 0.0195312 0.0283203
0 0.119201 0.65332 0.148438 0.0214844 0.0332031
0 0.119536 0.550293 0.21875 0.0302734 0.0351562
0 0.119629 0.569336 0.441406 0.0136719 0.0253906
0 0.119695 0.183105 0.61084 0.0244141 0.0322266
0 0.119929 0.458496 0.987305 0.00878906 0.0234375
0 0.120069 0.39209 0.311035 0.0244141 0.0224609
0 0.120152 0.461914 0.976074 0.015625 0.0458984
0 0.121788 0.435547 0.501953 0.015625 0.0214844
0 0.122151 0.54541 0.725098 0.0185547 0.0302734
0 0.12284 0.400879 0.540527 0.0146484 0.0224609
0 0.123075 0.453125 0.87207 0.0273438 0.0371094
0 0.123231 0.0839844 0.581543 0.0371094 0.0439453
0 0.123362 0.27002 0.214844 0.0654297 0.0585938
0 0.123948 0.706543 0.694336 0.0185547 0.0332031
0 0.124145 0.228516 0.0546875 0.0234375 0.0410156
0 0.124166 0.67627 0.21875 0.0283203 0.0527344
0 0.124301 0.369141 0.80957 0.0292969 0.0332031
0 0.12449 0.788086 0.718262 0.0332031 0.0380859
0 0.124751 0.332031 0.34082 0.0292969 0.0273438
0 0.126071 0.818848 0.551758 0.0341797 0.0234375
0 0.127026 0.362793 0.208496 0.0361328 0.0537109
0 0.127211 0.35791 0.942383 0.0107422 0.0175781
0 0.127337 0.977539 0.545898 0.0371094 0.0488281
0 0.127475 0.277832 0.470703 0.0244141 0.0371094
0 0.12865 0.358887 0.462891 0.0400391 0.0507812
0 0.128903 0.51709 0.569336 0.0146484 0.0214844
0 0.128998 0.622559 0.42627 0.0224609 0.0361328
0 0.129226 0.916016 0.461914 0.0527344 0.0507812
0 0.129704 0.738281 0.791016 0.0214844 0.0390625
0 0.12986 0.445801 0.794922 0.0107422 0.0195312
0 0.130659 0.59375 0.452637 0.0195312 0.0341797
0 0.132246 0.710938 0.0483398 0.03125 0.0380859
0 0.132501 0.366699 0.185059 0.0380859 0.0732422
0 0.13266 0.12207 0.5625 0.0117188 0.0214844
0 0.133625 0.357422 0.454102 0.0234375 0.0390625
0 0.133702 0.576172 0.759766 0.0136719 0.015625
0 0.133959 0.601562 0.00927734 0.0371094 0.0166016
0 0.135676 0.830078 0.652344 0.0273438 0.0292969
0 0.136049 0.526367 0.115723 0.0253906 0.0439453
0 0.137037 0.171875 0.275879 0.015625 0.0322266
0 0.137059 0.766113 0.687012 0.0361328 0.0517578
0 0.137181 0.654785 0.0273438 0.0126953 0.0195312
0 0.137272 0.810059 0.0234375 0.0341797 0.0371094
0 0.137981 0.232422 0.606934 0.0332031 0.0400391
0 0.139484 0.376953 0.851074 0.0253906 0.0302734
0 0.139562 0.5625 0.342285 0.0117188 0.0244141
0 0.139887 0.27832 0.481934 0.0195312 0.0341797
0 0.140722 0.196289 0.647461 0.00976562 0.0195312
0 0.14191 0.401367 0.530273 0.0195312 0.0351562
0 0.142148 0.742676 0.414551 0.0322266 0.0302734
0 0.142371 0.627441 0.241211 0.0224609 0.0273438
0 0.142969 0.686523 0.583984 0.0390625 0.046875
0 0.143812 0.333496 0.179688 0.0361328 0.0605469
0 0.144175 0.160156 0.240723 0.0214844 0.0341797
0 0.144368 0.461914 0.352051 0.0214844 0.0205078
0 0.144741 0.546387 0.306152 0.0439453 0.0419922
0 0.144881 0.688965 0.0576172 0.0224609 0.0332031
0 0.145225 0.791992 0.59375 0.03125 0.0351562
0 0.145289 0.629883 0.189941 0.0390625 0.0439453
0 0.146195 0.52832 0.652832 0.00976562 0.0185547
0 0.147142 0.544434 0.138672 0.0205078 0.0292969
0 0.1479 0.752441 0.703613 0.0224609 0.0380859
0 0.14817 0.769531 0.676758 0.0253906 0.0371094
0 0.148229 0.395508 0.915527 0.0078125 0.0146484
0 0.148717 0.45752 0.982422 0.0126953 0.0351562
0 0.149243 0.190918 0.641602 0.0205078 0.0292969
0 0.149575 0.378906 0.605957 0.0253906 0.0263672
0 0.149771 0.852051 0.376953 0.0185547 0.0253906
0 0.150026 0.178711 0.483887 0.03125 0.0263672
0 0.150403 0.196289 0.592285 0.03125 0.0380859
0 0.150759 0.125488 0.508301 0.0283203 0.0244141
0 0.151233 0.227051 0.831543 0.0419922 0.0517578
0 0.151581 0.217773 0.695312 0.0371094 0.03125
0 0.151634 0.83252 0.632324 0.0322266 0.0576172
0 0.151862 0.367676 0.596191 0.0205078 0.0302734
0 0.152819 0.412598 0.727051 0.0361328 0.0419922
0 0.153914 0.555176 0.583008 0.0244141 0.0292969
0 0.154134 0.0424805 0.202148 0.0302734 0.046875
0 0.156206 0.59668 0.526367 0.0117188 0.0214844
0 0.15666 0.69043 0.491211 0.015625 0.0273438
0 0.15714 0.888672 0.544434 0.0371094 0.0439453
0 0.157473 0.239746 0.602539 0.0185547 0.0332031
0 0.157565 0.182129 0.730469 0.0185547 0.0214844
0 0.157699 0.641602 0.60498 0.0175781 0.0322266
0 0.15822 0.333008 0.865723 0.046875 0.0654297
0 0.158442 0.73291 0.796387 0.0341797 0.0595703
0 0.158841 0.39502 0.938965 0.0107422 0.0205078
0 0.159008 0.792969 0.107422 0.0332031 0.0449219
0 0.159123 0.257812 0.224121 0.0390625 0.0302734
0 0.159226 0.378418 0.167969 0.0927734 0.0761719
0 0.15987 0.659668 0.0644531 0.0224609 0.0253906
0 0.16033 0.268066 0.46582 0.0400391 0.0449219
0 0.160334 0.211914 0.0517578 0.0195312 0.0449219
0 0.160671 0.365723 0.0493164 0.0185547 0.0341797
0 0.161821 0.359863 0.157715 0.0517578 0.0712891
0 0.162877 0.384766 0.452637 0.0214844 0.0224609
0 0.163047 0.335449 0.159668 0.0419922 0.0595703
0 0.163204 0.521484 0.210449 0.0488281 0.0458984
0 0.163328 0.670898 0.152344 0.0175781 0.0234375
0 0.163643 0.408691 0.0424805 0.00878906 0.0205078
0 0.163712 0.553711 0.464355 0.0273438 0.0244141
0 0.164151 0.817871 0.306152 0.0615234 0.0478516
0 0.164196 0.24707 0.0585938 0.0234375 0.0410156
0 0.164247 0.437988 0.756836 0.0419922 0.0332031
0 0.164448 0.660156 0.686523 0.00976562 0.015625
0 0.164547 0.841797 0.437012 0.00976562 0.0185547
0 0.164548 0.321289 0.338379 0.0175781 0.0244141
0 0.16589 0.713867 0.526855 0.00976562 0.0126953
0 0.166865 0.489258 0.902344 0.0117188 0.0410156
0 0.16745 0.462891 0.0893555 0.0566406 0.0830078
0 0.167498 0.199219 0.109375 0.0429688 0.0351562
0 0.167683 0.111816 0.344238 0.0322266 0.0361328
0 0.167813 0.48584 0.201172 0.0322266 0.0683594
0 0.17157 0.26709 0.527344 0.0166016 0.0410156
0 0.172125 0.675293 0.0786133 0.0244141 0.0361328
0 0.172286 0.283691 0.0283203 0.0400391 0.0546875
0 0.17244 0.120117 0.291992 0.0253906 0.0390625
0 0.173175 0.228027 0.0219727 0.0419922 0.0439453
0 0.174209 0.562988 0.682617 0.00878906 0.0214844
0 0.174419 0.425781 0.17627 0.113281 0.0595703
0 0.175256 0.342773 0.140625 0.0390625 0.0390625
0 0.175693 0.236816 0.697266 0.0224609 0.0214844
0 0.177484 0.129395 0.0888672 0.0263672 0.0449219
0 0.178118 0.549805 0.719238 0.0136719 0.0244141
0 0.178473 0.242676 0.0673828 0.0166016 0.0351562
0 0.179326 0.359863 0.813477 0.0498047 0.0449219
0 0.179407 0.417969 0.358887 0.0253906 0.0224609
0 0.179497 0.260742 0.097168 0.0410156 0.0341797
0 0.179744 0.881836 0.355469 0.0371094 0.0273438
0 0.17977 0.342285 0.613281 0.0126953 0.03125
0 0.180511 0.297852 0.0673828 0.0351562 0.0292969
0 0.180734 0.0507812 0.590332 0.0351562 0.0400391
0 0.181893 0.426758 0.362305 0.0195312 0.0214844
0 0.183248 0.191406 0.507812 0.0332031 0.0566406
0 0.183321 0.12207 0.53125 0.0273438 0.046875
0 0.183929 0.365234 0.718262 0.0234375 0.0263672
0 0.184745 0.301758 0.09375 0.0195312 0.0332031
0 0.186383 0.526855 0.757812 0.0166016 0.0214844
0 0.18733 0.237305 0.0556641 0.0449219 0.0527344
0 0.187612 0.201172 0.880371 0.0273438 0.0458984
0 0.189315 0.679688 0.0673828 0.0292969 0.0449219
0 0.190771 0.264648 0.537598 0.0253906 0.0595703
0 0.191932 0.588867 0.141113 0.0507812 0.0498047
0 0.192413 0.32666 0.16748 0.0205078 0.0322266
0 0.195247 0.490723 0.474121 0.0126953 0.0185547
0 0.195981 0.666992 0.0673828 0.0292969 0.0371094
0 0.196127 0.446777 0.11084 0.0322266 0.0439453
0 0.19647 0.244141 0.830566 0.0195312 0.0341797
0 0.196595 0.739746 0.406738 0.0439453 0.0498047
0 0.198482 0.258789 0.427734 0.03125 0.0332031
0 0.201068 0.261719 0.0566406 0.0410156 0.0332031
0 0.201757 0.348145 0.383789 0.0126953 0.015625
0 0.202797 0.515137 0.436523 0.0146484 0.0175781
0 0.203546 0.370605 0.854004 0.0361328 0.0458984
0 0.203615 0.476074 0.125 0.0322266 0.0410156
0 0.208373 0.18457 0.521973 0.0214844 0.0263672
0 0.210788 0.483398 0.321777 0.0175781 0.0205078
0 0.212678 0.133789 0.0273438 0.046875 0.046875
0 0.213114 0.366211 0.122559 0.0390625 0.0263672
0 0.213642 0.495605 0.784668 0.0205078 0.0224609
0 0.214246 0.718262 0.0400391 0.0185547 0.0273438
0 0.215836 0.596191 0.373047 0.0126953 0.0175781
0 0.216816 0.694336 0.254883 0.0273438 0.0390625
0 0.217801 0.839844 0.611816 0.0195312 0.0263672
0 0.219237 0.53418 0.11377 0.0351562 0.0615234
0 0.222165 0.408203 0.355957 0.0175781 0.0244141
0 0.222357 0.196289 0.185547 0.0214844 0.0371094
0 0.222419 0.196289 0.491211 0.0273438 0.0410156
0 0.222879 0.315918 0.399414 0.0166016 0.0214844
0 0.223352 0.318359 0.059082 0.0175781 0.0263672
0 0.22437 0.54541 0.565918 0.0205078 0.0224609
0 0.224433 0.441895 0.183105 0.0537109 0.0556641
0 0.228316 0.278809 0.0585938 0.0244141 0.0292969
0 0.228867 0.233398 0.555664 0.015625 0.0332031
0 0.229053 0.268555 0.929199 0.0234375 0.0263672
0 0.229988 0.126953 0.486816 0.0332031 0.0556641
0 0.230628 0.307129 0.0605469 0.0400391 0.0390625
0 0.232157 0.726074 0.246582 0.0185547 0.0302734
0 0.232499 0.437012 0.382812 0.0107422 0.0214844
0 0.234236 0.400391 0.520996 0.0136719 0.0302734
0 0.235351 0.304199 0.0429688 0.0224609 0.0332031
0 0.238337 0.84668 0.222168 0.0253906 0.0205078
0 0.238344 0.484863 0.970703 0.0341797 0.046875
0 0.240811 0.222168 0.611328 0.0146484 0.0234375
0 0.242489 0.236328 0.641113 0.015625 0.0205078
0 0.243906 0.557129 0.0546875 0.0302734 0.0507812
0 0.244173 0.341309 0.617676 0.00878906 0.0224609
0 0.245089 0.256836 0.766602 0.0292969 0.0488281
0 0.24626 0.929199 0.435547 0.0224609 0.0292969
0 0.2473 0.454102 0.315918 0.0117188 0.0263672
0 0.24921 0.097168 0.133301 0.0263672 0.0302734
0 0.250599 0.27832 0.85498 0.00976562 0.0263672
0 0.250645 0.570801 0.0209961 0.0361328 0.0400391
0 0.253532 0.343262 0.0849609 0.0283203 0.0292969
0 0.253764 0.566895 0.779297 0.0126953 0.0175781
0 0.255141 0.518066 0.756836 0.0166016 0.0214844
0 0.257679 0.854004 0.390625 0.0302734 0.0410156
0 0.257807 0.430176 0.502441 0.0107422 0.0185547
0 0.258232 0.0585938 0.146484 0.0332031 0.0351562
0 0.258556 0.339844 0.786621 0.0136719 0.0224609
0 0.260892 0.296387 0.249023 0.0166016 0.0273438
0 0.261158 0.128418 0.461914 0.0283203 0.0527344
0 0.261738 0.501465 0.498047 0.0107422 0.0175781
0 0.262574 0.256348 0.0541992 0.0205078 0.0283203
0 0.263155 0.294922 0.0922852 0.0351562 0.0419922
0 0.264048 0.596191 0.108398 0.0361328 0.0449219
0 0.265441 0.588379 0.850586 0.0126953 0.0175781
0 0.268351 0.281738 0.617676 0.0263672 0.0419922
0 0.268902 0.342773 0.336914 0.0175781 0.0292969
0 0.274369 0.117676 0.715332 0.0341797 0.0322266
0 0.274711 0.132812 0.954102 0.0351562 0.0507812
0 0.27497 0.563477 0.304688 0.0390625 0.0429688
0 0.275721 0.756348 0.640137 0.0400391 0.0400391
0 0.277397 0.222168 0.119141 0.0126953 0.0449219
0 0.278807 0.298828 0.32666 0.0117188 0.0244141
0 0.279175 0.12793 0.51416 0.0332031 0.0458984
0 0.27927 0.425781 0.318359 0.0136719 0.0195312
0 0.279617 0.320801 0.0117188 0.0341797 0.0234375
0 0.280978 0.149414 0.569824 0.0234375 0.0341797
0 0.281287 0.726074 0.118652 0.0830078 0.12207
0 0.284283 0.321777 0.445312 0.0224609 0.0234375
0 0.284986 0.131348 0.243652 0.0263672 0.0322266
0 0.28625 0.193848 0.578613 0.0322266 0.0361328
0 0.286489 0.715332 0.437012 0.0185547 0.0361328
0 0.288581 0.132324 0.444824 0.0205078 0.0283203
0 0.289055 0.678223 0.415527 0.0263672 0.0615234
0 0.289981 0.401855 0.109375 0.0224609 0.0351562
0 0.290445 0.60791 0.708984 0.0185547 0.0195312
0 0.291571 0.090332 0.872559 0.0341797 0.0439453
0 0.291885 0.540039 0.209473 0.0449219 0.0478516
0 0.297291 0.607422 0.748535 0.0117188 0.0244141
0 0.297789 0.745117 0.970215 0.0253906 0.0556641
0 0.298697 0.84375 0.296387 0.03125 0.0361328
0 0.299183 0.108887 0.182129 0.0283203 0.0419922
0 0.301376 0.250488 0.418457 0.0263672 0.0244141
0 0.301949 0.6875 0.307129 0.0234375 0.0244141
0 0.302727 0.233887 0.504395 0.0185547 0.0302734
0 0.306445 0.403809 0.171387 0.0419922 0.0478516
0 0.307138 0.223145 0.0395508 0.0419922 0.0673828
0 0.308781 0.407715 0.433105 0.0224609 0.0302734
0 0.310665 0.563965 0.034668 0.0400391 0.0634766
0 0.312836 0.620117 0.808594 0.0273438 0.0332031
0 0.312966 0.830566 0.347656 0.0302734 0.0273438
0 0.315237 0.576172 0.150879 0.0214844 0.0302734
0 0.315262 0.0668945 0.364746 0.0634766 0.0537109
0 0.315868 0.401367 0.24707 0.0351562 0.0292969
0 0.316921 0.279785 0.0170898 0.0283203 0.0341797
0 0.317318 0.445312 0.875 0.0136719 0.0332031
0 0.319676 0.334961 0.546387 0.0214844 0.0263672
0 0.320397 0.643555 0.753906 0.0234375 0.0273438
0 0.320835 0.686523 0.620117 0.0234375 0.0292969
0 0.321961 0.475098 0.0595703 0.0517578 0.0585938
0 0.322403 0.293945 0.751465 0.0390625 0.0205078
0 0.322722 0.73877 0.588867 0.0361328 0.0390625
0 0.32825 0.194336 0.973633 0.0449219 0.046875
0 0.32901 0.180664 0.192871 0.046875 0.0537109
0 0.330143 0.21875 0.255859 0.0332031 0.0234375
0 0.331756 0.723633 0.78418 0.0488281 0.0878906
0 0.335377 0.324707 0.912109 0.0302734 0.0585938
0 0.339842 0.480469 0.527344 0.0117188 0.0195312
0 0.34608 0.532715 0.343262 0.0244141 0.0205078
0 0.347693 0.0786133 0.481934 0.0263672 0.0400391
0 0.347702 0.185547 0.632324 0.0292969 0.0419922
0 0.350012 0.664551 0.211426 0.0517578 0.0537109
0 0.35302 0.520996 0.0351562 0.0244141 0.0410156
0 0.353542 0.381836 0.36084 0.0117188 0.0205078
0 0.353959 0.43457 0.529785 0.0175781 0.0263672
0 0.361108 0.152344 0.143066 0.0195312 0.0283203
0 0.365011 0.27002 0.22998 0.0439453 0.0380859
0 0.36768 0.496094 0.970703 0.0214844 0.0429688
0 0.367826 0.0395508 0.536621 0.0458984 0.0302734
0 0.375576 0.768066 0.32959 0.0595703 0.0595703
0 0.376618 0.629883 0.0810547 0.0332031 0.046875
0 0.380404 0.322754 0.891113 0.0400391 0.0615234
0 0.388711 0.40918 0.481445 0.015625 0.0292969
0 0.389364 0.544922 0.525391 0.0195312 0.0214844
0 0.393653 0.465332 0.180176 0.0576172 0.0576172
0 0.393855 0.902832 0.266113 0.0576172 0.0556641
0 0.397162 0.588867 0.242188 0.03125 0.0371094
0 0.399674 0.46875 0.848633 0.0195312 0.0488281
0 0.400159 0.621094 0.312012 0.0410156 0.0478516
0 0.40431 0.356445 0.131348 0.0546875 0.0458984
0 0.405237 0.189453 0.881348 0.0449219 0.0537109
0 0.40573 0.458496 0.117676 0.0537109 0.0517578
0 0.406264 0.64209 0.708008 0.0146484 0.0273438
0 0.408604 0.606934 0.156738 0.0283203 0.0439453
0 0.414171 0.189453 0.103516 0.0273438 0.0234375
0 0.424124 0.0678711 0.587891 0.0634766 0.0546875
0 0.425017 0.203125 0.699707 0.0273438 0.0263672
0 0.430152 0.828613 0.560059 0.0361328 0.0400391
0 0.434713 0.304199 0.63916 0.0361328 0.0419922
0 0.449123 0.138672 0.097168 0.0332031 0.0458984
0 0.454951 0.154785 0.692871 0.0166016 0.0419922
0 0.464006 0.214355 0.822266 0.0263672 0.0488281
0 0.464326 0.294434 0.135254 0.0361328 0.0361328
0 0.46579 0.369629 0.302246 0.0322266 0.0400391
0 0.466542 0.364258 0.0615234 0.0214844 0.0292969
0 0.471667 0.500977 0.685547 0.0175781 0.0234375
0 0.475168 0.160156 0.379395 0.0703125 0.0419922
0 0.481138 0.321289 0.303711 0.00976562 0.0214844
0 0.49336 0.305664 0.200195 0.0351562 0.0273438
0 0.494693 0.461426 0.962402 0.0244141 0.0654297
0 0.497065 0.265137 0.183105 0.0419922 0.0400391
0 0.501291 0.143066 0.867188 0.0263672 0.0371094
0 0.553576 0.743652 0.0175781 0.0302734 0.0292969
0 0.573768 0.61377 0.90918 0.0576172 0.0625
0 0.630215 0.784668 0.226074 0.0556641 0.0498047
