0 0.102525 0.479004 0.428711 0.0185547 0.0273438
0 0.103308 0.374023 0.210449 0.0507812 0.0361328
0 0.105455 0.362305 0.184082 0.0546875 0.0751953
0 0.105547 0.435059 0.15625 0.0146484 0.0175781
0 0.108941 0.94873 0.230469 0.0244141 0.0292969
0 0.109514 0.554688 0.385254 0.0332031 0.0185547
0 0.110219 0.521973 0.0253906 0.0205078 0.0234375
0 0.110497 0.166504 0.20752 0.0341797 0.0283203
0 0.112215 0.588867 0.335938 0.00976562 0.0136719
0 0.113986 0.102051 0.126465 0.0166016 0.0205078
0 0.115125 0.545898 0.13623 0.0195312 0.0224609
0 0.115547 0.889648 0.293945 0.0371094 0.0507812
0 0.116695 0.808594 0.324219 0.0234375 0.0273438
0 0.120312 0.297363 0.137207 0.0361328 0.0458984
0 0.124235 0.0698242 0.24707 0.0166016 0.0253906
0 0.128852 0.791504 0.737793 0.0126953 0.0205078
0 0.130827 0.266113 0.258301 0.0224609 0.0322266
0 0.137135 0.42627 0.614258 0.0517578 0.0527344
0 0.137924 0.379395 0.35498 0.0361328 0.0380859
0 0.145303 0.379883 0.216797 0.0332031 0.0195312
0 0.148703 0.280762 0.17334 0.0126953 0.0166016
0 0.151572 0.229492 0.211426 0.0175781 0.0166016
0 0.152361 0.509766 0.186523 0.00976562 0.0175781
0 0.155146 0.453125 0.511719 0.0214844 0.0292969
0 0.156051 0.508301 0.291992 0.0107422 0.0273438
0 0.157763 0.432617 0.0561523 0.0488281 0.0419922
0 0.170144 0.661621 0.643555 0.0166016 0.0253906
0 0.176454 0.11377 0.161621 0.0166016 0.0166016
0 0.180009 0.795898 0.266113 0.0390625 0.0576172
0 0.180695 0.790527 0.316406 0.0244141 0.0351562
0 0.185904 0.668945 0.0146484 0.0390625 0.0292969
0 0.193894 0.303223 0.26709 0.0341797 0.0224609
0 0.196228 0.416016 0.0541992 0.0292969 0.0341797
0 0.197126 0.165039 0.304199 0.0253906 0.0302734
0 0.202046 0.40332 0.262695 0.015625 0.0175781
0 0.208545 0.420898 0.391113 0.0136719 0.0185547
0 0.21497 0.214355 0.558105 0.0556641 0.0439453
0 0.216625 0.402832 0.193848 0.0146484 0.0205078
0 0.247864 0.349121 0.341309 0.0283203 0.0400391
0 0.248069 0.607422 0.386719 0.0195312 0.0253906
0 0.251096 0.216797 0.260254 0.0332031 0.0205078
0 0.252582 0.387695 0.360352 0.0292969 0.03125
0 0.2929 0.476562 0.0561523 0.0234375 0.0419922
0 0.361811 0.442383 0.358887 0.0292969 0.0322266
0 0.381455 0.283691 0.34082 0.0263672 0.0351562
