0 0.102116 0.167969 0.85791 0.0527344 0.0361328
0 0.106015 0.627441 0.816406 0.0478516 0.0742188
0 0.108575 0.521973 0.55127 0.0693359 0.0791016
0 0.115424 0.845215 0.80957 0.0361328 0.0585938
0 0.11995 0.263184 0.65625 0.0380859 0.0429688
0 0.120011 0.402832 0.737305 0.0185547 0.0253906
0 0.1273 0.53125 0.8125 0.0234375 0.03125
0 0.132369 0.587402 0.648438 0.0888672 0.101562
0 0.13723 0.346191 0.742188 0.0302734 0.0429688
0 0.149104 0.661621 0.760742 0.0322266 0.0273438
0 0.174419 0.182617 0.848145 0.078125 0.0537109
0 0.197133 0.631836 0.52002 0.078125 0.0927734
0 0.246722 0.412598 0.834473 0.0517578 0.0556641
0 0.267945 0.210938 0.837891 0.0722656 0.0566406
0 0.372581 0.573242 0.886719 0.0507812 0.0605469
