0 0.100308 0.0942383 0.274902 0.0263672 0.0263672
0 0.100521 0.287109 0.658203 0.0117188 0.0214844
0 0.100737 0.74707 0.596191 0.046875 0.0693359
0 0.101333 0.669922 0.638184 0.046875 0.0478516
0 0.101637 0.803711 0.625 0.03125 0.0332031
0 0.102015 0.53125 0.730469 0.0273438 0.0429688
0 0.102443 0.446289 0.0463867 0.0410156 0.0361328
0 0.102648 0.515137 0.503906 0.0166016 0.0449219
0 0.104036 0.616211 0.751465 0.015625 0.0224609
0 0.104377 0.608398 0.0131836 0.046875 0.0263672
0 0.104391 0.213867 0.534668 0.0683594 0.0673828
0 0.105061 0.455566 0.123535 0.0263672 0.0302734
0 0.10573 0.569824 0.691895 0.0322266 0.0302734
0 0.105751 0.571777 0.568848 0.0263672 0.0244141
0 0.106361 0.526855 0.48877 0.0224609 0.0322266
0 0.106454 0.831055 0.581543 0.0625 0.0478516
0 0.10798 0.171875 0.892578 0.0292969 0.0351562
0 0.108593 0.508789 0.707031 0.0136719 0.0273438
0 0.109223 0.182129 0.27002 0.0595703 0.0634766
0 0.109895 0.655762 0.581543 0.0224609 0.0341797
0 0.110162 0.411621 0.293457 0.0439453 0.0400391
0 0.110924 0.549316 0.716797 0.0205078 0.0292969
0 0.110962 0.234863 0.179688 0.0380859 0.0507812
0 0.111528 0.353516 0.23291 0.0175781 0.0205078
0 0.111643 0.578125 0.749023 0.0175781 0.0234375
0 0.113828 0.548828 0.706055 0.0410156 0.0527344
0 0.117472 0.700684 0.695801 0.0146484 0.0244141
0 0.117979 0.789062 0.424805 0.0507812 0.0585938
0 0.118827 0.207031 0.791504 0.0234375 0.0341797
0 0.120486 0.339844 0.0654297 0.0507812 0.0410156
0 0.120632 0.330078 0.240234 0.0273438 0.0527344
0 0.120991 0.293945 0.730957 0.0195312 0.0263672
0 0.121174 0.320801 0.666504 0.0302734 0.0419922
0 0.125214 0.500488 0.73877 0.0517578 0.0537109
0 0.125545 0.608398 0.493652 0.0371094 0.0400391
0 0.126641 0.519531 0.494629 0.0175781 0.0341797
0 0.126678 0.45752 0.442871 0.0185547 0.0185547
0 0.127484 0.664062 0.70752 0.0410156 0.0576172
0 0.134144 0.846191 0.231445 0.0361328 0.046875
0 0.135888 0.458496 0.890137 0.00878906 0.0283203
0 0.136714 0.291016 0.739746 0.0253906 0.0380859
0 0.141034 0.345703 0.921387 0.0117188 0.0166016
0 0.142174 0.65918 0.276367 0.03125 0.0253906
0 0.142427 0.381348 0.921875 0.0361328 0.046875
0 0.143818 0.317871 0.392578 0.0458984 0.03125
0 0.147407 0.165039 0.28125 0.0683594 0.0546875
0 0.147674 0.120605 0.944336 0.0322266 0.0351562
0 0.148297 0.191895 0.522461 0.0263672 0.046875
0 0.150294 0.710449 0.732422 0.0361328 0.0566406
0 0.151714 0.438965 0.244141 0.0126953 0.0195312
0 0.152636 0.341797 0.688965 0.0371094 0.0439453
0 0.153285 0.621582 0.597656 0.0458984 0.046875
0 0.156192 0.210938 0.637207 0.0429688 0.0419922
0 0.15621 0.494629 0.660645 0.0205078 0.0322266
0 0.157401 0.22998 0.299316 0.0419922 0.0517578
0 0.158255 0.579102 0.227539 0.0253906 0.0351562
0 0.159581 0.541016 0.575195 0.0351562 0.0566406
0 0.161208 0.314453 0.73584 0.0117188 0.0244141
0 0.162607 0.226562 0.722168 0.0292969 0.0341797
0 0.163443 0.569336 0.311523 0.0175781 0.0234375
0 0.164279 0.668457 0.736328 0.0263672 0.0546875
0 0.166489 0.606934 0.682617 0.0185547 0.03125
0 0.168211 0.283691 0.745605 0.0166016 0.0322266
0 0.170293 0.449219 0.596191 0.0136719 0.0263672
0 0.170302 0.223145 0.758301 0.0126953 0.0302734
0 0.172072 0.569824 0.456543 0.0322266 0.0263672
0 0.178372 0.481445 0.308105 0.0410156 0.0439453
0 0.179059 0.541992 0.717773 0.0351562 0.0449219
0 0.182585 0.13623 0.815918 0.0341797 0.0615234
0 0.183997 0.580566 0.468262 0.0341797 0.0439453
0 0.186542 0.310059 0.739258 0.0185547 0.0234375
0 0.198042 0.804688 0.637207 0.0390625 0.0556641
0 0.198132 0.484863 0.253906 0.0517578 0.046875
0 0.199002 0.662109 0.687012 0.046875 0.0556641
0 0.204674 0.777832 0.689941 0.0263672 0.0341797
0 0.205186 0.51709 0.895996 0.0244141 0.0498047
0 0.21627 0.537109 0.404297 0.0214844 0.0410156
0 0.21825 0.388672 0.754883 0.0195312 0.0234375
0 0.221907 0.746094 0.522461 0.0332031 0.0332031
0 0.223553 0.626465 0.519531 0.0361328 0.0390625
0 0.223833 0.555176 0.687012 0.0439453 0.0439453
0 0.225047 0.683594 0.892578 0.0292969 0.0371094
0 0.228415 0.589355 0.480957 0.0302734 0.0478516
0 0.232136 0.470215 0.61084 0.0126953 0.0166016
0 0.235527 0.300293 0.777832 0.0185547 0.0302734
0 0.248156 0.758789 0.620117 0.0371094 0.0449219
0 0.252474 0.21875 0.901855 0.0214844 0.0302734
0 0.252915 0.198242 0.786621 0.0371094 0.0439453
0 0.2705 0.660645 0.824707 0.0283203 0.0439453
0 0.27059 0.416016 0.858887 0.00976562 0.0244141
0 0.273527 0.546387 0.237305 0.0322266 0.03125
0 0.273783 0.393066 0.857422 0.0126953 0.0273438
0 0.275424 0.45166 0.853027 0.0205078 0.0244141
0 0.27553 0.431641 0.39209 0.0292969 0.0400391
0 0.27807 0.691895 0.630859 0.0419922 0.0527344
0 0.27963 0.516602 0.431152 0.0136719 0.0205078
0 0.283559 0.482422 0.810547 0.0390625 0.0371094
0 0.299628 0.572754 0.624023 0.0205078 0.0273438
0 0.308915 0.380859 0.691406 0.0214844 0.0507812
0 0.317723 0.534668 0.555176 0.0302734 0.0263672
0 0.329054 0.660645 0.507812 0.0283203 0.0332031
0 0.33668 0.55957 0.882324 0.0273438 0.0400391
0 0.343646 0.478027 0.894043 0.0283203 0.0576172
0 0.363721 0.808594 0.574707 0.0449219 0.0400391
0 0.381381 0.401367 0.685547 0.0332031 0.0507812
0 0.393444 0.348633 0.775879 0.0253906 0.0283203
0 0.434497 0.633301 0.525391 0.0244141 0.0253906
0 0.446239 0.346191 0.727539 0.0244141 0.03125
0 0.489302 0.48584 0.750977 0.0361328 0.0371094
