0 0.103865 0.54248 0.012207 0.0341797 0.0244141
0 0.112503 0.472656 0.34375 0.015625 0.0234375
0 0.112616 0.58252 0.393066 0.0263672 0.0322266
0 0.112621 0.440918 0.00976562 0.0244141 0.0175781
0 0.11381 0.0102539 0.361328 0.0205078 0.0273438
0 0.120605 0.895996 0.146973 0.0458984 0.0576172
0 0.124854 0.227051 0.152344 0.0166016 0.0214844
0 0.130283 0.484863 0.366211 0.0244141 0.03125
0 0.131502 0.0678711 0.216797 0.0322266 0.0332031
0 0.13742 0.308594 0.786621 0.015625 0.0283203
0 0.137524 0.282227 0.349609 0.015625 0.0332031
0 0.14291 0.315918 0.214355 0.0556641 0.0615234
0 0.150111 0.190918 0.197754 0.0478516 0.0478516
0 0.159384 0.3125 0.283203 0.0234375 0.03125
0 0.159679 0.688477 0.46582 0.0351562 0.0429688
0 0.207503 0.69043 0.34082 0.0488281 0.0507812
0 0.286439 0.963867 0.208984 0.0703125 0.0820312
