0 0.100907 0.666016 0.368164 0.015625 0.0195312
0 0.102881 0.10791 0.21875 0.0478516 0.0507812
0 0.106706 0.417969 0.313477 0.00976562 0.0136719
0 0.107279 0.483398 0.207031 0.0175781 0.0273438
0 0.10867 0.39502 0.0888672 0.0732422 0.0859375
0 0.112986 0.291992 0.0302734 0.0839844 0.0546875
0 0.114186 0.294434 0.0849609 0.0244141 0.0351562
0 0.119141 0.44873 0.435059 0.0126953 0.0126953
0 0.122777 0.375488 0.19043 0.0537109 0.0449219
0 0.125098 0.280273 0.135254 0.0253906 0.0400391
0 0.141665 0.508789 0.530273 0.0117188 0.0292969
0 0.144666 0.409668 0.0898438 0.0361328 0.0703125
0 0.150271 0.493652 0.603027 0.0205078 0.0263672
0 0.150705 0.34668 0.296875 0.0117188 0.015625
0 0.154214 0.446289 0.54541 0.0136719 0.0185547
0 0.158666 0.421387 0.019043 0.0263672 0.0380859
0 0.166282 0.712402 0.375977 0.0146484 0.0195312
0 0.18543 0.458496 0.297852 0.0185547 0.0292969
0 0.211292 0.359863 0.0820312 0.0478516 0.0664062
0 0.302909 0.366699 0.527344 0.0126953 0.0214844
0 0.324853 0.461426 0.124512 0.0478516 0.0576172
0 0.349939 0.42041 0.520996 0.0263672 0.0185547
