0 0.102993 0.279297 0.138672 0.03125 0.0273438
0 0.103991 0.735352 0.17041 0.0488281 0.0595703
0 0.105047 0.250488 0.659668 0.0322266 0.0576172
0 0.109756 0.227539 0.809082 0.0292969 0.0771484
0 0.110138 0.895996 0.112305 0.0166016 0.0234375
0 0.11255 0.397461 0.316406 0.0195312 0.0195312
0 0.117335 0.665039 0.791992 0.0390625 0.0566406
0 0.119644 0.418457 0.61084 0.0185547 0.0224609
0 0.127126 0.368652 0.0776367 0.0146484 0.0205078
0 0.131928 0.580566 0.125488 0.0244141 0.0283203
0 0.132998 0.540527 0.0332031 0.0341797 0.0605469
0 0.133099 0.54248 0.606445 0.0322266 0.0429688
0 0.133421 0.431152 0.0356445 0.0576172 0.0458984
0 0.138616 0.743164 0.220215 0.0195312 0.0322266
0 0.139278 0.702148 0.0927734 0.0195312 0.03125
0 0.14038 0.817871 0.189941 0.0576172 0.0595703
0 0.150473 0.291016 0.42334 0.0175781 0.0146484
0 0.150916 0.30957 0.0317383 0.0449219 0.0419922
0 0.153847 0.592773 0.134766 0.0488281 0.0527344
0 0.154905 0.307129 0.618652 0.0361328 0.0400391
0 0.162706 0.495117 0.14209 0.0371094 0.0556641
0 0.170817 0.387207 0.597168 0.0146484 0.0205078
0 0.172311 0.400879 0.0683594 0.0166016 0.0351562
0 0.174484 0.286133 0.128906 0.0390625 0.0449219
0 0.192159 0.257324 0.393066 0.0146484 0.0341797
0 0.194231 0.583984 0.652344 0.0175781 0.0195312
0 0.229762 0.242676 0.639648 0.0419922 0.0722656
0 0.235992 0.456055 0.247559 0.0273438 0.0498047
0 0.277629 0.610352 0.0317383 0.0371094 0.0400391
0 0.312926 0.364258 0.449219 0.0117188 0.0292969
