0 0.104799 0.102051 0.00927734 0.0322266 0.0166016
0 0.108204 0.687012 0.708008 0.0283203 0.0332031
0 0.116735 0.321777 0.384766 0.0244141 0.0253906
0 0.117238 0.217773 0.617188 0.0234375 0.046875
0 0.117564 0.340332 0.0761719 0.0478516 0.0605469
0 0.119401 0.234375 0.163574 0.0429688 0.0400391
0 0.11954 0.198242 0.513184 0.0488281 0.0439453
0 0.120355 0.265137 0.0957031 0.0341797 0.0332031
0 0.124495 0.348145 0.440918 0.0146484 0.0283203
0 0.134125 0.483887 0.102539 0.0712891 0.09375
0 0.140523 0.228027 0.397949 0.0224609 0.0302734
0 0.144102 0.26123 0.0307617 0.0361328 0.0498047
0 0.149965 0.316406 0.167969 0.0371094 0.0371094
0 0.157915 0.210938 0.0375977 0.0410156 0.0556641
0 0.167206 0.374512 0.286133 0.0302734 0.0292969
0 0.185789 0.227539 0.314453 0.0273438 0.0214844
0 0.210245 0.185547 0.0385742 0.0664062 0.0615234
0 0.216862 0.296387 0.525391 0.0244141 0.0292969
0 0.22203 0.34668 0.106445 0.0566406 0.0683594
0 0.222151 0.104004 0.130371 0.0458984 0.0400391
0 0.239322 0.367676 0.0102539 0.0263672 0.0205078
0 0.23994 0.396484 0.119141 0.0195312 0.0390625
0 0.261276 0.386719 0.204102 0.0175781 0.0332031
0 0.285923 0.381836 0.213379 0.0273438 0.0400391
0 0.314418 0.422852 0.227051 0.0332031 0.0439453
0 0.323891 0.15918 0.168457 0.03125 0.0361328
0 0.336331 0.383301 0.280762 0.0537109 0.0458984
0 0.339849 0.284668 0.0439453 0.0556641 0.0546875
0 0.428642 0.115234 0.205566 0.0351562 0.0537109
