0 0.100768 0.415527 0.87793 0.0224609 0.03125
0 0.100947 0.366211 0.14209 0.0214844 0.0283203
0 0.101861 0.606934 0.856445 0.0263672 0.0527344
0 0.102397 0.589355 0.417969 0.0166016 0.0195312
0 0.102904 0.801758 0.0942383 0.0488281 0.0556641
0 0.103247 0.422852 0.0668945 0.046875 0.0615234
0 0.103299 0.725098 0.575684 0.0283203 0.0302734
0 0.103441 0.433594 0.896484 0.0195312 0.0292969
0 0.104502 0.698242 0.333496 0.0234375 0.0341797
0 0.105013 0.416992 0.663574 0.015625 0.0205078
0 0.105447 0.00585938 0.73877 0.0117188 0.0224609
0 0.106057 0.394043 0.85498 0.0400391 0.0380859
0 0.106063 0.735352 0.598145 0.0195312 0.0478516
0 0.106197 0.806152 0.523438 0.0224609 0.0195312
0 0.106215 0.172363 0.254395 0.0205078 0.0263672
0 0.106457 0.553711 0.0917969 0.03125 0.0410156
0 0.106493 0.671875 0.27002 0.0253906 0.0361328
0 0.10723 0.337891 0.272461 0.0175781 0.015625
0 0.107337 0.539062 0.193848 0.0175781 0.0380859
0 0.107589 0.339844 0.963379 0.0175781 0.0439453
0 0.107713 0.615234 0.794922 0.0175781 0.0195312
0 0.108026 0.344238 0.0712891 0.0224609 0.0253906
0 0.108856 0.662598 0.310059 0.0205078 0.0341797
0 0.109225 0.59082 0.116211 0.0175781 0.0292969
0 0.109524 0.570312 0.886719 0.0292969 0.0253906
0 0.109756 0.55127 0.959473 0.0185547 0.0380859
0 0.109897 0.326172 0.174316 0.0390625 0.0302734
0 0.109954 0.474121 0.37207 0.0205078 0.0175781
0 0.110087 0.23291 0.814453 0.0341797 0.0957031
0 0.110091 0.356445 0.0766602 0.0175781 0.0283203
0 0.110629 0.12793 0.179199 0.0117188 0.0205078
0 0.111587 0.170898 0.817871 0.0332031 0.0341797
0 0.111655 0.165527 0.270996 0.0263672 0.0439453
0 0.111905 0.43457 0.745605 0.0195312 0.0302734
0 0.112174 0.558594 0.187012 0.0351562 0.0361328
0 0.112191 0.587402 0.149414 0.0185547 0.0253906
0 0.112401 0.521484 0.217285 0.0175781 0.0283203
0 0.113088 0.620605 0.299805 0.0283203 0.0292969
0 0.113517 0.39209 0.427734 0.0146484 0.0195312
0 0.113825 0.787109 0.105957 0.0976562 0.0927734
0 0.113941 0.208496 0.980469 0.0322266 0.0390625
0 0.11396 0.632812 0.193848 0.0332031 0.0849609
0 0.11485 0.138184 0.0170898 0.0693359 0.0302734
0 0.115076 0.157227 0.819824 0.0195312 0.0263672
0 0.115521 0.416016 0.0942383 0.015625 0.0322266
0 0.115805 0.429688 0.342285 0.03125 0.0361328
0 0.116157 0.351562 0.589844 0.0351562 0.0507812
0 0.116558 0.308594 0.843262 0.0253906 0.0361328
0 0.116591 0.400879 0.758301 0.0205078 0.0283203
0 0.116785 0.630859 0.0170898 0.0625 0.0283203
0 0.116982 0.572754 0.722656 0.0205078 0.0332031
0 0.117559 0.0537109 0.243652 0.0410156 0.0380859
0 0.117712 0.640625 0.161133 0.0332031 0.0566406
0 0.117764 0.345703 0.58252 0.0214844 0.0361328
0 0.11793 0.278809 0.148438 0.0419922 0.0644531
0 0.118148 0.440918 0.407715 0.0224609 0.0244141
0 0.118221 0.477051 0.220215 0.0146484 0.0322266
0 0.118565 0.580566 0.234863 0.0322266 0.0771484
0 0.118626 0.646973 0.0942383 0.0322266 0.0673828
0 0.118687 0.273438 0.104004 0.0253906 0.0458984
0 0.120157 0.508789 0.139648 0.0253906 0.0292969
0 0.121 0.33252 0.203613 0.0380859 0.0341797
0 0.121753 0.197754 0.412598 0.0322266 0.0654297
0 0.122669 0.665527 0.465332 0.0283203 0.0341797
0 0.122685 0.00732422 0.194336 0.0146484 0.0429688
0 0.122739 0.679688 0.282715 0.0253906 0.0341797
0 0.122872 0.724121 0.118652 0.0576172 0.0849609
0 0.124616 0.483398 0.686523 0.0136719 0.0234375
0 0.125149 0.564453 0.422363 0.0136719 0.0185547
0 0.12591 0.198242 0.12793 0.0175781 0.0253906
0 0.125935 0.236328 0.784668 0.0273438 0.0478516
0 0.125985 0.624023 0.458008 0.0234375 0.0273438
0 0.12605 0.633301 0.361328 0.0380859 0.0332031
0 0.127273 0.490723 0.467773 0.0244141 0.0214844
0 0.130343 0.686035 0.707031 0.0517578 0.0351562
0 0.131556 0.300293 0.890625 0.0224609 0.0234375
0 0.131611 0.254395 0.320801 0.0205078 0.0263672
0 0.132464 0.410645 0.819824 0.0126953 0.0205078
0 0.132695 0.494629 0.851562 0.0361328 0.0351562
0 0.133122 0.283203 0.455566 0.0175781 0.0302734
0 0.133461 0.504883 0.293457 0.0195312 0.0224609
0 0.134543 0.387207 0.243164 0.0244141 0.0449219
0 0.13513 0.195312 0.912598 0.015625 0.0263672
0 0.137696 0.446289 0.103027 0.0273438 0.0322266
0 0.138067 0.810059 0.111328 0.0576172 0.0722656
0 0.139347 0.229492 0.958496 0.0195312 0.0439453
0 0.139471 0.30127 0.844727 0.0146484 0.0253906
0 0.139549 0.224121 0.203613 0.0283203 0.0341797
0 0.139553 0.144043 0.135254 0.0341797 0.0498047
0 0.140193 0.705078 0.363281 0.0253906 0.0273438
0 0.14033 0.737793 0.584961 0.0361328 0.0410156
0 0.14129 0.515137 0.626953 0.0166016 0.0214844
0 0.142193 0.869141 0.716797 0.0585938 0.0429688
0 0.142592 0.39502 0.260254 0.0380859 0.0556641
0 0.142777 0.659668 0.100098 0.0498047 0.0830078
0 0.14282 0.349121 0.107422 0.0185547 0.0449219
0 0.142974 0.389648 0.850098 0.0214844 0.0263672
0 0.143766 0.219238 0.0444336 0.0849609 0.0888672
0 0.145082 0.783203 0.0874023 0.0585938 0.0615234
0 0.145219 0.324219 0.831543 0.0195312 0.0341797
0 0.145507 0.694824 0.884766 0.0537109 0.0703125
0 0.145939 0.767578 0.916016 0.0507812 0.0625
0 0.146023 0.694824 0.285645 0.0537109 0.0400391
0 0.146129 0.196777 0.0429688 0.0361328 0.0644531
0 0.146728 0.140625 0.213867 0.0546875 0.0527344
0 0.146879 0.319336 0.821289 0.0292969 0.0566406
0 0.148715 0.564941 0.687988 0.0283203 0.0556641
0 0.149267 0.51123 0.18457 0.0224609 0.0332031
0 0.149314 0.26709 0.59668 0.0205078 0.0253906
0 0.150868 0.515625 0.474121 0.0117188 0.0205078
0 0.15106 0.67334 0.428223 0.0146484 0.0185547
0 0.151197 0.875488 0.856445 0.0458984 0.0625
0 0.151873 0.703125 0.89502 0.03125 0.0537109
0 0.152339 0.379395 0.848633 0.0302734 0.0273438
0 0.152597 0.676758 0.361816 0.03125 0.0302734
0 0.154159 0.347656 0.196289 0.0332031 0.0410156
0 0.155085 0.212891 0.160156 0.0351562 0.0683594
0 0.155118 0.315918 0.0888672 0.0322266 0.0449219
0 0.157166 0.230957 0.115723 0.0224609 0.0576172
0 0.157658 0.398438 0.0375977 0.0820312 0.0556641
0 0.158028 0.152832 0.22168 0.0322266 0.0292969
0 0.158169 0.352539 0.192383 0.0195312 0.0253906
0 0.158512 0.515625 0.248535 0.0136719 0.0380859
0 0.159598 0.294434 0.222656 0.0380859 0.0546875
0 0.16014 0.411621 0.940918 0.0166016 0.0302734
0 0.162817 0.664062 0.0654297 0.0429688 0.0429688
0 0.165084 0.615723 0.0209961 0.0419922 0.0380859
0 0.165267 0.466309 0.780762 0.0263672 0.0322266
0 0.165696 0.257812 0.354492 0.0234375 0.0253906
0 0.166745 0.22168 0.593262 0.0136719 0.0400391
0 0.167057 0.628906 0.347656 0.0117188 0.0195312
0 0.167852 0.160156 0.276855 0.0195312 0.0283203
0 0.16947 0.293945 0.927246 0.0234375 0.0302734
0 0.169585 0.717773 0.714355 0.0292969 0.0283203
0 0.169593 0.374023 0.173828 0.015625 0.0234375
0 0.169729 0.321289 0.793457 0.0195312 0.0322266
0 0.17058 0.144043 0.641602 0.0380859 0.0351562
0 0.17073 0.548828 0.257812 0.0214844 0.0527344
0 0.171525 0.488281 0.166992 0.0234375 0.0371094
0 0.173407 0.135742 0.373535 0.0214844 0.0322266
0 0.173447 0.863281 0.891602 0.0449219 0.0371094
0 0.173492 0.117676 0.216797 0.0283203 0.046875
0 0.173533 0.445312 0.0429688 0.0371094 0.0566406
0 0.174531 0.421387 0.152344 0.0166016 0.0195312
0 0.175347 0.681641 0.0957031 0.0996094 0.09375
0 0.1754 0.54834 0.193359 0.0341797 0.0488281
0 0.175513 0.446289 0.607422 0.0195312 0.0351562
0 0.176447 0.606445 0.0600586 0.0683594 0.0927734
0 0.178372 0.619141 0.881348 0.0195312 0.0244141
0 0.178839 0.532715 0.26416 0.0341797 0.0439453
0 0.179232 0.450195 0.24707 0.0117188 0.0195312
0 0.179532 0.68457 0.0185547 0.046875 0.0371094
0 0.180093 0.404297 0.272461 0.03125 0.03125
0 0.180633 0.280273 0.421875 0.00976562 0.0234375
0 0.181696 0.584961 0.463867 0.0175781 0.0351562
0 0.182216 0.786133 0.90918 0.0527344 0.0585938
0 0.182342 0.174805 0.665039 0.0351562 0.0507812
0 0.183967 0.234375 0.390625 0.0234375 0.0371094
0 0.184215 0.227539 0.0922852 0.0292969 0.0517578
0 0.185443 0.365723 0.839844 0.0205078 0.0371094
0 0.185515 0.15918 0.210449 0.0371094 0.0478516
0 0.185581 0.395508 0.199707 0.0175781 0.0205078
0 0.185749 0.458496 0.105957 0.0419922 0.0341797
0 0.186383 0.303223 0.924805 0.0244141 0.0292969
0 0.188612 0.462402 0.725586 0.0107422 0.0195312
0 0.188821 0.426758 0.203125 0.0234375 0.015625
0 0.190848 0.92041 0.435547 0.0771484 0.0566406
0 0.191983 0.771484 0.191406 0.0703125 0.125
0 0.192482 0.344238 0.708984 0.0107422 0.0175781
0 0.192705 0.652832 0.00976562 0.0341797 0.0175781
0 0.19333 0.625488 0.620605 0.0244141 0.0263672
0 0.193946 0.512207 0.41748 0.0146484 0.0244141
0 0.195003 0.473633 0.372559 0.0117188 0.0126953
0 0.195179 0.263672 0.543945 0.015625 0.0351562
0 0.1968 0.475586 0.418945 0.0136719 0.0234375
0 0.197878 0.247559 0.185059 0.0517578 0.0615234
0 0.198068 0.503418 0.848145 0.0205078 0.0263672
0 0.198576 0.218262 0.015625 0.0634766 0.03125
0 0.198922 0.51123 0.938477 0.0263672 0.0585938
0 0.199331 0.546875 0.424316 0.0078125 0.0205078
0 0.199596 0.17041 0.312012 0.0263672 0.0361328
0 0.200283 0.167969 0.206543 0.0292969 0.0322266
0 0.200368 0.76416 0.0810547 0.0458984 0.0566406
0 0.201283 0.441895 0.227539 0.0166016 0.0175781
0 0.201952 0.733398 0.578125 0.0234375 0.0273438
0 0.203547 0.319824 0.330078 0.0341797 0.03125
0 0.203594 0.125488 0.258789 0.0166016 0.0292969
0 0.205811 0.278809 0.765137 0.0107422 0.0302734
0 0.207434 0.441895 0.842285 0.0107422 0.0166016
0 0.20906 0.563965 0.20166 0.0380859 0.0517578
0 0.209691 0.199219 0.385254 0.0273438 0.0361328
0 0.210008 0.330078 0.188477 0.046875 0.0546875
0 0.210237 0.465332 0.287109 0.0341797 0.03125
0 0.210416 0.219238 0.608398 0.0244141 0.0605469
0 0.211404 0.183105 0.962402 0.0224609 0.0322266
0 0.211816 0.356934 0.770996 0.0302734 0.0224609
0 0.216425 0.535156 0.449219 0.00976562 0.0214844
0 0.219387 0.803711 0.578613 0.0273438 0.0302734
0 0.220213 0.46875 0.0566406 0.0625 0.0800781
0 0.222949 0.631836 0.289062 0.0234375 0.03125
0 0.224141 0.870117 0.394531 0.0390625 0.0390625
0 0.225036 0.233398 0.137695 0.0253906 0.046875
0 0.226005 0.658691 0.460449 0.0166016 0.0224609
0 0.226294 0.385742 0.23291 0.0195312 0.0205078
0 0.226542 0.216797 0.97168 0.0410156 0.0507812
0 0.2274 0.483398 0.433594 0.0214844 0.0371094
0 0.231516 0.43457 0.334961 0.0234375 0.0253906
0 0.232858 0.62793 0.429199 0.015625 0.0263672
0 0.233778 0.09375 0.635254 0.0292969 0.0302734
0 0.234579 0.0678711 0.831543 0.0185547 0.0205078
0 0.234898 0.570801 0.20752 0.0205078 0.0380859
0 0.236821 0.410156 0.868164 0.0253906 0.0449219
0 0.237007 0.710938 0.28125 0.0488281 0.0390625
0 0.237455 0.218262 0.194824 0.0361328 0.0576172
0 0.239846 0.0800781 0.164551 0.0390625 0.0556641
0 0.240308 0.398438 0.0898438 0.0136719 0.0410156
0 0.240663 0.493164 0.0161133 0.0390625 0.0322266
0 0.241152 0.618652 0.800781 0.0166016 0.0253906
0 0.243787 0.585938 0.358887 0.0175781 0.0166016
0 0.244705 0.432617 0.370605 0.0332031 0.0302734
0 0.247912 0.639648 0.0927734 0.0761719 0.0800781
0 0.249576 0.342773 0.299316 0.0136719 0.0185547
0 0.253082 0.606445 0.712402 0.0410156 0.0419922
0 0.253684 0.390625 0.771484 0.0117188 0.0253906
0 0.254602 0.716797 0.908691 0.0566406 0.0556641
0 0.255038 0.492188 0.327637 0.0117188 0.0263672
0 0.256849 0.19873 0.135254 0.0263672 0.0400391
0 0.257244 0.203613 0.43457 0.0263672 0.0488281
0 0.258901 0.286133 0.351074 0.0292969 0.0322266
0 0.260544 0.302246 0.584961 0.0439453 0.0507812
0 0.261299 0.155273 0.645996 0.0566406 0.0498047
0 0.263253 0.621094 0.215332 0.0449219 0.0654297
0 0.263331 0.344238 0.986816 0.0166016 0.0263672
0 0.265282 0.338867 0.950684 0.0136719 0.0263672
0 0.267021 0.243164 0.428223 0.0136719 0.0244141
0 0.26889 0.394531 0.461426 0.0273438 0.0224609
0 0.276063 0.415527 0.458008 0.0185547 0.0195312
0 0.277386 0.357422 0.44043 0.0273438 0.0351562
0 0.283488 0.0581055 0.0571289 0.100586 0.0947266
0 0.284066 0.459473 0.0356445 0.0693359 0.0615234
0 0.286058 0.523438 0.320801 0.0117188 0.0224609
0 0.28876 0.230957 0.842773 0.0322266 0.0429688
0 0.289838 0.659668 0.705078 0.0263672 0.0351562
0 0.299051 0.32959 0.326172 0.0166016 0.0273438
0 0.304119 0.257324 0.0463867 0.0380859 0.0869141
0 0.305567 0.484863 0.0380859 0.0478516 0.0605469
0 0.305788 0.679199 0.946777 0.0283203 0.0400391
0 0.311114 0.49707 0.127441 0.0253906 0.0361328
0 0.312745 0.861816 0.106934 0.0419922 0.0478516
0 0.313125 0.407715 0.751465 0.0185547 0.0224609
0 0.315929 0.243652 0.383301 0.0361328 0.0458984
0 0.315999 0.600098 0.835449 0.0244141 0.0419922
0 0.319113 0.342285 0.449219 0.0478516 0.0371094
0 0.32622 0.538086 0.0800781 0.0175781 0.0273438
0 0.327721 0.158691 0.0927734 0.0576172 0.0527344
0 0.329262 0.463867 0.336426 0.00976562 0.0244141
0 0.331875 0.705078 0.710938 0.0527344 0.03125
0 0.332153 0.289062 0.136719 0.0332031 0.0449219
0 0.332506 0.180664 0.599121 0.0410156 0.0576172
0 0.335252 0.334961 0.453613 0.0292969 0.0263672
0 0.335447 0.291016 0.318848 0.0449219 0.0419922
0 0.335579 0.20752 0.0288086 0.0595703 0.0576172
0 0.337382 0.0688477 0.34668 0.0400391 0.046875
0 0.337718 0.216309 0.339355 0.0126953 0.0185547
0 0.340727 0.432129 0.0791016 0.0302734 0.0507812
0 0.342612 0.867676 0.456055 0.0302734 0.0292969
0 0.344949 0.405762 0.459473 0.0361328 0.0224609
0 0.345628 0.469727 0.0991211 0.0449219 0.0478516
0 0.346323 0.61377 0.0913086 0.0517578 0.0791016
0 0.347666 0.541992 0.850098 0.0429688 0.0400391
0 0.348367 0.484863 0.0551758 0.0361328 0.0458984
0 0.351865 0.257812 0.383301 0.0390625 0.0498047
0 0.360393 0.547363 0.779297 0.0166016 0.0253906
0 0.361331 0.317383 0.838867 0.0332031 0.0449219
0 0.364143 0.268555 0.390137 0.0195312 0.0400391
0 0.36544 0.185059 0.822754 0.0224609 0.0380859
0 0.373707 0.104004 0.845703 0.0263672 0.0410156
0 0.380865 0.11084 0.939941 0.0478516 0.0849609
0 0.387054 0.521484 0.265625 0.015625 0.0292969
0 0.390209 0.361328 0.833496 0.015625 0.0263672
0 0.390594 0.309082 0.0371094 0.0458984 0.0742188
0 0.393127 0.279297 0.316895 0.0234375 0.0380859
0 0.395593 0.592773 0.027832 0.0625 0.0498047
0 0.399724 0.300781 0.42334 0.0195312 0.0166016
0 0.401734 0.34375 0.120117 0.0292969 0.0507812
0 0.405567 0.313965 0.173828 0.0244141 0.0332031
0 0.405656 0.395996 0.320801 0.0146484 0.0224609
0 0.407264 0.289062 0.338867 0.0332031 0.0527344
0 0.409078 0.0463867 0.681152 0.0634766 0.0693359
0 0.414968 0.666016 0.313965 0.0175781 0.0205078
0 0.420999 0.26123 0.179199 0.0302734 0.0556641
0 0.424538 0.419434 0.244629 0.0224609 0.0458984
0 0.425968 0.387207 0.40332 0.0166016 0.03125
0 0.429931 0.37793 0.932617 0.0351562 0.0488281
0 0.432764 0.291992 0.984863 0.0351562 0.0302734
0 0.433 0.505859 0.19043 0.0332031 0.0507812
0 0.441527 0.20459 0.306641 0.0244141 0.0429688
0 0.443169 0.45166 0.155762 0.0205078 0.0244141
0 0.445462 0.450195 0.280273 0.0195312 0.0292969
0 0.457052 0.477051 0.29248 0.0205078 0.0302734
0 0.457927 0.490234 0.254395 0.0175781 0.0205078
0 0.461382 0.645996 0.361328 0.0185547 0.0253906
0 0.463078 0.54834 0.359375 0.0439453 0.03125
0 0.501657 0.306152 0.322754 0.0263672 0.0458984
0 0.502137 0.766602 0.583008 0.03125 0.0351562
0 0.516353 0.61084 0.361328 0.0205078 0.0332031
0 0.526455 0.604492 0.308105 0.0136719 0.0283203
0 0.533467 0.35498 0.342285 0.0322266 0.0244141
0 0.540625 0.537109 0.0166016 0.0585938 0.03125
0 0.55415 0.294434 0.246582 0.0322266 0.0732422
0 0.555342 0.706543 0.106445 0.0537109 0.0820312
0 0.556751 0.381836 0.0439453 0.0449219 0.046875
