0 0.102938 0.35498 0.453613 0.0185547 0.0283203
0 0.107967 0.582031 0.831543 0.03125 0.0478516
0 0.109289 0.657227 0.128418 0.0214844 0.0283203
0 0.109514 0.449219 0.147461 0.0214844 0.0273438
0 0.112362 0.417969 0.418457 0.0253906 0.0283203
0 0.11649 0.408203 0.184082 0.0175781 0.0380859
0 0.11905 0.339844 0.594727 0.0175781 0.0292969
0 0.12231 0.377441 0.322754 0.0146484 0.0185547
0 0.12235 0.930664 0.536133 0.0664062 0.09375
0 0.134677 0.632324 0.103516 0.0244141 0.0292969
0 0.140262 0.638672 0.584473 0.0371094 0.0458984
0 0.142544 0.497559 0.192383 0.0107422 0.0136719
0 0.146611 0.82959 0.791016 0.0654297 0.0449219
0 0.151055 0.763184 0.97998 0.0478516 0.0341797
0 0.152232 0.771973 0.0737305 0.0400391 0.0439453
0 0.164198 0.503418 0.455078 0.0126953 0.0273438
0 0.164382 0.851562 0.873047 0.0546875 0.0644531
0 0.176611 0.043457 0.193359 0.0341797 0.0429688
0 0.176951 0.722656 0.21582 0.0175781 0.0292969
0 0.18337 0.317871 0.427246 0.0341797 0.0458984
0 0.192805 0.784668 0.406738 0.0224609 0.0283203
0 0.213341 0.0800781 0.208984 0.0234375 0.0449219
0 0.214015 0.583496 0.577637 0.0380859 0.0556641
0 0.217517 0.764648 0.509766 0.03125 0.0351562
0 0.225744 0.483887 0.808594 0.0302734 0.0410156
0 0.231428 0.438965 0.150879 0.0224609 0.0322266
0 0.250986 0.467773 0.490234 0.0136719 0.0253906
0 0.252154 0.745605 0.586426 0.0302734 0.0244141
0 0.257592 0.469727 0.140137 0.0136719 0.0283203
0 0.260288 0.432617 0.777344 0.03125 0.0449219
0 0.276024 0.0693359 0.483887 0.0332031 0.0244141
0 0.302243 0.522949 0.569824 0.0244141 0.0302734
0 0.30464 0.47168 0.259766 0.0195312 0.0507812
0 0.31734 0.428711 0.272461 0.0253906 0.046875
0 0.350839 0.356934 0.241699 0.0166016 0.0380859
0 0.367715 0.693848 0.459961 0.0380859 0.0507812
0 0.417036 0.514648 0.222656 0.0175781 0.0371094
0 0.478074 0.194824 0.476074 0.0458984 0.0380859
