0 0.100871 0.244629 0.376953 0.0302734 0.0371094
0 0.101661 0.109863 0.98291 0.0263672 0.0341797
0 0.108294 0.334473 0.334473 0.0185547 0.0166016
0 0.112707 0.226074 0.255859 0.0400391 0.0332031
0 0.113601 0.182129 0.658691 0.0263672 0.0341797
0 0.114225 0.42334 0.241699 0.0498047 0.0458984
0 0.117562 0.0688477 0.831543 0.0400391 0.0400391
0 0.118896 0.134277 0.202148 0.0537109 0.0429688
0 0.120341 0.431152 0.931152 0.0537109 0.0810547
0 0.12617 0.228516 0.370605 0.0488281 0.0439453
0 0.128188 0.0751953 0.251953 0.0546875 0.0371094
0 0.130288 0.896484 0.506836 0.0429688 0.0566406
0 0.13377 0.0600586 0.245605 0.0263672 0.0263672
0 0.13668 0.15332 0.383301 0.0351562 0.0478516
0 0.138466 0.439941 0.397949 0.0244141 0.0283203
0 0.139895 0.598145 0.383789 0.0361328 0.0488281
0 0.144684 0.377441 0.737305 0.0185547 0.0351562
0 0.14592 0.193848 0.189941 0.0439453 0.0478516
0 0.147548 0.260742 0.0141602 0.0683594 0.0224609
0 0.147595 0.1875 0.463867 0.0253906 0.0410156
0 0.15071 0.180176 0.925781 0.0439453 0.0507812
0 0.151042 0.0942383 0.29834 0.0263672 0.0302734
0 0.151602 0.118652 0.191406 0.0322266 0.0507812
0 0.155512 0.486816 0.882324 0.0771484 0.0634766
0 0.159775 0.1875 0.257812 0.0703125 0.0390625
0 0.160324 0.142578 0.674805 0.0234375 0.0292969
0 0.161574 0.236328 0.160156 0.0507812 0.0507812
0 0.162697 0.380371 0.80127 0.0244141 0.0361328
0 0.165658 0.0141602 0.179199 0.0244141 0.0263672
0 0.165746 0.815918 0.512207 0.0419922 0.0498047
0 0.166561 0.224121 0.944824 0.0322266 0.0576172
0 0.170992 0.118164 0.181152 0.0234375 0.0302734
0 0.171622 0.356934 0.311523 0.0263672 0.0351562
0 0.172913 0.0654297 0.370605 0.0273438 0.0478516
0 0.17301 0.0869141 0.335449 0.0273438 0.0244141
0 0.180515 0.20459 0.336426 0.0361328 0.0478516
0 0.180531 0.16748 0.270508 0.0283203 0.03125
0 0.183772 0.22998 0.716309 0.0283203 0.0537109
0 0.185282 0.214844 0.36084 0.0351562 0.0537109
0 0.185865 0.117188 0.895996 0.0371094 0.0361328
0 0.187861 0.214355 0.318848 0.0224609 0.0283203
0 0.195697 0.186035 0.663086 0.0166016 0.0234375
0 0.198328 0.245117 0.425293 0.0214844 0.0263672
0 0.211671 0.129883 0.980957 0.0664062 0.0302734
0 0.212557 0.230957 0.672363 0.0283203 0.0419922
0 0.214777 0.0849609 0.397461 0.0449219 0.0390625
0 0.215132 0.417969 0.819824 0.0351562 0.0419922
0 0.218204 0.486328 0.441406 0.0175781 0.0175781
0 0.22108 0.403809 0.256348 0.0244141 0.0341797
0 0.226146 0.546387 0.787598 0.0224609 0.0322266
0 0.227422 0.435059 0.23291 0.0361328 0.0400391
0 0.239302 0.199219 0.34082 0.0234375 0.0273438
0 0.255318 0.312988 0.959961 0.0419922 0.0742188
0 0.257909 0.453613 0.475098 0.0146484 0.0263672
0 0.267299 0.0454102 0.177734 0.0263672 0.0332031
0 0.280868 0.0908203 0.257324 0.0449219 0.0380859
0 0.303555 0.327148 0.445801 0.015625 0.0185547
0 0.305404 0.211426 0.252441 0.0634766 0.0439453
0 0.322584 0.139648 0.245605 0.0332031 0.0322266
0 0.329437 0.0908203 0.205078 0.0390625 0.0390625
0 0.343256 0.322266 0.740723 0.0371094 0.0400391
0 0.391291 0.0629883 0.595703 0.0361328 0.0410156
