0 0.100686 0.197266 0.585938 0.0390625 0.0410156
0 0.103427 0.231445 0.802734 0.0273438 0.0351562
0 0.103436 0.644531 0.26709 0.0195312 0.0244141
0 0.107823 0.584473 0.179199 0.0126953 0.0244141
0 0.110152 0.81543 0.178711 0.0351562 0.046875
0 0.113058 0.414551 0.470215 0.00878906 0.0185547
0 0.116464 0.51416 0.326172 0.0107422 0.0234375
0 0.121353 0.457031 0.237793 0.0214844 0.0263672
0 0.130901 0.359375 0.050293 0.0234375 0.0380859
0 0.131595 0.442383 0.330566 0.0253906 0.0341797
0 0.133157 0.199219 0.590332 0.0253906 0.0263672
0 0.142807 0.488281 0.105957 0.0195312 0.0283203
0 0.15073 0.753906 0.254883 0.0175781 0.0273438
0 0.162013 0.828125 0.333008 0.0390625 0.0292969
0 0.167592 0.365723 0.513184 0.0185547 0.0263672
0 0.19222 0.310547 0.310059 0.0214844 0.0244141
0 0.194204 0.858398 0.437988 0.0273438 0.0283203
0 0.251888 0.435059 0.445801 0.0185547 0.0205078
0 0.265311 0.497559 0.380859 0.0283203 0.0195312
0 0.280129 0.303711 0.166016 0.0234375 0.0332031
0 0.346093 0.475098 0.456543 0.0185547 0.0263672
0 0.509896 0.578613 0.350586 0.0341797 0.0449219
