0 0.100321 0.439453 0.313477 0.0566406 0.0859375
0 0.107096 0.389648 0.0581055 0.0117188 0.0302734
0 0.111849 0.0249023 0.043457 0.0478516 0.0693359
0 0.120247 0.179199 0.034668 0.0224609 0.0517578
0 0.12029 0.69043 0.241699 0.0410156 0.0419922
0 0.121887 0.619629 0.17041 0.0361328 0.0458984
0 0.124528 0.0742188 0.297852 0.0214844 0.0410156
0 0.12458 0.162598 0.240723 0.0439453 0.0322266
0 0.131036 0.61377 0.152344 0.0146484 0.0253906
0 0.131112 0.350098 0.0336914 0.0244141 0.0322266
0 0.133715 0.67334 0.179688 0.0361328 0.0585938
0 0.134406 0.750977 0.0610352 0.0410156 0.0908203
0 0.160661 0.644531 0.0830078 0.0390625 0.0585938
0 0.164066 0.589844 0.266113 0.0273438 0.0439453
0 0.213792 0.611328 0.182617 0.0546875 0.0664062
0 0.259265 0.215332 0.302734 0.0185547 0.0214844
0 0.35299 0.354492 0.354492 0.0292969 0.0234375
0 0.356439 0.0932617 0.22168 0.0380859 0.0429688
0 0.505581 0.282715 0.0917969 0.0283203 0.0332031
0 0.584227 0.0249023 0.269531 0.0458984 0.0390625
