0 0.103175 0.671387 0.905273 0.0185547 0.0273438
0 0.104088 0.73291 0.668945 0.0244141 0.0351562
0 0.104281 0.27002 0.308105 0.0283203 0.0439453
0 0.10463 0.254883 0.536133 0.015625 0.0351562
0 0.107219 0.78418 0.252441 0.0234375 0.0263672
0 0.10767 0.522949 0.078125 0.0263672 0.0332031
0 0.109928 0.379883 0.00927734 0.0332031 0.0146484
0 0.110762 0.497559 0.301758 0.0126953 0.0195312
0 0.110849 0.521973 0.634277 0.0126953 0.0185547
0 0.110933 0.520996 0.283691 0.0146484 0.0185547
0 0.114943 0.907227 0.315918 0.0234375 0.0380859
0 0.115256 0.38623 0.571777 0.0185547 0.0341797
0 0.115962 0.315918 0.35791 0.0400391 0.0458984
0 0.11858 0.245117 0.446777 0.0214844 0.0458984
0 0.121116 0.267578 0.0224609 0.0351562 0.0371094
0 0.121205 0.320312 0.602539 0.00976562 0.0234375
0 0.121431 0.228516 0.0957031 0.0253906 0.0332031
0 0.123731 0.265137 0.447754 0.0224609 0.0380859
0 0.123874 0.496582 0.378418 0.0244141 0.0283203
0 0.124444 0.197754 0.189941 0.0185547 0.0302734
0 0.128613 0.458984 0.03125 0.0527344 0.0585938
0 0.129505 0.853516 0.294434 0.0175781 0.0263672
0 0.129537 0.186523 0.295898 0.0449219 0.0566406
0 0.130736 0.892578 0.234375 0.0195312 0.0253906
0 0.130989 0.101074 0.263184 0.0283203 0.0654297
0 0.133968 0.335938 0.541016 0.015625 0.0253906
0 0.134723 0.0668945 0.216797 0.0302734 0.046875
0 0.135255 0.769531 0.37207 0.0429688 0.0527344
0 0.136578 0.321777 0.145508 0.0185547 0.0195312
0 0.137176 0.0932617 0.37207 0.0224609 0.0410156
0 0.139433 0.367676 0.166016 0.0322266 0.0429688
0 0.141715 0.109375 0.179688 0.0234375 0.015625
0 0.142298 0.130371 0.153809 0.0341797 0.0419922
0 0.142545 0.427246 0.331055 0.0166016 0.0253906
0 0.143867 0.365723 0.00683594 0.0302734 0.0136719
0 0.148381 0.746094 0.285156 0.03125 0.0292969
0 0.149575 0.904785 0.383789 0.0380859 0.0507812
0 0.153535 0.497559 0.586426 0.00878906 0.0205078
0 0.153663 0.435547 0.427734 0.0136719 0.0195312
0 0.15401 0.513672 0.0444336 0.0136719 0.0244141
0 0.156471 0.35791 0.417969 0.0244141 0.0253906
0 0.156899 0.825684 0.260742 0.0244141 0.0332031
0 0.159217 0.955078 0.22998 0.0371094 0.0478516
0 0.16368 0.226074 0.715332 0.0341797 0.0537109
0 0.165982 0.49707 0.0200195 0.0175781 0.0322266
0 0.172655 0.418457 0.580078 0.0224609 0.0253906
0 0.185971 0.317383 0.0546875 0.0332031 0.0292969
0 0.193271 0.348145 0.134277 0.0185547 0.0205078
0 0.201379 0.334961 0.210449 0.0449219 0.0361328
0 0.202985 0.254395 0.454102 0.0341797 0.0410156
0 0.210764 0.0532227 0.371582 0.0361328 0.0498047
0 0.212702 0.466309 0.589844 0.0244141 0.0195312
0 0.214492 0.246094 0.305176 0.0390625 0.0654297
0 0.220848 0.931641 0.26709 0.0253906 0.0419922
0 0.236721 0.304199 0.446289 0.0146484 0.0253906
0 0.243056 0.866211 0.335449 0.0507812 0.0419922
0 0.267526 0.289551 0.081543 0.0244141 0.0400391
0 0.276585 0.316406 0.0395508 0.0507812 0.0517578
0 0.281603 0.396484 0.0615234 0.0234375 0.0390625
0 0.297497 0.816406 0.311035 0.015625 0.0224609
0 0.303002 0.398926 0.119629 0.0244141 0.0419922
0 0.337529 0.443359 0.169434 0.0371094 0.0361328
0 0.338524 0.260254 0.134766 0.0185547 0.0273438
0 0.339404 0.304199 0.0263672 0.0283203 0.0390625
0 0.358068 0.331055 0.0439453 0.0371094 0.046875
0 0.372279 0.404785 0.34082 0.0380859 0.0332031
0 0.380176 0.241699 0.182129 0.0302734 0.0380859
0 0.380673 0.822266 0.597656 0.0253906 0.0292969
0 0.402577 0.495605 0.160645 0.0185547 0.0166016
0 0.52629 0.372559 0.0400391 0.0322266 0.0390625
