0 0.101284 0.384766 0.534668 0.015625 0.0146484
0 0.1018 0.384277 0.473145 0.0146484 0.0224609
0 0.102116 0.268066 0.108398 0.0224609 0.0292969
0 0.10449 0.691406 0.235352 0.03125 0.0605469
0 0.107486 0.321777 0.0102539 0.0478516 0.0146484
0 0.10788 0.245605 0.119629 0.0205078 0.0283203
0 0.108617 0.231445 0.106934 0.0175781 0.0224609
0 0.10963 0.255859 0.0107422 0.0292969 0.0175781
0 0.10988 0.258301 0.114258 0.0380859 0.0351562
0 0.110402 0.57373 0.338867 0.0185547 0.0292969
0 0.11422 0.470215 0.131348 0.00878906 0.0166016
0 0.115854 0.330078 0.0170898 0.0410156 0.0283203
0 0.122775 0.495605 0.0458984 0.0107422 0.0195312
0 0.124717 0.544922 0.197266 0.0273438 0.0507812
0 0.126437 0.611328 0.46875 0.0195312 0.03125
0 0.129752 0.290039 0.0351562 0.0175781 0.0292969
0 0.132368 0.584473 0.134766 0.0224609 0.0214844
0 0.132381 0.447266 0.126465 0.00976562 0.0205078
0 0.132762 0.334473 0.116699 0.0244141 0.0361328
0 0.134577 0.401855 0.321289 0.0283203 0.0253906
0 0.136028 0.152832 0.126465 0.0361328 0.0400391
0 0.140524 0.477051 0.034668 0.0126953 0.0185547
0 0.143029 0.535645 0.437988 0.0146484 0.0263672
0 0.144796 0.596191 0.561523 0.0126953 0.0175781
0 0.150027 0.65918 0.20752 0.0390625 0.0458984
0 0.150729 0.519043 0.410645 0.0244141 0.0283203
0 0.151747 0.450684 0.318848 0.0146484 0.0166016
0 0.154367 0.669922 0.015625 0.0351562 0.0273438
0 0.154455 0.567871 0.667969 0.0224609 0.0234375
0 0.157903 0.411621 0.243652 0.0166016 0.0185547
0 0.165759 0.120605 0.456543 0.0361328 0.0322266
0 0.169264 0.32373 0.110352 0.0166016 0.0234375
0 0.170291 0.573242 0.266113 0.0195312 0.0244141
0 0.17365 0.611816 0.0551758 0.0166016 0.0283203
0 0.173856 0.413574 0.165527 0.0107422 0.0166016
0 0.174339 0.341797 0.119629 0.015625 0.0263672
0 0.174461 0.335938 0.310547 0.0390625 0.0410156
0 0.177099 0.471191 0.0795898 0.0166016 0.0244141
0 0.184787 0.143555 0.121094 0.0273438 0.0292969
0 0.188677 0.581055 0.334473 0.0332031 0.0439453
0 0.195438 0.547852 0.347656 0.00976562 0.0195312
0 0.198602 0.168457 0.220215 0.0224609 0.0322266
0 0.203652 0.499023 0.454102 0.0117188 0.015625
0 0.204926 0.257812 0.227539 0.0351562 0.0507812
0 0.21369 0.459473 0.493164 0.0263672 0.0390625
0 0.220644 0.596191 0.432129 0.0205078 0.0341797
0 0.227205 0.353027 0.486816 0.0205078 0.0263672
0 0.236461 0.303711 0.137207 0.0292969 0.0380859
0 0.24378 0.384277 0.166504 0.0126953 0.0166016
0 0.246001 0.549316 0.0146484 0.0126953 0.0253906
0 0.256384 0.454102 0.164062 0.0078125 0.0234375
0 0.257863 0.375488 0.236328 0.0283203 0.0253906
0 0.268854 0.21582 0.239258 0.0507812 0.0605469
0 0.309637 0.198242 0.131348 0.0234375 0.0361328
0 0.321722 0.265625 0.0493164 0.0390625 0.0263672
0 0.330655 0.385254 0.351074 0.0380859 0.0224609
0 0.392857 0.648438 0.373047 0.0195312 0.0253906
