0 0.101038 0.338867 0.73291 0.0214844 0.0205078
0 0.101159 0.301758 0.303223 0.0332031 0.0537109
0 0.105841 0.698242 0.0585938 0.015625 0.0332031
0 0.105985 0.490723 0.108398 0.0166016 0.03125
0 0.107046 0.345703 0.356934 0.0136719 0.0283203
0 0.107501 0.428223 0.113281 0.0361328 0.0371094
0 0.107915 0.535156 0.0908203 0.0449219 0.0742188
0 0.109449 0.593262 0.0551758 0.0439453 0.104492
0 0.110395 0.845703 0.379883 0.0195312 0.03125
0 0.110621 0.509766 0.483887 0.0234375 0.0322266
0 0.111521 0.416504 0.0356445 0.0576172 0.0634766
0 0.111713 0.123047 0.295898 0.0683594 0.0664062
0 0.112452 0.743164 0.127441 0.0449219 0.0576172
0 0.112738 0.616699 0.666992 0.0458984 0.0527344
0 0.114621 0.287109 0.359375 0.03125 0.0429688
0 0.115552 0.210938 0.864258 0.0234375 0.0546875
0 0.116267 0.55957 0.340332 0.03125 0.0439453
0 0.124698 0.768555 0.333984 0.03125 0.0351562
0 0.126692 0.347168 0.366211 0.0205078 0.0449219
0 0.126789 0.137207 0.282227 0.0576172 0.0566406
0 0.12857 0.181641 0.117188 0.0683594 0.0742188
0 0.12875 0.476562 0.626953 0.0214844 0.0234375
0 0.129117 0.382324 0.379883 0.0302734 0.0234375
0 0.13067 0.410645 0.84082 0.0205078 0.0234375
0 0.135697 0.412598 0.342285 0.0244141 0.0263672
0 0.137257 0.31543 0.0571289 0.0878906 0.102539
0 0.13779 0.508301 0.09375 0.0185547 0.0332031
0 0.143001 0.532715 0.110352 0.0283203 0.0527344
0 0.144744 0.192383 0.322754 0.046875 0.0380859
0 0.146812 0.47168 0.754395 0.0214844 0.0224609
0 0.147773 0.0810547 0.279297 0.0527344 0.0488281
0 0.157435 0.439941 0.0800781 0.0478516 0.0507812
0 0.158756 0.133789 0.0756836 0.046875 0.0712891
0 0.158929 0.685547 0.972656 0.0429688 0.046875
0 0.159587 0.164551 0.131348 0.0361328 0.0654297
0 0.159629 0.486816 0.251465 0.0419922 0.0478516
0 0.163051 0.248535 0.733398 0.0400391 0.0449219
0 0.163283 0.378418 0.276367 0.0322266 0.0351562
0 0.164523 0.455566 0.524902 0.0322266 0.0595703
0 0.168274 0.255371 0.157715 0.0517578 0.0498047
0 0.170233 0.599609 0.85791 0.0371094 0.0517578
0 0.170239 0.273926 0.0385742 0.116211 0.0751953
0 0.172436 0.351562 0.379395 0.0175781 0.0244141
0 0.17696 0.425293 0.0664062 0.0439453 0.0488281
0 0.177261 0.704102 0.180664 0.0351562 0.046875
0 0.188627 0.753418 0.11084 0.0634766 0.0849609
0 0.189849 0.3125 0.375488 0.0371094 0.0458984
0 0.192088 0.315918 0.132812 0.0224609 0.0234375
0 0.213566 0.672363 0.361816 0.0361328 0.0458984
0 0.214006 0.230469 0.117676 0.0585938 0.0771484
0 0.224855 0.35498 0.820801 0.0166016 0.0224609
0 0.227261 0.375 0.0673828 0.0800781 0.0976562
0 0.230153 0.729004 0.365723 0.0205078 0.0302734
0 0.239116 0.609863 0.112305 0.0341797 0.0527344
0 0.241037 0.671387 0.409668 0.0244141 0.0283203
0 0.242066 0.284668 0.215332 0.0283203 0.0576172
0 0.252421 0.425781 0.0751953 0.0292969 0.03125
0 0.259277 0.442383 0.169434 0.03125 0.0361328
0 0.266558 0.651855 0.479492 0.0322266 0.0429688
0 0.280296 0.171875 0.214844 0.0527344 0.0507812
0 0.283376 0.472656 0.14209 0.0253906 0.0283203
0 0.300736 0.515137 0.0253906 0.0439453 0.046875
0 0.329153 0.461426 0.0898438 0.0283203 0.0625
0 0.341314 0.161621 0.271973 0.0498047 0.0498047
0 0.359551 0.371094 0.790039 0.0234375 0.0292969
0 0.364155 0.488281 0.309082 0.0332031 0.0400391
0 0.374081 0.415039 0.291992 0.0351562 0.0605469
0 0.376141 0.363281 0.282227 0.0585938 0.0371094
0 0.387104 0.469727 0.0268555 0.0488281 0.0458984
0 0.401829 0.652344 0.0478516 0.0605469 0.0878906
0 0.405153 0.12207 0.311523 0.046875 0.0507812
0 0.405559 0.238281 0.304199 0.0527344 0.0419922
0 0.427456 0.078125 0.723145 0.0292969 0.0322266
0 0.429784 0.348633 0.161621 0.046875 0.0556641
0 0.43665 0.189453 0.207031 0.046875 0.0488281
0 0.453534 0.666992 0.122559 0.03125 0.0322266
0 0.462764 0.592285 0.0244141 0.0361328 0.0449219
0 0.481156 0.43457 0.164062 0.0195312 0.0371094
0 0.494067 0.455566 0.17627 0.0283203 0.0283203
0 0.598241 0.212402 0.267578 0.0380859 0.0507812
