0 0.102195 0.101074 0.0942383 0.0458984 0.0537109
0 0.103027 0.0683594 0.190918 0.0175781 0.0380859
0 0.103725 0.300781 0.308594 0.0429688 0.0371094
0 0.103866 0.312988 0.234863 0.0830078 0.0810547
0 0.10654 0.654297 0.141113 0.0292969 0.0322266
0 0.123746 0.231445 0.131836 0.0449219 0.0546875
0 0.127529 0.66748 0.104004 0.0400391 0.0556641
0 0.141641 0.245605 0.0175781 0.0615234 0.0351562
0 0.160216 0.318848 0.267578 0.0439453 0.0390625
0 0.160521 0.803223 0.0649414 0.0263672 0.0439453
0 0.201995 0.11377 0.177734 0.0341797 0.046875
0 0.215454 0.102539 0.167969 0.0546875 0.0644531
0 0.221687 0.842773 0.290527 0.0566406 0.0361328
0 0.310853 0.840332 0.129883 0.0517578 0.0371094
