0 0.10272 0.243164 0.536133 0.0234375 0.03125
0 0.104235 0.742676 0.885254 0.0361328 0.0419922
0 0.105445 0.92334 0.460938 0.0341797 0.0507812
0 0.10789 0.383789 0.0400391 0.03125 0.0664062
0 0.112492 0.412598 0.0283203 0.0576172 0.0546875
0 0.119491 0.379883 0.0439453 0.015625 0.0585938
0 0.120698 0.547363 0.962402 0.0224609 0.0380859
0 0.122098 0.543945 0.115723 0.0371094 0.0380859
0 0.122187 0.463867 0.133789 0.0429688 0.0878906
0 0.128227 0.632812 0.767578 0.03125 0.0507812
0 0.129213 0.236816 0.479004 0.0302734 0.0283203
0 0.135307 0.770508 0.824219 0.0253906 0.0410156
0 0.135381 0.583008 0.164551 0.0488281 0.0556641
0 0.13679 0.836426 0.408691 0.0556641 0.0400391
0 0.139944 0.60791 0.0229492 0.0927734 0.0458984
0 0.140762 0.553711 0.262695 0.0546875 0.0683594
0 0.147437 0.735352 0.949707 0.0214844 0.0439453
0 0.150762 0.743164 0.709473 0.0253906 0.0302734
0 0.154233 0.59082 0.76709 0.0195312 0.0283203
0 0.155936 0.700684 0.666992 0.0595703 0.0605469
0 0.162975 0.686523 0.780762 0.0371094 0.0673828
0 0.175435 0.604004 0.807617 0.0439453 0.0449219
0 0.203209 0.697754 0.602539 0.0244141 0.0371094
0 0.261293 0.562012 0.17627 0.0341797 0.0556641
0 0.26639 0.530762 0.0595703 0.0458984 0.0546875
0 0.272779 0.498535 0.166992 0.0322266 0.0410156
0 0.478208 0.501953 0.777832 0.03125 0.0712891
