0 0.10008 0.302734 0.0185547 0.0214844 0.0371094
0 0.101371 0.119141 0.82373 0.0546875 0.0517578
0 0.101502 0.197754 0.151367 0.0205078 0.0214844
0 0.101736 0.117188 0.242676 0.0429688 0.0791016
0 0.105064 0.192871 0.418457 0.0576172 0.0556641
0 0.105783 0.487793 0.319336 0.0185547 0.0273438
0 0.108845 0.443359 0.439941 0.0195312 0.0283203
0 0.109631 0.479004 0.458008 0.0263672 0.0214844
0 0.110025 0.230469 0.760254 0.0449219 0.0576172
0 0.110333 0.384766 0.0166016 0.0292969 0.0332031
0 0.110506 0.0888672 0.432617 0.0996094 0.0605469
0 0.110588 0.434082 0.180176 0.0166016 0.0302734
0 0.110701 0.249512 0.168457 0.0263672 0.0322266
0 0.114254 0.301758 0.308594 0.0175781 0.0214844
0 0.115304 0.278809 0.0268555 0.0146484 0.0419922
0 0.115749 0.321289 0.647461 0.0175781 0.0195312
0 0.115751 0.419434 0.0170898 0.0185547 0.0341797
0 0.117323 0.403809 0.356445 0.0224609 0.0253906
0 0.117641 0.413086 0.499023 0.0292969 0.046875
0 0.117918 0.198242 0.195312 0.0214844 0.0253906
0 0.118365 0.65625 0.352539 0.00976562 0.0136719
0 0.118883 0.429199 0.0869141 0.0439453 0.0488281
0 0.119111 0.42041 0.110352 0.0322266 0.0585938
0 0.119968 0.168457 0.474609 0.0263672 0.0546875
0 0.120095 0.558594 0.584473 0.0214844 0.0263672
0 0.122019 0.259277 0.293945 0.0185547 0.03125
0 0.123317 0.75293 0.722168 0.00976562 0.0185547
0 0.125083 0.515137 0.241211 0.0244141 0.0273438
0 0.125816 0.127441 0.45166 0.0224609 0.0380859
0 0.127065 0.0854492 0.326172 0.0400391 0.0390625
0 0.132242 0.477051 0.0869141 0.00878906 0.0234375
0 0.132727 0.910645 0.518555 0.0244141 0.0214844
0 0.137001 0.498535 0.194336 0.0205078 0.0234375
0 0.138822 0.486328 0.216797 0.0195312 0.03125
0 0.14059 0.623535 0.0898438 0.0146484 0.0214844
0 0.145693 0.333008 0.234375 0.0175781 0.03125
0 0.148005 0.393066 0.0224609 0.0361328 0.0429688
0 0.150125 0.178223 0.344238 0.0361328 0.0517578
0 0.150668 0.246094 0.271484 0.0195312 0.0234375
0 0.153114 0.494629 0.0507812 0.0205078 0.0332031
0 0.153669 0.0517578 0.73584 0.0371094 0.0244141
0 0.154968 0.64502 0.275879 0.0185547 0.0263672
0 0.155468 0.164062 0.302734 0.0585938 0.046875
0 0.156021 0.213379 0.841797 0.0556641 0.0742188
0 0.157689 0.327637 0.314941 0.0283203 0.0283203
0 0.160127 0.562988 0.360352 0.0146484 0.0253906
0 0.160669 0.235352 0.124512 0.0332031 0.0419922
0 0.163427 0.562012 0.0366211 0.0224609 0.0244141
0 0.165066 0.938477 0.358398 0.0683594 0.0429688
0 0.165195 0.0610352 0.173828 0.0380859 0.0371094
0 0.167797 0.651855 0.154785 0.0224609 0.0283203
0 0.169711 0.866211 0.110352 0.0175781 0.0292969
0 0.17005 0.580566 0.0170898 0.0283203 0.0322266
0 0.17407 0.0380859 0.634766 0.0683594 0.0449219
0 0.175574 0.343262 0.225098 0.0341797 0.0556641
0 0.17649 0.20166 0.0776367 0.0205078 0.0419922
0 0.178895 0.123047 0.397949 0.0332031 0.0341797
0 0.180704 0.255371 0.290527 0.0263672 0.0517578
0 0.181608 0.400391 0.307617 0.03125 0.0351562
0 0.183007 0.570801 0.365723 0.00878906 0.0126953
0 0.187086 0.415039 0.123535 0.0253906 0.0302734
0 0.187265 0.0463867 0.439941 0.0302734 0.0302734
0 0.192704 0.568848 0.292969 0.0263672 0.0371094
0 0.193668 0.683594 0.241699 0.0253906 0.0322266
0 0.195523 0.121094 0.406738 0.0449219 0.0556641
0 0.196016 0.333008 0.0551758 0.0273438 0.0322266
0 0.196062 0.665039 0.888672 0.0136719 0.0175781
0 0.199229 0.793945 0.0839844 0.0195312 0.0429688
0 0.2071 0.56543 0.0869141 0.0234375 0.0253906
0 0.208668 0.932617 0.249023 0.0332031 0.0351562
0 0.218517 0.246582 0.0302734 0.0322266 0.0449219
0 0.220429 0.291992 0.090332 0.0253906 0.0322266
0 0.222062 0.0874023 0.180176 0.0166016 0.0458984
0 0.222158 0.270996 0.219727 0.0302734 0.0390625
0 0.225306 0.864258 0.22168 0.0292969 0.0625
0 0.234897 0.745605 0.0444336 0.0341797 0.0380859
0 0.237689 0.522949 0.012207 0.0126953 0.0244141
0 0.243513 0.663574 0.119141 0.0263672 0.0351562
0 0.244778 0.182129 0.445801 0.0712891 0.0986328
0 0.254716 0.67334 0.31543 0.0126953 0.0175781
0 0.259506 0.0292969 0.0117188 0.0429688 0.0234375
0 0.262883 0.40332 0.03125 0.0371094 0.0507812
0 0.267616 0.556641 0.353027 0.015625 0.0205078
0 0.277202 0.418457 0.0942383 0.0224609 0.0458984
0 0.278433 0.626953 0.0151367 0.0332031 0.0283203
0 0.279797 0.23584 0.337891 0.0478516 0.0585938
0 0.287951 0.585938 0.328125 0.0117188 0.0253906
0 0.289642 0.456055 0.304199 0.015625 0.0166016
0 0.289699 0.459473 0.019043 0.0283203 0.0361328
0 0.296366 0.323242 0.146484 0.0214844 0.0507812
0 0.300048 0.33252 0.0917969 0.0244141 0.0332031
0 0.300531 0.0561523 0.432617 0.0537109 0.0390625
0 0.302711 0.231934 0.23584 0.0302734 0.0341797
0 0.3036 0.395996 0.157227 0.0302734 0.0332031
0 0.304032 0.512207 0.403809 0.0126953 0.0166016
0 0.320243 0.358398 0.239746 0.0390625 0.0322266
0 0.33646 0.406738 0.318359 0.0263672 0.03125
0 0.337183 0.376465 0.291992 0.0146484 0.0292969
0 0.339763 0.33252 0.0107422 0.0185547 0.0195312
0 0.35085 0.461426 0.181152 0.0185547 0.0322266
0 0.359257 0.483398 0.0175781 0.0292969 0.03125
0 0.362345 0.169922 0.462402 0.0449219 0.0712891
0 0.362566 0.505371 0.358398 0.0244141 0.0273438
0 0.375305 0.0981445 0.441895 0.0439453 0.0498047
0 0.425438 0.300293 0.22998 0.0341797 0.0439453
0 0.485879 0.233398 0.17334 0.0546875 0.0380859
0 0.558608 0.453613 0.0712891 0.0263672 0.0371094
