0 0.100007 0.561035 0.226562 0.0146484 0.0371094
0 0.100062 0.727051 0.265137 0.0166016 0.0341797
0 0.104638 0.412598 0.0380859 0.182617 0.0742188
0 0.104656 0.22168 0.111816 0.0546875 0.0634766
0 0.106653 0.634277 0.894531 0.0244141 0.0429688
0 0.109276 0.344238 0.435059 0.0146484 0.0302734
0 0.11012 0.546875 0.481934 0.0234375 0.0224609
0 0.112284 0.577148 0.209473 0.0214844 0.0244141
0 0.113127 0.398438 0.354004 0.0234375 0.0185547
0 0.113842 0.80957 0.278809 0.0390625 0.0517578
0 0.11408 0.631836 0.127441 0.0175781 0.0517578
0 0.115855 0.145996 0.109375 0.0361328 0.0605469
0 0.116959 0.509277 0.251953 0.0185547 0.0234375
0 0.11886 0.572266 0.250977 0.0234375 0.03125
0 0.122271 0.239258 0.488281 0.0332031 0.0429688
0 0.123937 0.566406 0.279785 0.0273438 0.0302734
0 0.127556 0.549316 0.267578 0.0400391 0.046875
0 0.127861 0.284668 0.445801 0.0400391 0.0419922
0 0.132259 0.587402 0.436523 0.0439453 0.0351562
0 0.134692 0.651855 0.203125 0.0283203 0.0371094
0 0.137009 0.333008 0.505371 0.0234375 0.0361328
0 0.138161 0.544434 0.344727 0.0185547 0.0175781
0 0.14158 0.564453 0.24707 0.015625 0.0273438
0 0.142697 0.192383 0.418457 0.0175781 0.0380859
0 0.14282 0.634277 0.257812 0.0224609 0.0253906
0 0.146438 0.77002 0.234375 0.0419922 0.0488281
0 0.150795 0.505371 0.325195 0.0146484 0.0253906
0 0.15104 0.484863 0.0229492 0.0634766 0.0458984
0 0.156096 0.439453 0.255859 0.00976562 0.015625
0 0.163089 0.693359 0.0878906 0.0234375 0.03125
0 0.164319 0.34375 0.741211 0.0253906 0.0429688
0 0.164712 0.232422 0.106934 0.0234375 0.0576172
0 0.165251 0.555664 0.276855 0.0253906 0.0224609
0 0.179396 0.188965 0.125977 0.0478516 0.0390625
0 0.180328 0.524414 0.334473 0.015625 0.0302734
0 0.184137 0.716797 0.166504 0.0292969 0.0302734
0 0.192954 0.584473 0.290039 0.0322266 0.0371094
0 0.193832 0.57959 0.255371 0.0166016 0.0224609
0 0.196867 0.192383 0.204102 0.109375 0.101562
0 0.201393 0.566895 0.214355 0.0224609 0.0341797
0 0.207474 0.165527 0.386719 0.0185547 0.0507812
0 0.210607 0.374512 0.0693359 0.211914 0.134766
0 0.213869 0.678711 0.48877 0.0507812 0.0458984
0 0.26493 0.56543 0.165527 0.0292969 0.0556641
0 0.279139 0.549805 0.280762 0.0214844 0.0244141
0 0.28331 0.624023 0.291504 0.0292969 0.0263672
0 0.303719 0.677734 0.538086 0.0214844 0.0234375
0 0.312845 0.55957 0.418945 0.0253906 0.046875
0 0.31596 0.795898 0.809082 0.0722656 0.0654297
0 0.350337 0.473633 0.254395 0.0214844 0.0302734
0 0.410718 0.605957 0.234375 0.0283203 0.03125
0 0.55175 0.539551 0.250488 0.0224609 0.0224609
0 0.586076 0.478516 0.379883 0.0410156 0.0390625
