0 0.101036 0.777344 0.897461 0.0898438 0.0859375
0 0.102079 0.671875 0.78418 0.0390625 0.0625
0 0.103455 0.537109 0.828125 0.109375 0.0644531
0 0.107227 0.659668 0.828125 0.0830078 0.0957031
0 0.108883 0.164062 0.962402 0.0585938 0.0556641
0 0.110935 0.983398 0.316406 0.0292969 0.0527344
0 0.112587 0.474609 0.80957 0.0332031 0.0410156
0 0.117636 0.456055 0.67334 0.0175781 0.0224609
0 0.117726 0.322754 0.726074 0.0166016 0.0322266
0 0.118685 0.708496 0.638184 0.0185547 0.0283203
0 0.119278 0.28125 0.82666 0.0195312 0.0205078
0 0.120051 0.914551 0.807129 0.0771484 0.124023
0 0.121148 0.897949 0.366211 0.0205078 0.0253906
0 0.122991 0.751465 0.786621 0.0361328 0.0595703
0 0.123022 0.241699 0.683105 0.0576172 0.0498047
0 0.127927 0.495605 0.603516 0.0322266 0.0351562
0 0.128254 0.845215 0.45166 0.0458984 0.0556641
0 0.130547 0.465332 0.611816 0.0263672 0.0302734
0 0.132278 0.39209 0.305176 0.0654297 0.12207
0 0.136191 0.757324 0.700684 0.0263672 0.0263672
0 0.137374 0.181641 0.37207 0.0410156 0.0507812
0 0.142614 0.506348 0.312988 0.0439453 0.0615234
0 0.144664 0.759766 0.594238 0.0273438 0.0322266
0 0.147346 0.398926 0.748047 0.0283203 0.0371094
0 0.148036 0.42041 0.538574 0.0205078 0.0224609
0 0.148477 0.367676 0.691895 0.0244141 0.0419922
0 0.149585 0.706543 0.689453 0.0400391 0.0429688
0 0.153118 0.186523 0.861328 0.0371094 0.0449219
0 0.154374 0.537598 0.64502 0.0361328 0.0517578
0 0.16142 0.308594 0.141113 0.0371094 0.0634766
0 0.161886 0.878906 0.828125 0.0996094 0.152344
0 0.162607 0.642578 0.661133 0.0214844 0.0664062
0 0.170827 0.813965 0.417969 0.0341797 0.0351562
0 0.177866 0.43457 0.418945 0.0507812 0.0644531
0 0.190886 0.364746 0.410645 0.0537109 0.0537109
0 0.200347 0.438477 0.239258 0.0410156 0.046875
0 0.204019 0.230469 0.837891 0.0195312 0.0292969
0 0.206911 0.491211 0.367188 0.0292969 0.0292969
0 0.226803 0.825195 0.77832 0.0800781 0.0644531
0 0.233296 0.818359 0.348145 0.0332031 0.0419922
0 0.233395 0.601074 0.60791 0.0458984 0.0556641
0 0.343901 0.821777 0.681152 0.0498047 0.0419922
0 0.344541 0.222656 0.678711 0.0507812 0.0429688
0 0.352846 0.541992 0.844238 0.0371094 0.0400391
0 0.357388 0.759766 0.765625 0.0390625 0.0507812
0 0.382522 0.558594 0.840332 0.0644531 0.0537109
0 0.39724 0.702148 0.776367 0.03125 0.0566406
0 0.406389 0.567871 0.925781 0.0283203 0.0722656
0 0.407339 0.740234 0.326172 0.0410156 0.0410156
0 0.434091 0.852539 0.181641 0.0957031 0.164062
0 0.488824 0.484375 0.817383 0.0429688 0.0644531
0 0.492125 0.736816 0.251465 0.0302734 0.0380859
0 0.523589 0.521484 0.755859 0.0332031 0.0488281
0 0.665034 0.669922 0.845215 0.0488281 0.0634766
