0 0.102561 0.408203 0.17627 0.0175781 0.0263672
0 0.102901 0.131348 0.233887 0.0576172 0.0517578
0 0.104829 0.407227 0.450195 0.0253906 0.0214844
0 0.109617 0.296387 0.116699 0.0224609 0.0419922
0 0.112096 0.307617 0.0595703 0.0214844 0.0292969
0 0.113462 0.413086 0.0683594 0.0117188 0.0214844
0 0.113997 0.799805 0.608887 0.015625 0.0283203
0 0.119881 0.361816 0.059082 0.0244141 0.0673828
0 0.122848 0.292969 0.012207 0.0195312 0.0244141
0 0.122867 0.241211 0.143066 0.0351562 0.0361328
0 0.123516 0.412109 0.165527 0.0351562 0.0537109
0 0.124632 0.334961 0.529297 0.046875 0.0625
0 0.126911 0.541504 0.0859375 0.0400391 0.0800781
0 0.129545 0.419434 0.00830078 0.0283203 0.0166016
0 0.130831 0.350098 0.362793 0.0322266 0.0439453
0 0.132112 0.147949 0.0981445 0.0185547 0.0322266
0 0.13274 0.324707 0.00830078 0.0166016 0.0126953
0 0.136001 0.401367 0.493164 0.0175781 0.0214844
0 0.141759 0.196289 0.308105 0.0175781 0.0224609
0 0.146789 0.418457 0.300293 0.0205078 0.0244141
0 0.147275 0.490234 0.184082 0.0371094 0.0400391
0 0.178757 0.364258 0.103027 0.0351562 0.0400391
0 0.192778 0.321289 0.172852 0.0253906 0.0546875
0 0.205089 0.47998 0.0561523 0.0263672 0.0439453
0 0.226553 0.250488 0.104492 0.0244141 0.0371094
0 0.233008 0.467773 0.175293 0.0332031 0.0263672
0 0.23644 0.13916 0.304199 0.0302734 0.0283203
0 0.249899 0.387207 0.29834 0.0146484 0.0283203
0 0.263522 0.412109 0.459961 0.0371094 0.0410156
0 0.277113 0.510254 0.0151367 0.0498047 0.0283203
0 0.287915 0.430176 0.103516 0.0419922 0.0527344
0 0.291622 0.22168 0.277832 0.0253906 0.0341797
0 0.300737 0.502441 0.1875 0.0166016 0.0332031
0 0.332535 0.373047 0.456055 0.0253906 0.0390625
0 0.395541 0.329102 0.54248 0.03125 0.0498047
0 0.414809 0.228516 0.144043 0.0585938 0.0576172
0 0.432234 0.367676 0.169434 0.0322266 0.0498047
