0 0.100137 0.54541 0.0131836 0.0322266 0.0263672
0 0.102828 0.78125 0.925293 0.0214844 0.0361328
0 0.103737 0.830078 0.29541 0.0195312 0.0302734
0 0.107231 0.625977 0.762207 0.0585938 0.0849609
0 0.112212 0.625977 0.309082 0.0136719 0.0205078
0 0.113696 0.604492 0.416504 0.0273438 0.0322266
0 0.115457 0.771484 0.404785 0.0332031 0.0400391
0 0.122326 0.320801 0.0249023 0.0498047 0.0439453
0 0.124407 0.282715 0.243652 0.0244141 0.0283203
0 0.129309 0.768555 0.260742 0.0214844 0.0351562
0 0.132443 0.843262 0.385742 0.0302734 0.0410156
0 0.135327 0.838867 0.444336 0.0195312 0.0195312
0 0.136594 0.870117 0.30127 0.0234375 0.0400391
0 0.146315 0.812988 0.449219 0.0146484 0.0253906
0 0.1478 0.776855 0.523926 0.0205078 0.0302734
0 0.163789 0.932129 0.331543 0.0498047 0.0537109
0 0.17178 0.776855 0.853027 0.0419922 0.0419922
0 0.206628 0.357422 0.595215 0.0292969 0.0361328
0 0.223263 0.471191 0.121582 0.0224609 0.0380859
0 0.225161 0.867676 0.717773 0.0556641 0.0488281
0 0.24309 0.732422 0.168457 0.0332031 0.0380859
0 0.245735 0.591797 0.348145 0.0273438 0.0458984
0 0.251073 0.427734 0.422363 0.0332031 0.0517578
0 0.27865 0.695801 0.26123 0.0439453 0.0498047
0 0.400492 0.702637 0.200684 0.0166016 0.0322266
