0 0.100023 0.253906 0.578125 0.0371094 0.0390625
0 0.100776 0.539062 0.262207 0.0117188 0.0244141
0 0.101117 0.252441 0.0541992 0.0205078 0.0380859
0 0.102362 0.633301 0.0263672 0.0458984 0.046875
0 0.102657 0.768066 0.685547 0.0439453 0.0605469
0 0.102991 0.591797 0.0292969 0.0429688 0.0507812
0 0.103381 0.474121 0.205078 0.0263672 0.0351562
0 0.103806 0.23877 0.533203 0.0341797 0.0742188
0 0.104081 0.477539 0.589844 0.0332031 0.0234375
0 0.104186 0.211914 0.324707 0.0507812 0.0634766
0 0.104287 0.381836 0.879883 0.0449219 0.0507812
0 0.104841 0.378418 0.0405273 0.0498047 0.0576172
0 0.104957 0.695312 0.286133 0.0273438 0.0292969
0 0.105644 0.470215 0.0478516 0.0205078 0.0449219
0 0.106083 0.569824 0.759277 0.0439453 0.0380859
0 0.106974 0.317871 0.933594 0.0361328 0.0546875
0 0.108658 0.308594 0.238281 0.0175781 0.0234375
0 0.109211 0.30127 0.989746 0.0126953 0.0205078
0 0.109692 0.730957 0.307129 0.0458984 0.0595703
0 0.109973 0.243652 0.365723 0.0302734 0.0498047
0 0.110632 0.366211 0.822266 0.0078125 0.015625
0 0.11066 0.84375 0.436035 0.015625 0.0166016
0 0.110752 0.206543 0.977051 0.0400391 0.0439453
0 0.111669 0.385254 0.35498 0.0205078 0.0283203
0 0.111808 0.711426 0.196289 0.0146484 0.0273438
0 0.113731 0.515625 0.0454102 0.0351562 0.0537109
0 0.114083 0.54248 0.893066 0.0263672 0.0322266
0 0.114964 0.525391 0.271973 0.0136719 0.0244141
0 0.116161 0.245605 0.313477 0.0283203 0.0429688
0 0.11755 0.649902 0.130859 0.0224609 0.0273438
0 0.118849 0.624512 0.112305 0.0361328 0.0429688
0 0.119521 0.340332 0.990234 0.0185547 0.0195312
0 0.119527 0.705078 0.285156 0.0234375 0.0273438
0 0.12219 0.467285 0.401855 0.0146484 0.0224609
0 0.122637 0.743652 0.982422 0.0302734 0.0332031
0 0.124273 0.215332 0.144531 0.0419922 0.0703125
0 0.124401 0.41748 0.21582 0.0380859 0.0625
0 0.124645 0.308594 0.924316 0.0214844 0.0322266
0 0.125766 0.670898 0.0141602 0.03125 0.0283203
0 0.12605 0.605957 0.0327148 0.0244141 0.0439453
0 0.126907 0.838867 0.499023 0.0214844 0.0234375
0 0.132346 0.649902 0.616211 0.0185547 0.0234375
0 0.133778 0.560059 0.991211 0.0224609 0.0175781
0 0.134365 0.509277 0.0600586 0.0576172 0.0595703
0 0.136242 0.157227 0.683594 0.0429688 0.0371094
0 0.136538 0.57373 0.963867 0.0537109 0.0664062
0 0.137561 0.679199 0.344238 0.0615234 0.0478516
0 0.138586 0.441406 0.773438 0.0429688 0.0507812
0 0.138783 0.621094 0.758789 0.0390625 0.0546875
0 0.139195 0.273926 0.0229492 0.0224609 0.0361328
0 0.139608 0.471191 0.959961 0.0341797 0.0664062
0 0.140945 0.807129 0.763672 0.0458984 0.046875
0 0.14307 0.720215 0.253418 0.0224609 0.0341797
0 0.143823 0.799805 0.39209 0.0488281 0.0341797
0 0.143935 0.508301 0.233398 0.0185547 0.0214844
0 0.144007 0.79834 0.535645 0.0615234 0.0517578
0 0.144363 0.449707 0.990723 0.0205078 0.0166016
0 0.146111 0.57373 0.291992 0.0380859 0.0351562
0 0.146148 0.472656 0.0371094 0.00976562 0.0292969
0 0.150448 0.837891 0.45752 0.0195312 0.0400391
0 0.150893 0.168945 0.58252 0.0429688 0.0634766
0 0.156202 0.43457 0.059082 0.00976562 0.0263672
0 0.156388 0.283691 0.346191 0.0458984 0.0634766
0 0.158562 0.278809 0.978516 0.0439453 0.0390625
0 0.158785 0.843262 0.808594 0.0498047 0.0585938
0 0.159727 0.789062 0.819336 0.0332031 0.0351562
0 0.160166 0.40918 0.242676 0.0390625 0.0458984
0 0.161215 0.716797 0.254395 0.0371094 0.0498047
0 0.163579 0.0717773 0.202637 0.0185547 0.0283203
0 0.16417 0.455078 0.281738 0.0136719 0.0224609
0 0.165193 0.706543 0.67627 0.0263672 0.0322266
0 0.166844 0.281738 0.143066 0.0224609 0.0439453
0 0.170003 0.692383 0.169922 0.0253906 0.0292969
0 0.170446 0.493652 0.785156 0.0205078 0.0234375
0 0.17368 0.23291 0.310547 0.0498047 0.0566406
0 0.174452 0.571777 0.319336 0.0283203 0.0351562
0 0.174903 0.682129 0.0493164 0.0400391 0.0556641
0 0.179636 0.283691 0.0976562 0.0107422 0.0253906
0 0.181472 0.614258 0.169434 0.0429688 0.0361328
0 0.182984 0.339355 0.30127 0.0478516 0.0673828
0 0.184615 0.511719 0.936523 0.0429688 0.0722656
0 0.187653 0.233398 0.640137 0.0507812 0.0341797
0 0.192606 0.737305 0.283203 0.0449219 0.0605469
0 0.195038 0.647461 0.607422 0.0214844 0.0371094
0 0.197781 0.118164 0.753906 0.0332031 0.0488281
0 0.200464 0.833008 0.955078 0.0332031 0.0449219
0 0.210887 0.335938 0.280762 0.0371094 0.0595703
0 0.222332 0.163574 0.664551 0.0556641 0.0595703
0 0.222404 0.636719 0.208008 0.0292969 0.0664062
0 0.223351 0.303711 0.0795898 0.0273438 0.0341797
0 0.223996 0.660156 0.335449 0.0527344 0.0419922
0 0.225755 0.485352 0.0620117 0.0390625 0.0478516
0 0.227982 0.576172 0.0888672 0.0253906 0.0429688
0 0.229078 0.708496 0.23291 0.0478516 0.0673828
0 0.230562 0.402344 0.250488 0.0253906 0.0322266
0 0.232499 0.263672 0.583496 0.0253906 0.0244141
0 0.233131 0.709473 0.572754 0.0283203 0.0419922
0 0.234199 0.846191 0.990234 0.0185547 0.0175781
0 0.239253 0.533691 0.111816 0.0458984 0.0419922
0 0.242684 0.54541 0.0195312 0.0224609 0.0390625
0 0.243088 0.587891 0.974609 0.046875 0.0449219
0 0.247696 0.430664 0.952637 0.0488281 0.0869141
0 0.247832 0.657227 0.273926 0.0332031 0.0341797
0 0.249236 0.427734 0.280762 0.0175781 0.0400391
0 0.25572 0.236816 0.556152 0.0322266 0.0595703
0 0.260808 0.73584 0.34668 0.0595703 0.0546875
0 0.268066 0.333984 0.872559 0.0292969 0.0400391
0 0.268749 0.571777 0.0126953 0.0400391 0.0253906
0 0.276366 0.48877 0.278809 0.0126953 0.0224609
0 0.28046 0.483398 0.154785 0.0488281 0.0576172
0 0.280846 0.121094 0.170898 0.0449219 0.0585938
0 0.282474 0.23584 0.0878906 0.0341797 0.0449219
0 0.285423 0.319824 0.0654297 0.0478516 0.0644531
0 0.297361 0.32959 0.944824 0.0302734 0.0634766
0 0.316188 0.335938 0.224609 0.0292969 0.0371094
0 0.318865 0.196777 0.0292969 0.0498047 0.0585938
0 0.32112 0.690918 0.525391 0.0185547 0.015625
0 0.327392 0.164062 0.117188 0.0351562 0.0546875
0 0.335367 0.367188 0.0512695 0.0273438 0.0498047
0 0.36352 0.254395 0.251953 0.0556641 0.0449219
0 0.363662 0.144043 0.874023 0.0458984 0.0585938
0 0.366475 0.384766 0.125977 0.0195312 0.03125
0 0.38107 0.682129 0.702148 0.0244141 0.0449219
0 0.401814 0.410645 0.92041 0.0185547 0.0361328
0 0.422345 0.596191 0.275879 0.0478516 0.0361328
0 0.434821 0.807129 0.446289 0.0322266 0.0332031
0 0.46718 0.785645 0.272461 0.0498047 0.0488281
0 0.468038 0.263184 0.156738 0.0517578 0.0615234
0 0.474148 0.333496 0.272461 0.0263672 0.0351562
