0 0.104326 0.501465 0.252441 0.0126953 0.0244141
0 0.104672 0.191406 0.0449219 0.0195312 0.0371094
0 0.10642 0.318848 0.522949 0.0341797 0.0439453
0 0.106479 0.600586 0.0771484 0.0253906 0.0253906
0 0.107997 0.209961 0.141113 0.0292969 0.0302734
0 0.11062 0.785156 0.223145 0.0722656 0.0556641
0 0.110855 0.602539 0.675781 0.0195312 0.0175781
0 0.112227 0.119141 0.242676 0.046875 0.0458984
0 0.112946 0.431152 0.027832 0.0244141 0.0361328
0 0.113065 0.0566406 0.30127 0.03125 0.0322266
0 0.114337 0.262207 0.211426 0.0380859 0.0791016
0 0.116882 0.606445 0.157227 0.0292969 0.0371094
0 0.121459 0.660156 0.0898438 0.0507812 0.0390625
0 0.12155 0.447754 0.26416 0.0302734 0.0400391
0 0.121701 0.842773 0.268066 0.0273438 0.0380859
0 0.121953 0.565918 0.0664062 0.0166016 0.0371094
0 0.122117 0.639648 0.0883789 0.0175781 0.0302734
0 0.122628 0.484375 0.0727539 0.0507812 0.0537109
0 0.123123 0.481934 0.105469 0.0166016 0.0292969
0 0.123167 0.429688 0.216309 0.0214844 0.0302734
0 0.123436 0.350586 0.178223 0.0195312 0.0244141
0 0.124378 0.45459 0.0405273 0.0263672 0.0322266
0 0.125843 0.591797 0.27002 0.0234375 0.0205078
0 0.125968 0.638672 0.157227 0.03125 0.0410156
0 0.126604 0.492188 0.0800781 0.0351562 0.0332031
0 0.127018 0.442383 0.266113 0.015625 0.0341797
0 0.128254 0.707031 0.161621 0.0371094 0.0556641
0 0.128725 0.503418 0.583008 0.0185547 0.0195312
0 0.133032 0.183594 0.22168 0.0214844 0.0351562
0 0.134371 0.0639648 0.270996 0.0283203 0.0400391
0 0.136733 0.368652 0.15332 0.0185547 0.0273438
0 0.139208 0.489258 0.248535 0.0175781 0.0244141
0 0.139273 0.0908203 0.208008 0.0371094 0.0390625
0 0.13993 0.32666 0.0180664 0.0224609 0.0361328
0 0.140219 0.41748 0.799805 0.0126953 0.015625
0 0.140317 0.69873 0.144531 0.0322266 0.0292969
0 0.140443 0.463867 0.0678711 0.0273438 0.0478516
0 0.141001 0.40625 0.0541992 0.0214844 0.0400391
0 0.142001 0.419434 0.0361328 0.0517578 0.0410156
0 0.142776 0.0600586 0.287598 0.0322266 0.0556641
0 0.144532 0.904785 0.133301 0.0732422 0.0439453
0 0.144903 0.550781 0.239258 0.0214844 0.0273438
0 0.148103 0.765625 0.237793 0.0546875 0.0556641
0 0.150173 0.71875 0.970215 0.0507812 0.0478516
0 0.155026 0.818359 0.393555 0.0273438 0.0253906
0 0.156154 0.238281 0.166504 0.0253906 0.0244141
0 0.156877 0.689941 0.916016 0.0166016 0.0253906
0 0.157064 0.682129 0.0805664 0.0380859 0.0458984
0 0.15897 0.632324 0.0864258 0.0126953 0.0283203
0 0.159622 0.172363 0.432129 0.0302734 0.0322266
0 0.161165 0.140137 0.0532227 0.0732422 0.0771484
0 0.161826 0.483398 0.521484 0.015625 0.0175781
0 0.164296 0.402344 0.0634766 0.0371094 0.0625
0 0.164942 0.658691 0.22998 0.0263672 0.0224609
0 0.165411 0.728516 0.521484 0.0195312 0.0195312
0 0.165864 0.685547 0.987305 0.0195312 0.0234375
0 0.169667 0.622559 0.264648 0.0244141 0.0234375
0 0.177879 0.890625 0.130859 0.0410156 0.0273438
0 0.17972 0.470703 0.183105 0.0195312 0.0263672
0 0.18205 0.591309 0.566895 0.0361328 0.0400391
0 0.182591 0.49707 0.25293 0.0195312 0.03125
0 0.186028 0.65625 0.93457 0.0214844 0.0234375
0 0.188802 0.646484 0.0927734 0.0234375 0.03125
0 0.188936 0.327148 0.103027 0.0214844 0.0419922
0 0.190803 0.348145 0.224609 0.0244141 0.0351562
0 0.1921 0.595215 0.982422 0.0341797 0.03125
0 0.193029 0.398438 0.730469 0.0253906 0.0292969
0 0.193167 0.358398 0.0288086 0.03125 0.0517578
0 0.194242 0.71582 0.0444336 0.0449219 0.0322266
0 0.197824 0.813965 0.333984 0.0400391 0.0410156
0 0.201395 0.29248 0.0336914 0.0302734 0.0517578
0 0.202026 0.503906 0.0454102 0.0175781 0.0322266
0 0.202319 0.577148 0.234375 0.0136719 0.0175781
0 0.203653 0.854004 0.760742 0.0302734 0.0371094
0 0.204484 0.134277 0.111328 0.0634766 0.0507812
0 0.206988 0.376953 0.0229492 0.015625 0.0400391
0 0.210695 0.846191 0.148926 0.0283203 0.0361328
0 0.213216 0.135742 0.131348 0.0332031 0.0361328
0 0.214325 0.803711 0.229004 0.0449219 0.0400391
0 0.21763 0.42041 0.0830078 0.0205078 0.0351562
0 0.217947 0.786621 0.421875 0.0244141 0.0253906
0 0.226969 0.443359 0.946777 0.0175781 0.0166016
0 0.227493 0.112305 0.133301 0.0488281 0.0419922
0 0.231648 0.145508 0.0947266 0.0644531 0.0488281
0 0.232202 0.918457 0.22998 0.0517578 0.0517578
0 0.23794 0.397461 0.0385742 0.0195312 0.0361328
0 0.246246 0.183594 0.344727 0.0292969 0.0449219
0 0.249452 0.469727 0.081543 0.0351562 0.0302734
0 0.25144 0.460449 0.0458984 0.0146484 0.0273438
0 0.256737 0.658203 0.133301 0.0253906 0.0322266
0 0.257829 0.693359 0.192383 0.0253906 0.0292969
0 0.258181 0.394531 0.516113 0.0136719 0.0224609
0 0.258392 0.762207 0.207031 0.0322266 0.0273438
0 0.260891 0.333984 0.0795898 0.0292969 0.0458984
0 0.279225 0.345215 0.0449219 0.0380859 0.0546875
0 0.288602 0.445801 0.316895 0.0302734 0.0419922
0 0.292172 0.55127 0.94043 0.0263672 0.0546875
0 0.30497 0.149902 0.137207 0.0166016 0.0341797
0 0.318305 0.733398 0.0859375 0.0371094 0.0429688
0 0.328069 0.682617 0.859375 0.0332031 0.0390625
0 0.330499 0.438477 0.0322266 0.0195312 0.0351562
0 0.333843 0.369629 0.0268555 0.0283203 0.0498047
0 0.341438 0.135742 0.0273438 0.0957031 0.0507812
0 0.342737 0.0961914 0.14502 0.0302734 0.0380859
0 0.343099 0.660645 0.195801 0.0224609 0.0322266
0 0.354579 0.121582 0.125488 0.0341797 0.0322266
0 0.366449 0.780762 0.873535 0.0322266 0.0380859
0 0.373414 0.337402 0.0644531 0.0380859 0.0546875
0 0.381944 0.523926 0.401367 0.0146484 0.0273438
0 0.396371 0.346191 0.130859 0.0302734 0.0351562
0 0.416398 0.806152 0.111328 0.0576172 0.0429688
0 0.437104 0.390137 0.0800781 0.0263672 0.0410156
0 0.454661 0.269043 0.122559 0.0361328 0.0478516
0 0.476579 0.285156 0.0488281 0.0371094 0.0625
0 0.521472 0.579102 0.902344 0.0292969 0.0351562
0 0.627253 0.226562 0.0424805 0.0488281 0.0654297
