0 0.103062 0.437988 0.0771484 0.0166016 0.0175781
0 0.10381 0.719238 0.0136719 0.0322266 0.0253906
0 0.103913 0.547852 0.129883 0.0136719 0.0253906
0 0.104095 0.163574 0.074707 0.0537109 0.0341797
0 0.104349 0.255371 0.0791016 0.0146484 0.0292969
0 0.104862 0.14502 0.0751953 0.0498047 0.0371094
0 0.105427 0.51123 0.410645 0.0107422 0.0205078
0 0.106146 0.344238 0.100098 0.0205078 0.0302734
0 0.108987 0.32666 0.269043 0.0244141 0.0302734
0 0.109649 0.566406 0.233887 0.0175781 0.0244141
0 0.110384 0.557129 0.364258 0.0185547 0.0351562
0 0.111922 0.385742 0.36377 0.0292969 0.0185547
0 0.111945 0.461426 0.10498 0.0380859 0.0361328
0 0.113647 0.202148 0.0859375 0.0332031 0.046875
0 0.114039 0.486328 0.32373 0.00976562 0.0224609
0 0.114656 0.339844 0.213379 0.0175781 0.0224609
0 0.115194 0.837402 0.383789 0.0322266 0.0429688
0 0.117097 0.550781 0.203613 0.0214844 0.0244141
0 0.117473 0.991211 0.317383 0.0175781 0.0234375
0 0.119037 0.349121 0.420898 0.0107422 0.0253906
0 0.119777 0.988281 0.379883 0.0234375 0.0234375
0 0.12029 0.54248 0.286133 0.0107422 0.0195312
0 0.120529 0.799805 0.354004 0.0117188 0.0244141
0 0.120821 0.546387 0.118164 0.0166016 0.0234375
0 0.125984 0.831055 0.381348 0.0214844 0.0283203
0 0.127002 0.321777 0.0737305 0.0419922 0.0556641
0 0.12768 0.595215 0.307129 0.0322266 0.0322266
0 0.127902 0.52002 0.208008 0.0166016 0.0253906
0 0.12815 0.608398 0.307129 0.0371094 0.0283203
0 0.129941 0.803223 0.382324 0.0224609 0.0302734
0 0.130211 0.40918 0.267578 0.015625 0.0273438
0 0.1307 0.300781 0.427734 0.0175781 0.0371094
0 0.132494 0.476562 0.0805664 0.0195312 0.0224609
0 0.13391 0.566406 0.019043 0.0214844 0.0361328
0 0.135036 0.618164 0.0639648 0.015625 0.0283203
0 0.135143 0.278809 0.0625 0.0263672 0.0292969
0 0.137191 0.631348 0.0214844 0.0146484 0.0195312
0 0.137872 0.842285 0.361328 0.0166016 0.0253906
0 0.13881 0.333984 0.177734 0.0117188 0.0195312
0 0.139182 0.289551 0.0878906 0.0146484 0.0292969
0 0.14124 0.270996 0.0136719 0.0556641 0.0273438
0 0.141356 0.480957 0.476562 0.0322266 0.0292969
0 0.144958 0.495605 0.286133 0.0146484 0.0195312
0 0.145925 0.332031 0.344727 0.0175781 0.0175781
0 0.151025 0.510742 0.134277 0.0195312 0.0224609
0 0.154052 0.86377 0.182129 0.0517578 0.0517578
0 0.15635 0.307617 0.0644531 0.0253906 0.03125
0 0.156415 0.620605 0.226074 0.0107422 0.0146484
0 0.157784 0.594727 0.0151367 0.0253906 0.0283203
0 0.159817 0.37793 0.12793 0.0136719 0.0371094
0 0.164014 0.492676 0.00878906 0.0107422 0.0175781
0 0.164362 0.383789 0.481934 0.0214844 0.0302734
0 0.166622 0.19043 0.078125 0.0371094 0.0429688
0 0.168166 0.367188 0.100586 0.00976562 0.0195312
0 0.168583 0.625488 0.116211 0.0185547 0.0175781
0 0.169435 0.189941 0.166016 0.0166016 0.0292969
0 0.184293 0.627441 0.102539 0.0166016 0.0371094
0 0.186035 0.413086 0.132324 0.015625 0.0283203
0 0.18771 0.29834 0.422852 0.0146484 0.0214844
0 0.196573 0.890625 0.320312 0.0527344 0.0390625
0 0.21092 0.91748 0.245605 0.0205078 0.0439453
0 0.224597 0.629395 0.0961914 0.0107422 0.0302734
0 0.227223 0.608398 0.125977 0.015625 0.0234375
0 0.230393 0.579102 0.0810547 0.0253906 0.0253906
0 0.232261 0.980469 0.253906 0.0371094 0.0351562
0 0.243148 0.888672 0.364258 0.0253906 0.0527344
0 0.244494 0.546387 0.193359 0.0244141 0.0332031
0 0.267908 0.489258 0.481934 0.0546875 0.0361328
0 0.269774 0.489746 0.12793 0.0224609 0.0195312
0 0.288189 0.286133 0.0732422 0.0273438 0.0488281
0 0.289411 0.983398 0.338379 0.0332031 0.0654297
0 0.299514 0.395508 0.0673828 0.0488281 0.0429688
0 0.310758 0.851562 0.416016 0.0195312 0.0292969
0 0.361104 0.441895 0.239746 0.0185547 0.0166016
0 0.364028 0.329102 0.0673828 0.03125 0.0351562
0 0.431843 0.377441 0.0766602 0.0224609 0.0322266
0 0.481568 0.444336 0.208008 0.015625 0.0234375
0 0.490487 0.407715 0.0620117 0.0283203 0.0419922
