0 0.100127 0.407227 0.847168 0.0371094 0.0576172
0 0.104782 0.561035 0.125488 0.0263672 0.0517578
0 0.10506 0.450195 0.516113 0.015625 0.0361328
0 0.111047 0.834961 0.418457 0.0234375 0.0380859
0 0.112389 0.626465 0.0976562 0.0146484 0.0273438
0 0.115821 0.55957 0.217285 0.0273438 0.0419922
0 0.119217 0.268555 0.0107422 0.0566406 0.0175781
0 0.122611 0.814453 0.0830078 0.0195312 0.0234375
0 0.124764 0.0239258 0.0947266 0.0224609 0.0371094
0 0.148623 0.856445 0.15625 0.0410156 0.046875
0 0.152836 0.605469 0.0615234 0.0273438 0.0234375
0 0.154205 0.503418 0.570801 0.0185547 0.0517578
0 0.155336 0.459473 0.132324 0.0146484 0.0185547
0 0.162437 0.673828 0.015625 0.0273438 0.0273438
0 0.164883 0.131836 0.0141602 0.03125 0.0283203
0 0.191712 0.769043 0.296387 0.0205078 0.0322266
0 0.195164 0.786621 0.43457 0.0126953 0.0253906
0 0.221897 0.481934 0.321289 0.0126953 0.0214844
0 0.233718 0.92041 0.476562 0.0341797 0.0429688
0 0.261347 0.557129 0.115234 0.0244141 0.0253906
0 0.276235 0.536133 0.375488 0.0351562 0.0380859
0 0.314722 0.536133 0.100098 0.015625 0.0205078
0 0.379884 0.602539 0.177734 0.0175781 0.0234375
0 0.382248 0.647461 0.797363 0.0332031 0.0634766
0 0.422474 0.605957 0.22168 0.0283203 0.0351562
0 0.509794 0.367188 0.397949 0.03125 0.0283203
