0 0.100528 0.344727 0.550781 0.0195312 0.0332031
0 0.102365 0.562988 0.0307617 0.102539 0.0576172
0 0.103988 0.578125 0.830078 0.0117188 0.0292969
0 0.104004 0.489746 0.92334 0.0205078 0.0263672
0 0.10682 0.408203 0.611328 0.0175781 0.0292969
0 0.107425 0.0727539 0.619141 0.0244141 0.0253906
0 0.107607 0.0703125 0.614746 0.0273438 0.0478516
0 0.110581 0.253418 0.492188 0.0283203 0.0371094
0 0.110827 0.458984 0.108398 0.0625 0.105469
0 0.115285 0.314453 0.543457 0.0175781 0.0283203
0 0.117317 0.449707 0.813965 0.0146484 0.0263672
0 0.117809 0.486816 0.15332 0.0537109 0.0507812
0 0.121951 0.38623 0.188965 0.0478516 0.0556641
0 0.122011 0.44043 0.150391 0.0449219 0.0390625
0 0.123093 0.109863 0.208008 0.0673828 0.0761719
0 0.123667 0.541992 0.853516 0.0234375 0.0292969
0 0.124015 0.178711 0.678711 0.0332031 0.0507812
0 0.124471 0.291016 0.630859 0.0234375 0.0175781
0 0.127162 0.666504 0.620117 0.0478516 0.0390625
0 0.12725 0.469727 0.437988 0.0273438 0.0498047
0 0.129606 0.646484 0.61377 0.0273438 0.0341797
0 0.133782 0.660645 0.316406 0.0341797 0.0292969
0 0.135489 0.107422 0.191406 0.0507812 0.0527344
0 0.13716 0.131836 0.645508 0.0410156 0.03125
0 0.137702 0.622559 0.0620117 0.0517578 0.0537109
0 0.14481 0.109863 0.268555 0.0576172 0.0527344
0 0.148117 0.241211 0.504883 0.0175781 0.0449219
0 0.151581 0.521484 0.724121 0.0214844 0.0244141
0 0.155841 0.0732422 0.634766 0.0253906 0.0507812
0 0.156998 0.585449 0.276367 0.0244141 0.0292969
0 0.158474 0.0615234 0.594727 0.0175781 0.03125
0 0.160423 0.404297 0.492188 0.0449219 0.0390625
0 0.168267 0.457031 0.143555 0.0683594 0.0546875
0 0.171667 0.617188 0.596191 0.0195312 0.0263672
0 0.175115 0.521484 0.934082 0.03125 0.0537109
0 0.18026 0.613281 0.70166 0.0429688 0.0419922
0 0.181138 0.216797 0.398438 0.0292969 0.0410156
0 0.18262 0.0859375 0.240723 0.0722656 0.0693359
0 0.183996 0.121094 0.732422 0.0234375 0.0234375
0 0.185695 0.259277 0.48291 0.0224609 0.0283203
0 0.187861 0.479492 0.816406 0.0175781 0.0292969
0 0.193954 0.196289 0.597656 0.0292969 0.0371094
0 0.199375 0.616211 0.96582 0.0390625 0.0566406
0 0.202848 0.569824 0.939941 0.0380859 0.0615234
0 0.202991 0.46582 0.081543 0.0410156 0.0654297
0 0.222168 0.0356445 0.665527 0.0244141 0.0283203
0 0.224626 0.156738 0.598145 0.0341797 0.0341797
0 0.232944 0.533691 0.897461 0.0244141 0.0253906
0 0.24125 0.766602 0.0195312 0.0742188 0.0371094
0 0.248249 0.530273 0.163086 0.0429688 0.0625
0 0.249585 0.678711 0.624023 0.0253906 0.03125
0 0.250715 0.583008 0.748047 0.0195312 0.0273438
0 0.257204 0.481445 0.980469 0.0234375 0.03125
0 0.262855 0.118652 0.52832 0.0224609 0.0410156
0 0.268807 0.398926 0.806152 0.0126953 0.0224609
0 0.288134 0.499512 0.695312 0.0166016 0.0234375
0 0.294051 0.683594 0.733887 0.0136719 0.0205078
0 0.315755 0.406738 0.743164 0.0244141 0.0351562
0 0.316233 0.249512 0.614746 0.0458984 0.0322266
0 0.320493 0.29834 0.394531 0.0244141 0.0253906
0 0.324367 0.334961 0.719238 0.0234375 0.0322266
0 0.327757 0.141113 0.343262 0.0615234 0.0732422
0 0.385027 0.0532227 0.188965 0.0302734 0.0439453
0 0.386914 0.463379 0.874512 0.0185547 0.0380859
0 0.476082 0.443848 0.739746 0.0263672 0.0341797
0 0.496715 0.133301 0.682129 0.0224609 0.0263672
0 0.58763 0.375488 0.893066 0.0283203 0.0341797
