0 0.101158 0.524414 0.287109 0.0371094 0.0527344
0 0.106711 0.304688 0.0532227 0.03125 0.0322266
0 0.112049 0.170898 0.354004 0.046875 0.0400391
0 0.112955 0.495605 0.289551 0.0205078 0.0244141
0 0.114721 0.518555 0.447754 0.0195312 0.0185547
0 0.126439 0.436035 0.152344 0.0126953 0.0234375
0 0.146209 0.34668 0.0224609 0.046875 0.0410156
0 0.149859 0.097168 0.507812 0.0439453 0.0390625
0 0.155581 0.410156 0.423828 0.015625 0.0253906
0 0.158532 0.457031 0.266113 0.0605469 0.0556641
0 0.169108 0.437012 0.262695 0.0498047 0.0566406
0 0.173335 0.441895 0.572754 0.0166016 0.0185547
0 0.201142 0.271484 0.0439453 0.0351562 0.03125
0 0.251683 0.483398 0.529297 0.0253906 0.0625
0 0.27818 0.395996 0.474121 0.0205078 0.0439453
0 0.28786 0.412109 0.532227 0.0351562 0.046875
0 0.355954 0.371582 0.272461 0.0341797 0.0449219
0 0.379357 0.491211 0.669922 0.0546875 0.0820312
