0 0.101117 0.177246 0.182617 0.0322266 0.0292969
0 0.101528 0.240234 0.335938 0.0117188 0.0253906
0 0.102487 0.15918 0.0195312 0.0527344 0.0332031
0 0.104126 0.743652 0.177246 0.0244141 0.0205078
0 0.104566 0.941406 0.318848 0.0292969 0.0400391
0 0.104772 0.306641 0.19043 0.0136719 0.03125
0 0.105907 0.424316 0.145996 0.0126953 0.0166016
0 0.106191 0.834961 0.256348 0.0117188 0.0146484
0 0.107741 0.615234 0.333496 0.0175781 0.0146484
0 0.108978 0.165039 0.227539 0.0214844 0.0332031
0 0.110924 0.195312 0.0131836 0.0292969 0.0263672
0 0.112367 0.142578 0.405273 0.0527344 0.0449219
0 0.112435 0.77832 0.213867 0.0136719 0.0234375
0 0.112594 0.114746 0.0644531 0.0341797 0.0390625
0 0.113798 0.788574 0.206055 0.0185547 0.0253906
0 0.114909 0.0629883 0.138184 0.0498047 0.0537109
0 0.115138 0.793945 0.574707 0.00976562 0.0146484
0 0.115258 0.908691 0.0864258 0.0302734 0.0341797
0 0.11757 0.282227 0.350586 0.0273438 0.0273438
0 0.117993 0.417969 0.0600586 0.03125 0.0419922
0 0.118179 0.501465 0.103516 0.0166016 0.03125
0 0.119556 0.901367 0.167969 0.015625 0.0195312
0 0.12097 0.459961 0.158691 0.0195312 0.0361328
0 0.121487 0.807617 0.772461 0.0214844 0.0410156
0 0.123372 0.42334 0.308594 0.0185547 0.0214844
0 0.124796 0.287598 0.157227 0.0244141 0.0644531
0 0.126328 0.189941 0.181152 0.0615234 0.0517578
0 0.130469 0.400879 0.247559 0.0302734 0.0302734
0 0.132333 0.112305 0.333008 0.03125 0.0429688
0 0.134775 0.702148 0.23584 0.0273438 0.0439453
0 0.135144 0.793457 0.138184 0.0244141 0.0263672
0 0.136473 0.745117 0.0654297 0.0195312 0.0214844
0 0.138368 0.754883 0.339355 0.0175781 0.0302734
0 0.139076 0.428223 0.246094 0.0341797 0.0410156
0 0.143986 0.749512 0.133789 0.0185547 0.0253906
0 0.148167 0.259277 0.335449 0.00878906 0.0185547
0 0.151497 0.368652 0.0898438 0.0341797 0.0371094
0 0.152726 0.447754 0.0175781 0.0263672 0.0351562
0 0.153554 0.23877 0.183594 0.0400391 0.0410156
0 0.161564 0.428711 0.0693359 0.0527344 0.0625
0 0.164808 0.202637 0.355469 0.0263672 0.0449219
0 0.16734 0.254883 0.269531 0.0253906 0.03125
0 0.167795 0.163086 0.403809 0.0371094 0.0478516
0 0.175256 0.102051 0.0712891 0.0224609 0.0371094
0 0.175544 0.213379 0.180664 0.0810547 0.0585938
0 0.176272 0.45459 0.174805 0.0126953 0.0214844
0 0.178721 0.206543 0.0966797 0.0283203 0.0351562
0 0.182205 0.220703 0.0761719 0.0273438 0.0332031
0 0.183307 0.783203 0.297363 0.0195312 0.0224609
0 0.185274 0.126953 0.059082 0.0214844 0.0361328
0 0.185304 0.328613 0.046875 0.0224609 0.03125
0 0.189621 0.772461 0.270996 0.0136719 0.0166016
0 0.190769 0.609375 0.257812 0.0136719 0.015625
0 0.199433 0.101074 0.03125 0.0302734 0.0292969
0 0.201981 0.710938 0.218262 0.0195312 0.0263672
0 0.206044 0.696289 0.244629 0.0214844 0.0322266
0 0.208971 0.29248 0.262207 0.0224609 0.0341797
0 0.21265 0.401367 0.019043 0.0117188 0.0244141
0 0.218829 0.243164 0.26709 0.0390625 0.0341797
0 0.221662 0.229004 0.00878906 0.0283203 0.0175781
0 0.225593 0.379395 0.158203 0.0322266 0.0429688
0 0.225843 0.0419922 0.0239258 0.0566406 0.0419922
0 0.239161 0.138184 0.0288086 0.0400391 0.0478516
0 0.24209 0.179688 0.0166016 0.0605469 0.0332031
0 0.250955 0.214844 0.0878906 0.0390625 0.0507812
0 0.257235 0.132324 0.154785 0.0341797 0.0419922
0 0.261009 0.352539 0.0839844 0.0175781 0.0429688
0 0.264778 0.28125 0.0249023 0.0585938 0.0400391
0 0.276607 0.341309 0.168945 0.0322266 0.0566406
0 0.281306 0.790527 0.201172 0.0107422 0.0175781
0 0.290017 0.430664 0.201172 0.0195312 0.0332031
0 0.292983 0.697754 0.314453 0.0400391 0.0390625
0 0.304019 0.220215 0.291992 0.0302734 0.0292969
0 0.31988 0.389648 0.146484 0.0371094 0.0488281
0 0.322917 0.297852 0.0200195 0.0332031 0.0400391
0 0.324564 0.16748 0.0844727 0.0556641 0.0537109
0 0.326352 0.745605 0.216309 0.0244141 0.0283203
0 0.32652 0.341797 0.0112305 0.0273438 0.0224609
0 0.328986 0.378418 0.0952148 0.0185547 0.0322266
0 0.330371 0.371582 0.0205078 0.0224609 0.0371094
0 0.355574 0.621094 0.217773 0.0292969 0.0351562
0 0.358001 0.264648 0.0283203 0.0371094 0.0429688
0 0.4967 0.414062 0.250488 0.0546875 0.0419922
