0 0.100587 0.338379 0.791504 0.0244141 0.0302734
0 0.101571 0.266602 0.447266 0.03125 0.0449219
0 0.103541 0.0678711 0.662598 0.0400391 0.0478516
0 0.107258 0.411133 0.686523 0.0234375 0.0332031
0 0.110193 0.591309 0.355469 0.0205078 0.03125
0 0.110404 0.495117 0.411621 0.0449219 0.0791016
0 0.115529 0.66748 0.902344 0.0107422 0.0195312
0 0.118195 0.372559 0.888672 0.0126953 0.0234375
0 0.122428 0.462891 0.404785 0.0878906 0.0966797
0 0.123339 0.0898438 0.615234 0.0371094 0.0605469
0 0.126234 0.520996 0.359375 0.0478516 0.0566406
0 0.130498 0.288086 0.963379 0.0351562 0.0712891
0 0.135501 0.51416 0.670898 0.0302734 0.0390625
0 0.150218 0.286621 0.83252 0.0498047 0.0498047
0 0.161022 0.40332 0.961914 0.0332031 0.0488281
0 0.161704 0.459961 0.894531 0.0214844 0.0234375
0 0.173072 0.736328 0.500488 0.0351562 0.0458984
0 0.176001 0.496582 0.969238 0.0263672 0.0302734
0 0.178455 0.476562 0.747559 0.0234375 0.0361328
0 0.179386 0.418457 0.683105 0.0400391 0.0478516
0 0.182095 0.584473 0.397461 0.0341797 0.0429688
0 0.188843 0.32666 0.824707 0.00878906 0.0185547
0 0.192965 0.566406 0.916992 0.0351562 0.0507812
0 0.19539 0.534668 0.557617 0.0244141 0.0390625
0 0.202748 0.430176 0.669922 0.0537109 0.0585938
0 0.220307 0.368652 0.818359 0.0224609 0.0273438
0 0.241831 0.390137 0.894043 0.0107422 0.0185547
0 0.246486 0.580078 0.305176 0.105469 0.0595703
0 0.274714 0.385254 0.666992 0.0166016 0.0234375
0 0.293008 0.620605 0.890137 0.0361328 0.0478516
0 0.295832 0.405273 0.90625 0.0136719 0.0253906
0 0.309272 0.483398 0.508789 0.0214844 0.0332031
0 0.340195 0.608887 0.976074 0.0595703 0.0439453
