0 0.100571 0.554688 0.14502 0.0390625 0.0439453
0 0.103144 0.358887 0.0874023 0.0380859 0.0439453
0 0.111765 0.364746 0.0102539 0.0205078 0.0185547
0 0.115275 0.249512 0.155273 0.0341797 0.0371094
0 0.119632 0.305664 0.0332031 0.0664062 0.0546875
0 0.120426 0.321777 0.0834961 0.0302734 0.0283203
0 0.123371 0.993164 0.442871 0.0136719 0.0224609
0 0.123938 0.309082 0.0834961 0.0654297 0.0361328
0 0.127508 0.45166 0.519531 0.0205078 0.0351562
0 0.130267 0.249512 0.0327148 0.0146484 0.0244141
0 0.134741 0.295898 0.03125 0.0332031 0.0449219
0 0.137901 0.499023 0.371094 0.015625 0.015625
0 0.144712 0.293457 0.0800781 0.0283203 0.0273438
0 0.152628 0.551758 0.51123 0.0292969 0.0224609
0 0.155613 0.495605 0.0805664 0.0322266 0.0361328
0 0.155896 0.450195 0.0859375 0.0371094 0.0566406
0 0.155952 0.156738 0.0605469 0.0556641 0.0527344
0 0.15864 0.547363 0.146973 0.0205078 0.0361328
0 0.170761 0.442383 0.0166016 0.0644531 0.03125
0 0.171528 0.340332 0.0864258 0.0458984 0.0380859
0 0.179141 0.563965 0.0820312 0.0458984 0.0429688
0 0.189495 0.230469 0.137207 0.0488281 0.0341797
0 0.201505 0.492676 0.090332 0.0517578 0.0615234
0 0.205675 0.505371 0.102051 0.0439453 0.0517578
0 0.214068 0.101074 0.0581055 0.0322266 0.0302734
0 0.216213 0.297363 0.148926 0.0302734 0.0341797
0 0.216509 0.428223 0.131348 0.0224609 0.0244141
0 0.242673 0.544434 0.0898438 0.0244141 0.0332031
0 0.254091 0.469238 0.449707 0.0146484 0.0185547
0 0.259024 0.454102 0.09375 0.0195312 0.0390625
0 0.260693 0.233398 0.090332 0.03125 0.0458984
0 0.266025 0.283691 0.107422 0.0322266 0.0371094
0 0.279456 0.285156 0.658203 0.0253906 0.0429688
0 0.290508 0.370117 0.0913086 0.0273438 0.0478516
0 0.301689 0.256348 0.168457 0.0205078 0.0283203
0 0.322465 0.576172 0.0727539 0.0253906 0.0380859
