0 0.101599 0.524414 0.512695 0.0214844 0.0371094
0 0.102104 0.577637 0.418945 0.0302734 0.0351562
0 0.104997 0.230469 0.612305 0.0195312 0.0253906
0 0.107886 0.533691 0.77002 0.0205078 0.0205078
0 0.109081 0.547363 0.890137 0.0341797 0.0419922
0 0.109161 0.60498 0.139648 0.0185547 0.0234375
0 0.109944 0.151367 0.580566 0.0117188 0.0263672
0 0.111435 0.411133 0.983398 0.0332031 0.0273438
0 0.111917 0.694336 0.573242 0.0214844 0.03125
0 0.112691 0.405762 0.805664 0.0185547 0.0332031
0 0.113102 0.323242 0.870117 0.0214844 0.0273438
0 0.116334 0.651855 0.464844 0.0302734 0.0253906
0 0.117384 0.228516 0.678711 0.0175781 0.0390625
0 0.117525 0.842773 0.134277 0.0351562 0.0517578
0 0.118522 0.641113 0.879395 0.0224609 0.0322266
0 0.122444 0.405273 0.469238 0.0332031 0.0380859
0 0.123217 0.193359 0.665527 0.0527344 0.0537109
0 0.123509 0.533691 0.416992 0.0244141 0.0273438
0 0.123627 0.39209 0.861328 0.0263672 0.0488281
0 0.124308 0.467285 0.489258 0.0556641 0.0410156
0 0.12472 0.290039 0.15918 0.0429688 0.0566406
0 0.125024 0.291992 0.754395 0.0136719 0.0302734
0 0.125982 0.186523 0.754395 0.0195312 0.0263672
0 0.131107 0.312012 0.671875 0.0341797 0.0371094
0 0.1312 0.306641 0.57666 0.0371094 0.0419922
0 0.136694 0.27832 0.747559 0.0136719 0.0244141
0 0.140444 0.369629 0.169434 0.0380859 0.0400391
0 0.145809 0.218262 0.599121 0.0302734 0.0322266
0 0.148783 0.336914 0.953613 0.0292969 0.0341797
0 0.150351 0.286133 0.952148 0.0175781 0.0332031
0 0.157347 0.598633 0.862793 0.0136719 0.0322266
0 0.161007 0.521973 0.913574 0.0185547 0.0380859
0 0.162109 0.247559 0.521973 0.0205078 0.0302734
0 0.163427 0.430176 0.241211 0.0263672 0.0332031
0 0.163494 0.368652 0.872559 0.0244141 0.0576172
0 0.165486 0.180176 0.958008 0.0537109 0.0625
0 0.167161 0.306641 0.537109 0.0136719 0.0175781
0 0.167575 0.207031 0.910645 0.0410156 0.0615234
0 0.169387 0.465332 0.987793 0.0205078 0.0244141
0 0.172365 0.663574 0.90918 0.0244141 0.0371094
0 0.172438 0.541504 0.856445 0.0361328 0.03125
0 0.173875 0.461426 0.785645 0.00878906 0.0185547
0 0.176449 0.258301 0.747559 0.0107422 0.0400391
0 0.176666 0.446289 0.399414 0.0117188 0.0175781
0 0.180813 0.331055 0.871582 0.03125 0.0419922
0 0.185425 0.548828 0.641113 0.0273438 0.0185547
0 0.185658 0.492188 0.0585938 0.09375 0.117188
0 0.186705 0.263672 0.558105 0.0195312 0.0244141
0 0.186835 0.744629 0.709961 0.0263672 0.0507812
0 0.188076 0.812012 0.197266 0.0419922 0.0449219
0 0.196389 0.290527 0.49707 0.0322266 0.0292969
0 0.198465 0.32373 0.760254 0.0146484 0.0361328
0 0.199016 0.220703 0.485352 0.0429688 0.0371094
0 0.210836 0.482422 0.92627 0.0332031 0.0380859
0 0.211199 0.529297 0.905762 0.0292969 0.0439453
0 0.215588 0.79248 0.35498 0.0341797 0.0400391
0 0.215988 0.268066 0.591797 0.0166016 0.0273438
0 0.219693 0.6875 0.815918 0.0371094 0.0400391
0 0.223924 0.445312 0.619629 0.015625 0.0224609
0 0.227085 0.625 0.705566 0.0214844 0.0302734
0 0.229856 0.421387 0.981934 0.0185547 0.0341797
0 0.230585 0.44043 0.773438 0.015625 0.03125
0 0.23212 0.361816 0.180664 0.0517578 0.0527344
0 0.23586 0.527832 0.578125 0.0244141 0.0507812
0 0.237258 0.0805664 0.656738 0.0400391 0.0810547
0 0.237531 0.228027 0.604492 0.0361328 0.0410156
0 0.238092 0.414062 0.94043 0.015625 0.0175781
0 0.241287 0.241211 0.821289 0.03125 0.0273438
0 0.243799 0.378418 0.931641 0.0205078 0.0253906
0 0.24535 0.393066 0.984863 0.0185547 0.0302734
0 0.247665 0.187012 0.930664 0.0654297 0.103516
0 0.248496 0.514648 0.958008 0.0351562 0.0566406
0 0.254642 0.334961 0.887695 0.0292969 0.0605469
0 0.268059 0.537109 0.897949 0.03125 0.0419922
0 0.268595 0.429199 0.427734 0.0146484 0.0234375
0 0.299033 0.738281 0.195312 0.0371094 0.0449219
0 0.314387 0.841309 0.362793 0.0341797 0.0400391
0 0.379396 0.380371 0.861328 0.0419922 0.0566406
0 0.432486 0.570312 0.79834 0.0214844 0.0341797
0 0.493363 0.197754 0.811523 0.0341797 0.0390625
