0 0.102634 0.164551 0.700684 0.0537109 0.0478516
0 0.10602 0.483887 0.939941 0.0185547 0.0419922
0 0.108451 0.410645 0.530273 0.0126953 0.03125
0 0.109989 0.877441 0.211426 0.0458984 0.0322266
0 0.110666 0.855469 0.743164 0.0878906 0.0859375
0 0.110745 0.895508 0.20166 0.03125 0.0302734
0 0.111403 0.320312 0.614746 0.0078125 0.0146484
0 0.113317 0.339355 0.615234 0.0146484 0.0253906
0 0.113728 0.648926 0.645508 0.0224609 0.0292969
0 0.116975 0.352539 0.983398 0.0234375 0.0332031
0 0.119677 0.20752 0.518555 0.0166016 0.015625
0 0.123791 0.437012 0.943359 0.0244141 0.046875
0 0.12764 0.548828 0.826172 0.0234375 0.0410156
0 0.130294 0.318359 0.709473 0.015625 0.0244141
0 0.130525 0.299805 0.666504 0.0136719 0.0263672
0 0.132245 0.834473 0.710938 0.0888672 0.0878906
0 0.132835 0.752441 0.608887 0.0302734 0.0302734
0 0.135588 0.704102 0.592285 0.0292969 0.0400391
0 0.137343 0.651367 0.127441 0.0234375 0.0224609
0 0.140877 0.695801 0.6875 0.0244141 0.0273438
0 0.145127 0.661133 0.637207 0.0371094 0.0419922
0 0.149832 0.72998 0.530273 0.0224609 0.0371094
0 0.14984 0.708496 0.537109 0.0205078 0.0175781
0 0.152385 0.823242 0.34082 0.0351562 0.0332031
0 0.154282 0.746094 0.161133 0.03125 0.0390625
0 0.158203 0.133301 0.741211 0.0263672 0.0488281
0 0.158928 0.737305 0.345215 0.046875 0.0400391
0 0.160128 0.49707 0.477539 0.0332031 0.0429688
0 0.164223 0.180664 0.707031 0.0292969 0.0410156
0 0.169362 0.830078 0.279785 0.0292969 0.0361328
0 0.173438 0.844727 0.359863 0.03125 0.0458984
0 0.188282 0.768066 0.91748 0.0537109 0.0478516
0 0.189164 0.829102 0.688477 0.0585938 0.0507812
0 0.189488 0.549316 0.592773 0.0224609 0.0195312
0 0.198823 0.728027 0.708984 0.0498047 0.0410156
0 0.199569 0.574219 0.744141 0.0117188 0.0175781
0 0.202958 0.693359 0.320801 0.0566406 0.0517578
0 0.204743 0.871094 0.217773 0.0253906 0.0253906
0 0.207903 0.424805 0.317383 0.0214844 0.0195312
0 0.209852 0.907227 0.29248 0.0332031 0.0283203
0 0.217211 0.482422 0.693359 0.0253906 0.0351562
0 0.22431 0.208496 0.619629 0.0361328 0.0380859
0 0.238885 0.768555 0.330078 0.046875 0.0546875
0 0.247884 0.513184 0.635742 0.0341797 0.0390625
0 0.253522 0.692871 0.678223 0.0361328 0.0419922
0 0.258219 0.817871 0.600098 0.0478516 0.0419922
0 0.262433 0.561523 0.260742 0.0488281 0.0722656
0 0.280651 0.355957 0.648926 0.0205078 0.0244141
0 0.287954 0.147949 0.797363 0.0615234 0.0634766
0 0.294363 0.39209 0.625488 0.0361328 0.0517578
0 0.38128 0.222168 0.682617 0.0224609 0.0371094
0 0.382154 0.89209 0.257812 0.0322266 0.0390625
0 0.448096 0.503906 0.25 0.0351562 0.0332031
0 0.489383 0.751953 0.241699 0.046875 0.0361328
0 0.554109 0.663574 0.740723 0.0419922 0.0458984
