0 0.100823 0.469727 0.291016 0.0371094 0.0488281
0 0.102932 0.421875 0.284668 0.0175781 0.0263672
0 0.103877 0.197266 0.0830078 0.0273438 0.0507812
0 0.104742 0.318848 0.0375977 0.0361328 0.0498047
0 0.106523 0.458984 0.279785 0.015625 0.0263672
0 0.107323 0.82959 0.0400391 0.0283203 0.0664062
0 0.107761 0.709473 0.225586 0.0146484 0.015625
0 0.109561 0.492188 0.314941 0.0234375 0.0263672
0 0.112351 0.411621 0.0400391 0.0185547 0.0332031
0 0.114647 0.43457 0.356934 0.0234375 0.0224609
0 0.117208 0.297363 0.129395 0.0185547 0.0263672
0 0.119871 0.466309 0.0151367 0.0478516 0.0283203
0 0.120773 0.731445 0.193359 0.0214844 0.0253906
0 0.121865 0.490234 0.229492 0.0117188 0.0292969
0 0.124819 0.761719 0.294922 0.0136719 0.0214844
0 0.127114 0.42041 0.0415039 0.0263672 0.0341797
0 0.130718 0.588867 0.0664062 0.0195312 0.0214844
0 0.132994 0.243164 0.189941 0.0292969 0.0302734
0 0.133768 0.135742 0.123047 0.0273438 0.0292969
0 0.137276 0.370605 0.0761719 0.0341797 0.0429688
0 0.139951 0.36377 0.164551 0.0205078 0.0244141
0 0.143136 0.806641 0.112305 0.0390625 0.0546875
0 0.143564 0.476074 0.297852 0.0302734 0.0292969
0 0.144133 0.816895 0.125977 0.0302734 0.0449219
0 0.145305 0.490723 0.17334 0.0205078 0.0205078
0 0.146121 0.760742 0.134277 0.0136719 0.0205078
0 0.14676 0.411621 0.356445 0.0126953 0.0214844
0 0.152744 0.34668 0.905762 0.0449219 0.0791016
0 0.156085 0.834473 0.199219 0.0185547 0.0273438
0 0.167128 0.202637 0.206055 0.0283203 0.0449219
0 0.16738 0.769043 0.205078 0.0283203 0.0429688
0 0.168596 0.445312 0.354492 0.0429688 0.0292969
0 0.181602 0.315918 0.0161133 0.0615234 0.0283203
0 0.192065 0.206543 0.13916 0.0341797 0.0322266
0 0.196197 0.694824 0.0703125 0.0263672 0.03125
0 0.196746 0.491699 0.345215 0.0185547 0.0205078
0 0.203751 0.342773 0.223633 0.015625 0.0195312
0 0.205052 0.32666 0.166992 0.0185547 0.0253906
0 0.211446 0.385742 0.186523 0.0195312 0.0273438
0 0.218476 0.114746 0.196289 0.0283203 0.0410156
0 0.222305 0.324707 0.255371 0.0146484 0.0244141
0 0.223724 0.0249023 0.161621 0.0458984 0.0595703
0 0.228861 0.353516 0.134766 0.015625 0.0214844
0 0.248484 0.431641 0.0424805 0.0175781 0.0302734
0 0.254821 0.32373 0.0449219 0.0224609 0.03125
0 0.271653 0.15918 0.019043 0.0488281 0.0341797
0 0.312611 0.382812 0.0698242 0.0273438 0.0322266
0 0.313209 0.384277 0.293457 0.0185547 0.0361328
0 0.323841 0.797852 0.0952148 0.03125 0.0322266
0 0.34375 0.140625 0.0825195 0.0253906 0.0380859
0 0.394408 0.428223 0.194336 0.0126953 0.0195312
0 0.402696 0.45752 0.351562 0.0283203 0.0273438
0 0.587253 0.0771484 0.137207 0.0253906 0.0400391
