0 0.10021 0.233398 0.263672 0.0859375 0.0898438
0 0.101367 0.190918 0.0942383 0.0224609 0.0302734
0 0.103833 0.149414 0.65332 0.0214844 0.0292969
0 0.104568 0.519531 0.0126953 0.0371094 0.0253906
0 0.104979 0.554199 0.904297 0.0439453 0.0332031
0 0.105235 0.639648 0.839844 0.0351562 0.0644531
0 0.105271 0.604492 0.917969 0.0527344 0.0800781
0 0.105951 0.273926 0.141602 0.0322266 0.0546875
0 0.10683 0.435547 0.216797 0.0332031 0.0253906
0 0.107057 0.441406 0.387207 0.0273438 0.0341797
0 0.110915 0.378418 0.303711 0.0732422 0.0898438
0 0.112633 0.42334 0.388184 0.0478516 0.0615234
0 0.114444 0.512695 0.0161133 0.0703125 0.0283203
0 0.114527 0.102539 0.0688477 0.0527344 0.0712891
0 0.11468 0.14502 0.641113 0.0302734 0.0458984
0 0.114731 0.0859375 0.276855 0.0527344 0.0615234
0 0.116196 0.575684 0.138672 0.0400391 0.046875
0 0.116682 0.0795898 0.21875 0.0615234 0.0507812
0 0.116912 0.749512 0.833496 0.0263672 0.0322266
0 0.117204 0.446777 0.345215 0.0146484 0.0283203
0 0.118015 0.779785 0.924316 0.12207 0.0751953
0 0.118484 0.408691 0.406738 0.0419922 0.0458984
0 0.118547 0.205566 0.117676 0.0322266 0.0380859
0 0.118981 0.30957 0.692383 0.0253906 0.0429688
0 0.121144 0.298828 0.242188 0.0429688 0.0390625
0 0.121794 0.0581055 0.696777 0.0498047 0.0654297
0 0.122257 0.16748 0.729004 0.0166016 0.0244141
0 0.12459 0.0805664 0.0166016 0.0361328 0.0332031
0 0.124661 0.42334 0.367676 0.0341797 0.0322266
0 0.129253 0.202637 0.137695 0.0478516 0.0664062
0 0.129337 0.854004 0.192383 0.0283203 0.0351562
0 0.129496 0.23291 0.078125 0.0185547 0.0371094
0 0.13177 0.483887 0.0200195 0.0615234 0.0380859
0 0.133061 0.520996 0.929199 0.0361328 0.0478516
0 0.134126 0.958984 0.47168 0.0625 0.0546875
0 0.134896 0.716797 0.0771484 0.0429688 0.0410156
0 0.134944 0.236328 0.0268555 0.0351562 0.0498047
0 0.135354 0.681152 0.731445 0.0263672 0.0410156
0 0.135751 0.777344 0.848145 0.0664062 0.0615234
0 0.135873 0.09375 0.241699 0.0898438 0.0966797
0 0.138137 0.297363 0.317383 0.0361328 0.0410156
0 0.140956 0.164551 0.86377 0.0498047 0.0712891
0 0.144986 0.526367 0.0102539 0.0410156 0.0126953
0 0.145297 0.314941 0.682617 0.0185547 0.0253906
0 0.146686 0.416992 0.40625 0.0175781 0.0429688
0 0.148036 0.841797 0.861816 0.0585938 0.0673828
0 0.148104 0.544434 0.311035 0.0263672 0.0302734
0 0.149606 0.883301 0.884277 0.0751953 0.0751953
0 0.150082 0.339844 0.0214844 0.0859375 0.0410156
0 0.150577 0.449219 0.39502 0.0292969 0.0341797
0 0.151958 0.405273 0.341797 0.0546875 0.0546875
0 0.15298 0.73584 0.429688 0.0283203 0.046875
0 0.154153 0.634277 0.137695 0.0888672 0.123047
0 0.159554 0.416016 0.359375 0.0625 0.0566406
0 0.160301 0.317383 0.262695 0.0390625 0.0488281
0 0.161035 0.308594 0.269531 0.0253906 0.0351562
0 0.164969 0.557617 0.380859 0.0390625 0.0488281
0 0.165287 0.667969 0.727539 0.0546875 0.0527344
0 0.16535 0.223145 0.217773 0.112305 0.0742188
0 0.166395 0.686035 0.132324 0.120117 0.0849609
0 0.16812 0.218262 0.243164 0.0498047 0.0625
0 0.171779 0.647461 0.856934 0.0175781 0.0263672
0 0.173099 0.498535 0.833496 0.0263672 0.0439453
0 0.173383 0.291504 0.169922 0.0361328 0.0371094
0 0.174472 0.560547 0.128906 0.0585938 0.0566406
0 0.176622 0.200684 0.0161133 0.0224609 0.0322266
0 0.181215 0.245117 0.0170898 0.0605469 0.0302734
0 0.183686 0.859863 0.872559 0.0537109 0.0615234
0 0.185856 0.216797 0.682617 0.0410156 0.0527344
0 0.187384 0.733398 0.0146484 0.0449219 0.0273438
0 0.187412 0.300293 0.333496 0.0458984 0.0751953
0 0.190323 0.814941 0.921387 0.0712891 0.0869141
0 0.191892 0.377441 0.258301 0.0341797 0.0322266
0 0.191991 0.577637 0.666992 0.0107422 0.0175781
0 0.192279 0.328613 0.253418 0.0302734 0.0498047
0 0.194741 0.228027 0.454102 0.0302734 0.0644531
0 0.197077 0.4375 0.391113 0.0410156 0.0498047
0 0.197703 0.620117 0.675781 0.015625 0.0234375
0 0.200074 0.411133 0.258301 0.0390625 0.0576172
0 0.200729 0.391113 0.396484 0.0341797 0.0234375
0 0.202703 0.810059 0.35791 0.0361328 0.0361328
0 0.205319 0.199219 0.317383 0.0488281 0.0703125
0 0.20623 0.735352 0.922852 0.0742188 0.0761719
0 0.206293 0.427246 0.930664 0.0458984 0.0429688
0 0.210499 0.257324 0.21582 0.0576172 0.0488281
0 0.212384 0.683594 0.0556641 0.015625 0.0273438
0 0.2149 0.546387 0.123535 0.0302734 0.0556641
0 0.21569 0.529297 0.36084 0.0371094 0.0517578
0 0.216128 0.36377 0.310059 0.0439453 0.0634766
0 0.219018 0.768066 0.0571289 0.0478516 0.0537109
0 0.220683 0.759766 0.840332 0.0507812 0.0498047
0 0.222928 0.472168 0.910645 0.0322266 0.0595703
0 0.227643 0.383789 0.266113 0.0566406 0.0556641
0 0.227822 0.713867 0.136719 0.0703125 0.0683594
0 0.229835 0.349609 0.98584 0.0371094 0.0283203
0 0.230604 0.178223 0.572266 0.0283203 0.0507812
0 0.239158 0.244629 0.140137 0.0302734 0.0439453
0 0.240688 0.672852 0.0180664 0.0546875 0.0361328
0 0.241372 0.25293 0.765625 0.03125 0.0566406
0 0.241651 0.277832 0.705078 0.0361328 0.0546875
0 0.243857 0.214844 0.547852 0.0488281 0.0449219
0 0.244306 0.808105 0.875488 0.110352 0.108398
0 0.246206 0.61377 0.976074 0.0283203 0.0400391
0 0.247786 0.111816 0.259277 0.0634766 0.0673828
0 0.247993 0.206543 0.11377 0.0205078 0.0224609
0 0.254749 0.365723 0.0380859 0.12207 0.0683594
0 0.259109 0.0224609 0.282715 0.0449219 0.0712891
0 0.272483 0.259277 0.140137 0.0478516 0.0498047
0 0.284945 0.395996 0.117188 0.0361328 0.0664062
0 0.294331 0.181152 0.206055 0.0693359 0.0566406
0 0.29853 0.77002 0.535156 0.0517578 0.0507812
0 0.313295 0.790527 0.122559 0.0654297 0.0576172
0 0.314453 0.496094 0.249512 0.0527344 0.0556641
0 0.314647 0.147949 0.0795898 0.0341797 0.0380859
0 0.319777 0.121094 0.199219 0.0273438 0.0371094
0 0.320804 0.370605 0.699219 0.0205078 0.0332031
0 0.327459 0.117676 0.572754 0.0322266 0.0361328
0 0.329917 0.210449 0.149414 0.0361328 0.0449219
0 0.334874 0.257812 0.274414 0.0410156 0.0429688
0 0.335412 0.167969 0.280762 0.0273438 0.0537109
0 0.338525 0.108887 0.793945 0.0537109 0.0644531
0 0.349381 0.155273 0.0234375 0.0839844 0.0410156
0 0.350104 0.265625 0.0126953 0.03125 0.0253906
0 0.355008 0.17627 0.777832 0.0341797 0.0576172
0 0.3592 0.536133 0.190918 0.0371094 0.0771484
0 0.360755 0.654785 0.72168 0.0380859 0.0410156
0 0.362351 0.330078 0.120117 0.0292969 0.0351562
0 0.363476 0.939941 0.836914 0.0595703 0.0546875
0 0.373315 0.147461 0.142578 0.0292969 0.0488281
0 0.377296 0.286133 0.230957 0.0332031 0.0400391
0 0.392823 0.447266 0.255859 0.0175781 0.0332031
0 0.393723 0.280273 0.352539 0.0429688 0.0644531
0 0.397529 0.754395 0.931152 0.0419922 0.0537109
0 0.406076 0.41748 0.0361328 0.0927734 0.0683594
0 0.427903 0.54541 0.914062 0.0615234 0.0546875
0 0.428035 0.487305 0.29541 0.0253906 0.0341797
0 0.434103 0.251465 0.078125 0.0458984 0.0351562
0 0.460957 0.813477 0.939453 0.0429688 0.046875
0 0.515467 0.70752 0.912109 0.0498047 0.0820312
0 0.531486 0.114746 0.712891 0.0810547 0.0566406
