0 0.109428 0.469727 0.774414 0.03125 0.0566406
0 0.109845 0.114258 0.388672 0.0488281 0.0429688
0 0.110089 0.345215 0.110352 0.0380859 0.0488281
0 0.123513 0.612305 0.611328 0.0195312 0.0507812
0 0.124374 0.557129 0.930664 0.0205078 0.0410156
0 0.124457 0.852539 0.0209961 0.0273438 0.0302734
0 0.127825 0.543945 0.660645 0.046875 0.0634766
0 0.128428 0.561523 0.740234 0.0546875 0.0546875
0 0.13384 0.703125 0.421387 0.09375 0.116211
0 0.16331 0.460449 0.316895 0.0322266 0.0576172
0 0.183309 0.797852 0.131348 0.0253906 0.0322266
0 0.19492 0.646484 0.435059 0.0351562 0.0556641
0 0.196807 0.279297 0.255859 0.0273438 0.046875
0 0.234277 0.324219 0.937988 0.0527344 0.0693359
0 0.241433 0.655762 0.498535 0.0283203 0.0302734
0 0.254904 0.251953 0.489258 0.0742188 0.0703125
0 0.26737 0.293457 0.309082 0.0400391 0.0576172
0 0.270841 0.223633 0.350098 0.0273438 0.0419922
0 0.271977 0.701172 0.695312 0.0214844 0.0351562
0 0.424634 0.494141 0.697266 0.0273438 0.046875
