0 0.100308 0.378906 0.209961 0.0351562 0.0664062
0 0.102093 0.29834 0.0166016 0.0712891 0.03125
0 0.103076 0.248047 0.295898 0.0507812 0.0546875
0 0.103247 0.231934 0.0263672 0.0341797 0.0488281
0 0.103295 0.686035 0.22168 0.0478516 0.0527344
0 0.10702 0.484375 0.257812 0.015625 0.0136719
0 0.11011 0.670898 0.572754 0.0175781 0.0185547
0 0.110982 0.714355 0.26709 0.0146484 0.0244141
0 0.113397 0.722168 0.0932617 0.0205078 0.0283203
0 0.119101 0.779785 0.050293 0.0263672 0.0439453
0 0.126576 0.231445 0.168457 0.0273438 0.0380859
0 0.126703 0.834473 0.0483398 0.0224609 0.0341797
0 0.130569 0.171387 0.279297 0.0400391 0.0507812
0 0.130814 0.631348 0.253906 0.0302734 0.0351562
0 0.136019 0.198242 0.335449 0.0136719 0.0224609
0 0.136925 0.388672 0.255859 0.0253906 0.0292969
0 0.140221 0.73584 0.233398 0.0263672 0.0273438
0 0.145161 0.758789 0.284668 0.0117188 0.0185547
0 0.148434 0.63916 0.164062 0.0146484 0.0195312
0 0.156275 0.670898 0.524902 0.0292969 0.0439453
0 0.160537 0.21875 0.251953 0.0351562 0.0488281
0 0.169148 0.441895 0.368652 0.0361328 0.0419922
0 0.176419 0.474609 0.457031 0.015625 0.0292969
0 0.179411 0.291992 0.245117 0.0332031 0.046875
