0 0.100043 0.871582 0.681641 0.0224609 0.0292969
0 0.100198 0.505371 0.836426 0.0244141 0.0283203
0 0.100238 0.540039 0.183105 0.03125 0.0302734
0 0.100242 0.739258 0.0405273 0.0273438 0.0458984
0 0.100377 0.496582 0.490723 0.0224609 0.0244141
0 0.100778 0.322754 0.335938 0.0126953 0.0195312
0 0.101056 0.493164 0.103027 0.0234375 0.0478516
0 0.101182 0.553711 0.313477 0.0351562 0.0546875
0 0.101415 0.651367 0.938477 0.0429688 0.078125
0 0.101456 0.586914 0.0693359 0.0214844 0.0351562
0 0.102117 0.661621 0.0668945 0.0263672 0.0302734
0 0.102326 0.275879 0.0976562 0.0185547 0.0371094
0 0.102501 0.893555 0.183105 0.0351562 0.0302734
0 0.10302 0.259277 0.248535 0.0341797 0.0693359
0 0.103219 0.341309 0.0849609 0.0244141 0.0371094
0 0.104474 0.367188 0.228516 0.0351562 0.0429688
0 0.10468 0.291992 0.201172 0.0273438 0.0253906
0 0.10473 0.29834 0.0976562 0.0166016 0.0332031
0 0.1049 0.583496 0.921387 0.0263672 0.0400391
0 0.104903 0.57373 0.170898 0.0107422 0.0195312
0 0.10501 0.739746 0.0625 0.0263672 0.046875
0 0.105069 0.384766 0.00976562 0.0136719 0.0195312
0 0.106008 0.771973 0.765625 0.0146484 0.0371094
0 0.106902 0.322754 0.943359 0.0166016 0.0351562
0 0.106994 0.587402 0.116699 0.0185547 0.0302734
0 0.107213 0.401367 0.0180664 0.0332031 0.0302734
0 0.107489 0.166504 0.108887 0.0380859 0.0556641
0 0.107714 0.242676 0.29834 0.0224609 0.0400391
0 0.107728 0.556152 0.0239258 0.0380859 0.0419922
0 0.107894 0.781738 0.974609 0.0439453 0.0410156
0 0.108204 0.364746 0.317383 0.0380859 0.03125
0 0.110179 0.633301 0.0239258 0.0361328 0.0400391
0 0.110201 0.333984 0.204102 0.03125 0.0351562
0 0.111172 0.60498 0.16748 0.0302734 0.0302734
0 0.111287 0.585938 0.826172 0.0371094 0.0332031
0 0.11139 0.587402 0.0146484 0.0556641 0.0253906
0 0.111503 0.148438 0.432129 0.0234375 0.0244141
0 0.111659 0.297363 0.22168 0.0302734 0.0390625
0 0.111804 0.760742 0.490234 0.0449219 0.0429688
0 0.112084 0.758789 0.491699 0.0292969 0.0244141
0 0.11224 0.741211 0.410156 0.0117188 0.0253906
0 0.11276 0.500977 0.605469 0.0273438 0.0449219
0 0.113136 0.620117 0.650391 0.0195312 0.0214844
0 0.11329 0.678711 0.0952148 0.0195312 0.0400391
0 0.113383 0.741211 0.978516 0.0195312 0.0390625
0 0.113534 0.152344 0.342285 0.0234375 0.0478516
0 0.113869 0.266602 0.229492 0.0175781 0.046875
0 0.11433 0.733398 0.465332 0.0371094 0.0634766
0 0.114491 0.0986328 0.812012 0.015625 0.0322266
0 0.11502 0.347656 0.0146484 0.0253906 0.0273438
0 0.115087 0.256836 0.117676 0.03125 0.0361328
0 0.115581 0.337891 0.222656 0.0371094 0.0429688
0 0.115715 0.166992 0.674316 0.0234375 0.0263672
0 0.115747 0.577148 0.258789 0.0195312 0.0253906
0 0.115891 0.510742 0.0102539 0.015625 0.0185547
0 0.116131 0.805176 0.915039 0.0263672 0.0371094
0 0.116199 0.51416 0.276855 0.0517578 0.0537109
0 0.116328 0.412109 0.266113 0.0234375 0.0302734
0 0.116385 0.53125 0.29248 0.0429688 0.0517578
0 0.116386 0.254395 0.0239258 0.0400391 0.0322266
0 0.116426 0.662598 0.847656 0.0341797 0.046875
0 0.116975 0.634766 0.126953 0.0195312 0.0273438
0 0.1177 0.731934 0.369629 0.0263672 0.0224609
0 0.117701 0.189941 0.849609 0.0205078 0.0253906
0 0.117919 0.472168 0.0625 0.0205078 0.0273438
0 0.118803 0.328125 0.532227 0.0273438 0.0371094
0 0.11919 0.349121 0.496582 0.00878906 0.0224609
0 0.119399 0.48584 0.4375 0.0107422 0.0195312
0 0.119714 0.015625 0.663086 0.03125 0.0371094
0 0.119867 0.426758 0.353516 0.0214844 0.03125
0 0.120016 0.205566 0.88916 0.0361328 0.0517578
0 0.12021 0.713379 0.157715 0.0322266 0.0478516
0 0.120409 0.746582 0.481445 0.0302734 0.0273438
0 0.120729 0.720703 0.406738 0.015625 0.0224609
0 0.121069 0.830566 0.472656 0.0341797 0.0273438
0 0.12114 0.662109 0.0791016 0.0351562 0.046875
0 0.122285 0.180176 0.0634766 0.0400391 0.0585938
0 0.122502 0.333984 0.598145 0.0136719 0.0205078
0 0.122872 0.0683594 0.407715 0.0292969 0.0263672
0 0.123604 0.912598 0.787109 0.0458984 0.0292969
0 0.123658 0.482422 0.543457 0.0253906 0.0224609
0 0.123944 0.341797 0.354492 0.0175781 0.0234375
0 0.125822 0.342285 0.348145 0.0126953 0.0185547
0 0.127179 0.775391 0.855469 0.0195312 0.0234375
0 0.127333 0.569336 0.118164 0.03125 0.0585938
0 0.128151 0.13623 0.867188 0.0400391 0.03125
0 0.128266 0.420898 0.0253906 0.0117188 0.0273438
0 0.129074 0.605469 0.572266 0.03125 0.0371094
0 0.129373 0.593262 0.18457 0.0283203 0.0332031
0 0.129534 0.460449 0.970215 0.0263672 0.0419922
0 0.129899 0.396484 0.26416 0.015625 0.0283203
0 0.130051 0.483398 0.0869141 0.0253906 0.046875
0 0.130192 0.761719 0.0375977 0.0429688 0.0537109
0 0.130195 0.708008 0.459473 0.0390625 0.0615234
0 0.130445 0.534668 0.433105 0.0244141 0.0302734
0 0.130982 0.48291 0.0322266 0.0205078 0.03125
0 0.131384 0.293945 0.597168 0.03125 0.0400391
0 0.131601 0.390625 0.641113 0.0253906 0.0322266
0 0.131795 0.266602 0.0966797 0.0292969 0.0488281
0 0.132808 0.307617 0.0166016 0.0136719 0.0214844
0 0.133123 0.65918 0.877441 0.03125 0.0263672
0 0.13374 0.842773 0.507812 0.0410156 0.0410156
0 0.133773 0.110352 0.287109 0.0507812 0.0449219
0 0.134281 0.154785 0.958984 0.0361328 0.0488281
0 0.135596 0.883789 0.581055 0.0273438 0.03125
0 0.136245 0.586426 0.64209 0.0244141 0.0205078
0 0.136522 0.710449 0.168945 0.0205078 0.0292969
0 0.1367 0.197266 0.897461 0.0234375 0.0351562
0 0.136962 0.463867 0.027832 0.0273438 0.0341797
0 0.13734 0.527344 0.303223 0.0292969 0.0283203
0 0.137371 0.149902 0.325684 0.0185547 0.0263672
0 0.137625 0.145996 0.320312 0.0166016 0.0214844
0 0.140112 0.714844 0.0854492 0.0253906 0.0419922
0 0.140708 0.547363 0.248047 0.0146484 0.0136719
0 0.140926 0.204102 0.161621 0.0429688 0.0517578
0 0.141499 0.319824 0.344238 0.0146484 0.0400391
0 0.1416 0.768066 0.231934 0.0224609 0.0283203
0 0.141621 0.535156 0.477051 0.0214844 0.0439453
0 0.141703 0.714355 0.0268555 0.0244141 0.0498047
0 0.142395 0.477539 0.0605469 0.0253906 0.0410156
0 0.142767 0.400391 0.868164 0.0292969 0.0429688
0 0.142773 0.583008 0.93457 0.0390625 0.0664062
0 0.143177 0.178711 0.852051 0.0214844 0.0322266
0 0.143665 0.230957 0.447266 0.00878906 0.0273438
0 0.143756 0.672363 0.64209 0.0126953 0.0205078
0 0.144118 0.314941 0.0439453 0.0244141 0.0351562
0 0.145639 0.476562 0.13916 0.0371094 0.0478516
0 0.145656 0.213379 0.542969 0.0244141 0.0292969
0 0.146188 0.645996 0.790527 0.0361328 0.0419922
0 0.146219 0.0766602 0.191895 0.0322266 0.0537109
0 0.14776 0.714844 0.132324 0.0371094 0.0595703
0 0.148598 0.466797 0.42334 0.0253906 0.0185547
0 0.148709 0.328125 0.0371094 0.015625 0.0253906
0 0.148975 0.509766 0.203613 0.015625 0.0244141
0 0.150974 0.454102 0.20459 0.0234375 0.0380859
0 0.151999 0.273926 0.209961 0.0224609 0.0410156
0 0.152693 0.78125 0.131348 0.0332031 0.0380859
0 0.152933 0.882324 0.186035 0.0634766 0.0419922
0 0.153822 0.351562 0.0683594 0.015625 0.0273438
0 0.153964 0.157715 0.237305 0.0458984 0.0605469
0 0.154576 0.616211 0.0170898 0.03125 0.0322266
0 0.154813 0.286133 0.214355 0.0410156 0.0537109
0 0.15495 0.678223 0.469238 0.0537109 0.0419922
0 0.155103 0.321777 0.39209 0.0126953 0.0185547
0 0.156066 0.416016 0.0170898 0.015625 0.0302734
0 0.156525 0.15918 0.21582 0.0429688 0.0429688
0 0.156628 0.560547 0.477051 0.0332031 0.0263672
0 0.156714 0.174316 0.723145 0.0458984 0.0400391
0 0.156883 0.963379 0.687012 0.0693359 0.0517578
0 0.156899 0.48584 0.319824 0.0146484 0.0302734
0 0.157452 0.441895 0.879883 0.0146484 0.0214844
0 0.158287 0.152832 0.803711 0.0302734 0.0449219
0 0.158588 0.488281 0.0952148 0.0175781 0.0302734
0 0.159039 0.768066 0.493652 0.0244141 0.0341797
0 0.159188 0.310059 0.0839844 0.0224609 0.0390625
0 0.159736 0.693848 0.913086 0.0205078 0.03125
0 0.160959 0.439453 0.129883 0.0234375 0.0371094
0 0.161006 0.166016 0.866211 0.0273438 0.0351562
0 0.161106 0.439453 0.854492 0.00976562 0.0175781
0 0.16147 0.395996 0.277832 0.0205078 0.0419922
0 0.162179 0.461914 0.115234 0.0214844 0.0507812
0 0.162224 0.165039 0.961914 0.0644531 0.0644531
0 0.163787 0.15625 0.13623 0.0273438 0.0302734
0 0.165659 0.324219 0.528809 0.015625 0.0263672
0 0.166619 0.833008 0.090332 0.015625 0.0361328
0 0.167027 0.301758 0.0332031 0.0175781 0.0292969
0 0.167068 0.534668 0.442871 0.0302734 0.0576172
0 0.167636 0.631348 0.0219727 0.0205078 0.0263672
0 0.168307 0.845703 0.0810547 0.0351562 0.0449219
0 0.168945 0.334961 0.893555 0.0273438 0.0351562
0 0.169608 0.339355 0.23291 0.0283203 0.0322266
0 0.171196 0.405273 0.359375 0.0351562 0.0351562
0 0.171234 0.573242 0.592773 0.03125 0.0371094
0 0.172546 0.428711 0.117676 0.0175781 0.0400391
0 0.173346 0.620117 0.165039 0.0273438 0.0351562
0 0.173376 0.245605 0.0795898 0.0185547 0.0517578
0 0.175051 0.375977 0.0571289 0.0195312 0.0380859
0 0.176478 0.479004 0.145508 0.0185547 0.03125
0 0.178072 0.513672 0.828125 0.0410156 0.0351562
0 0.179247 0.0463867 0.197754 0.0380859 0.0302734
0 0.179902 0.250977 0.274902 0.0253906 0.0439453
0 0.18104 0.347168 0.0366211 0.0185547 0.0302734
0 0.181361 0.195312 0.0449219 0.0234375 0.0332031
0 0.182641 0.434082 0.131348 0.0361328 0.0556641
0 0.183091 0.779785 0.143555 0.0361328 0.0292969
0 0.183201 0.245605 0.286621 0.0244141 0.0400391
0 0.184556 0.542969 0.250488 0.0234375 0.0224609
0 0.184593 0.490234 0.592773 0.0117188 0.0332031
0 0.184855 0.566406 0.0151367 0.0273438 0.0283203
0 0.185018 0.248535 0.417969 0.0107422 0.0273438
0 0.187822 0.721191 0.439453 0.0224609 0.0429688
0 0.187856 0.470703 0.876465 0.0195312 0.0205078
0 0.188047 0.384277 0.710449 0.0126953 0.0263672
0 0.188083 0.717773 0.112793 0.0332031 0.0400391
0 0.18921 0.375 0.323242 0.0195312 0.0253906
0 0.189287 0.21875 0.431152 0.0136719 0.0205078
0 0.189984 0.64209 0.0400391 0.0400391 0.0527344
0 0.192088 0.0307617 0.835449 0.0498047 0.0517578
0 0.192306 0.86084 0.183105 0.0517578 0.0439453
0 0.193814 0.38623 0.231445 0.0126953 0.0332031
0 0.195997 0.555664 0.225098 0.0117188 0.0283203
0 0.196449 0.822754 0.379883 0.0283203 0.0292969
0 0.197248 0.239746 0.920898 0.0224609 0.0371094
0 0.197902 0.198242 0.166992 0.0703125 0.0839844
0 0.198568 0.428711 0.234375 0.0117188 0.015625
0 0.198582 0.59668 0.195801 0.0273438 0.0380859
0 0.200541 0.569824 0.547363 0.0107422 0.0166016
0 0.201245 0.606934 0.0161133 0.0263672 0.0322266
0 0.20427 0.271484 0.66748 0.0351562 0.0537109
0 0.206057 0.334473 0.0317383 0.0166016 0.0244141
0 0.207317 0.693848 0.0439453 0.0341797 0.046875
0 0.207626 0.644043 0.293945 0.0341797 0.0390625
0 0.211006 0.154297 0.868164 0.0253906 0.0332031
0 0.211685 0.164551 0.294434 0.0126953 0.0283203
0 0.212338 0.271484 0.685059 0.0214844 0.0302734
0 0.21289 0.93457 0.709473 0.0390625 0.0419922
0 0.213902 0.341309 0.370117 0.0107422 0.0234375
0 0.214826 0.120605 0.399902 0.00878906 0.0205078
0 0.215 0.130859 0.807129 0.0585938 0.0400391
0 0.216714 0.375 0.270508 0.0078125 0.0136719
0 0.21699 0.242188 0.23584 0.0117188 0.0224609
0 0.217262 0.272461 0.199707 0.015625 0.0244141
0 0.217643 0.498535 0.956543 0.0263672 0.0322266
0 0.219344 0.358887 0.0424805 0.0263672 0.0341797
0 0.219379 0.887695 0.23291 0.0410156 0.0478516
0 0.219729 0.630371 0.472656 0.0263672 0.0410156
0 0.221012 0.68457 0.176758 0.0253906 0.0195312
0 0.221312 0.456543 0.321289 0.0302734 0.0332031
0 0.222648 0.530762 0.953613 0.0244141 0.0361328
0 0.222789 0.472168 0.958496 0.0341797 0.0498047
0 0.223491 0.479492 0.182617 0.0117188 0.0273438
0 0.22401 0.467285 0.141602 0.0283203 0.0332031
0 0.225454 0.489258 0.0415039 0.0175781 0.0283203
0 0.230735 0.705078 0.0356445 0.0410156 0.0576172
0 0.231425 0.360352 0.69873 0.0410156 0.0439453
0 0.23147 0.0957031 0.14502 0.0195312 0.0322266
0 0.231745 0.734863 0.970703 0.0322266 0.0527344
0 0.232199 0.779297 0.34375 0.046875 0.0488281
0 0.232809 0.596191 0.239746 0.0498047 0.0595703
0 0.233281 0.73877 0.0424805 0.0146484 0.0380859
0 0.233946 0.63623 0.990723 0.0244141 0.0185547
0 0.235036 0.265137 0.98291 0.0419922 0.0322266
0 0.236981 0.645508 0.571777 0.0214844 0.0205078
0 0.2381 0.702148 0.906738 0.0371094 0.0361328
0 0.238204 0.315918 0.709473 0.0146484 0.0244141
0 0.238905 0.694824 0.766602 0.0244141 0.0390625
0 0.242823 0.325195 0.755371 0.0253906 0.0322266
0 0.242998 0.65918 0.865723 0.0371094 0.0439453
0 0.244484 0.202148 0.0761719 0.0214844 0.0292969
0 0.245101 0.658691 0.234863 0.0283203 0.0283203
0 0.245915 0.193359 0.362305 0.0175781 0.0273438
0 0.246314 0.51123 0.39502 0.0263672 0.0439453
0 0.247373 0.365723 0.0507812 0.0322266 0.0429688
0 0.247888 0.514648 0.0375977 0.0292969 0.0673828
0 0.250744 0.352051 0.317871 0.0224609 0.0224609
0 0.251124 0.316406 0.469238 0.0195312 0.0283203
0 0.251354 0.84668 0.168457 0.03125 0.0361328
0 0.25401 0.203613 0.0371094 0.0283203 0.0371094
0 0.254776 0.319336 0.0839844 0.0117188 0.0253906
0 0.254978 0.73877 0.210449 0.0283203 0.0361328
0 0.256072 0.344238 0.418457 0.0302734 0.0302734
0 0.256959 0.597656 0.211914 0.0332031 0.0605469
0 0.260075 0.65918 0.0571289 0.03125 0.0537109
0 0.260831 0.773438 0.452148 0.0175781 0.0273438
0 0.262851 0.533691 0.465332 0.0322266 0.0537109
0 0.265288 0.834473 0.313477 0.0361328 0.0605469
0 0.265994 0.805664 0.0146484 0.0390625 0.0273438
0 0.268929 0.743652 0.0737305 0.0205078 0.0244141
0 0.270139 0.378906 0.232422 0.0234375 0.0449219
0 0.270688 0.416016 0.358887 0.0175781 0.0322266
0 0.27138 0.193848 0.736816 0.0341797 0.0439453
0 0.273747 0.774414 0.0830078 0.0214844 0.0292969
0 0.276815 0.344727 0.273926 0.0253906 0.0166016
0 0.278983 0.473145 0.479492 0.0166016 0.0273438
0 0.279821 0.181641 0.321289 0.0117188 0.0214844
0 0.280127 0.307129 0.046875 0.0185547 0.0371094
0 0.280285 0.433594 0.30127 0.0175781 0.0244141
0 0.284461 0.589844 0.5625 0.0175781 0.0253906
0 0.286558 0.467285 0.327148 0.0537109 0.0371094
0 0.293027 0.335938 0.0874023 0.015625 0.0244141
0 0.294553 0.641113 0.127441 0.0185547 0.0244141
0 0.297582 0.155762 0.333008 0.0146484 0.0214844
0 0.299676 0.124512 0.866699 0.0166016 0.0244141
0 0.302421 0.516113 0.616699 0.0322266 0.0322266
0 0.302925 0.409668 0.00878906 0.0185547 0.0175781
0 0.304351 0.304199 0.227539 0.0224609 0.03125
0 0.305009 0.811523 0.17041 0.0214844 0.0361328
0 0.306995 0.592773 0.0629883 0.0195312 0.0322266
0 0.307389 0.852051 0.805664 0.0595703 0.0703125
0 0.311028 0.268555 0.753418 0.0351562 0.0361328
0 0.31236 0.480469 0.321777 0.0292969 0.0361328
0 0.313654 0.63623 0.235352 0.0419922 0.0371094
0 0.31383 0.61084 0.234375 0.0517578 0.046875
0 0.313889 0.713867 0.074707 0.0175781 0.0263672
0 0.3167 0.332031 0.315918 0.00976562 0.0224609
0 0.316739 0.583984 0.260742 0.0332031 0.0371094
0 0.317756 0.416992 0.0517578 0.0175781 0.0175781
0 0.319465 0.459473 0.105957 0.0107422 0.0380859
0 0.321097 0.505859 0.263672 0.0351562 0.0351562
0 0.321693 0.330566 0.273438 0.0126953 0.0136719
0 0.323311 0.477051 0.0688477 0.0185547 0.0244141
0 0.32531 0.627441 0.0839844 0.0185547 0.0253906
0 0.326735 0.709961 0.818359 0.0390625 0.0546875
0 0.330833 0.164551 0.718262 0.0244141 0.0322266
0 0.331754 0.154297 0.362793 0.0332031 0.0537109
0 0.332568 0.652344 0.701172 0.0234375 0.0292969
0 0.337776 0.23291 0.825195 0.0224609 0.0371094
0 0.338252 0.609863 0.129883 0.0185547 0.0292969
0 0.339103 0.176758 0.0693359 0.0234375 0.0429688
0 0.340821 0.351074 0.272949 0.0146484 0.0146484
0 0.341213 0.0947266 0.28418 0.0253906 0.0332031
0 0.341355 0.304199 0.106934 0.0185547 0.0244141
0 0.34488 0.616211 0.573242 0.0175781 0.0253906
0 0.347433 0.66748 0.472656 0.0322266 0.03125
0 0.349758 0.455566 0.0292969 0.0146484 0.03125
0 0.349808 0.451172 0.445801 0.0195312 0.0224609
0 0.354429 0.257324 0.259766 0.0224609 0.0429688
0 0.356915 0.38916 0.0209961 0.0185547 0.0419922
0 0.36096 0.666016 0.132324 0.03125 0.0283203
0 0.363772 0.40332 0.268066 0.0292969 0.0341797
0 0.364437 0.389648 0.357422 0.015625 0.0390625
0 0.366714 0.569336 0.0839844 0.0273438 0.0410156
0 0.370868 0.311523 0.0766602 0.0136719 0.0302734
0 0.371586 0.568848 0.47168 0.0439453 0.0410156
0 0.375323 0.154297 0.262695 0.0332031 0.0449219
0 0.376431 0.0727539 0.612793 0.0283203 0.0283203
0 0.378743 0.114746 0.230469 0.0283203 0.0371094
0 0.380298 0.109863 0.806152 0.0380859 0.0400391
0 0.381617 0.40332 0.513672 0.0214844 0.0390625
0 0.385323 0.185547 0.112793 0.0117188 0.0283203
0 0.386144 0.20166 0.597168 0.0205078 0.0419922
0 0.392219 0.0859375 0.703125 0.0410156 0.0644531
0 0.39786 0.35791 0.17627 0.0205078 0.0361328
0 0.398823 0.353027 0.00976562 0.0224609 0.0195312
0 0.405564 0.486328 0.953613 0.0449219 0.0498047
0 0.409766 0.250488 0.0942383 0.0361328 0.0615234
0 0.410382 0.291504 0.145996 0.0166016 0.0302734
0 0.412235 0.408203 0.433594 0.0234375 0.0195312
0 0.417045 0.123535 0.291504 0.0341797 0.0439453
0 0.427109 0.245605 0.00976562 0.0322266 0.015625
0 0.428513 0.442383 0.0698242 0.0234375 0.0322266
0 0.431125 0.0610352 0.198242 0.0595703 0.0546875
0 0.439488 0.646484 0.195312 0.0449219 0.0371094
0 0.447299 0.578613 0.129883 0.0224609 0.0410156
0 0.447484 0.407715 0.12207 0.0478516 0.0585938
0 0.448444 0.203125 0.272949 0.0292969 0.0439453
0 0.449382 0.217285 0.0942383 0.0146484 0.0302734
0 0.460888 0.467773 0.233398 0.0351562 0.0351562
0 0.466636 0.194824 0.798828 0.0341797 0.03125
0 0.473543 0.360352 0.381348 0.015625 0.0263672
0 0.478516 0.327148 0.118652 0.0214844 0.0322266
0 0.480149 0.847168 0.628418 0.0595703 0.0517578
0 0.480508 0.208008 0.0297852 0.0175781 0.0302734
0 0.5049 0.258789 0.0415039 0.0273438 0.0419922
0 0.52085 0.36377 0.0932617 0.0166016 0.0302734
0 0.522537 0.76709 0.179199 0.0400391 0.0380859
0 0.536291 0.0424805 0.818848 0.0458984 0.0556641
0 0.53939 0.328125 0.213379 0.0273438 0.0322266
0 0.548763 0.445312 0.187012 0.0273438 0.0302734
0 0.572038 0.51123 0.116211 0.0400391 0.0625
0 0.594228 0.165527 0.188477 0.0439453 0.0859375
0 0.658507 0.21875 0.155762 0.0507812 0.0615234
