0 0.100419 0.0327148 0.290039 0.0517578 0.0390625
0 0.101575 0.79248 0.331055 0.0185547 0.03125
0 0.101646 0.343262 0.430664 0.0380859 0.0527344
0 0.10182 0.288574 0.200684 0.0556641 0.0361328
0 0.102021 0.29541 0.015625 0.0283203 0.0292969
0 0.102497 0.709961 0.0185547 0.0253906 0.0371094
0 0.103029 0.632812 0.172852 0.0175781 0.0273438
0 0.104897 0.362793 0.732422 0.0185547 0.03125
0 0.104968 0.616699 0.306152 0.0146484 0.0205078
0 0.106252 0.489746 0.273926 0.0166016 0.0302734
0 0.106782 0.874512 0.141113 0.0283203 0.0498047
0 0.106937 0.516113 0.0283203 0.0478516 0.0449219
0 0.107461 0.67334 0.781738 0.0126953 0.0185547
0 0.10752 0.730957 0.0371094 0.0361328 0.0585938
0 0.107633 0.164062 0.0869141 0.0644531 0.0820312
0 0.109101 0.359375 0.220703 0.0410156 0.0429688
0 0.109437 0.216309 0.336914 0.0458984 0.0703125
0 0.110101 0.445312 0.0737305 0.0429688 0.0458984
0 0.110123 0.128418 0.111328 0.0595703 0.0878906
0 0.110992 0.711914 0.320801 0.0449219 0.0458984
0 0.113777 0.373535 0.192871 0.0244141 0.0263672
0 0.115419 0.311523 0.733398 0.03125 0.0449219
0 0.115634 0.361816 0.812988 0.0400391 0.0361328
0 0.116503 0.61084 0.418945 0.0166016 0.0214844
0 0.117638 0.335449 0.0869141 0.0166016 0.0410156
0 0.118283 0.452148 0.726074 0.0117188 0.0146484
0 0.11872 0.802734 0.540527 0.0195312 0.0185547
0 0.119309 0.817383 0.196289 0.0273438 0.03125
0 0.123234 0.623535 0.0561523 0.0185547 0.0302734
0 0.124104 0.461914 0.700195 0.0136719 0.0175781
0 0.125486 0.745605 0.609375 0.0361328 0.0332031
0 0.12564 0.331055 0.176758 0.0390625 0.0488281
0 0.125814 0.41748 0.74707 0.0185547 0.0195312
0 0.128084 0.290039 0.791992 0.0292969 0.03125
0 0.128194 0.71875 0.483398 0.0253906 0.0332031
0 0.128246 0.753418 0.581543 0.0263672 0.0556641
0 0.128285 0.242676 0.633789 0.0361328 0.0273438
0 0.128571 0.344238 0.0302734 0.0517578 0.0546875
0 0.129422 0.685547 0.515625 0.0214844 0.0371094
0 0.130083 0.780273 0.308105 0.0292969 0.0341797
0 0.130408 0.347168 0.134766 0.0439453 0.0625
0 0.131226 0.718262 0.180664 0.0341797 0.0332031
0 0.131706 0.689941 0.32373 0.0322266 0.0439453
0 0.13224 0.635742 0.249023 0.03125 0.0371094
0 0.132963 0.0893555 0.495605 0.0419922 0.0419922
0 0.134787 0.703125 0.0522461 0.015625 0.0244141
0 0.136699 0.328125 0.739258 0.0136719 0.03125
0 0.137797 0.586426 0.0292969 0.0615234 0.0566406
0 0.139205 0.341797 0.358398 0.0332031 0.0234375
0 0.140416 0.382324 0.157715 0.0263672 0.0341797
0 0.141882 0.726074 0.109863 0.0283203 0.0263672
0 0.141926 0.36084 0.742676 0.0283203 0.0439453
0 0.14195 0.910645 0.242188 0.0419922 0.0488281
0 0.143503 0.360352 0.0893555 0.0253906 0.0419922
0 0.145001 0.664062 0.0478516 0.0351562 0.0546875
0 0.14645 0.758789 0.506836 0.0234375 0.03125
0 0.147571 0.346191 0.771973 0.0302734 0.0341797
0 0.149508 0.391602 0.69043 0.0234375 0.0273438
0 0.151426 0.20752 0.0415039 0.0458984 0.0615234
0 0.15168 0.352051 0.757324 0.0341797 0.0576172
0 0.154044 0.72998 0.60791 0.0322266 0.0302734
0 0.154478 0.292969 0.546875 0.0332031 0.0429688
0 0.155161 0.609863 0.206543 0.0244141 0.0400391
0 0.157161 0.131348 0.027832 0.0498047 0.0498047
0 0.158323 0.547852 0.828125 0.0292969 0.0429688
0 0.159271 0.144043 0.157227 0.0341797 0.0546875
0 0.162323 0.457031 0.873535 0.0292969 0.0263672
0 0.162756 0.728027 0.0200195 0.0380859 0.0322266
0 0.166112 0.465332 0.667969 0.0107422 0.0175781
0 0.166327 0.303711 0.71875 0.0175781 0.0332031
0 0.17379 0.275391 0.306152 0.0253906 0.0263672
0 0.175117 0.359375 0.0854492 0.0136719 0.0302734
0 0.175509 0.679199 0.0458984 0.0205078 0.0527344
0 0.17886 0.680664 0.40332 0.03125 0.0351562
0 0.178996 0.54248 0.504395 0.0205078 0.0224609
0 0.183439 0.838867 0.175293 0.0332031 0.0400391
0 0.183615 0.253418 0.629883 0.0556641 0.0429688
0 0.184818 0.319336 0.251953 0.0527344 0.0644531
0 0.186636 0.305176 0.778809 0.0458984 0.0498047
0 0.186671 0.4375 0.253906 0.0273438 0.0429688
0 0.18759 0.511719 0.203125 0.0214844 0.03125
0 0.188599 0.420898 0.312988 0.0292969 0.0517578
0 0.189127 0.211426 0.713867 0.0361328 0.0683594
0 0.189516 0.389648 0.158691 0.046875 0.0595703
0 0.191942 0.756836 0.120117 0.0292969 0.03125
0 0.192215 0.211914 0.108887 0.046875 0.0615234
0 0.19246 0.49707 0.812988 0.0117188 0.0205078
0 0.193089 0.308594 0.644043 0.0410156 0.0498047
0 0.193706 0.394531 0.12207 0.0273438 0.0332031
0 0.198066 0.455078 0.0664062 0.0292969 0.046875
0 0.201955 0.347656 0.227051 0.0292969 0.0400391
0 0.203133 0.563477 0.285156 0.0351562 0.0449219
0 0.203148 0.0527344 0.243164 0.03125 0.0527344
0 0.208244 0.114746 0.119141 0.0322266 0.0742188
0 0.208858 0.223633 0.428711 0.0214844 0.0195312
0 0.210298 0.819824 0.240723 0.0322266 0.0439453
0 0.211355 0.438965 0.516602 0.0556641 0.0449219
0 0.212052 0.484863 0.203613 0.0263672 0.0322266
0 0.213413 0.34082 0.238281 0.0351562 0.0507812
0 0.214495 0.39209 0.135742 0.0361328 0.0644531
0 0.226442 0.528809 0.27832 0.0205078 0.0234375
0 0.227458 0.606445 0.410156 0.0214844 0.0351562
0 0.228983 0.65625 0.19873 0.015625 0.0205078
0 0.234321 0.748047 0.88916 0.0234375 0.0263672
0 0.23733 0.428711 0.20459 0.0273438 0.0400391
0 0.23972 0.638672 0.129883 0.0585938 0.0585938
0 0.241317 0.729492 0.0629883 0.0292969 0.0419922
0 0.244601 0.186035 0.507812 0.0634766 0.0625
0 0.249863 0.483887 0.775879 0.0166016 0.0283203
0 0.252123 0.580566 0.125977 0.0380859 0.0488281
0 0.254819 0.539551 0.225098 0.0126953 0.0283203
0 0.257945 0.381836 0.911133 0.0605469 0.0585938
0 0.258703 0.796875 0.15918 0.0546875 0.0488281
0 0.262887 0.763184 0.219727 0.0283203 0.0234375
0 0.267839 0.216797 0.493652 0.0644531 0.0732422
0 0.276636 0.487305 0.619629 0.015625 0.0322266
0 0.278135 0.294434 0.0874023 0.0322266 0.0576172
0 0.280968 0.518555 0.842285 0.0292969 0.0419922
0 0.283848 0.318359 0.168945 0.046875 0.0566406
0 0.285948 0.771484 0.421387 0.0292969 0.0244141
0 0.288945 0.242188 0.277344 0.0332031 0.03125
0 0.291878 0.231934 0.158203 0.0380859 0.046875
0 0.298136 0.422852 0.0791016 0.0371094 0.0527344
0 0.298249 0.650879 0.00976562 0.0341797 0.0175781
0 0.299582 0.770508 0.107422 0.0234375 0.0332031
0 0.305894 0.886719 0.147461 0.0449219 0.0488281
0 0.312323 0.59375 0.696777 0.0292969 0.0498047
0 0.315534 0.412109 0.862305 0.0117188 0.0195312
0 0.317824 0.477051 0.128906 0.0419922 0.0625
0 0.321163 0.470215 0.880859 0.0322266 0.0390625
0 0.321375 0.248047 0.206543 0.0507812 0.0654297
0 0.343935 0.572754 0.71582 0.0341797 0.0351562
0 0.344355 0.428223 0.0214844 0.0341797 0.0429688
0 0.345404 0.1875 0.178223 0.0390625 0.0478516
0 0.354878 0.520996 0.669434 0.0263672 0.0341797
0 0.363293 0.295898 0.26416 0.0332031 0.0634766
0 0.379399 0.746094 0.169434 0.0449219 0.0537109
0 0.391471 0.686035 0.154785 0.0263672 0.0263672
0 0.406433 0.362793 0.277344 0.0439453 0.0507812
0 0.415843 0.759766 0.552734 0.0371094 0.0449219
0 0.482754 0.776855 0.370117 0.0341797 0.0351562
0 0.494648 0.781738 0.48291 0.0341797 0.0537109
0 0.526035 0.105469 0.515137 0.0683594 0.0830078
0 0.556151 0.690918 0.581055 0.0380859 0.0429688
