0 0.100728 0.128906 0.304688 0.0292969 0.0449219
0 0.101026 0.268066 0.377441 0.0302734 0.0263672
0 0.102205 0.30957 0.34082 0.0546875 0.0488281
0 0.102702 0.187988 0.555176 0.0205078 0.0205078
0 0.103824 0.474609 0.10791 0.00976562 0.0205078
0 0.105797 0.422852 0.121582 0.0292969 0.0380859
0 0.107162 0.733887 0.65625 0.0126953 0.03125
0 0.108016 0.584961 0.887695 0.0234375 0.0253906
0 0.110548 0.117188 0.413574 0.0117188 0.0185547
0 0.111292 0.116699 0.352539 0.0126953 0.0214844
0 0.112105 0.500488 0.366211 0.0126953 0.0253906
0 0.112543 0.465332 0.507812 0.0595703 0.046875
0 0.113844 0.739258 0.463379 0.0195312 0.0244141
0 0.114676 0.439941 0.520508 0.0224609 0.0214844
0 0.115433 0.315918 0.349609 0.0224609 0.0273438
0 0.115913 0.784668 0.343262 0.0302734 0.0400391
0 0.116564 0.820312 0.856934 0.0878906 0.102539
0 0.116852 0.602539 0.990234 0.0273438 0.0175781
0 0.117475 0.402344 0.316895 0.0117188 0.0185547
0 0.117679 0.853516 0.30127 0.0332031 0.0361328
0 0.119199 0.245605 0.0400391 0.0556641 0.0625
0 0.121146 0.152344 0.0600586 0.0683594 0.0615234
0 0.122163 0.505859 0.188965 0.0175781 0.0205078
0 0.12299 0.44043 0.245117 0.015625 0.0332031
0 0.125574 0.328613 0.318359 0.0302734 0.0371094
0 0.126108 0.539062 0.353027 0.0234375 0.0185547
0 0.12642 0.131836 0.258789 0.0273438 0.0332031
0 0.127236 0.48877 0.340332 0.0126953 0.0224609
0 0.130107 0.290527 0.200684 0.0556641 0.0537109
0 0.13025 0.383789 0.805664 0.0214844 0.0351562
0 0.132964 0.469727 0.849121 0.0390625 0.0478516
0 0.136399 0.40918 0.156738 0.0214844 0.0380859
0 0.137358 0.455566 0.583008 0.0205078 0.0214844
0 0.141785 0.845215 0.86084 0.0400391 0.0908203
0 0.144709 0.0952148 0.487305 0.0185547 0.0234375
0 0.148955 0.621582 0.946289 0.0361328 0.0566406
0 0.150241 0.0800781 0.3125 0.0273438 0.03125
0 0.151763 0.155762 0.487793 0.0224609 0.0263672
0 0.152592 0.555176 0.977539 0.0224609 0.0390625
0 0.155422 0.157227 0.157715 0.0371094 0.0634766
0 0.167513 0.199219 0.366211 0.0410156 0.0410156
0 0.17147 0.26709 0.327148 0.0185547 0.0332031
0 0.173193 0.365234 0.391113 0.00976562 0.0166016
0 0.175199 0.0371094 0.208496 0.0195312 0.0283203
0 0.178625 0.287109 0.339355 0.0449219 0.0498047
0 0.180975 0.0776367 0.367676 0.0361328 0.0458984
0 0.182172 0.719727 0.743164 0.0371094 0.0507812
0 0.184109 0.376465 0.375488 0.0107422 0.0166016
0 0.185571 0.613281 0.758301 0.0234375 0.0419922
0 0.191005 0.0957031 0.436523 0.0136719 0.03125
0 0.191205 0.727539 0.663574 0.0234375 0.0400391
0 0.192129 0.394043 0.272949 0.0498047 0.0361328
0 0.194583 0.407227 0.269043 0.03125 0.0302734
0 0.196808 0.342773 0.328125 0.0449219 0.0332031
0 0.197607 0.0605469 0.291992 0.0292969 0.0429688
0 0.198695 0.319824 0.30957 0.0146484 0.0253906
0 0.199032 0.36084 0.322266 0.0166016 0.0195312
0 0.200355 0.494629 0.898438 0.0224609 0.0351562
0 0.202297 0.462402 0.263672 0.0185547 0.0273438
0 0.202566 0.436035 0.178711 0.0302734 0.0410156
0 0.209113 0.687988 0.965332 0.0478516 0.0341797
0 0.209723 0.0537109 0.282227 0.0273438 0.0390625
0 0.210542 0.122559 0.296875 0.0205078 0.0292969
0 0.215331 0.00537109 0.251465 0.0107422 0.0244141
0 0.21631 0.185547 0.0649414 0.046875 0.0537109
0 0.220452 0.772949 0.908203 0.0517578 0.0332031
0 0.221941 0.510254 0.282227 0.0224609 0.03125
0 0.223628 0.387207 0.222168 0.0244141 0.0400391
0 0.224949 0.801758 0.831055 0.0566406 0.0664062
0 0.246601 0.0698242 0.353516 0.0380859 0.0234375
0 0.248561 0.379883 0.280273 0.0234375 0.0292969
0 0.278021 0.143066 0.386719 0.0341797 0.0605469
0 0.284152 0.799805 0.277832 0.0195312 0.0283203
0 0.295436 0.0698242 0.302734 0.0419922 0.0410156
0 0.304805 0.138672 0.0610352 0.0332031 0.0556641
0 0.305776 0.446289 0.243652 0.0195312 0.0263672
0 0.310446 0.353027 0.326172 0.0302734 0.0234375
0 0.324816 0.0791016 0.387695 0.0253906 0.0351562
0 0.339382 0.129883 0.455566 0.0292969 0.0361328
0 0.342145 0.0976562 0.259766 0.0390625 0.03125
0 0.345962 0.499512 0.247559 0.0263672 0.0498047
0 0.363535 0.517578 0.851074 0.0273438 0.0322266
0 0.380851 0.713379 0.856934 0.0498047 0.0615234
0 0.39442 0.0585938 0.442383 0.0195312 0.0351562
0 0.416763 0.241211 0.270508 0.0527344 0.105469
0 0.533678 0.0874023 0.159668 0.0400391 0.0615234
