0 0.102368 0.65332 0.117188 0.015625 0.03125
0 0.103185 0.101562 0.163086 0.0332031 0.0566406
0 0.103398 0.466797 0.106445 0.0351562 0.0175781
0 0.104514 0.456543 0.316895 0.0146484 0.0205078
0 0.105305 0.728027 0.166504 0.0205078 0.0263672
0 0.105669 0.708496 0.263672 0.0244141 0.0585938
0 0.107248 0.768066 0.0820312 0.0380859 0.03125
0 0.107711 0.35498 0.38623 0.0107422 0.0263672
0 0.111738 0.727051 0.210938 0.0146484 0.03125
0 0.113282 0.0322266 0.330078 0.0390625 0.0449219
0 0.114155 0.43457 0.27002 0.0195312 0.0322266
0 0.114544 0.878906 0.310059 0.0585938 0.0771484
0 0.115354 0.638672 0.191406 0.0371094 0.0566406
0 0.115645 0.325684 0.248535 0.0224609 0.0302734
0 0.116107 0.834473 0.33252 0.0205078 0.0185547
0 0.117035 0.918945 0.0219727 0.0507812 0.0400391
0 0.117141 0.683105 0.322754 0.0146484 0.0244141
0 0.118488 0.374512 0.357422 0.0263672 0.0273438
0 0.123003 0.227539 0.301758 0.0195312 0.0488281
0 0.12347 0.256348 0.149414 0.0205078 0.0253906
0 0.126464 0.0424805 0.0112305 0.0595703 0.0185547
0 0.127687 0.742676 0.0966797 0.0244141 0.0292969
0 0.127974 0.709961 0.251465 0.0175781 0.0302734
0 0.12845 0.883301 0.019043 0.0341797 0.0341797
0 0.130519 0.768555 0.0200195 0.0605469 0.0380859
0 0.132708 0.829102 0.166992 0.0292969 0.0273438
0 0.135132 0.708008 0.289551 0.03125 0.0615234
0 0.137692 0.409668 0.169922 0.0400391 0.0292969
0 0.140488 0.404297 0.237793 0.0234375 0.0283203
0 0.141439 0.316895 0.478027 0.0205078 0.0361328
0 0.141895 0.39209 0.240723 0.0322266 0.0263672
0 0.144331 0.307617 0.0473633 0.0195312 0.0361328
0 0.148314 0.374023 0.126953 0.015625 0.0234375
0 0.154922 0.222656 0.157227 0.0195312 0.0273438
0 0.163742 0.27832 0.401855 0.0175781 0.0263672
0 0.167593 0.431152 0.227539 0.0185547 0.0234375
0 0.171205 0.680176 0.364746 0.0126953 0.0224609
0 0.185505 0.162109 0.227051 0.00976562 0.0185547
0 0.186846 0.893555 0.0874023 0.0488281 0.0517578
0 0.188064 0.809082 0.385254 0.0224609 0.0419922
0 0.189543 0.384277 0.334961 0.0185547 0.0253906
0 0.19244 0.702148 0.220703 0.0332031 0.0214844
0 0.19676 0.42334 0.00830078 0.0224609 0.0166016
0 0.199924 0.286621 0.467773 0.0185547 0.0292969
0 0.201296 0.23291 0.109863 0.0146484 0.0166016
0 0.205437 0.246582 0.164062 0.0146484 0.0292969
0 0.206447 0.373047 0.364258 0.0175781 0.0253906
0 0.206789 0.334473 0.429688 0.0185547 0.0234375
0 0.207766 0.728516 0.012207 0.0273438 0.0244141
0 0.216808 0.377441 0.209961 0.0166016 0.0175781
0 0.23641 0.259277 0.0424805 0.0166016 0.0322266
0 0.239058 0.468262 0.250488 0.0107422 0.0205078
0 0.246545 0.237305 0.404297 0.0371094 0.0273438
0 0.246892 0.0976562 0.417969 0.0625 0.0390625
0 0.247071 0.788574 0.0229492 0.0576172 0.0458984
0 0.247131 0.141113 0.222168 0.0166016 0.0302734
0 0.253944 0.768555 0.183105 0.0292969 0.0419922
0 0.256528 0.688965 0.015625 0.0439453 0.03125
0 0.262434 0.289062 0.0927734 0.0195312 0.0351562
0 0.264103 0.842773 0.0795898 0.0410156 0.0556641
0 0.268884 0.293945 0.23584 0.0175781 0.0283203
0 0.277497 0.421387 0.312988 0.0224609 0.0205078
0 0.288467 0.268066 0.212891 0.0166016 0.0351562
0 0.29474 0.125 0.239258 0.0253906 0.0253906
0 0.307449 0.146484 0.450684 0.0292969 0.0322266
0 0.392028 0.22168 0.168457 0.0273438 0.0400391
0 0.410707 0.362793 0.276855 0.0263672 0.0263672
