0 0.100126 0.742676 0.444824 0.0146484 0.0185547
0 0.102779 0.775879 0.583008 0.0126953 0.0214844
0 0.10376 0.396973 0.180664 0.0166016 0.0253906
0 0.104144 0.572266 0.344238 0.0175781 0.0224609
0 0.105384 0.358887 0.0375977 0.0107422 0.0283203
0 0.10942 0.145996 0.580566 0.0322266 0.0283203
0 0.110149 0.385742 0.543457 0.0332031 0.0302734
0 0.112815 0.367188 0.719238 0.046875 0.0634766
0 0.121583 0.430664 0.763184 0.0273438 0.0302734
0 0.123863 0.384277 0.766113 0.0263672 0.0517578
0 0.130671 0.424805 0.427734 0.0175781 0.0214844
0 0.145803 0.780762 0.716309 0.0166016 0.0302734
0 0.147934 0.716797 0.259766 0.0175781 0.0253906
0 0.156763 0.513184 0.100098 0.0244141 0.0517578
0 0.164497 0.599121 0.216309 0.0146484 0.0146484
0 0.174171 0.413574 0.0180664 0.0185547 0.0341797
0 0.176246 0.218262 0.0878906 0.0556641 0.046875
0 0.186679 0.702637 0.133789 0.0205078 0.0234375
0 0.188061 0.553223 0.29541 0.0322266 0.0400391
0 0.190999 0.469238 0.0683594 0.0244141 0.0390625
0 0.197511 0.350098 0.208008 0.0205078 0.015625
0 0.210042 0.426758 0.425293 0.00976562 0.0166016
0 0.226917 0.53125 0.416016 0.0332031 0.0253906
0 0.255788 0.451172 0.182617 0.0292969 0.0273438
0 0.449774 0.145996 0.535156 0.0244141 0.0351562
