0 0.10121 0.331543 0.278809 0.0205078 0.0419922
0 0.105707 0.449219 0.0922852 0.0253906 0.0439453
0 0.10648 0.410156 0.51709 0.0253906 0.0341797
0 0.125651 0.118164 0.0166016 0.0351562 0.0292969
0 0.127995 0.564941 0.479004 0.0537109 0.0732422
0 0.132482 0.150391 0.356445 0.0625 0.0566406
0 0.17769 0.59668 0.558105 0.0722656 0.172852
0 0.212864 0.491211 0.114746 0.0175781 0.0185547
0 0.24686 0.330566 0.484375 0.0302734 0.0410156
0 0.271634 0.444824 0.437012 0.0263672 0.0498047
0 0.288819 0.40332 0.383789 0.0195312 0.0253906
0 0.330645 0.741699 0.234375 0.0244141 0.0332031
0 0.358783 0.383789 0.431152 0.0195312 0.0380859
0 0.457436 0.399902 0.0947266 0.0205078 0.0371094
