0 0.10047 0.633301 0.461426 0.0166016 0.0205078
0 0.104631 0.785156 0.561035 0.0800781 0.0751953
0 0.108087 0.556152 0.430176 0.0263672 0.0380859
0 0.108361 0.268555 0.0302734 0.0390625 0.0527344
0 0.109631 0.536133 0.318359 0.0175781 0.0214844
0 0.121295 0.625977 0.313477 0.0136719 0.0214844
0 0.123244 0.27002 0.305176 0.0244141 0.0322266
0 0.129849 0.864746 0.524414 0.0517578 0.117188
0 0.131889 0.365723 0.619629 0.0302734 0.0224609
0 0.135695 0.330078 0.297852 0.00976562 0.0136719
0 0.136322 0.0224609 0.334473 0.0234375 0.0224609
0 0.17406 0.502441 0.781738 0.0224609 0.0576172
0 0.188254 0.72998 0.0615234 0.0556641 0.0625
0 0.191046 0.359863 0.440918 0.0185547 0.0341797
0 0.206685 0.487793 0.0957031 0.0244141 0.0332031
0 0.209699 0.47998 0.539062 0.0146484 0.0234375
0 0.210397 0.777832 0.534668 0.100586 0.0966797
0 0.212899 0.85498 0.36377 0.0419922 0.0361328
0 0.214903 0.555664 0.0229492 0.015625 0.0283203
0 0.217244 0.455078 0.352051 0.0136719 0.0185547
0 0.223429 0.531738 0.37793 0.0185547 0.0214844
0 0.234399 0.860352 0.561035 0.0488281 0.0751953
0 0.23913 0.271973 0.17627 0.0146484 0.0205078
0 0.260701 0.609863 0.433594 0.0205078 0.0292969
0 0.284616 0.320801 0.438965 0.0166016 0.0380859
0 0.295244 0.129883 0.249023 0.0253906 0.0253906
0 0.317446 0.602051 0.392578 0.0205078 0.0234375
0 0.534634 0.924805 0.6875 0.046875 0.0566406
0 0.578082 0.347656 0.120605 0.0410156 0.0458984
0 0.603904 0.262695 0.222168 0.0566406 0.0439453
