0 0.100441 0.664062 0.270996 0.0136719 0.0205078
0 0.103349 0.14502 0.70752 0.0166016 0.0283203
0 0.104146 0.347656 0.0898438 0.046875 0.0585938
0 0.105678 0.279297 0.144531 0.0273438 0.0371094
0 0.107402 0.793945 0.304688 0.0253906 0.0273438
0 0.107418 0.280762 0.768555 0.0263672 0.0234375
0 0.107469 0.791504 0.337891 0.0107422 0.03125
0 0.109761 0.696777 0.078125 0.0283203 0.03125
0 0.109963 0.319336 0.0336914 0.0214844 0.0556641
0 0.110077 0.195312 0.835938 0.0253906 0.046875
0 0.110363 0.848633 0.489746 0.015625 0.0205078
0 0.111724 0.316406 0.730957 0.0117188 0.0302734
0 0.111839 0.32666 0.151855 0.0263672 0.0439453
0 0.112579 0.11084 0.840332 0.0341797 0.0498047
0 0.112783 0.168457 0.717285 0.0166016 0.0244141
0 0.11438 0.164062 0.0175781 0.0234375 0.0351562
0 0.118583 0.309082 0.0180664 0.0361328 0.0322266
0 0.125841 0.299316 0.84082 0.0107422 0.0234375
0 0.128496 0.403809 0.0195312 0.0146484 0.0390625
0 0.130741 0.841797 0.370605 0.0136719 0.0166016
0 0.131411 0.227051 0.216797 0.0478516 0.0546875
0 0.140389 0.125977 0.657715 0.0117188 0.0244141
0 0.141172 0.25 0.00927734 0.0214844 0.0185547
0 0.145564 0.133789 0.192383 0.0566406 0.0527344
0 0.147585 0.106445 0.894043 0.0136719 0.0224609
0 0.149803 0.845215 0.440918 0.0263672 0.0380859
0 0.151605 0.351562 0.339844 0.03125 0.0507812
0 0.152684 0.112305 0.722656 0.015625 0.0214844
0 0.153522 0.194824 0.015625 0.0302734 0.03125
0 0.153573 0.297852 0.0166016 0.015625 0.0273438
0 0.157947 0.140137 0.908691 0.0322266 0.0439453
0 0.161357 0.329102 0.80127 0.0351562 0.0556641
0 0.161768 0.193848 0.65625 0.0205078 0.0429688
0 0.163299 0.411133 0.0517578 0.0429688 0.0703125
0 0.166832 0.234863 0.125977 0.0185547 0.0390625
0 0.181852 0.198242 0.11377 0.0488281 0.0615234
0 0.191666 0.758301 0.335449 0.0185547 0.0205078
0 0.196222 0.280273 0.677734 0.0175781 0.0292969
0 0.201393 0.787598 0.0429688 0.0185547 0.0351562
0 0.206875 0.28418 0.118652 0.0351562 0.0400391
0 0.207363 0.463379 0.12207 0.0283203 0.0449219
0 0.209191 0.433105 0.208496 0.0126953 0.0244141
0 0.212117 0.433594 0.252441 0.0175781 0.0283203
0 0.221064 0.194824 0.154297 0.0263672 0.0351562
0 0.2215 0.242188 0.0620117 0.0410156 0.0439453
0 0.226504 0.320312 0.0551758 0.015625 0.0302734
0 0.230955 0.139648 0.752441 0.0253906 0.0419922
0 0.233593 0.0473633 0.23584 0.0576172 0.0439453
0 0.238418 0.793945 0.478027 0.0175781 0.0341797
0 0.238501 0.216797 0.0947266 0.0351562 0.046875
0 0.238785 0.209961 0.699707 0.03125 0.0478516
0 0.24726 0.254883 0.136719 0.0136719 0.0175781
0 0.255766 0.424805 0.0639648 0.03125 0.0478516
0 0.261556 0.421387 0.117188 0.0166016 0.0292969
0 0.304373 0.746582 0.043457 0.0283203 0.0478516
0 0.304792 0.247559 0.692383 0.0224609 0.0429688
0 0.328883 0.287109 0.0600586 0.03125 0.0439453
0 0.43587 0.429688 0.0180664 0.015625 0.0341797
0 0.470501 0.397461 0.0585938 0.0273438 0.0390625
