0 0.101611 0.418945 0.138672 0.0253906 0.0390625
0 0.104974 0.285645 0.0229492 0.0595703 0.0458984
0 0.112471 0.453125 0.211914 0.0136719 0.015625
0 0.117264 0.308105 0.115723 0.0224609 0.0224609
0 0.118253 0.539551 0.0429688 0.0185547 0.0292969
0 0.119217 0.322266 0.0424805 0.046875 0.0771484
0 0.130305 0.282227 0.0375977 0.0410156 0.0537109
0 0.144138 0.635254 0.273926 0.0166016 0.0224609
0 0.149905 0.423828 0.443359 0.0234375 0.0429688
0 0.156933 0.416504 0.0136719 0.0263672 0.0273438
0 0.166866 0.15625 0.644531 0.0957031 0.0742188
0 0.177822 0.330078 0.0673828 0.0371094 0.0742188
0 0.179838 0.38916 0.565918 0.0185547 0.0244141
0 0.185292 0.158691 0.970703 0.0302734 0.0488281
0 0.186675 0.411621 0.143555 0.0556641 0.0390625
0 0.188045 0.270508 0.0600586 0.0292969 0.0517578
0 0.193282 0.138672 0.649414 0.0527344 0.0507812
0 0.200782 0.350586 0.452637 0.0195312 0.0283203
0 0.208559 0.394043 0.431641 0.0146484 0.0214844
0 0.229401 0.315918 0.38623 0.0244141 0.0341797
0 0.270828 0.390625 0.074707 0.0292969 0.0517578
0 0.313484 0.225098 0.459473 0.0322266 0.0458984
0 0.317557 0.345215 0.0849609 0.0205078 0.0371094
0 0.373685 0.290039 0.468262 0.046875 0.0498047
