0 0.100537 0.175293 0.342773 0.0302734 0.0273438
0 0.100674 0.180176 0.627441 0.0224609 0.0283203
0 0.100961 0.178223 0.0913086 0.0263672 0.0419922
0 0.101433 0.461426 0.399902 0.0146484 0.0185547
0 0.102039 0.360352 0.942871 0.0429688 0.0498047
0 0.102342 0.406738 0.251953 0.0224609 0.0253906
0 0.102571 0.539062 0.696289 0.015625 0.0214844
0 0.102976 0.114258 0.517578 0.0175781 0.015625
0 0.103088 0.0756836 0.179688 0.0224609 0.03125
0 0.103729 0.352539 0.425781 0.00976562 0.0214844
0 0.104679 0.917969 0.302734 0.0410156 0.0390625
0 0.105972 0.344727 0.654785 0.0117188 0.0244141
0 0.1066 0.853027 0.183105 0.0380859 0.0458984
0 0.10688 0.868652 0.0458984 0.0166016 0.0253906
0 0.107249 0.85498 0.374023 0.0283203 0.0273438
0 0.107289 0.728027 0.717773 0.0146484 0.0253906
0 0.107761 0.158691 0.387695 0.0185547 0.0410156
0 0.108466 0.548828 0.0869141 0.015625 0.0195312
0 0.109305 0.721191 0.314941 0.0185547 0.0341797
0 0.109459 0.254883 0.0336914 0.0234375 0.0439453
0 0.109579 0.170898 0.321777 0.0234375 0.0517578
0 0.109778 0.811523 0.230957 0.0175781 0.0244141
0 0.109894 0.568848 0.884277 0.0107422 0.0205078
0 0.110195 0.351074 0.490723 0.00878906 0.0185547
0 0.110911 0.781738 0.241699 0.0126953 0.0263672
0 0.110994 0.29248 0.0224609 0.0263672 0.0351562
0 0.111181 0.291016 0.711426 0.0566406 0.0634766
0 0.111413 0.83252 0.263184 0.0263672 0.0302734
0 0.111413 0.622559 0.458496 0.0185547 0.0263672
0 0.111455 0.187012 0.478027 0.0107422 0.0185547
0 0.111654 0.174316 0.489746 0.0185547 0.0166016
0 0.112028 0.623535 0.27832 0.0146484 0.0195312
0 0.112423 0.571289 0.195801 0.015625 0.0244141
0 0.11252 0.321289 0.248535 0.0292969 0.0283203
0 0.113031 0.147461 0.569824 0.0234375 0.0419922
0 0.113078 0.643555 0.414551 0.0195312 0.0263672
0 0.11325 0.305176 0.689941 0.0439453 0.0419922
0 0.113375 0.319824 0.740234 0.0537109 0.0644531
0 0.113854 0.252441 0.201172 0.0205078 0.0273438
0 0.113957 0.581055 0.219238 0.046875 0.0458984
0 0.115251 0.205078 0.0834961 0.0175781 0.0185547
0 0.115877 0.481934 0.476074 0.0185547 0.0224609
0 0.116209 0.641113 0.70166 0.0244141 0.0244141
0 0.116443 0.301758 0.16748 0.0234375 0.0341797
0 0.117299 0.523926 0.241211 0.0146484 0.0292969
0 0.118921 0.567383 0.100098 0.0117188 0.0166016
0 0.119331 0.574707 0.0205078 0.0244141 0.0234375
0 0.119791 0.375977 0.478516 0.0117188 0.0117188
0 0.120875 0.240234 0.571777 0.0253906 0.0205078
0 0.121934 0.318848 0.663086 0.0205078 0.0449219
0 0.124126 0.284668 0.570801 0.0224609 0.0224609
0 0.126972 0.321289 0.567871 0.0214844 0.0224609
0 0.127903 0.485352 0.211426 0.015625 0.0224609
0 0.127953 0.570312 0.298828 0.0117188 0.0195312
0 0.128532 0.480469 0.384766 0.0234375 0.0175781
0 0.128679 0.823242 0.416504 0.0136719 0.0322266
0 0.128832 0.125977 0.37793 0.0253906 0.0390625
0 0.132785 0.0546875 0.651367 0.0371094 0.0292969
0 0.134683 0.608398 0.427734 0.015625 0.015625
0 0.136272 0.486328 0.0546875 0.0117188 0.0292969
0 0.13812 0.225586 0.529297 0.0253906 0.0214844
0 0.139564 0.328613 0.756348 0.0419922 0.0478516
0 0.139736 0.132324 0.0200195 0.0283203 0.0341797
0 0.139814 0.140137 0.22998 0.0517578 0.0498047
0 0.140388 0.836426 0.257812 0.0146484 0.0195312
0 0.142533 0.195801 0.34082 0.0244141 0.03125
0 0.143214 0.560547 0.123047 0.00976562 0.0234375
0 0.143763 0.65332 0.0898438 0.0253906 0.03125
0 0.144111 0.849121 0.282715 0.0224609 0.0263672
0 0.144222 0.153809 0.0874023 0.0517578 0.0498047
0 0.146691 0.581543 0.132324 0.0107422 0.0166016
0 0.147237 0.0664062 0.17334 0.0390625 0.0400391
0 0.149701 0.479492 0.701172 0.0175781 0.0253906
0 0.150674 0.42627 0.0327148 0.0576172 0.0654297
0 0.150925 0.0957031 0.320801 0.015625 0.0322266
0 0.152403 0.249512 0.259277 0.0224609 0.0224609
0 0.152562 0.553223 0.0170898 0.0146484 0.0185547
0 0.152667 0.518555 0.242676 0.015625 0.0263672
0 0.152877 0.13916 0.528809 0.0126953 0.0263672
0 0.153417 0.246094 0.0107422 0.0214844 0.0214844
0 0.153836 0.64502 0.209961 0.0166016 0.0253906
0 0.155098 0.0673828 0.100098 0.0273438 0.0322266
0 0.156002 0.1875 0.234375 0.0351562 0.0332031
0 0.157203 0.800293 0.268555 0.0224609 0.0253906
0 0.158181 0.564453 0.292969 0.0195312 0.03125
0 0.161616 0.105469 0.03125 0.0644531 0.0371094
0 0.162676 0.891602 0.0834961 0.0410156 0.0517578
0 0.16384 0.106445 0.74707 0.0273438 0.0371094
0 0.164193 0.218262 0.744141 0.0537109 0.0585938
0 0.164944 0.541016 0.20752 0.0136719 0.0244141
0 0.165092 0.522949 0.683105 0.0283203 0.0400391
0 0.165869 0.510742 0.334473 0.0136719 0.0185547
0 0.16602 0.515625 0.175781 0.0195312 0.03125
0 0.16706 0.433105 0.453125 0.0185547 0.0214844
0 0.169045 0.20459 0.132812 0.0283203 0.0292969
0 0.170836 0.758789 0.117676 0.0253906 0.0361328
0 0.172602 0.936523 0.289062 0.0722656 0.0605469
0 0.172673 0.356445 0.155762 0.0332031 0.0693359
0 0.174063 0.435059 0.116699 0.0205078 0.0263672
0 0.17508 0.385254 0.64209 0.0185547 0.0419922
0 0.175231 0.19873 0.0825195 0.0283203 0.0283203
0 0.175642 0.758301 0.178223 0.0224609 0.0263672
0 0.175942 0.993164 0.211426 0.0136719 0.0283203
0 0.179354 0.0952148 0.0336914 0.0322266 0.0263672
0 0.179571 0.167969 0.223145 0.046875 0.0400391
0 0.180128 0.255859 0.29248 0.015625 0.0166016
0 0.182126 0.908203 0.456055 0.0253906 0.0234375
0 0.186591 0.159668 0.276367 0.0439453 0.0410156
0 0.187174 0.231445 0.316895 0.0117188 0.0185547
0 0.187602 0.11084 0.370605 0.0498047 0.0498047
0 0.188659 0.655762 0.00927734 0.0322266 0.0166016
0 0.191067 0.79248 0.272949 0.0185547 0.0224609
0 0.191793 0.391113 0.940918 0.0263672 0.0361328
0 0.191814 0.406738 0.181152 0.0244141 0.0302734
0 0.192032 0.624512 0.270508 0.0185547 0.0292969
0 0.192843 0.686523 0.179199 0.03125 0.0361328
0 0.192882 0.269531 0.339355 0.0175781 0.0458984
0 0.194594 0.154297 0.68457 0.0507812 0.0566406
0 0.194865 0.603027 0.210938 0.0185547 0.0234375
0 0.195266 0.168457 0.337891 0.0244141 0.0292969
0 0.2047 0.51123 0.174805 0.0126953 0.0234375
0 0.208348 0.337402 0.160156 0.0244141 0.0527344
0 0.209882 0.210938 0.912109 0.0292969 0.0410156
0 0.210793 0.465332 0.237305 0.0283203 0.0273438
0 0.215601 0.443848 0.366699 0.0185547 0.0283203
0 0.216059 0.155762 0.0102539 0.0263672 0.0205078
0 0.21615 0.557617 0.0209961 0.0234375 0.0244141
0 0.216238 0.911133 0.378418 0.046875 0.0498047
0 0.216956 0.18457 0.388672 0.0488281 0.046875
0 0.218374 0.495117 0.00732422 0.0253906 0.0146484
0 0.218475 0.0454102 0.545898 0.0595703 0.0410156
0 0.224093 0.485352 0.156738 0.015625 0.0244141
0 0.231481 0.212891 0.290527 0.0234375 0.0224609
0 0.232367 0.973145 0.174805 0.0419922 0.03125
0 0.238109 0.570801 0.228516 0.0302734 0.0410156
0 0.238825 0.465332 0.480957 0.0185547 0.0224609
0 0.239092 0.0625 0.349121 0.0351562 0.0419922
0 0.239188 0.404785 0.456055 0.0126953 0.0292969
0 0.250664 0.731934 0.0952148 0.0283203 0.0341797
0 0.252475 0.59082 0.0922852 0.0175781 0.0302734
0 0.254479 0.508301 0.129883 0.0380859 0.0351562
0 0.255141 0.556152 0.285156 0.0205078 0.0253906
0 0.255265 0.230957 0.719238 0.0361328 0.0380859
0 0.255626 0.197754 0.380371 0.0263672 0.0361328
0 0.257331 0.231445 0.105957 0.0371094 0.0341797
0 0.260985 0.547363 0.429199 0.0185547 0.0205078
0 0.263017 0.174316 0.270508 0.0283203 0.0371094
0 0.263211 0.839355 0.211426 0.0166016 0.0283203
0 0.265852 0.522949 0.213867 0.00878906 0.0195312
0 0.268046 0.615723 0.0200195 0.0185547 0.0283203
0 0.26838 0.934082 0.186035 0.0361328 0.0341797
0 0.268834 0.238281 0.267578 0.0390625 0.0390625
0 0.275097 0.447754 0.675293 0.0185547 0.0283203
0 0.279887 0.434082 0.0161133 0.0576172 0.0322266
0 0.283351 0.409668 0.289062 0.0205078 0.0195312
0 0.286011 0.28418 0.0170898 0.0332031 0.0302734
0 0.286674 0.848145 0.319336 0.0302734 0.03125
0 0.290338 0.295898 0.642578 0.0117188 0.0273438
0 0.29309 0.458008 0.236816 0.0175781 0.0205078
0 0.293553 0.206055 0.763672 0.0488281 0.0488281
0 0.294979 0.636719 0.354492 0.0234375 0.015625
0 0.296167 0.382812 0.220215 0.0195312 0.0361328
0 0.296475 0.300293 0.421875 0.0185547 0.0253906
0 0.297229 0.541016 0.49707 0.0332031 0.0253906
0 0.303384 0.671387 0.251465 0.0146484 0.0185547
0 0.304289 0.358887 0.468262 0.0146484 0.0166016
0 0.309043 0.390625 0.0488281 0.0214844 0.0253906
0 0.316381 0.138184 0.0878906 0.0322266 0.0351562
0 0.317845 0.131836 0.729004 0.0507812 0.0341797
0 0.324939 0.123047 0.32373 0.0273438 0.0361328
0 0.327648 0.568359 0.0244141 0.0253906 0.0273438
0 0.328209 0.42334 0.0551758 0.0439453 0.0302734
0 0.334749 0.585938 0.264648 0.0136719 0.0292969
0 0.338606 0.42334 0.0234375 0.0361328 0.0390625
0 0.342687 0.255371 0.214844 0.0263672 0.0527344
0 0.344669 0.313477 0.354492 0.0214844 0.0292969
0 0.353135 0.486328 0.25293 0.0195312 0.0351562
0 0.360122 0.307617 0.304199 0.0195312 0.0185547
0 0.361419 0.344727 0.150879 0.0292969 0.0693359
0 0.369516 0.180664 0.233398 0.046875 0.0527344
0 0.373798 0.463379 0.114258 0.0146484 0.03125
0 0.382794 0.0922852 0.109863 0.0244141 0.0439453
0 0.384472 0.456543 0.0131836 0.0244141 0.0263672
0 0.391929 0.097168 0.362793 0.0341797 0.0556641
0 0.393018 0.150391 0.276855 0.0234375 0.0322266
0 0.399457 0.165527 0.393555 0.0322266 0.0546875
0 0.407272 0.321777 0.241211 0.0458984 0.0292969
0 0.409579 0.238281 0.0561523 0.0351562 0.0380859
0 0.415006 0.861816 0.17041 0.0322266 0.0537109
0 0.41923 0.511719 0.0429688 0.015625 0.0371094
0 0.422157 0.664551 0.0571289 0.0302734 0.0380859
0 0.435424 0.530762 0.140137 0.0224609 0.0302734
0 0.436138 0.55957 0.51123 0.0136719 0.0283203
0 0.440392 0.501953 0.123535 0.0214844 0.0341797
0 0.448762 0.251953 0.102051 0.0292969 0.0400391
0 0.464069 0.508789 0.292969 0.0292969 0.0273438
0 0.464514 0.307129 0.390137 0.0224609 0.0244141
0 0.465851 0.362793 0.169434 0.0341797 0.0380859
0 0.472139 0.270996 0.15332 0.0322266 0.046875
0 0.498303 0.133301 0.160645 0.0615234 0.0673828
0 0.509863 0.202637 0.015625 0.0341797 0.03125
0 0.512678 0.233887 0.166504 0.0322266 0.0400391
0 0.53447 0.578613 0.0678711 0.0205078 0.0263672
0 0.552843 0.398438 0.0922852 0.0332031 0.0361328
0 0.568217 0.179688 0.0712891 0.0214844 0.0449219
0 0.593221 0.330078 0.0761719 0.03125 0.0527344
0 0.594889 0.304199 0.154297 0.0361328 0.0566406
0 0.709419 0.335449 0.0214844 0.0283203 0.0390625
