0 0.104105 0.521973 0.0131836 0.0205078 0.0224609
0 0.104174 0.354492 0.20459 0.0195312 0.0283203
0 0.104912 0.513672 0.444824 0.03125 0.0244141
0 0.104998 0.508789 0.0283203 0.0292969 0.0507812
0 0.105301 0.535156 0.495605 0.0175781 0.0361328
0 0.105821 0.59375 0.22998 0.0449219 0.0380859
0 0.109976 0.425293 0.31543 0.0126953 0.015625
0 0.110524 0.491211 0.0297852 0.0175781 0.0263672
0 0.114812 0.709961 0.301758 0.0273438 0.03125
0 0.116874 0.516602 0.270996 0.0175781 0.0263672
0 0.117832 0.529785 0.0161133 0.0244141 0.0322266
0 0.118408 0.571777 0.0698242 0.0146484 0.0361328
0 0.119747 0.47168 0.60791 0.0214844 0.0205078
0 0.120887 0.529785 0.439941 0.0166016 0.0166016
0 0.125446 0.529297 0.169434 0.0234375 0.0458984
0 0.129583 0.556152 0.0131836 0.0185547 0.0244141
0 0.132382 0.625488 0.270996 0.0283203 0.0302734
0 0.13389 0.567871 0.415039 0.0146484 0.0195312
0 0.142227 0.54248 0.0302734 0.0322266 0.0507812
0 0.151638 0.454102 0.410645 0.0195312 0.0224609
0 0.152777 0.51123 0.0717773 0.0224609 0.0380859
0 0.153968 0.602539 0.230469 0.0234375 0.03125
0 0.160101 0.337891 0.380371 0.0175781 0.0322266
0 0.164039 0.231934 0.0117188 0.0322266 0.0234375
0 0.164498 0.27002 0.409668 0.0205078 0.0166016
0 0.178506 0.105469 0.012207 0.0351562 0.0244141
0 0.182957 0.608887 0.270508 0.0146484 0.0234375
0 0.183725 0.515625 0.0161133 0.0234375 0.0322266
0 0.18544 0.618164 0.0947266 0.0214844 0.0332031
0 0.18931 0.153809 0.0141602 0.0302734 0.0283203
0 0.191454 0.135742 0.0566406 0.0195312 0.0253906
0 0.194108 0.54541 0.419434 0.0166016 0.0185547
0 0.200294 0.276855 0.202148 0.0244141 0.0253906
0 0.201498 0.570801 0.102051 0.0185547 0.0244141
0 0.202096 0.539551 0.0483398 0.0224609 0.0283203
0 0.202329 0.224609 0.187988 0.0117188 0.0205078
0 0.204499 0.498047 0.554199 0.0253906 0.0439453
0 0.208978 0.594727 0.327148 0.0136719 0.0175781
0 0.209052 0.551758 0.183105 0.0234375 0.0361328
0 0.218082 0.506348 0.0180664 0.0185547 0.0263672
0 0.221224 0.509766 0.0493164 0.0136719 0.0322266
0 0.222565 0.546875 0.199707 0.03125 0.0458984
0 0.22532 0.541992 0.486328 0.0253906 0.0449219
0 0.227561 0.494629 0.413086 0.0185547 0.0136719
0 0.227718 0.605957 0.0698242 0.0185547 0.0419922
0 0.246335 0.558105 0.570312 0.0341797 0.0429688
0 0.246459 0.626465 0.402344 0.0244141 0.0234375
0 0.25568 0.313477 0.405273 0.015625 0.0195312
0 0.258608 0.547852 0.0166016 0.0273438 0.0332031
0 0.263076 0.619629 0.0805664 0.0380859 0.0556641
0 0.264346 0.189453 0.298828 0.0214844 0.0351562
0 0.267533 0.557129 0.21875 0.0224609 0.0292969
0 0.27489 0.66748 0.26416 0.0283203 0.0322266
0 0.287909 0.331543 0.247559 0.0205078 0.0263672
0 0.313865 0.54541 0.119629 0.0244141 0.0224609
0 0.314049 0.51123 0.0766602 0.0166016 0.0224609
0 0.314594 0.585938 0.0361328 0.0136719 0.0273438
0 0.316065 0.44873 0.244141 0.0166016 0.0234375
0 0.32465 0.633301 0.078125 0.0400391 0.0605469
0 0.33092 0.495117 0.333984 0.0195312 0.0195312
0 0.338588 0.504395 0.448242 0.0224609 0.0273438
0 0.354015 0.469727 0.0395508 0.0117188 0.0166016
0 0.358438 0.541504 0.186035 0.0341797 0.0419922
0 0.403624 0.570801 0.0820312 0.0224609 0.0488281
0 0.419432 0.389648 0.260254 0.0234375 0.0458984
0 0.43269 0.493652 0.0229492 0.0146484 0.0244141
0 0.460647 0.502441 0.20166 0.0244141 0.0302734
0 0.551506 0.365234 0.31543 0.0234375 0.0253906
0 0.587854 0.483887 0.0761719 0.0166016 0.0410156
0 0.702083 0.504883 0.136719 0.0390625 0.0585938
