0 0.10052 0.616699 0.191895 0.0283203 0.0302734
0 0.100555 0.535156 0.69043 0.0449219 0.0429688
0 0.101658 0.0825195 0.317383 0.0244141 0.0273438
0 0.102051 0.134277 0.702637 0.0126953 0.0146484
0 0.102959 0.477539 0.547363 0.0117188 0.0126953
0 0.103193 0.0639648 0.744141 0.0146484 0.015625
0 0.103939 0.312012 0.261719 0.0439453 0.0527344
0 0.106276 0.558594 0.250488 0.03125 0.0361328
0 0.106327 0.303711 0.730469 0.0195312 0.0292969
0 0.111533 0.319336 0.459473 0.0253906 0.0439453
0 0.113004 0.22998 0.823242 0.0302734 0.0292969
0 0.115341 0.633301 0.166504 0.0263672 0.0302734
0 0.116835 0.102051 0.118652 0.0439453 0.0380859
0 0.124956 0.203125 0.762207 0.0273438 0.0439453
0 0.127585 0.367188 0.297852 0.0351562 0.0507812
0 0.129007 0.270996 0.14209 0.0498047 0.0576172
0 0.13079 0.484375 0.346191 0.0429688 0.0458984
0 0.131611 0.34375 0.76416 0.0195312 0.0244141
0 0.133645 0.314941 0.865723 0.0126953 0.0205078
0 0.133792 0.366699 0.015625 0.0400391 0.03125
0 0.13413 0.679688 0.442383 0.0234375 0.0234375
0 0.139197 0.272949 0.0200195 0.0263672 0.0400391
0 0.150831 0.389648 0.118164 0.0390625 0.119141
0 0.151776 0.362305 0.175781 0.0351562 0.0371094
0 0.152112 0.130859 0.361816 0.03125 0.0419922
0 0.152791 0.760254 0.704102 0.0380859 0.0488281
0 0.153764 0.672363 0.970703 0.0263672 0.0390625
0 0.15714 0.552734 0.429688 0.0273438 0.0214844
0 0.15977 0.275391 0.0961914 0.0546875 0.0498047
0 0.163281 0.342285 0.169434 0.0341797 0.0458984
0 0.165595 0.213379 0.756348 0.0419922 0.0439453
0 0.165596 0.276855 0.71875 0.00878906 0.0273438
0 0.165665 0.716797 0.821289 0.0410156 0.0390625
0 0.166037 0.287109 0.632324 0.0117188 0.0302734
0 0.167498 0.333008 0.179688 0.0410156 0.0488281
0 0.168411 0.481934 0.483398 0.0478516 0.0488281
0 0.169338 0.169434 0.762207 0.0185547 0.0224609
0 0.172688 0.287598 0.0268555 0.0478516 0.0478516
0 0.175272 0.604004 0.09375 0.0263672 0.0527344
0 0.180537 0.166016 0.32959 0.0507812 0.0556641
0 0.18721 0.236328 0.0541992 0.0195312 0.0361328
0 0.188494 0.354492 0.5 0.015625 0.0195312
0 0.194878 0.669922 0.0849609 0.0449219 0.0449219
0 0.197466 0.57666 0.878906 0.0166016 0.03125
0 0.197662 0.726074 0.333496 0.0263672 0.0439453
0 0.206203 0.820312 0.480957 0.03125 0.0419922
0 0.24553 0.339844 0.0742188 0.03125 0.046875
0 0.249078 0.693359 0.834473 0.0332031 0.0400391
0 0.259677 0.24707 0.0429688 0.0390625 0.0507812
0 0.270638 0.344727 0.0410156 0.03125 0.0332031
0 0.272862 0.333496 0.0351562 0.0556641 0.046875
0 0.274788 0.686523 0.839355 0.0195312 0.0302734
0 0.28956 0.132324 0.766602 0.0361328 0.0527344
0 0.301278 0.348145 0.774414 0.0302734 0.0429688
0 0.302598 0.820312 0.521484 0.0449219 0.0410156
0 0.304477 0.284668 0.839844 0.0185547 0.0292969
0 0.337888 0.228027 0.742676 0.0244141 0.0283203
0 0.338947 0.314941 0.027832 0.0537109 0.0498047
0 0.386535 0.237793 0.959473 0.0419922 0.0634766
0 0.390097 0.302246 0.781738 0.0263672 0.0439453
0 0.402453 0.204102 0.853027 0.0175781 0.0400391
0 0.406401 0.229004 0.59375 0.0341797 0.03125
0 0.425715 0.706543 0.830566 0.0576172 0.0556641
0 0.44899 0.257812 0.658691 0.0253906 0.0302734
0 0.488917 0.657715 0.0893555 0.0361328 0.0380859
0 0.530127 0.335938 0.0883789 0.0292969 0.0419922
