0 0.101844 0.680176 0.593262 0.0498047 0.0615234
0 0.105245 0.606445 0.0395508 0.0488281 0.0791016
0 0.106596 0.520996 0.0810547 0.0380859 0.0585938
0 0.106651 0.701172 0.597656 0.0253906 0.0371094
0 0.107496 0.526367 0.644043 0.0175781 0.0283203
0 0.110273 0.560059 0.630371 0.0576172 0.0517578
0 0.114203 0.506836 0.0161133 0.0703125 0.0263672
0 0.118062 0.470703 0.868652 0.0332031 0.0263672
0 0.120227 0.621094 0.557617 0.0253906 0.0253906
0 0.121874 0.40918 0.435059 0.0546875 0.0478516
0 0.122825 0.749512 0.520996 0.0439453 0.0537109
0 0.127236 0.713867 0.634277 0.0429688 0.0498047
0 0.128472 0.679688 0.641602 0.03125 0.046875
0 0.134337 0.723145 0.639648 0.0283203 0.0351562
0 0.134639 0.702637 0.612305 0.0322266 0.0566406
0 0.134854 0.541992 0.624512 0.03125 0.0419922
0 0.135653 0.737793 0.537598 0.0458984 0.0576172
0 0.137553 0.918457 0.980469 0.0283203 0.0332031
0 0.138152 0.460938 0.0214844 0.0546875 0.0390625
0 0.140027 0.66748 0.0473633 0.108398 0.0908203
0 0.141038 0.609863 0.52832 0.0341797 0.0253906
0 0.141421 0.45752 0.0205078 0.0283203 0.0332031
0 0.14803 0.623047 0.587891 0.0273438 0.0722656
0 0.151325 0.26709 0.130371 0.0361328 0.0302734
0 0.153378 0.519531 0.0117188 0.0351562 0.0175781
0 0.159188 0.40332 0.373535 0.0429688 0.0302734
0 0.169875 0.640137 0.637695 0.0380859 0.0410156
0 0.170542 0.621094 0.564941 0.0292969 0.0498047
0 0.181734 0.581543 0.613281 0.0361328 0.0507812
0 0.18495 0.547363 0.0117188 0.0400391 0.0195312
0 0.188438 0.391113 0.80127 0.0322266 0.0361328
0 0.190168 0.369629 0.433105 0.0205078 0.0185547
0 0.190415 0.0952148 0.910156 0.0634766 0.0839844
0 0.194467 0.663574 0.587891 0.0302734 0.0664062
0 0.208274 0.452148 0.955566 0.0292969 0.0419922
0 0.214002 0.77002 0.277832 0.0361328 0.0380859
0 0.217195 0.549316 0.879395 0.0341797 0.0380859
0 0.222524 0.184082 0.554199 0.0322266 0.0400391
0 0.226253 0.515137 0.0634766 0.0361328 0.0449219
0 0.242076 0.484863 0.0185547 0.0361328 0.03125
0 0.244697 0.717773 0.677734 0.0234375 0.0273438
0 0.266387 0.624512 0.609375 0.0302734 0.0332031
0 0.271506 0.807129 0.662598 0.0185547 0.0205078
0 0.297131 0.173828 0.364258 0.0332031 0.0390625
0 0.310959 0.641602 0.683594 0.0332031 0.0351562
0 0.373435 0.483398 0.807129 0.0214844 0.0322266
0 0.385044 0.24707 0.821777 0.0234375 0.0498047
