0 0.101344 0.606934 0.188477 0.0126953 0.0195312
0 0.101812 0.20166 0.274902 0.0361328 0.0517578
0 0.103036 0.224121 0.0146484 0.0283203 0.0292969
0 0.103659 0.606445 0.341309 0.00976562 0.0224609
0 0.104613 0.496094 0.0395508 0.0195312 0.0458984
0 0.107194 0.450195 0.107422 0.0136719 0.0234375
0 0.107898 0.352539 0.0175781 0.0175781 0.0351562
0 0.111596 0.773438 0.218262 0.0273438 0.0302734
0 0.112201 0.874023 0.657227 0.0273438 0.0683594
0 0.114083 0.709961 0.0180664 0.03125 0.0263672
0 0.114846 0.421875 0.164551 0.0332031 0.0732422
0 0.115269 0.794922 0.500977 0.0117188 0.0175781
0 0.116158 0.791016 0.0639648 0.0214844 0.0263672
0 0.118728 0.811523 0.70752 0.0273438 0.0517578
0 0.118833 0.282715 0.277832 0.0283203 0.0361328
0 0.120615 0.871582 0.592773 0.0166016 0.03125
0 0.121448 0.745605 0.126953 0.0283203 0.0605469
0 0.124136 0.712402 0.483398 0.0126953 0.03125
0 0.12437 0.823242 0.602051 0.0117188 0.0224609
0 0.125874 0.37793 0.0297852 0.0175781 0.0341797
0 0.126253 0.618164 0.145508 0.0214844 0.0371094
0 0.129727 0.422852 0.236816 0.015625 0.0283203
0 0.13381 0.85791 0.534668 0.0205078 0.0322266
0 0.136837 0.285645 0.189453 0.0283203 0.0390625
0 0.13757 0.768555 0.203125 0.0175781 0.0234375
0 0.138587 0.0898438 0.364746 0.0605469 0.0556641
0 0.139862 0.375 0.0952148 0.0253906 0.0361328
0 0.142007 0.239258 0.267578 0.0136719 0.0292969
0 0.146104 0.117188 0.262207 0.03125 0.0556641
0 0.149941 0.432617 0.0185547 0.0625 0.0371094
0 0.155903 0.155273 0.343262 0.0507812 0.0498047
0 0.158666 0.695312 0.175293 0.0214844 0.0322266
0 0.161287 0.747559 0.0629883 0.0185547 0.0322266
0 0.171094 0.234863 0.356934 0.0400391 0.0498047
0 0.173233 0.212891 0.0249023 0.0429688 0.0419922
0 0.180219 0.779785 0.223145 0.0205078 0.0224609
0 0.187873 0.36084 0.46875 0.0283203 0.0546875
0 0.191702 0.132324 0.090332 0.0322266 0.0361328
0 0.191833 0.210938 0.112305 0.0800781 0.0605469
0 0.193343 0.204102 0.287598 0.0273438 0.0419922
0 0.195406 0.569336 0.239258 0.0117188 0.0195312
0 0.197369 0.701172 0.145508 0.0195312 0.0234375
0 0.200577 0.175781 0.0844727 0.0527344 0.0654297
0 0.207992 0.790527 0.129395 0.0185547 0.0302734
0 0.214099 0.242676 0.114258 0.0380859 0.0527344
0 0.219309 0.777344 0.144531 0.0117188 0.0214844
0 0.228526 0.811035 0.131836 0.0302734 0.0390625
0 0.232676 0.426758 0.13916 0.0195312 0.0400391
0 0.234069 0.810059 0.580078 0.0205078 0.046875
0 0.235091 0.286133 0.0966797 0.0214844 0.0527344
0 0.241698 0.191406 0.0283203 0.0761719 0.0488281
0 0.244957 0.22168 0.224609 0.0273438 0.03125
0 0.254218 0.20752 0.0341797 0.0283203 0.0390625
0 0.257974 0.243164 0.195312 0.0390625 0.046875
0 0.274489 0.708008 0.148438 0.0175781 0.0234375
0 0.364253 0.743652 0.145508 0.0263672 0.0351562
0 0.386318 0.341797 0.105469 0.0292969 0.0546875
0 0.410732 0.164551 0.0234375 0.0673828 0.0449219
0 0.443863 0.38623 0.0825195 0.0419922 0.0537109
0 0.537153 0.411133 0.182129 0.0546875 0.0478516
