0 0.104306 0.407715 0.316406 0.0458984 0.0429688
0 0.106052 0.302246 0.908203 0.0166016 0.0253906
0 0.108461 0.523438 0.0537109 0.101562 0.107422
0 0.111636 0.616211 0.0292969 0.0800781 0.0546875
0 0.112154 0.493164 0.680176 0.0117188 0.0146484
0 0.11252 0.192871 0.0615234 0.0263672 0.0644531
0 0.114918 0.423828 0.696289 0.0136719 0.0214844
0 0.117733 0.510254 0.810059 0.0302734 0.0244141
0 0.143271 0.545898 0.74707 0.0214844 0.0195312
0 0.18899 0.365234 0.872559 0.015625 0.0224609
0 0.209945 0.333008 0.905762 0.0175781 0.0419922
0 0.258093 0.187988 0.78125 0.0263672 0.0351562
0 0.311866 0.290039 0.678223 0.0351562 0.0517578
0 0.327982 0.666016 0.910645 0.0234375 0.0361328
0 0.367097 0.0351562 0.553223 0.03125 0.0322266
0 0.393038 0.359863 0.764648 0.0302734 0.0429688
