0 0.100702 0.552734 0.0307617 0.0195312 0.0283203
0 0.100775 0.133789 0.591309 0.0507812 0.0615234
0 0.101745 0.644043 0.0556641 0.0361328 0.0605469
0 0.102409 0.63623 0.00878906 0.0283203 0.0175781
0 0.10282 0.657227 0.678711 0.0332031 0.0488281
0 0.105142 0.692871 0.657715 0.0302734 0.0283203
0 0.105215 0.710449 0.149414 0.0283203 0.0390625
0 0.107013 0.547363 0.666016 0.0166016 0.0195312
0 0.108171 0.573242 0.0151367 0.0234375 0.0263672
0 0.109784 0.697754 0.601562 0.0224609 0.0351562
0 0.11283 0.708984 0.848633 0.0351562 0.0546875
0 0.112973 0.332031 0.298828 0.0566406 0.0722656
0 0.11422 0.680664 0.660645 0.0527344 0.0478516
0 0.115931 0.62793 0.102539 0.0351562 0.0292969
0 0.120719 0.509277 0.0625 0.0615234 0.0546875
0 0.121683 0.220215 0.956543 0.0361328 0.0439453
0 0.122879 0.598145 0.200195 0.0166016 0.0195312
0 0.124306 0.755859 0.691406 0.03125 0.0488281
0 0.126536 0.493652 0.0683594 0.0400391 0.0449219
0 0.127645 0.379395 0.839844 0.0458984 0.0546875
0 0.127799 0.515137 0.230957 0.0380859 0.0361328
0 0.12912 0.508789 0.669434 0.015625 0.0302734
0 0.129865 0.532227 0.188477 0.0390625 0.0527344
0 0.130777 0.625977 0.572754 0.015625 0.0166016
0 0.130992 0.719238 0.538086 0.0224609 0.0390625
0 0.13298 0.666992 0.120117 0.03125 0.0351562
0 0.133365 0.287109 0.883789 0.0507812 0.0449219
0 0.135118 0.655762 0.576172 0.0205078 0.03125
0 0.135425 0.489746 0.791992 0.0205078 0.0429688
0 0.135522 0.30127 0.650879 0.0185547 0.0244141
0 0.135644 0.821777 0.336914 0.0341797 0.046875
0 0.137117 0.321777 0.828613 0.0107422 0.0283203
0 0.137383 0.333984 0.129883 0.0683594 0.0976562
0 0.137391 0.44043 0.817383 0.0273438 0.0410156
0 0.138689 0.527344 0.751465 0.0234375 0.0283203
0 0.141283 0.154297 0.82666 0.0214844 0.0400391
0 0.141806 0.47168 0.946289 0.0292969 0.0390625
0 0.141819 0.393555 0.116699 0.0488281 0.0673828
0 0.142895 0.608887 0.82666 0.0400391 0.0517578
0 0.149742 0.503906 0.777344 0.0195312 0.0292969
0 0.151646 0.281738 0.285156 0.0517578 0.0527344
0 0.153969 0.57666 0.180176 0.0185547 0.0224609
0 0.154472 0.775879 0.304688 0.0341797 0.0390625
0 0.154482 0.541504 0.856934 0.0302734 0.0361328
0 0.155767 0.427734 0.827637 0.0292969 0.0361328
0 0.156053 0.35791 0.666016 0.0263672 0.0332031
0 0.160144 0.174805 0.941406 0.0390625 0.0507812
0 0.161663 0.715332 0.622559 0.0517578 0.0537109
0 0.161943 0.512207 0.536133 0.0283203 0.0273438
0 0.162618 0.230469 0.152344 0.0957031 0.0683594
0 0.163658 0.427246 0.797852 0.0166016 0.03125
0 0.171249 0.205566 0.802734 0.0166016 0.0371094
0 0.172495 0.677734 0.561523 0.0292969 0.0429688
0 0.173968 0.633301 0.922852 0.0322266 0.0390625
0 0.175293 0.293945 0.654785 0.03125 0.0283203
0 0.177898 0.324219 0.206543 0.0332031 0.0341797
0 0.178166 0.759277 0.715332 0.0283203 0.0263672
0 0.18143 0.408203 0.323242 0.0390625 0.0292969
0 0.182428 0.664551 0.668457 0.0380859 0.0498047
0 0.182722 0.63623 0.980469 0.0595703 0.0332031
0 0.192424 0.642578 0.850586 0.0351562 0.0429688
0 0.192543 0.304688 0.371582 0.0371094 0.0263672
0 0.198764 0.628906 0.575195 0.0214844 0.0292969
0 0.200888 0.270508 0.630859 0.0449219 0.0527344
0 0.201223 0.283203 0.643066 0.0546875 0.0537109
0 0.202543 0.639648 0.0874023 0.046875 0.0537109
0 0.20963 0.48584 0.732422 0.0107422 0.0253906
0 0.214236 0.592285 0.139648 0.0283203 0.0351562
0 0.21481 0.741699 0.0908203 0.0537109 0.0527344
0 0.218721 0.597656 0.812988 0.046875 0.0400391
0 0.22213 0.634766 0.628418 0.0234375 0.0244141
0 0.22254 0.561523 0.80127 0.0429688 0.0478516
0 0.225178 0.759766 0.70459 0.0429688 0.0458984
0 0.225604 0.267578 0.62207 0.0292969 0.0292969
0 0.23157 0.130371 0.14502 0.0654297 0.100586
0 0.23856 0.505371 0.686035 0.0205078 0.0537109
0 0.241834 0.383789 0.929688 0.0332031 0.0351562
0 0.251749 0.322754 0.317871 0.0439453 0.0517578
0 0.270676 0.496582 0.785645 0.0302734 0.0419922
0 0.272183 0.353516 0.973145 0.0390625 0.0458984
0 0.274377 0.432617 0.813965 0.0332031 0.0556641
0 0.284784 0.536133 0.538086 0.0566406 0.0371094
0 0.285784 0.605469 0.817871 0.0273438 0.0283203
0 0.286057 0.725586 0.629883 0.0351562 0.03125
0 0.301177 0.71582 0.817383 0.046875 0.0957031
0 0.302863 0.578125 0.0737305 0.0332031 0.0556641
0 0.303392 0.65625 0.919434 0.0664062 0.0537109
0 0.304939 0.449707 0.702637 0.0185547 0.0302734
0 0.306897 0.257812 0.0805664 0.0390625 0.0380859
0 0.31022 0.388672 0.850586 0.0292969 0.0449219
0 0.327026 0.604004 0.0249023 0.0498047 0.0439453
0 0.33596 0.205078 0.733398 0.0273438 0.0292969
0 0.346029 0.963379 0.651855 0.0537109 0.0537109
0 0.353898 0.402344 0.703125 0.0253906 0.0234375
0 0.363602 0.423828 0.893066 0.015625 0.0400391
0 0.37389 0.547363 0.906738 0.0263672 0.0458984
0 0.394808 0.505859 0.708496 0.0175781 0.0283203
0 0.409721 0.383301 0.597656 0.0419922 0.0332031
0 0.439236 0.599121 0.870605 0.0673828 0.0634766
0 0.453704 0.520996 0.861816 0.0537109 0.0595703
0 0.473372 0.551758 0.530273 0.0273438 0.0390625
0 0.493924 0.519531 0.541016 0.0292969 0.0332031
