0 0.10371 0.615723 0.796875 0.0244141 0.0449219
0 0.112234 0.344727 0.76416 0.0253906 0.0361328
0 0.113704 0.418945 0.845703 0.0234375 0.03125
0 0.117505 0.494141 0.839355 0.03125 0.0615234
0 0.117528 0.801758 0.779297 0.0449219 0.0507812
0 0.117843 0.333984 0.477051 0.015625 0.0302734
0 0.120162 0.263184 0.807617 0.0400391 0.0625
0 0.136601 0.588379 0.694336 0.0166016 0.0273438
0 0.142206 0.500488 0.767578 0.0419922 0.0351562
0 0.157725 0.406738 0.918457 0.0205078 0.0380859
0 0.16034 0.560059 0.959473 0.0263672 0.0400391
0 0.182485 0.799805 0.705566 0.0253906 0.0439453
0 0.183099 0.216309 0.699707 0.0185547 0.0224609
0 0.205367 0.661133 0.632812 0.0507812 0.0507812
0 0.210616 0.431152 0.847168 0.0283203 0.0341797
0 0.223482 0.915039 0.535645 0.0429688 0.0478516
0 0.234239 0.762695 0.881348 0.03125 0.0419922
0 0.234944 0.82959 0.86377 0.0400391 0.0458984
0 0.24907 0.531738 0.983887 0.0166016 0.0244141
0 0.294815 0.114258 0.645996 0.046875 0.0458984
0 0.311361 0.409668 0.905273 0.0263672 0.0566406
0 0.319886 0.819336 0.663086 0.0507812 0.0488281
0 0.336616 0.443359 0.299805 0.0351562 0.0390625
0 0.382927 0.454102 0.862305 0.0253906 0.0410156
0 0.444451 0.482422 0.977539 0.0253906 0.0429688
