0 0.100199 0.378418 0.898926 0.00878906 0.0185547
0 0.101137 0.610352 0.465332 0.0253906 0.0283203
0 0.101972 0.284668 0.224121 0.0126953 0.0185547
0 0.102262 0.129883 0.27002 0.0390625 0.0517578
0 0.102851 0.0424805 0.335938 0.0673828 0.0625
0 0.103358 0.0917969 0.429199 0.0625 0.0537109
0 0.103508 0.362305 0.0668945 0.078125 0.0908203
0 0.103634 0.625977 0.538574 0.015625 0.0244141
0 0.105103 0.714355 0.362793 0.0576172 0.0439453
0 0.105761 0.586426 0.0214844 0.0517578 0.0371094
0 0.105912 0.408203 0.0205078 0.046875 0.0410156
0 0.106155 0.118164 0.183594 0.0371094 0.0703125
0 0.106375 0.600586 0.10791 0.0175781 0.0263672
0 0.106701 0.253906 0.306152 0.015625 0.0283203
0 0.107442 0.0532227 0.405762 0.0146484 0.0205078
0 0.108163 0.233887 0.175293 0.0361328 0.0419922
0 0.109181 0.708984 0.314941 0.0546875 0.0498047
0 0.109725 0.556152 0.969238 0.0341797 0.0361328
0 0.112384 0.263672 0.0849609 0.0507812 0.0488281
0 0.112406 0.145996 0.0966797 0.0380859 0.0507812
0 0.113297 0.745117 0.356445 0.0390625 0.0546875
0 0.114502 0.719727 0.320312 0.0332031 0.0351562
0 0.114627 0.488281 0.439453 0.0507812 0.0273438
0 0.115497 0.554199 0.0517578 0.0224609 0.03125
0 0.116981 0.649414 0.991699 0.0195312 0.0146484
0 0.117467 0.527344 0.0585938 0.0703125 0.0820312
0 0.118105 0.105469 0.386719 0.0703125 0.0527344
0 0.119471 0.389648 0.0693359 0.0625 0.0917969
0 0.120016 0.807129 0.609863 0.0478516 0.0693359
0 0.122213 0.320312 0.157715 0.0449219 0.0634766
0 0.122284 0.49707 0.989258 0.0273438 0.0214844
0 0.122529 0.492188 0.355957 0.0136719 0.0224609
0 0.123713 0.425293 0.989746 0.0146484 0.0205078
0 0.124604 0.689453 0.303223 0.03125 0.0478516
0 0.125428 0.651367 0.90625 0.0234375 0.0234375
0 0.12545 0.347656 0.958008 0.0195312 0.0371094
0 0.126515 0.630371 0.180664 0.0419922 0.0507812
0 0.128083 0.702148 0.354492 0.0292969 0.0292969
0 0.129317 0.232422 0.0327148 0.0292969 0.0595703
0 0.132673 0.170898 0.590332 0.03125 0.0478516
0 0.133239 0.499512 0.400879 0.00878906 0.0185547
0 0.133633 0.352051 0.393066 0.0439453 0.0419922
0 0.13445 0.623535 0.117188 0.0166016 0.0195312
0 0.13516 0.264648 0.827148 0.0351562 0.0742188
0 0.135628 0.671875 0.078125 0.0292969 0.0371094
0 0.136601 0.178223 0.692871 0.0380859 0.0361328
0 0.13727 0.134766 0.435547 0.0664062 0.0429688
0 0.137337 0.702148 0.593262 0.0136719 0.0224609
0 0.138251 0.270996 0.0180664 0.0537109 0.0341797
0 0.139913 0.595215 0.506348 0.0341797 0.0283203
0 0.140539 0.435547 0.250977 0.0449219 0.0605469
0 0.143755 0.493652 0.144043 0.0654297 0.0537109
0 0.144753 0.750977 0.419922 0.0527344 0.0585938
0 0.146054 0.531738 0.181641 0.0458984 0.0410156
0 0.148345 0.724121 0.640625 0.0322266 0.0371094
0 0.15009 0.419434 0.514648 0.0146484 0.0195312
0 0.153725 0.861328 0.880371 0.0351562 0.0361328
0 0.153862 0.417969 0.0556641 0.0390625 0.0449219
0 0.155205 0.114746 0.424316 0.104492 0.0693359
0 0.155875 0.852051 0.283203 0.0595703 0.0429688
0 0.157252 0.389648 0.438965 0.0175781 0.0244141
0 0.157973 0.577637 0.160645 0.0205078 0.0400391
0 0.158542 0.724609 0.106445 0.0390625 0.0449219
0 0.161404 0.369141 0.131836 0.0253906 0.0429688
0 0.161577 0.638184 0.0620117 0.0380859 0.0576172
0 0.162215 0.749512 0.272461 0.0283203 0.0351562
0 0.162962 0.850098 0.516113 0.0185547 0.0341797
0 0.164312 0.103516 0.213379 0.0703125 0.139648
0 0.168046 0.770996 0.541504 0.0322266 0.0400391
0 0.169558 0.700684 0.421387 0.0302734 0.0380859
0 0.172022 0.435547 0.0444336 0.0957031 0.0615234
0 0.176106 0.758301 0.359375 0.0166016 0.0371094
0 0.180021 0.691406 0.35791 0.0410156 0.0341797
0 0.182278 0.528809 0.0791016 0.0517578 0.0429688
0 0.187855 0.645508 0.112793 0.0253906 0.0283203
0 0.188903 0.276855 0.119629 0.0224609 0.0361328
0 0.189314 0.192383 0.0766602 0.0273438 0.0556641
0 0.19536 0.245605 0.40625 0.0341797 0.0585938
0 0.196172 0.838867 0.335449 0.0546875 0.0537109
0 0.196305 0.469238 0.434082 0.0322266 0.0322266
0 0.20014 0.472656 0.48291 0.015625 0.0205078
0 0.203308 0.633789 0.446289 0.0117188 0.0175781
0 0.206245 0.385254 0.0844727 0.0400391 0.0634766
0 0.206876 0.631348 0.486328 0.0107422 0.0214844
0 0.207078 0.156738 0.353516 0.0537109 0.0703125
0 0.210252 0.855469 0.497559 0.0175781 0.0185547
0 0.213066 0.381836 0.0297852 0.109375 0.0595703
0 0.215491 0.648926 0.558105 0.0126953 0.0244141
0 0.220793 0.48584 0.0351562 0.0634766 0.0683594
0 0.221383 0.285156 0.189453 0.00976562 0.0253906
0 0.227395 0.751953 0.485352 0.0175781 0.0292969
0 0.22803 0.218262 0.0996094 0.0458984 0.0507812
0 0.231356 0.541504 0.336426 0.0126953 0.0302734
0 0.242093 0.580078 0.0883789 0.0488281 0.0537109
0 0.249723 0.793457 0.453125 0.0654297 0.0566406
0 0.251356 0.601074 0.353027 0.0419922 0.0361328
0 0.255635 0.431641 0.467285 0.0488281 0.0224609
0 0.276688 0.661621 0.335938 0.0302734 0.0527344
0 0.280204 0.353516 0.0273438 0.0566406 0.0488281
0 0.287935 0.171387 0.786133 0.0478516 0.0488281
0 0.288536 0.419922 0.435547 0.015625 0.0175781
0 0.29001 0.410645 0.0390625 0.0556641 0.0664062
0 0.311075 0.731445 0.379395 0.03125 0.0537109
0 0.341626 0.37207 0.54248 0.0175781 0.0224609
0 0.350368 0.597168 0.57373 0.0205078 0.0244141
0 0.362395 0.738281 0.428223 0.0390625 0.0537109
0 0.369621 0.291992 0.0678711 0.0488281 0.0634766
0 0.371402 0.693359 0.426758 0.046875 0.0585938
0 0.381559 0.21875 0.410156 0.0527344 0.0664062
0 0.389653 0.505371 0.44043 0.0224609 0.0253906
0 0.396707 0.458008 0.059082 0.0566406 0.0400391
0 0.464776 0.79248 0.333008 0.0517578 0.046875
0 0.539808 0.817871 0.507324 0.0322266 0.0380859
