0 0.102222 0.666992 0.992676 0.0195312 0.0146484
0 0.103782 0.431152 0.680176 0.0283203 0.0380859
0 0.104136 0.753418 0.660156 0.0205078 0.0332031
0 0.104137 0.370605 0.580566 0.0166016 0.0224609
0 0.104203 0.604492 0.970215 0.0175781 0.0283203
0 0.109137 0.730957 0.659668 0.0263672 0.0341797
0 0.112449 0.116211 0.443359 0.0371094 0.0351562
0 0.113699 0.312988 0.591797 0.0263672 0.0253906
0 0.113877 0.205566 0.517578 0.0166016 0.0292969
0 0.117051 0.5 0.578613 0.0117188 0.0185547
0 0.128192 0.269531 0.47168 0.0234375 0.0292969
0 0.128224 0.456055 0.95459 0.0136719 0.0322266
0 0.128823 0.733398 0.379883 0.03125 0.0390625
0 0.129232 0.697754 0.575195 0.0244141 0.0253906
0 0.129607 0.387695 0.539062 0.015625 0.0195312
0 0.132673 0.162598 0.441406 0.0634766 0.0527344
0 0.134832 0.343262 0.562012 0.0166016 0.0205078
0 0.13682 0.526367 0.892578 0.0195312 0.0214844
0 0.139429 0.131836 0.408691 0.0175781 0.0224609
0 0.14291 0.42041 0.557129 0.0146484 0.0224609
0 0.143452 0.398926 0.521973 0.0185547 0.0322266
0 0.14356 0.305176 0.456543 0.0146484 0.0244141
0 0.144581 0.398926 0.234375 0.0341797 0.0390625
0 0.146179 0.37207 0.366211 0.0292969 0.0351562
0 0.155227 0.381836 0.475098 0.0253906 0.0205078
0 0.158059 0.443359 0.587891 0.0234375 0.0234375
0 0.160393 0.356445 0.528809 0.015625 0.0185547
0 0.162193 0.311523 0.495117 0.0195312 0.0253906
0 0.163146 0.335938 0.224609 0.0449219 0.0546875
0 0.16579 0.229004 0.299316 0.0244141 0.0283203
0 0.166972 0.456055 0.501953 0.0253906 0.0292969
0 0.168097 0.352539 0.554199 0.015625 0.0244141
0 0.17133 0.313477 0.780762 0.0214844 0.0341797
0 0.175067 0.431152 0.501465 0.0185547 0.0322266
0 0.177093 0.0463867 0.452637 0.0498047 0.0537109
0 0.177511 0.307129 0.429688 0.0244141 0.03125
0 0.181868 0.10498 0.442383 0.0224609 0.0410156
0 0.183151 0.273438 0.442871 0.0234375 0.0302734
0 0.183362 0.756348 0.381836 0.0634766 0.0488281
0 0.189688 0.527344 0.681152 0.0371094 0.0263672
0 0.193696 0.32666 0.830078 0.0244141 0.0292969
0 0.206649 0.0732422 0.391113 0.0332031 0.0361328
0 0.210344 0.230469 0.55957 0.0292969 0.0292969
0 0.221605 0.378418 0.419922 0.0224609 0.0332031
0 0.221638 0.404785 0.408691 0.0146484 0.0302734
0 0.222955 0.14209 0.369629 0.0185547 0.0302734
0 0.234197 0.301758 0.48584 0.0195312 0.0205078
0 0.237515 0.352539 0.640137 0.0195312 0.0205078
0 0.245341 0.397461 0.578613 0.015625 0.0205078
0 0.24697 0.396484 0.622559 0.0136719 0.0166016
0 0.254132 0.379883 0.504883 0.0253906 0.0253906
0 0.260273 0.133789 0.439453 0.0195312 0.03125
0 0.276059 0.334473 0.516602 0.0166016 0.0195312
0 0.283019 0.421387 0.441406 0.0205078 0.0234375
0 0.337491 0.362305 0.584473 0.0195312 0.0185547
0 0.345041 0.253906 0.530762 0.0234375 0.0419922
0 0.348187 0.828125 0.946289 0.03125 0.0449219
0 0.377308 0.619141 0.653809 0.0234375 0.0205078
0 0.4214 0.784668 0.788574 0.0458984 0.0517578
0 0.426187 0.271973 0.458496 0.0244141 0.0498047
