0 0.10006 0.442383 0.834473 0.0273438 0.0283203
0 0.10054 0.407227 0.231445 0.0136719 0.0234375
0 0.100743 0.48291 0.157715 0.0146484 0.0244141
0 0.104785 0.0283203 0.386719 0.0449219 0.0332031
0 0.105508 0.304199 0.195312 0.0126953 0.0234375
0 0.110524 0.437988 0.0249023 0.0126953 0.0224609
0 0.11115 0.539062 0.299316 0.0351562 0.0498047
0 0.112075 0.309082 0.445801 0.0126953 0.0185547
0 0.113697 0.203125 0.22998 0.0214844 0.0263672
0 0.114546 0.378418 0.939941 0.0126953 0.0341797
0 0.114684 0.478516 0.299316 0.0136719 0.0283203
0 0.125729 0.135254 0.0170898 0.0283203 0.0322266
0 0.126207 0.420898 0.097168 0.0195312 0.0322266
0 0.130401 0.217285 0.279297 0.0341797 0.0527344
0 0.131805 0.160156 0.604004 0.0703125 0.0517578
0 0.132088 0.397461 0.266113 0.0078125 0.0166016
0 0.138423 0.509766 0.302246 0.0234375 0.0224609
0 0.143991 0.859863 0.248047 0.0185547 0.03125
0 0.160931 0.419434 0.372559 0.0283203 0.0439453
0 0.164698 0.158203 0.246582 0.0351562 0.0361328
0 0.179192 0.165527 0.260254 0.0400391 0.0595703
0 0.1821 0.39209 0.302246 0.0126953 0.0166016
0 0.182961 0.103516 0.360352 0.0253906 0.0351562
0 0.185865 0.20752 0.0917969 0.0322266 0.0429688
0 0.198795 0.174316 0.27832 0.0244141 0.0625
0 0.199063 0.35498 0.169434 0.0146484 0.0263672
0 0.211955 0.339844 0.373535 0.0429688 0.0498047
0 0.223878 0.458496 0.337891 0.0146484 0.0195312
0 0.228738 0.192871 0.178223 0.0263672 0.0361328
0 0.228866 0.291016 0.0869141 0.0195312 0.0292969
0 0.253763 0.282715 0.0234375 0.0322266 0.0429688
0 0.270379 0.462402 0.255859 0.0185547 0.0234375
