0 0.101217 0.460938 0.169434 0.0136719 0.0380859
0 0.104654 0.580078 0.290527 0.00976562 0.0166016
0 0.105212 0.170898 0.0336914 0.0390625 0.0517578
0 0.107241 0.669922 0.258301 0.0175781 0.0341797
0 0.107907 0.31543 0.0322266 0.00976562 0.0195312
0 0.112537 0.551758 0.303711 0.03125 0.03125
0 0.113015 0.692383 0.535645 0.0253906 0.0263672
0 0.116768 0.313477 0.181641 0.0351562 0.0488281
0 0.119779 0.289551 0.00830078 0.0205078 0.0146484
0 0.122825 0.84082 0.242188 0.03125 0.0488281
0 0.127541 0.641113 0.15625 0.0263672 0.0253906
0 0.12819 0.163086 0.121094 0.0371094 0.03125
0 0.130423 0.540039 0.237793 0.0117188 0.0185547
0 0.130839 0.447266 0.270996 0.0175781 0.0185547
0 0.137845 0.567871 0.38916 0.0244141 0.0322266
0 0.138972 0.561035 0.0175781 0.0537109 0.0332031
0 0.139689 0.883789 0.169434 0.0292969 0.0244141
0 0.140595 0.628906 0.103516 0.0625 0.0546875
0 0.141488 0.784668 0.15918 0.0439453 0.0546875
0 0.141969 0.635742 0.160645 0.015625 0.0166016
0 0.146746 0.763672 0.991699 0.0214844 0.0146484
0 0.155038 0.379395 0.0561523 0.0166016 0.0283203
0 0.158153 0.23291 0.0810547 0.0283203 0.0273438
0 0.164863 0.435059 0.134277 0.0341797 0.0439453
0 0.167241 0.66748 0.157715 0.0263672 0.0380859
0 0.167596 0.128418 0.178711 0.0224609 0.0273438
0 0.16944 0.276855 0.0898438 0.0283203 0.0371094
0 0.172001 0.552246 0.0932617 0.0498047 0.0673828
0 0.180027 0.202148 0.192871 0.0351562 0.0224609
0 0.180504 0.78418 0.458496 0.0175781 0.0244141
0 0.18621 0.537109 0.0239258 0.0351562 0.0419922
0 0.18708 0.174805 0.116211 0.0332031 0.0351562
0 0.199596 0.643066 0.0146484 0.0341797 0.0292969
0 0.206514 0.334961 0.0126953 0.0390625 0.0253906
0 0.212871 0.699219 0.315918 0.0371094 0.0419922
0 0.213269 0.395996 0.0449219 0.0263672 0.0410156
0 0.213381 0.267578 0.090332 0.0253906 0.0322266
0 0.216564 0.885254 0.0722656 0.0400391 0.0527344
0 0.221577 0.976074 0.352051 0.0419922 0.0478516
0 0.22403 0.651367 0.145996 0.0234375 0.0322266
0 0.225747 0.85498 0.141113 0.0380859 0.0537109
0 0.234614 0.114746 0.208496 0.0361328 0.0400391
0 0.238963 0.537109 0.294922 0.0546875 0.0527344
0 0.24664 0.463867 0.0317383 0.0449219 0.0537109
0 0.253331 0.744141 0.254883 0.0390625 0.0605469
0 0.279382 0.419922 0.0712891 0.015625 0.03125
0 0.284593 0.318848 0.0571289 0.0185547 0.0263672
0 0.29111 0.782227 0.336426 0.0644531 0.0771484
0 0.296658 0.145996 0.124512 0.0224609 0.0283203
0 0.332547 0.299805 0.208008 0.0253906 0.0234375
0 0.359932 0.348145 0.0566406 0.0205078 0.0390625
0 0.435635 0.80127 0.0375977 0.0615234 0.0634766
0 0.461585 0.348145 0.166992 0.0439453 0.0390625
0 0.47727 0.208008 0.135254 0.0332031 0.0537109
