0 0.100582 0.46582 0.147461 0.03125 0.0332031
0 0.101029 0.40918 0.0800781 0.0078125 0.015625
0 0.108192 0.065918 0.174316 0.0322266 0.0380859
0 0.108333 0.535156 0.345215 0.0234375 0.0302734
0 0.108587 0.548828 0.628906 0.0507812 0.0527344
0 0.109027 0.532227 0.237793 0.0273438 0.0400391
0 0.110498 0.487793 0.394531 0.0263672 0.0332031
0 0.11173 0.446777 0.189453 0.0361328 0.0644531
0 0.113824 0.587891 0.20166 0.0488281 0.0732422
0 0.1251 0.145508 0.0898438 0.0292969 0.0527344
0 0.132771 0.333984 0.13623 0.0136719 0.0205078
0 0.142115 0.534668 0.186523 0.0244141 0.0488281
0 0.151829 0.28418 0.12207 0.0234375 0.0449219
0 0.15364 0.0415039 0.507324 0.0419922 0.0439453
0 0.155481 0.466309 0.181641 0.0673828 0.0683594
0 0.16226 0.519043 0.365723 0.0283203 0.0322266
0 0.162423 0.472168 0.248047 0.0205078 0.0195312
0 0.165916 0.257812 0.0419922 0.0292969 0.0371094
0 0.16678 0.56543 0.382324 0.0605469 0.0419922
0 0.169625 0.382812 0.0473633 0.015625 0.0205078
0 0.172059 0.341309 0.678223 0.0146484 0.0283203
0 0.177071 0.450195 0.059082 0.0273438 0.0302734
0 0.196369 0.602051 0.187012 0.0283203 0.0576172
0 0.200575 0.619141 0.411621 0.0429688 0.0322266
0 0.211731 0.242188 0.112793 0.0390625 0.0498047
0 0.22622 0.285156 0.116699 0.015625 0.0302734
0 0.227395 0.370117 0.0683594 0.0214844 0.0234375
0 0.242461 0.59082 0.379883 0.0351562 0.0410156
0 0.26861 0.442383 0.0136719 0.0390625 0.0273438
0 0.271205 0.487793 0.181641 0.0400391 0.0566406
0 0.319088 0.440918 0.257324 0.0205078 0.0419922
0 0.330726 0.464844 0.101074 0.0234375 0.0302734
0 0.337315 0.361816 0.642578 0.0322266 0.0410156
0 0.373211 0.356934 0.106934 0.0185547 0.0341797
0 0.536095 0.329102 0.0249023 0.0371094 0.0458984
0 0.683556 0.479492 0.321289 0.0449219 0.0703125
