0 0.10004 0.78125 0.294922 0.0136719 0.0214844
0 0.102943 0.800293 0.469238 0.0205078 0.0283203
0 0.108069 0.689941 0.550781 0.0126953 0.0195312
0 0.108506 0.730957 0.478516 0.0107422 0.0351562
0 0.109856 0.785156 0.469238 0.0234375 0.0322266
0 0.110526 0.686035 0.615723 0.0126953 0.0322266
0 0.116771 0.975586 0.536621 0.046875 0.0498047
0 0.121631 0.610352 0.546387 0.0273438 0.0302734
0 0.122515 0.120117 0.63916 0.0390625 0.0634766
0 0.126587 0.912109 0.455078 0.03125 0.0546875
0 0.132236 0.601562 0.175293 0.0136719 0.0205078
0 0.147818 0.854492 0.502441 0.0332031 0.0400391
0 0.148937 0.873535 0.409668 0.0693359 0.0439453
0 0.158376 0.711426 0.561523 0.0146484 0.0253906
0 0.158394 0.284668 0.0283203 0.0322266 0.03125
0 0.15878 0.781738 0.238281 0.0185547 0.0292969
0 0.161242 0.869141 0.558594 0.0136719 0.0253906
0 0.164033 0.860352 0.482422 0.0410156 0.0488281
0 0.171607 0.734863 0.526855 0.0107422 0.0166016
0 0.17733 0.446777 0.812988 0.0166016 0.0458984
0 0.187302 0.793457 0.472656 0.0322266 0.0390625
0 0.188151 0.945312 0.458984 0.0292969 0.0371094
0 0.191802 0.790527 0.579102 0.0166016 0.03125
0 0.193634 0.376953 0.491211 0.0136719 0.0195312
0 0.202508 0.516602 0.0664062 0.0117188 0.0234375
0 0.228605 0.367188 0.346191 0.0117188 0.0205078
0 0.228707 0.54541 0.814453 0.0283203 0.0351562
0 0.260348 0.508301 0.399414 0.0126953 0.0175781
0 0.265334 0.325684 0.26709 0.0146484 0.0283203
0 0.275484 0.603027 0.644531 0.0400391 0.0605469
0 0.283883 0.668945 0.336426 0.0214844 0.0263672
0 0.319482 0.679199 0.526855 0.0205078 0.0439453
0 0.322112 0.867676 0.458008 0.0380859 0.0410156
0 0.342536 0.741699 0.464355 0.0224609 0.0263672
0 0.348155 0.779297 0.222656 0.0214844 0.0546875
0 0.37627 0.715332 0.296875 0.0146484 0.0371094
0 0.390469 0.755859 0.317871 0.0292969 0.0478516
0 0.430202 0.629395 0.268555 0.0185547 0.0273438
0 0.438409 0.960938 0.012207 0.0488281 0.0224609
0 0.458275 0.654785 0.0727539 0.0244141 0.0380859
0 0.468005 0.88623 0.397949 0.0517578 0.0458984
0 0.472711 0.657715 0.289551 0.0341797 0.0302734
0 0.493798 0.837891 0.418457 0.0214844 0.0263672
0 0.525487 0.744629 0.228516 0.0263672 0.0273438
