0 0.100101 0.634277 0.27002 0.0263672 0.0361328
0 0.1002 0.821289 0.893555 0.0136719 0.0175781
0 0.102774 0.688477 0.027832 0.0546875 0.0478516
0 0.10382 0.573242 0.353516 0.0195312 0.03125
0 0.104011 0.159668 0.23877 0.0107422 0.0263672
0 0.104225 0.672363 0.388672 0.0341797 0.0566406
0 0.104245 0.567871 0.0737305 0.0439453 0.0654297
0 0.106315 0.563477 0.237793 0.0507812 0.0537109
0 0.106583 0.635742 0.325195 0.0351562 0.046875
0 0.107102 0.437012 0.149902 0.0361328 0.0419922
0 0.107262 0.749512 0.117676 0.0419922 0.0537109
0 0.108213 0.212891 0.34082 0.0410156 0.0390625
0 0.108284 0.565918 0.0273438 0.0322266 0.046875
0 0.112348 0.35498 0.167969 0.0283203 0.0527344
0 0.11257 0.568359 0.131348 0.0214844 0.0205078
0 0.112896 0.5625 0.509277 0.03125 0.0439453
0 0.113036 0.516602 0.235352 0.0332031 0.03125
0 0.113497 0.769531 0.0913086 0.0273438 0.0673828
0 0.113641 0.259766 0.0859375 0.0371094 0.0605469
0 0.115394 0.388184 0.164062 0.0458984 0.0507812
0 0.116675 0.831055 0.424316 0.015625 0.0244141
0 0.118955 0.728027 0.0595703 0.0224609 0.0351562
0 0.121409 0.867188 0.349609 0.0195312 0.03125
0 0.122979 0.211426 0.220703 0.0185547 0.0390625
0 0.125369 0.425781 0.0546875 0.113281 0.09375
0 0.125552 0.384766 0.0600586 0.03125 0.0478516
0 0.125693 0.40918 0.364746 0.0507812 0.0673828
0 0.127786 0.339355 0.938477 0.0341797 0.0527344
0 0.128713 0.239258 0.94873 0.0429688 0.0673828
0 0.128741 0.564453 0.899414 0.00976562 0.0195312
0 0.13014 0.0766602 0.0795898 0.0458984 0.0849609
0 0.130944 0.51709 0.337402 0.0478516 0.0478516
0 0.131314 0.842285 0.0219727 0.0791016 0.0380859
0 0.134479 0.467285 0.355957 0.0263672 0.0302734
0 0.135079 0.369629 0.0620117 0.0517578 0.0751953
0 0.136042 0.189941 0.303711 0.0302734 0.0332031
0 0.138379 0.307129 0.774902 0.0205078 0.0263672
0 0.13854 0.401855 0.881348 0.0185547 0.0244141
0 0.138587 0.40332 0.168945 0.0214844 0.0351562
0 0.13921 0.657715 0.443359 0.0146484 0.0195312
0 0.141652 0.355957 0.0219727 0.0400391 0.0361328
0 0.143489 0.285156 0.065918 0.0273438 0.0537109
0 0.143614 0.615234 0.0219727 0.0390625 0.0380859
0 0.146596 0.627441 0.33252 0.0244141 0.0322266
0 0.147179 0.679688 0.868164 0.0566406 0.0429688
0 0.148159 0.558105 0.0878906 0.0302734 0.03125
0 0.148417 0.588867 0.364746 0.0527344 0.0380859
0 0.151003 0.275879 0.315918 0.0224609 0.0322266
0 0.153141 0.658203 0.367676 0.0273438 0.0263672
0 0.153154 0.260254 0.286133 0.0458984 0.0449219
0 0.154379 0.72168 0.311523 0.03125 0.0566406
0 0.155846 0.571777 0.0078125 0.0400391 0.015625
0 0.157144 0.765137 0.30957 0.0302734 0.0605469
0 0.15752 0.430664 0.158203 0.03125 0.0351562
0 0.157909 0.70459 0.648438 0.0576172 0.0585938
0 0.16057 0.239258 0.118164 0.0332031 0.0507812
0 0.161579 0.649414 0.0268555 0.0429688 0.0498047
0 0.162288 0.578613 0.0244141 0.0283203 0.0332031
0 0.165118 0.336914 0.255371 0.0234375 0.0595703
0 0.165568 0.203613 0.228027 0.0341797 0.0361328
0 0.167036 0.611816 0.0742188 0.0302734 0.0390625
0 0.169033 0.53418 0.333496 0.0527344 0.0478516
0 0.169557 0.762695 0.0522461 0.0488281 0.0576172
0 0.17251 0.313965 0.874512 0.0361328 0.0478516
0 0.173148 0.03125 0.152344 0.0371094 0.0429688
0 0.174246 0.630859 0.0981445 0.0390625 0.0556641
0 0.174843 0.679688 0.397461 0.0234375 0.0253906
0 0.176676 0.459961 0.0585938 0.0449219 0.0761719
0 0.177506 0.584473 0.158691 0.0419922 0.0498047
0 0.178946 0.537598 0.117676 0.0244141 0.0322266
0 0.180119 0.53125 0.0170898 0.0292969 0.0341797
0 0.180231 0.116699 0.141602 0.0224609 0.0351562
0 0.180593 0.274414 0.870605 0.03125 0.0380859
0 0.182087 0.727539 0.300293 0.0273438 0.0380859
0 0.184616 0.210938 0.195801 0.0136719 0.0341797
0 0.190143 0.234375 0.0449219 0.0234375 0.0214844
0 0.191011 0.456543 0.0927734 0.0439453 0.0527344
0 0.195297 0.136719 0.78125 0.0234375 0.0527344
0 0.195445 0.666504 0.0209961 0.0205078 0.0419922
0 0.195681 0.35791 0.167969 0.0517578 0.0664062
0 0.19698 0.208984 0.297852 0.0214844 0.03125
0 0.199887 0.203125 0.0131836 0.03125 0.0263672
0 0.203874 0.495605 0.378418 0.0244141 0.0322266
0 0.208907 0.338379 0.178711 0.0712891 0.046875
0 0.210614 0.360352 0.0869141 0.046875 0.046875
0 0.212168 0.676758 0.408691 0.0273438 0.0458984
0 0.213879 0.224121 0.209961 0.0341797 0.0527344
0 0.219579 0.533691 0.169434 0.0439453 0.0634766
0 0.228905 0.821289 0.84082 0.0566406 0.046875
0 0.228999 0.594727 0.264648 0.0332031 0.046875
0 0.231715 0.580566 0.00976562 0.0205078 0.015625
0 0.234932 0.717773 0.379883 0.0292969 0.0351562
0 0.236404 0.0517578 0.788574 0.0234375 0.0537109
0 0.237565 0.191406 0.182129 0.0136719 0.0263672
0 0.240305 0.788086 0.581055 0.0234375 0.0351562
0 0.240421 0.126953 0.216797 0.0332031 0.03125
0 0.245717 0.411133 0.278809 0.0625 0.0615234
0 0.249791 0.394043 0.0541992 0.0517578 0.0732422
0 0.251097 0.714355 0.330566 0.0224609 0.0224609
0 0.255941 0.585938 0.0126953 0.0214844 0.0253906
0 0.263494 0.502441 0.239746 0.0400391 0.0458984
0 0.265596 0.363281 0.0292969 0.0566406 0.0566406
0 0.272637 0.810059 0.0595703 0.0205078 0.0410156
0 0.274623 0.165039 0.225586 0.0234375 0.046875
0 0.277878 0.564941 0.034668 0.0185547 0.0361328
0 0.281639 0.223145 0.682617 0.0302734 0.0566406
0 0.281645 0.410156 0.965332 0.0351562 0.0361328
0 0.283575 0.700684 0.0375977 0.0634766 0.0751953
0 0.285556 0.582031 0.0839844 0.0410156 0.0566406
0 0.292222 0.106934 0.0380859 0.0341797 0.0449219
0 0.299082 0.148438 0.0336914 0.0507812 0.0673828
0 0.29991 0.667969 0.32959 0.0214844 0.0322266
0 0.302053 0.481934 0.320801 0.0185547 0.0458984
0 0.306035 0.515625 0.275879 0.0234375 0.0302734
0 0.313977 0.164551 0.130859 0.0458984 0.0566406
0 0.322941 0.583496 0.430176 0.0224609 0.0283203
0 0.324974 0.606934 0.37207 0.0341797 0.0351562
0 0.330463 0.487305 0.143066 0.0332031 0.0380859
0 0.333945 0.189453 0.233887 0.0195312 0.0322266
0 0.334548 0.455566 0.30127 0.0283203 0.0322266
0 0.33509 0.59375 0.86084 0.0605469 0.0419922
0 0.3485 0.493164 0.0610352 0.0332031 0.0556641
0 0.351442 0.245605 0.0200195 0.0478516 0.0400391
0 0.364953 0.233398 0.202148 0.0214844 0.0449219
0 0.367299 0.59375 0.0180664 0.0175781 0.0263672
0 0.368313 0.450195 0.184082 0.0546875 0.0498047
0 0.368683 0.618652 0.0844727 0.0498047 0.0634766
0 0.383767 0.565918 0.352051 0.0302734 0.0380859
0 0.395076 0.308594 0.0507812 0.0351562 0.0605469
0 0.401626 0.742676 0.116699 0.0224609 0.0439453
0 0.407879 0.194336 0.0551758 0.0214844 0.0283203
0 0.425673 0.631836 0.168945 0.0410156 0.0644531
0 0.442693 0.292969 0.248047 0.0273438 0.0390625
0 0.446975 0.310059 0.577148 0.0302734 0.0449219
0 0.460867 0.647949 0.308594 0.0283203 0.0351562
0 0.494715 0.694824 0.291504 0.0302734 0.0380859
0 0.496736 0.683105 0.141113 0.0283203 0.0537109
0 0.545345 0.633301 0.0268555 0.0302734 0.0478516
0 0.619958 0.568359 0.743164 0.0234375 0.0507812
