0 0.100888 0.611328 0.245605 0.0410156 0.0322266
0 0.101117 0.634277 0.0249023 0.0556641 0.0400391
0 0.102265 0.293457 0.0844727 0.0439453 0.0400391
0 0.102858 0.464355 0.50293 0.0205078 0.03125
0 0.10335 0.503906 0.03125 0.0410156 0.0566406
0 0.106017 0.336426 0.156738 0.0205078 0.0322266
0 0.107263 0.463379 0.0556641 0.0361328 0.0429688
0 0.107579 0.248047 0.669434 0.0117188 0.0185547
0 0.107967 0.0507812 0.753906 0.03125 0.0410156
0 0.108487 0.776855 0.328125 0.0283203 0.0332031
0 0.108504 0.10498 0.0888672 0.0439453 0.103516
0 0.109685 0.947754 0.216309 0.0849609 0.106445
0 0.109846 0.772949 0.950195 0.0498047 0.0644531
0 0.114248 0.234375 0.0209961 0.0507812 0.0380859
0 0.11767 0.277832 0.478027 0.0126953 0.0380859
0 0.118115 0.652832 0.188477 0.0556641 0.0605469
0 0.127391 0.519043 0.078125 0.0341797 0.0332031
0 0.130884 0.308594 0.0341797 0.0292969 0.0527344
0 0.131305 0.0830078 0.192383 0.0488281 0.0527344
0 0.136221 0.693848 0.0410156 0.0498047 0.0703125
0 0.138947 0.555176 0.0634766 0.0263672 0.0390625
0 0.139364 0.674805 0.502441 0.0253906 0.0322266
0 0.139826 0.554199 0.193848 0.0361328 0.0380859
0 0.140625 0.421875 0.550293 0.0175781 0.0224609
0 0.141473 0.395996 0.198242 0.0654297 0.0390625
0 0.141804 0.027832 0.23291 0.0458984 0.0419922
0 0.142314 0.499023 0.92041 0.0566406 0.0537109
0 0.142522 0.657227 0.0688477 0.0234375 0.0439453
0 0.146597 0.695312 0.129395 0.0585938 0.0751953
0 0.146814 0.822754 0.501953 0.0205078 0.0703125
0 0.146974 0.602051 0.932617 0.0498047 0.0859375
0 0.147532 0.416016 0.100586 0.03125 0.0390625
0 0.150915 0.219238 0.167969 0.0341797 0.0351562
0 0.152028 0.508789 0.144043 0.0429688 0.0537109
0 0.155886 0.581055 0.126953 0.0664062 0.09375
0 0.155951 0.722656 0.544434 0.0410156 0.0322266
0 0.159084 0.322266 0.203613 0.00976562 0.0263672
0 0.159426 0.532715 0.0756836 0.0439453 0.0380859
0 0.161281 0.869629 0.296387 0.0576172 0.0791016
0 0.163548 0.470703 0.0561523 0.015625 0.0302734
0 0.166906 0.602051 0.059082 0.0498047 0.0654297
0 0.16753 0.388672 0.100586 0.0117188 0.0332031
0 0.17085 0.308105 0.151367 0.0107422 0.0195312
0 0.173432 0.180664 0.0791016 0.0292969 0.0527344
0 0.176627 0.108887 0.209473 0.0224609 0.0283203
0 0.180065 0.443359 0.046875 0.03125 0.0449219
0 0.192963 0.231934 0.166504 0.0283203 0.0341797
0 0.193945 0.381836 0.183594 0.0527344 0.0585938
0 0.204282 0.353027 0.0214844 0.0224609 0.0410156
0 0.204934 0.304199 0.0292969 0.0166016 0.0390625
0 0.209004 0.373535 0.170898 0.0322266 0.0429688
0 0.217193 0.359375 0.0322266 0.0332031 0.0546875
0 0.233994 0.209961 0.166504 0.0175781 0.0361328
0 0.241459 0.291504 0.1875 0.0322266 0.0566406
0 0.251394 0.769531 0.184082 0.101562 0.100586
0 0.255803 0.272949 0.122559 0.0185547 0.0322266
0 0.259398 0.588379 0.670898 0.0205078 0.0253906
0 0.267561 0.667969 0.0395508 0.0546875 0.0673828
0 0.273353 0.169434 0.144531 0.0615234 0.0722656
0 0.282843 0.0224609 0.727539 0.0429688 0.0605469
0 0.298122 0.0571289 0.741211 0.0380859 0.0644531
0 0.333222 0.787598 0.327637 0.0537109 0.0400391
0 0.344712 0.583496 0.148926 0.0498047 0.0537109
0 0.363567 0.622559 0.0317383 0.0302734 0.0380859
0 0.433527 0.588379 0.0795898 0.0478516 0.0537109
