0 0.100523 0.280762 0.793945 0.0107422 0.0214844
0 0.100787 0.644531 0.162598 0.015625 0.0263672
0 0.100825 0.668945 0.734375 0.0136719 0.0273438
0 0.10089 0.621094 0.491211 0.0273438 0.0332031
0 0.10112 0.443848 0.932129 0.0263672 0.0283203
0 0.101371 0.282227 0.523438 0.0292969 0.0429688
0 0.101775 0.245605 0.453613 0.0341797 0.0439453
0 0.103855 0.355469 0.0561523 0.0214844 0.0283203
0 0.104225 0.336914 0.270508 0.0585938 0.0371094
0 0.104972 0.549805 0.769531 0.00976562 0.0175781
0 0.105338 0.182617 0.384766 0.0664062 0.0527344
0 0.105345 0.542969 0.427246 0.0214844 0.0283203
0 0.106033 0.230957 0.343262 0.0263672 0.0400391
0 0.106981 0.396973 0.605957 0.0205078 0.0400391
0 0.108285 0.216797 0.34082 0.0371094 0.046875
0 0.109014 0.309082 0.164551 0.0517578 0.0400391
0 0.110331 0.384766 0.683594 0.0234375 0.0292969
0 0.111228 0.265625 0.504883 0.0214844 0.03125
0 0.111249 0.742188 0.157227 0.0390625 0.046875
0 0.111493 0.207031 0.342773 0.0195312 0.03125
0 0.112398 0.666016 0.617188 0.0214844 0.0292969
0 0.113027 0.682617 0.651367 0.03125 0.0273438
0 0.113185 0.244629 0.693359 0.0302734 0.0273438
0 0.113502 0.712891 0.481445 0.0332031 0.0566406
0 0.113735 0.69873 0.458984 0.0556641 0.0546875
0 0.114187 0.411621 0.704102 0.0205078 0.0253906
0 0.11622 0.580566 0.675293 0.0244141 0.0185547
0 0.116669 0.604004 0.0512695 0.0380859 0.0634766
0 0.116943 0.557129 0.366211 0.0185547 0.0371094
0 0.117893 0.214844 0.314941 0.0175781 0.0478516
0 0.118373 0.0693359 0.786621 0.0820312 0.0732422
0 0.118812 0.595703 0.362305 0.0683594 0.0488281
0 0.11983 0.109863 0.186523 0.0673828 0.0527344
0 0.120099 0.23584 0.89209 0.0185547 0.0283203
0 0.120266 0.611816 0.0249023 0.0458984 0.0478516
0 0.120447 0.182129 0.682129 0.0263672 0.0341797
0 0.123072 0.744141 0.0283203 0.0683594 0.0488281
0 0.12321 0.603516 0.31543 0.0507812 0.0371094
0 0.123297 0.201172 0.720215 0.0292969 0.0302734
0 0.123521 0.0571289 0.781738 0.0419922 0.0478516
0 0.124528 0.23291 0.121582 0.0185547 0.0302734
0 0.124963 0.566895 0.359863 0.0322266 0.0341797
0 0.127411 0.427246 0.541504 0.0244141 0.0419922
0 0.128088 0.474609 0.751465 0.0195312 0.0263672
0 0.128738 0.424805 0.09375 0.0253906 0.0449219
0 0.129212 0.186035 0.172852 0.0283203 0.0390625
0 0.129585 0.612793 0.783691 0.0400391 0.0361328
0 0.131572 0.121094 0.199707 0.0351562 0.0322266
0 0.131694 0.439453 0.628418 0.0253906 0.0400391
0 0.131704 0.493164 0.84375 0.0234375 0.0234375
0 0.13186 0.475586 0.146973 0.0703125 0.116211
0 0.132035 0.253418 0.314453 0.0263672 0.046875
0 0.132262 0.429688 0.108887 0.03125 0.0732422
0 0.134107 0.870605 0.664551 0.0517578 0.0419922
0 0.134842 0.843262 0.682129 0.0224609 0.0302734
0 0.13487 0.663086 0.609375 0.0175781 0.0195312
0 0.135095 0.154297 0.132324 0.0332031 0.0732422
0 0.135621 0.719238 0.501465 0.0166016 0.0322266
0 0.135932 0.422363 0.14502 0.0498047 0.0771484
0 0.137859 0.37207 0.306641 0.046875 0.046875
0 0.138994 0.149902 0.0634766 0.0322266 0.0410156
0 0.143545 0.185547 0.304688 0.0234375 0.0351562
0 0.143899 0.226562 0.766113 0.0117188 0.0263672
0 0.144422 0.394043 0.596191 0.0166016 0.0244141
0 0.144608 0.369141 0.493164 0.00976562 0.0175781
0 0.145808 0.147949 0.310059 0.0380859 0.0439453
0 0.146777 0.362793 0.983398 0.0224609 0.03125
0 0.149085 0.578125 0.357422 0.03125 0.0253906
0 0.151105 0.537598 0.420898 0.0322266 0.0449219
0 0.153454 0.692383 0.646484 0.03125 0.0273438
0 0.153857 0.0366211 0.199219 0.0478516 0.0410156
0 0.155766 0.202637 0.0322266 0.0283203 0.0351562
0 0.157045 0.355957 0.271973 0.0439453 0.0341797
0 0.158083 0.505859 0.90918 0.0292969 0.046875
0 0.158231 0.117188 0.661621 0.03125 0.0380859
0 0.159498 0.571777 0.0234375 0.0458984 0.0449219
0 0.160393 0.391113 0.686035 0.0185547 0.0224609
0 0.161896 0.58252 0.589355 0.0439453 0.0341797
0 0.162024 0.145996 0.930176 0.0380859 0.0751953
0 0.162049 0.368164 0.633789 0.0253906 0.0292969
0 0.16296 0.448242 0.249023 0.0292969 0.0273438
0 0.164457 0.241699 0.387695 0.0283203 0.0273438
0 0.16603 0.151855 0.16748 0.0302734 0.0361328
0 0.166426 0.214355 0.0336914 0.0498047 0.0498047
0 0.168336 0.727539 0.409668 0.0175781 0.0185547
0 0.170665 0.520508 0.043457 0.0273438 0.0361328
0 0.17092 0.290039 0.93457 0.0234375 0.0253906
0 0.171719 0.0478516 0.819336 0.0292969 0.0410156
0 0.171819 0.553223 0.878906 0.0341797 0.0527344
0 0.174776 0.305176 0.164062 0.0185547 0.0273438
0 0.175684 0.333496 0.14502 0.0341797 0.0458984
0 0.178232 0.320801 0.302734 0.0302734 0.0332031
0 0.179577 0.26709 0.416016 0.0126953 0.0195312
0 0.181015 0.296387 0.16748 0.0302734 0.0302734
0 0.183067 0.240723 0.330078 0.0205078 0.0390625
0 0.184513 0.385742 0.45459 0.0273438 0.0205078
0 0.185672 0.375977 0.567383 0.0136719 0.0253906
0 0.188217 0.559082 0.308105 0.0322266 0.0419922
0 0.190305 0.615723 0.138672 0.0302734 0.0546875
0 0.190408 0.191895 0.67041 0.0361328 0.0537109
0 0.198738 0.373047 0.150391 0.0292969 0.0351562
0 0.199339 0.0957031 0.166016 0.0664062 0.0820312
0 0.200795 0.45166 0.290039 0.0361328 0.0371094
0 0.205679 0.508301 0.344727 0.0302734 0.0351562
0 0.205879 0.0957031 0.766602 0.0449219 0.046875
0 0.206783 0.347168 0.748535 0.0166016 0.0322266
0 0.210716 0.536621 0.0708008 0.0224609 0.0673828
0 0.21203 0.171387 0.723145 0.0185547 0.0224609
0 0.212739 0.46582 0.129883 0.0292969 0.0488281
0 0.213423 0.578125 0.674316 0.0136719 0.0126953
0 0.214517 0.159668 0.31543 0.0263672 0.0371094
0 0.218133 0.811035 0.809082 0.0615234 0.0693359
0 0.219363 0.720703 0.671875 0.0214844 0.0195312
0 0.22167 0.451172 0.265625 0.0351562 0.0546875
0 0.222868 0.0698242 0.501465 0.0361328 0.0380859
0 0.223051 0.687988 0.108398 0.0595703 0.0839844
0 0.223476 0.618164 0.438477 0.0195312 0.0214844
0 0.227033 0.27002 0.982422 0.0224609 0.0332031
0 0.230175 0.464844 0.934082 0.0214844 0.0244141
0 0.230212 0.469238 0.138184 0.0439453 0.0810547
0 0.233843 0.14502 0.397461 0.0458984 0.0585938
0 0.235269 0.531738 0.405273 0.0341797 0.0292969
0 0.242503 0.422852 0.529297 0.0253906 0.0488281
0 0.242882 0.711426 0.458008 0.0419922 0.0390625
0 0.250946 0.304199 0.331543 0.0107422 0.0146484
0 0.257141 0.699707 0.721191 0.0126953 0.0166016
0 0.259803 0.398926 0.463867 0.0283203 0.0351562
0 0.264965 0.467285 0.188965 0.0380859 0.0517578
0 0.266035 0.670898 0.823242 0.0410156 0.0605469
0 0.266466 0.219727 0.240723 0.015625 0.0244141
0 0.268473 0.472168 0.408691 0.0322266 0.0439453
0 0.271291 0.246094 0.0771484 0.0214844 0.0332031
0 0.274055 0.23877 0.0302734 0.0595703 0.0507812
0 0.278223 0.214844 0.309082 0.0117188 0.0341797
0 0.282296 0.326172 0.229492 0.0253906 0.0292969
0 0.282462 0.36084 0.159668 0.0498047 0.0498047
0 0.286159 0.340332 0.15918 0.0478516 0.0566406
0 0.286295 0.432129 0.15918 0.0419922 0.0488281
0 0.287803 0.672363 0.63916 0.0302734 0.0341797
0 0.30712 0.0708008 0.291016 0.0380859 0.0566406
0 0.320045 0.272949 0.511719 0.0380859 0.0488281
0 0.320778 0.710449 0.301758 0.0302734 0.0214844
0 0.323884 0.37207 0.202637 0.03125 0.0439453
0 0.325746 0.438965 0.309082 0.0439453 0.0517578
0 0.327088 0.484863 0.114746 0.0576172 0.110352
0 0.33315 0.472168 0.540527 0.0419922 0.0380859
0 0.336782 0.236328 0.665039 0.0371094 0.0410156
0 0.337758 0.433105 0.758789 0.0126953 0.0273438
0 0.344638 0.583008 0.311523 0.0683594 0.0507812
0 0.347528 0.678223 0.0297852 0.0634766 0.0537109
0 0.34826 0.364258 0.290039 0.0566406 0.0664062
0 0.358883 0.0537109 0.803711 0.0449219 0.0644531
0 0.359358 0.470215 0.613281 0.0302734 0.0410156
0 0.365754 0.444824 0.287109 0.0439453 0.0625
0 0.366532 0.715332 0.217773 0.0634766 0.0566406
0 0.371786 0.294434 0.260742 0.0419922 0.0585938
0 0.372961 0.581543 0.647949 0.0185547 0.0185547
0 0.37413 0.262207 0.304199 0.0341797 0.0478516
0 0.377706 0.121582 0.29541 0.0302734 0.0439453
0 0.385693 0.381348 0.191895 0.0283203 0.0361328
0 0.397858 0.245605 0.174316 0.0166016 0.0341797
0 0.39871 0.192383 0.181152 0.0253906 0.0322266
0 0.402527 0.708984 0.849121 0.0976562 0.0947266
0 0.404156 0.48291 0.392578 0.0283203 0.0449219
0 0.419783 0.604492 0.365234 0.0371094 0.0351562
0 0.420605 0.393555 0.524902 0.0195312 0.0244141
0 0.422102 0.178223 0.311523 0.0322266 0.0410156
0 0.426522 0.195312 0.118652 0.0253906 0.0498047
0 0.449111 0.295898 0.207031 0.0253906 0.0351562
0 0.478328 0.465332 0.418945 0.0224609 0.0292969
0 0.4989 0.542969 0.64502 0.0175781 0.0205078
0 0.504136 0.307617 0.270996 0.0390625 0.0439453
0 0.505277 0.362305 0.218262 0.0253906 0.0380859
0 0.505561 0.590332 0.0395508 0.0712891 0.0693359
0 0.522274 0.416016 0.233398 0.0214844 0.0507812
0 0.528294 0.682129 0.682617 0.0244141 0.0292969
0 0.536906 0.281738 0.627441 0.0458984 0.0419922
0 0.544654 0.473145 0.0185547 0.0361328 0.0332031
0 0.546669 0.350098 0.919922 0.0263672 0.0449219
0 0.598116 0.558594 0.576172 0.0214844 0.0488281
0 0.620035 0.28125 0.240723 0.0214844 0.0341797
