0 0.102192 0.789062 0.51123 0.0136719 0.0263672
0 0.102326 0.832031 0.529785 0.0292969 0.0283203
0 0.105025 0.370605 0.496094 0.0263672 0.0371094
0 0.10714 0.356445 0.798828 0.0292969 0.0332031
0 0.107201 0.413574 0.265137 0.0361328 0.0419922
0 0.108381 0.132324 0.0239258 0.0556641 0.0458984
0 0.108504 0.500977 0.225586 0.0273438 0.0214844
0 0.111071 0.337402 0.729004 0.0458984 0.0537109
0 0.111479 0.387207 0.794434 0.0322266 0.0361328
0 0.117973 0.520508 0.53418 0.0117188 0.0136719
0 0.120192 0.459473 0.251465 0.0107422 0.0263672
0 0.122799 0.404297 0.371582 0.015625 0.0166016
0 0.125609 0.0834961 0.67041 0.0419922 0.0673828
0 0.125921 0.266602 0.113281 0.03125 0.0605469
0 0.1308 0.468262 0.272949 0.0224609 0.0263672
0 0.130958 0.366211 0.79541 0.0722656 0.0556641
0 0.131517 0.827637 0.586914 0.0419922 0.046875
0 0.14211 0.181152 0.159668 0.0283203 0.0439453
0 0.142726 0.8125 0.381348 0.0214844 0.0244141
0 0.144146 0.259766 0.097168 0.0195312 0.0361328
0 0.148426 0.785645 0.57959 0.0361328 0.0283203
0 0.14892 0.456055 0.513184 0.0136719 0.0224609
0 0.150518 0.396484 0.0112305 0.0449219 0.0185547
0 0.151946 0.478027 0.534668 0.0205078 0.0244141
0 0.1562 0.483398 0.0234375 0.0195312 0.0234375
0 0.156687 0.0966797 0.310059 0.0449219 0.0302734
0 0.160124 0.408203 0.414062 0.0175781 0.0195312
0 0.160974 0.272949 0.134277 0.0498047 0.0615234
0 0.162429 0.303223 0.163574 0.0166016 0.0322266
0 0.166139 0.459961 0.256348 0.0175781 0.0380859
0 0.171416 0.37793 0.127441 0.0195312 0.0302734
0 0.179907 0.26709 0.0483398 0.0283203 0.0283203
0 0.207155 0.212891 0.212891 0.0371094 0.0429688
0 0.2119 0.437012 0.199219 0.0263672 0.0371094
0 0.242477 0.415527 0.512695 0.0224609 0.03125
0 0.25231 0.463867 0.266113 0.0273438 0.0478516
0 0.254821 0.494629 0.484375 0.0146484 0.0214844
0 0.277421 0.32666 0.254395 0.0244141 0.0283203
0 0.278143 0.152344 0.217773 0.0429688 0.0390625
0 0.288304 0.81543 0.480469 0.0273438 0.0292969
0 0.298258 0.671875 0.469238 0.03125 0.0244141
0 0.298491 0.173828 0.17334 0.0273438 0.0283203
0 0.304933 0.394531 0.196289 0.0292969 0.03125
0 0.360548 0.675781 0.316406 0.0253906 0.0273438
0 0.370876 0.172363 0.0771484 0.0244141 0.0429688
0 0.409828 0.834961 0.14502 0.0371094 0.0478516
0 0.589805 0.127441 0.0810547 0.0419922 0.03125
