0 0.103686 0.15625 0.320801 0.0371094 0.0419922
0 0.105166 0.828613 0.166016 0.0595703 0.105469
0 0.105524 0.688477 0.297363 0.0507812 0.0576172
0 0.106779 0.661133 0.224121 0.0449219 0.0517578
0 0.107622 0.321289 0.328613 0.0214844 0.0341797
0 0.107686 0.576172 0.078125 0.0234375 0.0351562
0 0.111062 0.541992 0.303711 0.0878906 0.0996094
0 0.111137 0.284668 0.229492 0.0322266 0.0429688
0 0.111772 0.708984 0.0883789 0.0488281 0.0439453
0 0.113574 0.479004 0.272461 0.0341797 0.0332031
0 0.113631 0.182129 0.174805 0.0498047 0.0507812
0 0.113829 0.645996 0.307129 0.0439453 0.0556641
0 0.11395 0.610352 0.0141602 0.0644531 0.0283203
0 0.115684 0.714355 0.29834 0.0810547 0.0615234
0 0.117058 0.457031 0.220703 0.0976562 0.140625
0 0.119569 0.212402 0.137695 0.0478516 0.0605469
0 0.119877 0.765625 0.120117 0.0976562 0.0976562
0 0.120206 0.39502 0.785156 0.0576172 0.0683594
0 0.121183 0.271973 0.92041 0.0439453 0.0654297
0 0.121447 0.283203 0.854492 0.0175781 0.0429688
0 0.122337 0.046875 0.177734 0.078125 0.0820312
0 0.122384 0.290039 0.100098 0.117188 0.141602
0 0.125194 0.119141 0.0161133 0.0371094 0.0302734
0 0.126125 0.520996 0.046875 0.0263672 0.0410156
0 0.127713 0.20459 0.430176 0.0302734 0.0322266
0 0.130716 0.408203 0.835449 0.015625 0.0185547
0 0.131002 0.644043 0.090332 0.0439453 0.0439453
0 0.131093 0.531738 0.480469 0.0283203 0.0351562
0 0.132769 0.627441 0.012207 0.0283203 0.0244141
0 0.134423 0.558105 0.108887 0.0263672 0.0400391
0 0.135953 0.112305 0.101562 0.046875 0.0527344
0 0.138918 0.194336 0.638184 0.015625 0.0283203
0 0.139575 0.307617 0.359863 0.03125 0.0361328
0 0.141412 0.756348 0.548828 0.0439453 0.0449219
0 0.144067 0.565918 0.0136719 0.0224609 0.0273438
0 0.145986 0.668457 0.990234 0.0517578 0.0195312
0 0.147071 0.460938 0.103027 0.0585938 0.0458984
0 0.147494 0.465332 0.288086 0.0771484 0.0644531
0 0.147534 0.456543 0.215332 0.0576172 0.0830078
0 0.151686 0.495605 0.244141 0.0419922 0.0429688
0 0.153037 0.721191 0.148438 0.0595703 0.0664062
0 0.153688 0.358887 0.144531 0.0537109 0.0566406
0 0.154263 0.483887 0.257812 0.0576172 0.0585938
0 0.155815 0.565918 0.219727 0.0361328 0.0527344
0 0.158813 0.336426 0.739258 0.0263672 0.0449219
0 0.163353 0.333008 0.0859375 0.0976562 0.15625
0 0.17221 0.688477 0.0830078 0.0390625 0.0351562
0 0.17227 0.266113 0.279297 0.0341797 0.0585938
0 0.17482 0.117676 0.313477 0.0361328 0.046875
0 0.1801 0.255859 0.393066 0.0488281 0.0439453
0 0.180472 0.165039 0.157715 0.0664062 0.0849609
0 0.183111 0.296387 0.220703 0.0517578 0.0644531
0 0.187312 0.830078 0.220703 0.0566406 0.0566406
0 0.187932 0.765137 0.0922852 0.0556641 0.0673828
0 0.194461 0.553711 0.812988 0.0429688 0.0517578
0 0.195765 0.836426 0.125488 0.0595703 0.0849609
0 0.196943 0.70459 0.315918 0.0576172 0.0615234
0 0.204897 0.503906 0.102051 0.0292969 0.0400391
0 0.208869 0.734863 0.109375 0.0556641 0.0625
0 0.20966 0.166992 0.260254 0.0351562 0.0634766
0 0.210888 0.617188 0.217773 0.0449219 0.0605469
0 0.212131 0.565918 0.116699 0.0517578 0.0380859
0 0.213516 0.177246 0.322266 0.0302734 0.0390625
0 0.216994 0.594727 0.0458984 0.0488281 0.0800781
0 0.217296 0.285645 0.731445 0.0302734 0.0292969
0 0.217849 0.533203 0.0483398 0.0449219 0.0439453
0 0.219103 0.81543 0.133301 0.0703125 0.0693359
0 0.234383 0.789062 0.123047 0.0449219 0.0566406
0 0.236425 0.479492 0.427246 0.0273438 0.0341797
0 0.238138 0.177246 0.37207 0.0185547 0.0507812
0 0.240833 0.249512 0.144043 0.0361328 0.0478516
0 0.249229 0.634277 0.0869141 0.0205078 0.0371094
0 0.256086 0.296875 0.350586 0.0214844 0.0253906
0 0.261684 0.279297 0.320801 0.0332031 0.0380859
0 0.272256 0.702148 0.329102 0.0410156 0.0371094
0 0.272889 0.314941 0.368164 0.0185547 0.0292969
0 0.283389 0.404297 0.386719 0.0292969 0.0410156
0 0.283429 0.705566 0.0126953 0.0341797 0.0253906
0 0.289826 0.660156 0.097168 0.0332031 0.0439453
0 0.299152 0.442383 0.177246 0.0996094 0.0869141
0 0.305921 0.304199 0.797363 0.0400391 0.0322266
0 0.318881 0.313965 0.669922 0.0283203 0.0273438
0 0.322016 0.580078 0.116699 0.0292969 0.0302734
0 0.329316 0.237305 0.384766 0.0449219 0.0429688
0 0.343925 0.356445 0.11377 0.0605469 0.12207
0 0.344169 0.561035 0.186523 0.0537109 0.0683594
0 0.348769 0.272461 0.405273 0.0214844 0.0351562
0 0.350606 0.243652 0.871582 0.0322266 0.0517578
0 0.367708 0.291504 0.120117 0.0732422 0.0839844
0 0.375507 0.36084 0.811523 0.0400391 0.0429688
0 0.386011 0.67334 0.14209 0.0380859 0.0498047
0 0.420265 0.733887 0.166992 0.0732422 0.0644531
0 0.426275 0.539062 0.135254 0.0371094 0.0419922
0 0.43124 0.632812 0.710938 0.0253906 0.0292969
0 0.438377 0.217773 0.0839844 0.0683594 0.0859375
0 0.479687 0.408203 0.757812 0.0371094 0.0585938
0 0.493403 0.759766 0.182617 0.0546875 0.0566406
0 0.494188 0.606934 0.148438 0.0341797 0.0410156
0 0.506105 0.400879 0.0561523 0.0654297 0.112305
0 0.5152 0.470703 0.80957 0.0390625 0.0683594
0 0.616579 0.47168 0.0629883 0.078125 0.12207
