0 0.102607 0.46875 0.365234 0.03125 0.0410156
0 0.105988 0.294922 0.797363 0.0136719 0.0302734
0 0.11065 0.0512695 0.83252 0.0400391 0.0439453
0 0.118126 0.742188 0.894043 0.0253906 0.0537109
0 0.119612 0.179199 0.0546875 0.0322266 0.0507812
0 0.126021 0.153809 0.808594 0.0380859 0.0507812
0 0.139667 0.115723 0.850586 0.0673828 0.0644531
0 0.142143 0.373535 0.42627 0.0283203 0.0380859
0 0.154554 0.766602 0.418457 0.0722656 0.0693359
0 0.159788 0.388184 0.769531 0.0205078 0.0429688
0 0.163318 0.393555 0.830078 0.0292969 0.046875
0 0.19032 0.412598 0.72998 0.0146484 0.0302734
0 0.208231 0.408203 0.979004 0.0566406 0.0341797
0 0.24831 0.555176 0.678223 0.0302734 0.0556641
0 0.292192 0.484375 0.854004 0.0351562 0.0751953
0 0.434984 0.308105 0.439941 0.0341797 0.0341797
