0 0.100307 0.15918 0.35498 0.0507812 0.0576172
0 0.101402 0.839355 0.0200195 0.0576172 0.0361328
0 0.10192 0.742188 0.283203 0.0214844 0.0234375
0 0.102869 0.291992 0.620117 0.015625 0.03125
0 0.103085 0.630859 0.517578 0.0371094 0.0332031
0 0.103309 0.509277 0.814453 0.0224609 0.0683594
0 0.105177 0.16748 0.662598 0.0361328 0.0439453
0 0.106776 0.0800781 0.971191 0.0253906 0.0478516
0 0.108132 0.500977 0.939941 0.0273438 0.0400391
0 0.109526 0.429199 0.268555 0.0361328 0.0332031
0 0.111351 0.171875 0.455078 0.0136719 0.0273438
0 0.113167 0.709473 0.781738 0.0556641 0.0361328
0 0.11366 0.734863 0.132812 0.0576172 0.0605469
0 0.114434 0.192383 0.522461 0.015625 0.0273438
0 0.118405 0.438965 0.554688 0.0224609 0.0214844
0 0.119434 0.745605 0.751465 0.0224609 0.0283203
0 0.12003 0.563965 0.59375 0.00878906 0.0136719
0 0.120453 0.418945 0.483887 0.00976562 0.0205078
0 0.123924 0.441895 0.44873 0.0439453 0.0439453
0 0.126529 0.544434 0.333984 0.0341797 0.0371094
0 0.129863 0.164062 0.431152 0.0273438 0.0322266
0 0.132445 0.187988 0.259277 0.0458984 0.0615234
0 0.132968 0.708008 0.312012 0.0175781 0.0263672
0 0.133282 0.256836 0.799805 0.0351562 0.0488281
0 0.134204 0.167969 0.505859 0.0175781 0.03125
0 0.13623 0.286621 0.3125 0.0419922 0.0585938
0 0.138405 0.567383 0.368652 0.0292969 0.0419922
0 0.139902 0.54834 0.868652 0.0126953 0.0166016
0 0.142802 0.0449219 0.825684 0.03125 0.0537109
0 0.146549 0.144043 0.806641 0.0341797 0.03125
0 0.14659 0.654785 0.946289 0.0361328 0.0664062
0 0.147215 0.503418 0.25293 0.0322266 0.03125
0 0.150446 0.41748 0.418945 0.0517578 0.0390625
0 0.153349 0.419434 0.518066 0.0126953 0.0166016
0 0.154732 0.146484 0.797852 0.0488281 0.0546875
0 0.154997 0.383301 0.53418 0.0126953 0.015625
0 0.15543 0.103516 0.263184 0.0546875 0.0517578
0 0.163489 0.989258 0.119141 0.0175781 0.03125
0 0.166776 0.495117 0.408203 0.0527344 0.0410156
0 0.17107 0.19043 0.651855 0.0195312 0.0205078
0 0.171572 0.699219 0.0776367 0.0351562 0.0400391
0 0.18165 0.202637 0.708008 0.0302734 0.0429688
0 0.187344 0.270996 0.215332 0.0302734 0.0283203
0 0.188387 0.599609 0.935547 0.0292969 0.0351562
0 0.199188 0.51709 0.107422 0.0322266 0.03125
0 0.22049 0.439453 0.43457 0.0585938 0.0625
0 0.225296 0.297363 0.183105 0.0263672 0.0283203
0 0.225747 0.605469 0.0957031 0.0292969 0.0410156
0 0.229118 0.516113 0.570801 0.0107422 0.0166016
0 0.247034 0.65332 0.964844 0.0273438 0.0253906
0 0.253345 0.129883 0.480957 0.0253906 0.0419922
0 0.268914 0.443359 0.554688 0.0117188 0.0175781
0 0.306346 0.142578 0.878906 0.0273438 0.0371094
0 0.324059 0.553711 0.632812 0.0253906 0.0273438
0 0.350927 0.299805 0.237305 0.0234375 0.0429688
0 0.40404 0.360352 0.463379 0.0332031 0.0419922
0 0.41459 0.841309 0.262695 0.0556641 0.0527344
0 0.474223 0.396484 0.663086 0.0195312 0.0195312
