0 0.100303 0.384766 0.739746 0.0761719 0.0732422
0 0.101174 0.654785 0.305176 0.0263672 0.0263672
0 0.101338 0.439453 0.819824 0.0429688 0.0498047
0 0.101346 0.301758 0.514648 0.0136719 0.0234375
0 0.104091 0.486816 0.888672 0.0341797 0.0488281
0 0.104879 0.849609 0.369629 0.0390625 0.0322266
0 0.10505 0.802246 0.415527 0.0166016 0.0283203
0 0.108478 0.648438 0.388184 0.0429688 0.0576172
0 0.109835 0.61377 0.0292969 0.0595703 0.0585938
0 0.110707 0.434082 0.283691 0.0458984 0.0517578
0 0.111 0.77832 0.405273 0.0234375 0.0332031
0 0.111889 0.79541 0.272949 0.0244141 0.0322266
0 0.114423 0.433105 0.69043 0.0791016 0.0957031
0 0.117599 0.509277 0.75293 0.0341797 0.0371094
0 0.117856 0.722168 0.245605 0.0244141 0.0283203
0 0.120713 0.477051 0.695801 0.0400391 0.0673828
0 0.12229 0.723633 0.383301 0.0234375 0.0380859
0 0.128176 0.643555 0.64209 0.0351562 0.0341797
0 0.13603 0.45459 0.846191 0.0263672 0.0595703
0 0.136859 0.496582 0.16748 0.0322266 0.0361328
0 0.140219 0.515625 0.918457 0.0175781 0.0224609
0 0.140939 0.679688 0.304199 0.0214844 0.0185547
0 0.142599 0.400391 0.652344 0.0195312 0.0214844
0 0.144395 0.459473 0.707031 0.0673828 0.0625
0 0.145109 0.687988 0.27832 0.0458984 0.0527344
0 0.150564 0.703125 0.302246 0.0214844 0.0224609
0 0.153734 0.843262 0.277832 0.0361328 0.0263672
0 0.155097 0.750977 0.463379 0.0195312 0.0205078
0 0.157586 0.771973 0.410645 0.0244141 0.0302734
0 0.158977 0.44043 0.714355 0.046875 0.0556641
0 0.160767 0.79541 0.17041 0.0244141 0.0380859
0 0.184533 0.712891 0.28125 0.0273438 0.0371094
0 0.190055 0.689941 0.186523 0.0224609 0.0371094
0 0.190077 0.459473 0.837891 0.0439453 0.0761719
0 0.209596 0.671387 0.043457 0.106445 0.0869141
0 0.211714 0.728027 0.375 0.0205078 0.0253906
0 0.221277 0.700684 0.362305 0.0126953 0.0292969
0 0.226223 0.304199 0.80127 0.0244141 0.0439453
0 0.232128 0.698242 0.334961 0.0273438 0.0273438
0 0.23619 0.684082 0.27002 0.0341797 0.0302734
0 0.241926 0.754395 0.370605 0.0166016 0.0283203
0 0.25992 0.796387 0.367676 0.0380859 0.0517578
0 0.262743 0.604004 0.652832 0.0380859 0.0400391
0 0.267857 0.783691 0.216797 0.0244141 0.0390625
0 0.273242 0.714844 0.472168 0.0351562 0.0458984
0 0.327229 0.720215 0.271973 0.0263672 0.0439453
0 0.348252 0.655762 0.334473 0.0341797 0.0322266
0 0.351191 0.361816 0.827148 0.0673828 0.078125
0 0.393739 0.741211 0.409668 0.0214844 0.0361328
0 0.412953 0.410156 0.89502 0.0507812 0.0732422
0 0.443744 0.756836 0.296387 0.0390625 0.0341797
0 0.45338 0.48291 0.808105 0.0439453 0.0517578
0 0.475542 0.745117 0.189453 0.03125 0.0429688
