0 0.100315 0.711426 0.114258 0.0185547 0.0332031
0 0.101007 0.478516 0.199219 0.0214844 0.0195312
0 0.101263 0.858887 0.472168 0.0166016 0.0205078
0 0.101648 0.812012 0.081543 0.0224609 0.0302734
0 0.101651 0.485352 0.322754 0.015625 0.0146484
0 0.101824 0.13623 0.130371 0.0419922 0.0419922
0 0.102348 0.340332 0.0800781 0.0185547 0.0273438
0 0.102497 0.149902 0.0810547 0.0224609 0.0292969
0 0.10424 0.27832 0.487305 0.0195312 0.0273438
0 0.104497 0.758301 0.439453 0.0244141 0.0292969
0 0.105236 0.79834 0.129395 0.0224609 0.0224609
0 0.105491 0.342773 0.567383 0.0371094 0.0351562
0 0.106718 0.333496 0.480957 0.0126953 0.0205078
0 0.106979 0.446289 0.575195 0.0234375 0.0195312
0 0.10741 0.53418 0.381836 0.0117188 0.015625
0 0.107744 0.768555 0.442383 0.0273438 0.03125
0 0.108205 0.186523 0.012207 0.0507812 0.0244141
0 0.110732 0.721191 0.274414 0.0146484 0.0234375
0 0.111322 0.722168 0.747559 0.0244141 0.0419922
0 0.111329 0.293945 0.249512 0.0292969 0.0302734
0 0.113321 0.52002 0.172363 0.0126953 0.0185547
0 0.11428 0.899414 0.683594 0.0253906 0.0332031
0 0.114818 0.55127 0.866699 0.00878906 0.0205078
0 0.115099 0.712402 0.513184 0.00683594 0.0244141
0 0.115566 0.631348 0.0737305 0.0146484 0.0498047
0 0.116156 0.881836 0.804199 0.03125 0.0341797
0 0.116283 0.413086 0.394043 0.0195312 0.0263672
0 0.118511 0.714844 0.898438 0.0273438 0.0351562
0 0.120055 0.543457 0.620117 0.0224609 0.0195312
0 0.121847 0.287598 0.500488 0.0185547 0.0380859
0 0.122195 0.48291 0.889648 0.0205078 0.0234375
0 0.124612 0.824707 0.452637 0.0166016 0.0205078
0 0.125508 0.452637 0.394531 0.0146484 0.0195312
0 0.128195 0.70459 0.354004 0.0166016 0.0302734
0 0.128596 0.520996 0.300293 0.0166016 0.0224609
0 0.129341 0.803711 0.437012 0.0175781 0.0283203
0 0.131975 0.914551 0.0810547 0.0224609 0.0429688
0 0.134511 0.421875 0.145996 0.0175781 0.0283203
0 0.135206 0.824707 0.489258 0.0126953 0.0175781
0 0.136344 0.55957 0.424805 0.0234375 0.0195312
0 0.136609 0.356934 0.464844 0.0126953 0.0175781
0 0.136887 0.731934 0.471191 0.0205078 0.0224609
0 0.137506 0.658691 0.337402 0.0126953 0.0185547
0 0.139808 0.374512 0.12793 0.0263672 0.0332031
0 0.140428 0.661133 0.305176 0.0214844 0.0185547
0 0.143224 0.663086 0.881348 0.0195312 0.0244141
0 0.143377 0.489258 0.302246 0.0117188 0.0146484
0 0.144872 0.528809 0.859863 0.00878906 0.0185547
0 0.146384 0.433594 0.229004 0.0253906 0.0302734
0 0.146681 0.44043 0.383789 0.015625 0.0253906
0 0.147652 0.40918 0.383789 0.0214844 0.0253906
0 0.147848 0.337402 0.520996 0.0146484 0.0244141
0 0.149318 0.405762 0.0737305 0.0166016 0.0361328
0 0.149446 0.178711 0.495605 0.0351562 0.0185547
0 0.150576 0.251465 0.289551 0.0224609 0.0224609
0 0.152562 0.324219 0.481934 0.0195312 0.0205078
0 0.152864 0.630371 0.851074 0.0185547 0.0302734
0 0.154872 0.720215 0.473633 0.0283203 0.0332031
0 0.155277 0.287109 0.354004 0.0136719 0.0244141
0 0.156198 0.140625 0.515625 0.0214844 0.0234375
0 0.156216 0.620605 0.911621 0.00878906 0.0205078
0 0.156656 0.515137 0.438965 0.0205078 0.0263672
0 0.160375 0.174316 0.394043 0.0244141 0.0380859
0 0.161249 0.278809 0.243652 0.0224609 0.0302734
0 0.164188 0.627441 0.358398 0.0185547 0.0214844
0 0.164689 0.291992 0.256348 0.0371094 0.0537109
0 0.16934 0.311035 0.111328 0.0166016 0.0273438
0 0.169913 0.475098 0.340332 0.00878906 0.0244141
0 0.1705 0.32959 0.0297852 0.0341797 0.0361328
0 0.173226 0.708496 0.88916 0.0322266 0.0537109
0 0.19275 0.415527 0.453613 0.00878906 0.0185547
0 0.194894 0.37793 0.373047 0.015625 0.0273438
0 0.196474 0.405273 0.0180664 0.0253906 0.0361328
0 0.19852 0.391113 0.866211 0.0302734 0.0527344
0 0.209236 0.264648 0.120117 0.0136719 0.0214844
0 0.213429 0.663574 0.849121 0.00878906 0.0185547
0 0.216388 0.741211 0.352051 0.0175781 0.0283203
0 0.216401 0.488281 0.388672 0.0117188 0.015625
0 0.225093 0.348633 0.386719 0.0117188 0.015625
0 0.233702 0.483398 0.192871 0.0253906 0.0322266
0 0.234073 0.310059 0.256836 0.0341797 0.0585938
0 0.237794 0.239746 0.00976562 0.0302734 0.015625
0 0.243453 0.255371 0.268555 0.0185547 0.0390625
0 0.24507 0.444824 0.347168 0.0107422 0.0205078
0 0.245352 0.268555 0.479492 0.0136719 0.0292969
0 0.262695 0.371094 0.124512 0.015625 0.0244141
0 0.270115 0.284668 0.492188 0.0185547 0.0214844
0 0.281407 0.311523 0.173828 0.0429688 0.0390625
0 0.281675 0.289062 0.461914 0.0175781 0.0332031
0 0.283571 0.219727 0.535645 0.0332031 0.0458984
0 0.304537 0.276855 0.399414 0.0166016 0.0253906
0 0.30979 0.80957 0.407715 0.0214844 0.0263672
0 0.319962 0.831543 0.79248 0.0341797 0.0380859
0 0.325257 0.393066 0.15332 0.0322266 0.0332031
0 0.339018 0.350098 0.228027 0.0244141 0.0302734
0 0.376317 0.328613 0.34375 0.0126953 0.0332031
0 0.387176 0.246094 0.337402 0.0214844 0.0322266
