0 0.104275 0.69873 0.755371 0.0498047 0.0498047
0 0.108313 0.546387 0.174316 0.0166016 0.0283203
0 0.109295 0.273926 0.453613 0.0224609 0.0244141
0 0.116003 0.460449 0.294434 0.0302734 0.0341797
0 0.117303 0.487793 0.166504 0.0439453 0.0595703
0 0.120786 0.490723 0.201172 0.0126953 0.0195312
0 0.122503 0.440918 0.293457 0.0263672 0.0263672
0 0.12294 0.391602 0.144043 0.0546875 0.0771484
0 0.137043 0.384766 0.382812 0.0234375 0.0273438
0 0.140693 0.35498 0.483887 0.0224609 0.0341797
0 0.17522 0.431641 0.417969 0.0429688 0.0351562
0 0.182433 0.417969 0.421875 0.03125 0.0292969
0 0.186119 0.452148 0.0776367 0.0195312 0.0361328
0 0.188034 0.457031 0.531738 0.0253906 0.0302734
0 0.207243 0.117676 0.206055 0.0419922 0.0429688
0 0.207444 0.178711 0.663086 0.0273438 0.03125
0 0.232225 0.470703 0.293945 0.0273438 0.0292969
0 0.244938 0.412109 0.371582 0.0136719 0.0185547
0 0.271451 0.443359 0.213867 0.0136719 0.0253906
0 0.278078 0.314941 0.486328 0.0439453 0.0625
0 0.310297 0.42627 0.294434 0.0185547 0.0283203
0 0.379272 0.0834961 0.240234 0.0361328 0.046875
0 0.405856 0.399414 0.330566 0.046875 0.0341797
