0 0.102102 0.439941 0.255371 0.0283203 0.0185547
0 0.10217 0.129883 0.355469 0.0253906 0.0273438
0 0.102193 0.58252 0.0332031 0.0458984 0.0566406
0 0.108787 0.847656 0.293457 0.0234375 0.0517578
0 0.110558 0.315918 0.638184 0.0361328 0.0478516
0 0.111186 0.554688 0.186035 0.0390625 0.0439453
0 0.111558 0.541016 0.847168 0.0214844 0.0224609
0 0.112037 0.401367 0.951172 0.0214844 0.0273438
0 0.115121 0.335449 0.651855 0.0185547 0.0283203
0 0.119726 0.384277 0.885742 0.0361328 0.0488281
0 0.120038 0.57373 0.836914 0.0400391 0.0566406
0 0.121016 0.197754 0.293945 0.0205078 0.0273438
0 0.121901 0.248047 0.393555 0.03125 0.0585938
0 0.122987 0.358398 0.54248 0.0136719 0.0205078
0 0.123726 0.255859 0.353027 0.0273438 0.0380859
0 0.124283 0.803223 0.127441 0.0283203 0.0498047
0 0.126695 0.687988 0.278809 0.0126953 0.0224609
0 0.127432 0.17627 0.394043 0.0947266 0.0419922
0 0.129238 0.223633 0.941406 0.0175781 0.0351562
0 0.132397 0.207031 0.392578 0.0507812 0.0371094
0 0.132953 0.293945 0.974121 0.0292969 0.0283203
0 0.135149 0.164551 0.262695 0.0244141 0.0351562
0 0.138205 0.810059 0.841797 0.0400391 0.046875
0 0.138767 0.815918 0.266602 0.0615234 0.0449219
0 0.142322 0.620605 0.426758 0.0166016 0.015625
0 0.145371 0.630859 0.204102 0.0175781 0.0253906
0 0.149337 0.326172 0.715332 0.0175781 0.0263672
0 0.149474 0.235352 0.232422 0.0136719 0.0214844
0 0.152681 0.330078 0.405762 0.0625 0.0458984
0 0.153306 0.598145 0.258789 0.0166016 0.0234375
0 0.15679 0.286133 0.316895 0.0175781 0.0244141
0 0.158794 0.109863 0.307617 0.0263672 0.0332031
0 0.161207 0.0722656 0.963379 0.0332031 0.0322266
0 0.162226 0.128418 0.272949 0.0205078 0.0205078
0 0.162381 0.220703 0.941406 0.0136719 0.0214844
0 0.163533 0.533203 0.097168 0.0390625 0.0771484
0 0.167455 0.788086 0.19043 0.0273438 0.03125
0 0.170257 0.261719 0.365723 0.0449219 0.0771484
0 0.171071 0.297852 0.263184 0.0195312 0.0361328
0 0.172199 0.228027 0.297363 0.0263672 0.0244141
0 0.174423 0.566895 0.393066 0.0146484 0.0244141
0 0.178177 0.720215 0.1875 0.0126953 0.0253906
0 0.179554 0.564941 0.824219 0.0419922 0.0605469
0 0.188093 0.189941 0.439453 0.0458984 0.0507812
0 0.19018 0.616211 0.237793 0.0136719 0.0244141
0 0.190386 0.167969 0.513672 0.0371094 0.0585938
0 0.207044 0.632324 0.333496 0.0341797 0.0166016
0 0.21475 0.753906 0.178223 0.0253906 0.0380859
0 0.223824 0.727539 0.986816 0.0253906 0.0263672
0 0.227099 0.57959 0.10791 0.0400391 0.0673828
0 0.229592 0.269043 0.385742 0.0419922 0.0566406
0 0.23446 0.370117 0.288086 0.0175781 0.0410156
0 0.235822 0.425781 0.492676 0.0175781 0.0224609
0 0.236605 0.0629883 0.319336 0.0458984 0.0566406
0 0.252315 0.745605 0.453613 0.0224609 0.0263672
0 0.260386 0.347168 0.250488 0.0185547 0.0205078
0 0.272122 0.361816 0.892578 0.0224609 0.0371094
0 0.281165 0.586426 0.354004 0.0205078 0.0224609
0 0.291191 0.416016 0.908691 0.015625 0.0283203
0 0.302509 0.195312 0.964844 0.0195312 0.0429688
0 0.305259 0.46582 0.940918 0.0175781 0.0224609
0 0.319024 0.34082 0.254883 0.0253906 0.03125
0 0.321721 0.253906 0.936523 0.0253906 0.0507812
0 0.327688 0.595215 0.29248 0.0185547 0.0224609
0 0.327985 0.156738 0.969727 0.0283203 0.0527344
0 0.344587 0.161133 0.389648 0.0527344 0.03125
0 0.347805 0.348145 0.332031 0.0283203 0.0449219
0 0.376687 0.470703 0.435059 0.0195312 0.0224609
0 0.382517 0.661133 0.126953 0.0371094 0.0292969
0 0.393078 0.334961 0.259766 0.0195312 0.0273438
0 0.394859 0.508789 0.657715 0.0234375 0.0302734
0 0.409724 0.268555 0.269531 0.0273438 0.0371094
0 0.42417 0.754883 0.347168 0.0703125 0.0517578
0 0.441029 0.730469 0.130859 0.0273438 0.0371094
0 0.517985 0.32959 0.962402 0.0361328 0.0537109
0 0.541513 0.375 0.940918 0.0253906 0.0283203
0 0.546906 0.66748 0.220703 0.0322266 0.0351562
