0 0.105813 0.499512 0.456543 0.0361328 0.0341797
0 0.109982 0.39502 0.043457 0.0322266 0.0498047
0 0.111895 0.32666 0.0107422 0.0341797 0.0214844
0 0.114961 0.331055 0.248535 0.0136719 0.0263672
0 0.115574 0.263184 0.18457 0.0478516 0.0410156
0 0.117725 0.396973 0.12207 0.0146484 0.0253906
0 0.126343 0.439453 0.156738 0.0078125 0.0166016
0 0.13528 0.276367 0.302246 0.015625 0.0224609
0 0.135561 0.452148 0.205078 0.0371094 0.0488281
0 0.138925 0.430176 0.488281 0.00878906 0.0175781
0 0.14607 0.438477 0.00830078 0.0332031 0.0146484
0 0.168007 0.53125 0.059082 0.0136719 0.0263672
0 0.179711 0.379395 0.0869141 0.0166016 0.0195312
0 0.184752 0.658691 0.18457 0.0224609 0.0273438
0 0.236361 0.32959 0.0419922 0.0263672 0.0429688
