0 0.10211 0.513672 0.243652 0.0214844 0.0341797
0 0.108772 0.308105 0.190918 0.0927734 0.114258
0 0.109762 0.474121 0.457031 0.0283203 0.0371094
0 0.117403 0.504883 0.120605 0.0175781 0.0322266
0 0.117902 0.333008 0.0166016 0.0546875 0.0332031
0 0.121275 0.710449 0.143555 0.0380859 0.0742188
0 0.132143 0.723633 0.156738 0.0195312 0.0322266
0 0.132392 0.731934 0.0610352 0.0419922 0.0458984
0 0.151897 0.720215 0.160156 0.0302734 0.0507812
0 0.157121 0.527832 0.356934 0.0224609 0.0263672
0 0.162812 0.215332 0.306641 0.0380859 0.0625
0 0.164042 0.131836 0.31543 0.0351562 0.0625
0 0.193358 0.621582 0.148926 0.0439453 0.0478516
0 0.215602 0.0551758 0.277344 0.0283203 0.0566406
0 0.29708 0.163086 0.118164 0.0761719 0.111328
0 0.298124 0.285156 0.189453 0.0390625 0.0859375
0 0.489251 0.708984 0.27002 0.0585938 0.0830078
