0 0.100176 0.32959 0.601562 0.0107422 0.0195312
0 0.100777 0.433594 0.261719 0.0273438 0.03125
0 0.101942 0.0874023 0.42334 0.0224609 0.0361328
0 0.105673 0.44873 0.0493164 0.0126953 0.0224609
0 0.106923 0.261719 0.521973 0.015625 0.0205078
0 0.109772 0.377441 0.254395 0.0224609 0.0263672
0 0.111869 0.73877 0.257812 0.0361328 0.0527344
0 0.112743 0.198242 0.172363 0.0292969 0.0595703
0 0.114876 0.257812 0.526367 0.0175781 0.0214844
0 0.115234 0.414551 0.965332 0.0419922 0.0634766
0 0.117088 0.366211 0.318848 0.0253906 0.0458984
0 0.117953 0.380859 0.224609 0.0078125 0.0117188
0 0.118841 0.294434 0.196777 0.0166016 0.0361328
0 0.119301 0.263672 0.283203 0.0136719 0.0234375
0 0.12065 0.241699 0.326172 0.0166016 0.0273438
0 0.121236 0.347168 0.179688 0.0302734 0.0351562
0 0.122485 0.281738 0.361328 0.0244141 0.0253906
0 0.12317 0.289062 0.455078 0.0136719 0.0273438
0 0.127137 0.297363 0.691895 0.0166016 0.0302734
0 0.129463 0.304199 0.553223 0.0146484 0.0263672
0 0.129961 0.293945 0.47998 0.0195312 0.0283203
0 0.130669 0.306641 0.349121 0.0195312 0.0283203
0 0.130697 0.318848 0.366699 0.0205078 0.0302734
0 0.131272 0.226562 0.228027 0.0136719 0.0263672
0 0.132324 0.351074 0.213379 0.0224609 0.0283203
0 0.137653 0.260742 0.478516 0.00976562 0.0234375
0 0.138189 0.288574 0.184082 0.0166016 0.0263672
0 0.139425 0.241699 0.453613 0.0146484 0.0361328
0 0.140621 0.288086 0.55957 0.0136719 0.0273438
0 0.140712 0.222168 0.449707 0.0126953 0.0224609
0 0.14264 0.145508 0.199707 0.0253906 0.0302734
0 0.145267 0.28125 0.396484 0.03125 0.0429688
0 0.145618 0.495605 0.14209 0.00683594 0.0185547
0 0.147385 0.290527 0.22998 0.0205078 0.0263672
0 0.1498 0.209961 0.290527 0.00976562 0.0166016
0 0.154085 0.254395 0.574219 0.0185547 0.0214844
0 0.155188 0.239258 0.31543 0.0195312 0.0371094
0 0.161302 0.151367 0.443359 0.0136719 0.0234375
0 0.166978 0.371582 0.261719 0.0166016 0.0253906
0 0.169359 0.231934 0.538086 0.0166016 0.0175781
0 0.177449 0.372559 0.263184 0.0107422 0.0146484
0 0.178245 0.0712891 0.0473633 0.0410156 0.0361328
0 0.183384 0.282715 0.0410156 0.0166016 0.0410156
0 0.186114 0.324219 0.400391 0.0273438 0.0332031
0 0.187915 0.407227 0.305176 0.015625 0.0283203
0 0.19087 0.487793 0.886719 0.0380859 0.0527344
0 0.191033 0.347168 0.364258 0.0224609 0.0332031
0 0.192413 0.413574 0.179688 0.0166016 0.0253906
0 0.193719 0.284668 0.129395 0.0322266 0.0361328
0 0.198252 0.255371 0.256348 0.0205078 0.0341797
0 0.198407 0.180664 0.365723 0.0136719 0.0263672
0 0.199974 0.361816 0.0820312 0.0185547 0.0253906
0 0.20217 0.435059 0.275391 0.0322266 0.0488281
0 0.202451 0.296875 0.204102 0.0117188 0.0273438
0 0.205994 0.319336 0.576172 0.0117188 0.0332031
0 0.209387 0.212402 0.388672 0.0263672 0.0410156
0 0.220285 0.730469 0.257324 0.0351562 0.0341797
0 0.228645 0.358398 0.305176 0.015625 0.0283203
0 0.228751 0.880371 0.23877 0.0244141 0.0341797
0 0.230306 0.311035 0.34375 0.0166016 0.0273438
0 0.230862 0.828613 0.250977 0.0244141 0.0253906
0 0.233051 0.160645 0.101562 0.0244141 0.0410156
0 0.233076 0.143066 0.188477 0.0419922 0.0585938
0 0.234573 0.203125 0.442383 0.0117188 0.0136719
0 0.256278 0.215332 0.620117 0.0205078 0.0390625
0 0.272972 0.322754 0.449219 0.0244141 0.0332031
0 0.284155 0.317383 0.3125 0.015625 0.0332031
0 0.28606 0.254395 0.208984 0.0166016 0.0292969
0 0.294077 0.266113 0.546387 0.0166016 0.0205078
0 0.327836 0.28418 0.405762 0.0234375 0.0302734
0 0.38726 0.238281 0.306152 0.015625 0.0244141
0 0.403217 0.549805 0.460938 0.0234375 0.015625
0 0.414752 0.37207 0.338867 0.0234375 0.0234375
0 0.426108 0.270996 0.374512 0.0263672 0.0322266
0 0.475139 0.305176 0.269043 0.0224609 0.0439453
0 0.483746 0.342285 0.27002 0.0244141 0.0537109
