0 0.105688 0.479004 0.285645 0.0166016 0.0205078
0 0.111193 0.173828 0.208496 0.0664062 0.0673828
0 0.13367 0.461914 0.311035 0.0390625 0.0419922
0 0.14025 0.351074 0.467773 0.0283203 0.0390625
0 0.151163 0.869629 0.243164 0.0361328 0.0488281
0 0.160448 0.863281 0.182129 0.0234375 0.0361328
0 0.170968 0.939453 0.229492 0.046875 0.0488281
0 0.172748 0.426758 0.372559 0.0234375 0.0341797
0 0.184143 0.976074 0.342773 0.0439453 0.0566406
0 0.189625 0.516113 0.336426 0.0166016 0.0283203
0 0.19682 0.905273 0.190918 0.0371094 0.0380859
0 0.201778 0.797852 0.222168 0.0742188 0.0693359
0 0.208546 0.360352 0.711914 0.0410156 0.0683594
0 0.211793 0.560547 0.374512 0.0117188 0.0185547
0 0.221308 0.42627 0.320801 0.0185547 0.0224609
0 0.225915 0.899902 0.242188 0.0166016 0.0292969
0 0.236593 0.397949 0.33252 0.0185547 0.0205078
0 0.266821 0.42041 0.248047 0.0302734 0.0449219
0 0.426137 0.555664 0.338379 0.0214844 0.0224609
0 0.436956 0.519043 0.455566 0.0361328 0.0576172
