0 0.102261 0.405273 0.226074 0.0117188 0.0283203
0 0.102795 0.364746 0.252441 0.0341797 0.0341797
0 0.105452 0.527344 0.116699 0.0117188 0.0283203
0 0.108285 0.484375 0.17041 0.0234375 0.0537109
0 0.110413 0.79834 0.0649414 0.0478516 0.0478516
0 0.110808 0.316406 0.327148 0.0234375 0.0214844
0 0.113861 0.75 0.0102539 0.0214844 0.0146484
0 0.114207 0.341309 0.0976562 0.0205078 0.0351562
0 0.116879 0.790527 0.278809 0.0283203 0.0341797
0 0.118169 0.449707 0.115234 0.0146484 0.0253906
0 0.12602 0.789062 0.227539 0.0136719 0.0195312
0 0.126621 0.51123 0.0151367 0.0126953 0.0166016
0 0.137356 0.5 0.132324 0.0214844 0.0283203
0 0.14016 0.758789 0.317871 0.03125 0.0400391
0 0.140741 0.477539 0.188965 0.0332031 0.0322266
0 0.141504 0.871582 0.0805664 0.0439453 0.0634766
0 0.142039 0.227539 0.027832 0.0449219 0.0556641
0 0.144017 0.351074 0.0664062 0.0166016 0.0292969
0 0.144934 0.783203 0.274902 0.0175781 0.0263672
0 0.147281 0.55957 0.0732422 0.0117188 0.0234375
0 0.148589 0.285645 0.317383 0.0185547 0.0195312
0 0.149406 0.405273 0.200684 0.015625 0.0244141
0 0.153738 0.382812 0.0678711 0.0234375 0.0380859
0 0.175131 0.906738 0.30127 0.0185547 0.0341797
0 0.176923 0.430176 0.225098 0.0146484 0.0224609
0 0.181316 0.312012 0.0219727 0.0361328 0.0400391
0 0.183233 0.447266 0.0947266 0.0253906 0.0410156
0 0.186938 0.446777 0.10791 0.0205078 0.0322266
0 0.19295 0.827637 0.351562 0.0185547 0.0214844
0 0.203329 0.87207 0.249023 0.0546875 0.0390625
0 0.212717 0.334961 0.103027 0.0234375 0.0341797
0 0.215189 0.485352 0.090332 0.0175781 0.0400391
0 0.220872 0.543457 0.0957031 0.0166016 0.03125
0 0.232596 0.73584 0.242188 0.0263672 0.0371094
0 0.240237 0.476562 0.111328 0.015625 0.0214844
0 0.250426 0.479004 0.0522461 0.0166016 0.0185547
0 0.288523 0.467285 0.191406 0.0205078 0.0332031
0 0.294307 0.34668 0.17334 0.015625 0.0263672
0 0.316658 0.448242 0.0185547 0.015625 0.0234375
0 0.318651 0.548828 0.0322266 0.0253906 0.0332031
0 0.321812 0.48877 0.182129 0.0244141 0.0322266
0 0.329332 0.351074 0.0209961 0.0205078 0.0380859
0 0.347792 0.422363 0.0717773 0.0185547 0.0283203
0 0.361222 0.245117 0.299805 0.0195312 0.0253906
0 0.440879 0.522461 0.0415039 0.015625 0.0400391
0 0.486981 0.393555 0.0195312 0.0253906 0.0292969
0 0.533762 0.460938 0.046875 0.0195312 0.0351562
