0 0.100241 0.487305 0.262207 0.0292969 0.0556641
0 0.101546 0.181641 0.253906 0.0292969 0.0332031
0 0.101947 0.414062 0.0302734 0.0175781 0.0273438
0 0.106754 0.203125 0.230469 0.0175781 0.0273438
0 0.106761 0.237793 0.34375 0.0400391 0.0429688
0 0.107501 0.382812 0.217773 0.0253906 0.0332031
0 0.107647 0.216797 0.180176 0.0527344 0.0341797
0 0.110651 0.409668 0.435059 0.0224609 0.0283203
0 0.111102 0.453613 0.196777 0.0107422 0.0302734
0 0.118614 0.379883 0.472656 0.00976562 0.015625
0 0.119758 0.767578 0.51709 0.0273438 0.0302734
0 0.127259 0.476074 0.137207 0.0439453 0.0517578
0 0.127371 0.404297 0.260742 0.00976562 0.0195312
0 0.127407 0.477539 0.236328 0.0253906 0.0234375
0 0.127519 0.495117 0.198242 0.0449219 0.0488281
0 0.139408 0.316895 0.0561523 0.0517578 0.0634766
0 0.143269 0.278809 0.29248 0.0107422 0.0244141
0 0.148225 0.334473 0.0332031 0.0400391 0.0644531
0 0.151292 0.532715 0.430176 0.0107422 0.0146484
0 0.153036 0.113281 0.131348 0.0195312 0.0244141
0 0.160181 0.459961 0.0600586 0.0625 0.0888672
0 0.162657 0.511719 0.207031 0.0546875 0.0566406
0 0.168158 0.520996 0.0146484 0.0205078 0.0292969
0 0.169566 0.33252 0.0200195 0.0244141 0.0322266
0 0.177308 0.335449 0.0620117 0.0615234 0.0673828
0 0.177534 0.427246 0.188965 0.0205078 0.0322266
0 0.178197 0.345703 0.0786133 0.0351562 0.0341797
0 0.180505 0.355469 0.201172 0.0371094 0.046875
0 0.181207 0.263672 0.18457 0.03125 0.0410156
0 0.185363 0.231445 0.23291 0.0214844 0.0458984
0 0.204833 0.753906 0.310059 0.0761719 0.0673828
0 0.208157 0.23584 0.0693359 0.0341797 0.046875
0 0.213956 0.270508 0.0854492 0.03125 0.0244141
0 0.230069 0.395508 0.15332 0.0429688 0.0585938
0 0.285947 0.406738 0.446289 0.0283203 0.0507812
0 0.302066 0.133789 0.255371 0.0351562 0.0302734
0 0.31316 0.854492 0.374023 0.0546875 0.0351562
0 0.333656 0.319336 0.266113 0.0273438 0.0361328
