0 0.100072 0.446777 0.42334 0.00878906 0.0146484
0 0.101516 0.460938 0.0239258 0.0566406 0.0400391
0 0.102345 0.560059 0.248535 0.00878906 0.0146484
0 0.103333 0.433105 0.199707 0.0302734 0.0302734
0 0.103647 0.427734 0.0478516 0.0117188 0.0234375
0 0.111242 0.145508 0.321289 0.0292969 0.0488281
0 0.111578 0.810547 0.45752 0.0117188 0.0283203
0 0.118023 0.25 0.165527 0.0273438 0.0263672
0 0.119156 0.29834 0.15918 0.0224609 0.03125
0 0.12228 0.640137 0.36377 0.0126953 0.0205078
0 0.123641 0.561523 0.0654297 0.0273438 0.0449219
0 0.124721 0.588867 0.251953 0.015625 0.0253906
0 0.124728 0.554199 0.0126953 0.0126953 0.0253906
0 0.130055 0.459961 0.314453 0.0253906 0.0253906
0 0.131611 0.331055 0.123047 0.0136719 0.0195312
0 0.132683 0.538574 0.290039 0.0146484 0.0195312
0 0.138519 0.839844 0.439941 0.0292969 0.0615234
0 0.140138 0.0605469 0.340332 0.0273438 0.0263672
0 0.152263 0.512207 0.26709 0.00878906 0.0185547
0 0.15797 0.623047 0.195801 0.0214844 0.0185547
0 0.1588 0.319824 0.575684 0.0185547 0.0205078
0 0.172624 0.516602 0.306152 0.0078125 0.0107422
0 0.173009 0.481934 0.248535 0.0185547 0.0263672
0 0.178304 0.523926 0.0205078 0.0146484 0.0273438
0 0.189363 0.447754 0.182617 0.0166016 0.0292969
0 0.207764 0.523926 0.234375 0.0185547 0.0214844
0 0.212751 0.473145 0.351074 0.0185547 0.0205078
0 0.21448 0.169922 0.043457 0.0234375 0.0419922
0 0.219728 0.347656 0.25293 0.0195312 0.0175781
0 0.220415 0.586426 0.350098 0.0185547 0.0244141
0 0.229753 0.544434 0.333984 0.0341797 0.03125
0 0.238487 0.470703 0.395508 0.0292969 0.0175781
0 0.268706 0.403809 0.571777 0.0302734 0.0380859
0 0.35397 0.597656 0.255371 0.03125 0.0283203
0 0.36467 0.467773 0.349121 0.0292969 0.0341797
0 0.377099 0.445801 0.727539 0.0185547 0.0273438
0 0.396246 0.0371094 0.0537109 0.0410156 0.0429688
0 0.411071 0.424316 0.206055 0.0283203 0.0292969
0 0.59152 0.304199 0.287598 0.0419922 0.0361328
