0 0.10606 0.958984 0.129883 0.0332031 0.0390625
0 0.106418 0.496094 0.0708008 0.0488281 0.0595703
0 0.108353 0.682617 0.0732422 0.0820312 0.0898438
0 0.113763 0.586914 0.140137 0.015625 0.0244141
0 0.113788 0.0981445 0.78125 0.0654297 0.0839844
0 0.115539 0.333496 0.53418 0.0322266 0.0371094
0 0.119862 0.455078 0.0117188 0.0214844 0.0234375
0 0.120037 0.429688 0.015625 0.0703125 0.03125
0 0.123554 0.396484 0.202637 0.0214844 0.0322266
0 0.123805 0.555176 0.435547 0.0107422 0.015625
0 0.123865 0.665527 0.237793 0.0166016 0.0185547
0 0.125948 0.807129 0.200195 0.0166016 0.0175781
0 0.125969 0.679199 0.050293 0.0244141 0.0205078
0 0.131875 0.598145 0.196289 0.0146484 0.0253906
0 0.145782 0.202637 0.172852 0.0322266 0.0390625
0 0.158176 0.458984 0.625977 0.0273438 0.0488281
0 0.161026 0.0224609 0.0146484 0.0449219 0.0292969
0 0.204731 0.166016 0.390625 0.0175781 0.0253906
0 0.204956 0.42041 0.475098 0.0166016 0.0263672
0 0.218371 0.206543 0.154785 0.0439453 0.0654297
0 0.226294 0.729004 0.11084 0.0185547 0.0341797
0 0.231704 0.03125 0.5 0.0371094 0.046875
0 0.232256 0.640137 0.110352 0.0146484 0.0234375
0 0.236838 0.186523 0.470703 0.0234375 0.0332031
0 0.238163 0.0126953 0.250488 0.0214844 0.0361328
0 0.259293 0.392578 0.280762 0.0351562 0.0341797
0 0.270548 0.393066 0.389648 0.0224609 0.0488281
0 0.271473 0.214844 0.140625 0.046875 0.0429688
0 0.286971 0.0649414 0.166992 0.0302734 0.0390625
0 0.34645 0.335938 0.145508 0.0273438 0.0605469
0 0.382885 0.139648 0.524902 0.0703125 0.0634766
0 0.400136 0.797852 0.178223 0.0351562 0.0419922
0 0.437201 0.35791 0.357422 0.0283203 0.0351562
0 0.438278 0.728027 0.230469 0.0302734 0.0332031
0 0.44433 0.85498 0.444824 0.0224609 0.0478516
