0 0.11063 0.879395 0.245605 0.0283203 0.0302734
0 0.110896 0.885742 0.0415039 0.0683594 0.0693359
0 0.113876 0.299805 0.104004 0.015625 0.0400391
0 0.114151 0.766113 0.20166 0.0322266 0.0322266
0 0.114913 0.42627 0.159668 0.0341797 0.0419922
0 0.115314 0.672363 0.239258 0.0166016 0.015625
0 0.116218 0.875977 0.719727 0.0136719 0.0253906
0 0.116896 0.722656 0.367188 0.0175781 0.0273438
0 0.117257 0.859863 0.755859 0.0224609 0.0332031
0 0.124956 0.456543 0.805664 0.0302734 0.0449219
0 0.125145 0.489258 0.494629 0.0253906 0.0185547
0 0.125577 0.298828 0.176758 0.0136719 0.015625
0 0.139139 0.859375 0.0410156 0.0273438 0.0585938
0 0.139991 0.754883 0.800293 0.0136719 0.0205078
0 0.153455 0.536133 0.266602 0.0605469 0.0410156
0 0.172174 0.8125 0.0932617 0.0214844 0.0400391
0 0.174917 0.518555 0.259277 0.03125 0.0380859
0 0.17715 0.242676 0.211914 0.0302734 0.0332031
0 0.186696 0.466309 0.239746 0.0107422 0.0185547
0 0.19892 0.833008 0.165039 0.0429688 0.0507812
0 0.208353 0.525391 0.172363 0.0214844 0.0341797
0 0.211024 0.338867 0.0429688 0.0351562 0.0253906
0 0.223377 0.77002 0.272461 0.0224609 0.0292969
0 0.233959 0.550293 0.266602 0.0283203 0.03125
0 0.235454 0.40332 0.0332031 0.0234375 0.0390625
0 0.255454 0.54541 0.0107422 0.0517578 0.015625
0 0.260472 0.560547 0.279297 0.0410156 0.0507812
0 0.261123 0.244629 0.0927734 0.0263672 0.0507812
0 0.275604 0.280762 0.0175781 0.0166016 0.0292969
0 0.310414 0.586914 0.17334 0.0390625 0.0419922
0 0.324343 0.808594 0.0688477 0.0371094 0.0810547
0 0.3382 0.520508 0.0600586 0.03125 0.0576172
0 0.416664 0.334473 0.147949 0.0263672 0.0419922
0 0.459591 0.402832 0.240234 0.0166016 0.0195312
0 0.491845 0.44043 0.150391 0.0390625 0.0410156
