0 0.100015 0.404785 0.154785 0.0224609 0.0419922
0 0.100233 0.393066 0.341797 0.0361328 0.0527344
0 0.100242 0.476562 0.141602 0.0292969 0.0410156
0 0.101191 0.300293 0.417969 0.0439453 0.046875
0 0.101339 0.708496 0.445801 0.0302734 0.0517578
0 0.10196 0.60791 0.233887 0.0419922 0.0439453
0 0.102434 0.680176 0.727051 0.0283203 0.0361328
0 0.102525 0.843262 0.171875 0.0283203 0.0292969
0 0.102838 0.530762 0.0620117 0.0458984 0.0556641
0 0.104143 0.189453 0.0200195 0.0546875 0.0361328
0 0.104358 0.538086 0.228027 0.0859375 0.0693359
0 0.104547 0.108887 0.0932617 0.0361328 0.0419922
0 0.105657 0.104492 0.960938 0.0253906 0.0605469
0 0.107007 0.314941 0.0854492 0.0166016 0.0224609
0 0.108381 0.585449 0.248535 0.0478516 0.0556641
0 0.109176 0.456543 0.12207 0.0322266 0.0390625
0 0.109588 0.384766 0.0322266 0.0175781 0.0332031
0 0.109761 0.80957 0.331543 0.03125 0.0302734
0 0.110399 0.240723 0.124512 0.0380859 0.0380859
0 0.110435 0.181152 0.0673828 0.0244141 0.0292969
0 0.110562 0.30957 0.119629 0.015625 0.0283203
0 0.110867 0.275879 0.0615234 0.0341797 0.0449219
0 0.111442 0.484863 0.104492 0.0283203 0.046875
0 0.112345 0.57959 0.208496 0.0498047 0.0419922
0 0.112912 0.766113 0.259277 0.0439453 0.0537109
0 0.113306 0.507812 0.0126953 0.0292969 0.0253906
0 0.115842 0.27002 0.0634766 0.0224609 0.0292969
0 0.116442 0.263184 0.00732422 0.0185547 0.0146484
0 0.116644 0.333496 0.585938 0.0263672 0.0234375
0 0.116674 0.380371 0.246094 0.0341797 0.0546875
0 0.116727 0.416016 0.242676 0.0273438 0.0712891
0 0.117011 0.201172 0.175781 0.0292969 0.03125
0 0.120167 0.0600586 0.133301 0.0380859 0.0634766
0 0.120205 0.312988 0.433105 0.0361328 0.0458984
0 0.121482 0.216797 0.171387 0.0195312 0.0263672
0 0.122049 0.228027 0.244629 0.0283203 0.0302734
0 0.12295 0.629883 0.959473 0.0136719 0.0224609
0 0.124074 0.546387 0.243164 0.0341797 0.0390625
0 0.124114 0.120117 0.0961914 0.0214844 0.0283203
0 0.126662 0.407227 0.0551758 0.0371094 0.0419922
0 0.127088 0.332031 0.32666 0.0527344 0.0458984
0 0.127199 0.472656 0.09375 0.0644531 0.0429688
0 0.12823 0.376465 0.95459 0.0126953 0.0263672
0 0.128838 0.195801 0.118164 0.0185547 0.0292969
0 0.129553 0.342773 0.913574 0.0273438 0.0517578
0 0.131268 0.54541 0.18457 0.0361328 0.0253906
0 0.135187 0.154785 0.144043 0.0361328 0.0322266
0 0.139584 0.70166 0.431152 0.0419922 0.0654297
0 0.139765 0.545898 0.300293 0.0136719 0.0302734
0 0.1398 0.168457 0.192383 0.0361328 0.046875
0 0.142687 0.408691 0.17334 0.0361328 0.0478516
0 0.143761 0.563477 0.831543 0.0195312 0.0400391
0 0.145144 0.183105 0.129883 0.0224609 0.0234375
0 0.145734 0.147461 0.140625 0.0332031 0.0566406
0 0.145902 0.28125 0.197266 0.0332031 0.0410156
0 0.147296 0.362305 0.246094 0.0683594 0.0664062
0 0.148112 0.668457 0.0913086 0.0498047 0.0341797
0 0.153626 0.571289 0.141602 0.0253906 0.03125
0 0.156741 0.494629 0.0869141 0.0205078 0.0351562
0 0.157905 0.641113 0.992676 0.0166016 0.0107422
0 0.163315 0.31543 0.0205078 0.03125 0.0390625
0 0.166117 0.357422 0.0151367 0.0234375 0.0302734
0 0.167579 0.720703 0.183594 0.0253906 0.0351562
0 0.168267 0.48584 0.284668 0.0166016 0.0283203
0 0.171237 0.442383 0.341309 0.0507812 0.0361328
0 0.17413 0.834961 0.236816 0.0253906 0.0341797
0 0.176774 0.453613 0.112305 0.0576172 0.0488281
0 0.178809 0.147461 0.114258 0.0234375 0.0371094
0 0.181924 0.334473 0.244629 0.0576172 0.0576172
0 0.184487 0.119629 0.989746 0.0205078 0.0166016
0 0.186785 0.211914 0.219238 0.0234375 0.0380859
0 0.187083 0.14209 0.0351562 0.0537109 0.0449219
0 0.187307 0.328125 0.210938 0.0351562 0.0234375
0 0.18868 0.375488 0.0805664 0.0244141 0.0205078
0 0.191201 0.635254 0.0629883 0.0400391 0.0400391
0 0.192916 0.784668 0.302246 0.0263672 0.0263672
0 0.1939 0.78125 0.109375 0.0449219 0.0351562
0 0.194305 0.678711 0.835449 0.0371094 0.0302734
0 0.196229 0.468262 0.133301 0.0380859 0.0458984
0 0.201317 0.681152 0.262695 0.0498047 0.0429688
0 0.20155 0.14209 0.160645 0.0302734 0.0556641
0 0.205986 0.364746 0.0273438 0.0380859 0.0449219
0 0.206246 0.28418 0.39502 0.0273438 0.0478516
0 0.207 0.344727 0.416016 0.0390625 0.046875
0 0.213404 0.265625 0.200684 0.0175781 0.0400391
0 0.215867 0.287598 0.408203 0.0302734 0.0253906
0 0.221641 0.420898 0.619629 0.0195312 0.0166016
0 0.227189 0.511719 0.336914 0.0625 0.0390625
0 0.228922 0.157227 0.0283203 0.0488281 0.0410156
0 0.231177 0.693848 0.134277 0.0400391 0.0556641
0 0.232157 0.279785 0.383789 0.0146484 0.0390625
0 0.236751 0.260254 0.213867 0.0263672 0.0527344
0 0.239894 0.402832 0.184082 0.0263672 0.0341797
0 0.239985 0.469238 0.60498 0.0263672 0.0263672
0 0.240181 0.585938 0.232422 0.0722656 0.0683594
0 0.245994 0.251465 0.132812 0.0283203 0.0292969
0 0.248524 0.643066 0.146484 0.0439453 0.0644531
0 0.254242 0.491211 0.0932617 0.0332031 0.0419922
0 0.254583 0.433594 0.693359 0.0136719 0.015625
0 0.260362 0.207031 0.119629 0.0292969 0.0361328
0 0.261757 0.415527 0.0537109 0.0400391 0.0625
0 0.281315 0.223145 0.0629883 0.0556641 0.0732422
0 0.294202 0.591309 0.671875 0.0185547 0.0273438
0 0.300267 0.521973 0.22998 0.0458984 0.0576172
0 0.300744 0.0654297 0.604004 0.0585938 0.0576172
0 0.306269 0.605957 0.0224609 0.0537109 0.0390625
0 0.317572 0.255371 0.225586 0.0185547 0.03125
0 0.326628 0.0976562 0.203125 0.0351562 0.0429688
0 0.344837 0.296387 0.168945 0.0341797 0.0644531
0 0.355485 0.479492 0.22168 0.0292969 0.0410156
0 0.362648 0.21582 0.231934 0.03125 0.0517578
0 0.382109 0.436523 0.110352 0.0332031 0.0429688
0 0.406617 0.304688 0.0239258 0.0273438 0.0380859
0 0.407705 0.10498 0.157227 0.0302734 0.0371094
0 0.427687 0.367188 0.127441 0.0488281 0.0419922
0 0.440809 0.377441 0.0332031 0.0302734 0.0390625
0 0.524659 0.516602 0.154297 0.0292969 0.0351562
