0 0.101162 0.446289 0.709473 0.0195312 0.0185547
0 0.102026 0.370117 0.446777 0.0195312 0.0185547
0 0.103111 0.166504 0.373535 0.0400391 0.0400391
0 0.105079 0.193359 0.362305 0.0761719 0.0527344
0 0.106344 0.389648 0.233398 0.0507812 0.0390625
0 0.106782 0.769043 0.398926 0.0537109 0.0498047
0 0.108813 0.902832 0.208496 0.0498047 0.0380859
0 0.109063 0.180176 0.0732422 0.0380859 0.0527344
0 0.113837 0.416016 0.0810547 0.0488281 0.0722656
0 0.115372 0.367188 0.271484 0.0429688 0.046875
0 0.115423 0.282715 0.106445 0.0458984 0.0507812
0 0.120913 0.0126953 0.212402 0.0253906 0.0615234
0 0.132702 0.411621 0.220215 0.0576172 0.0322266
0 0.136819 0.398438 0.169434 0.0195312 0.0205078
0 0.139896 0.476074 0.293945 0.0361328 0.0371094
0 0.142134 0.465332 0.189941 0.0146484 0.0263672
0 0.145045 0.391602 0.11084 0.0390625 0.0498047
0 0.149235 0.319824 0.0908203 0.0341797 0.0507812
0 0.153648 0.294434 0.212402 0.0322266 0.0478516
0 0.204237 0.499512 0.16748 0.0263672 0.0341797
0 0.204545 0.413086 0.0673828 0.0332031 0.0429688
0 0.20667 0.37207 0.185547 0.0507812 0.046875
0 0.210221 0.407227 0.296875 0.03125 0.0371094
0 0.231411 0.890137 0.356445 0.0576172 0.046875
0 0.257304 0.199707 0.0288086 0.0419922 0.0517578
0 0.290053 0.188477 0.0917969 0.0527344 0.0742188
0 0.290929 0.203613 0.11377 0.0283203 0.0439453
0 0.303621 0.130859 0.25 0.046875 0.0488281
