0 0.100158 0.693848 0.666504 0.0146484 0.0244141
0 0.110734 0.400391 0.52832 0.03125 0.0429688
0 0.113166 0.706055 0.89502 0.0722656 0.100586
0 0.114845 0.960449 0.466309 0.0634766 0.0556641
0 0.121043 0.863281 0.315918 0.0390625 0.0400391
0 0.122133 0.691406 0.528809 0.0449219 0.0576172
0 0.13912 0.630859 0.539551 0.0351562 0.0517578
0 0.144647 0.412109 0.27002 0.0449219 0.0634766
0 0.146991 0.902344 0.455078 0.0214844 0.0351562
0 0.149715 0.755859 0.632812 0.03125 0.0351562
0 0.158356 0.782715 0.467773 0.0166016 0.0253906
0 0.16052 0.992676 0.432129 0.0146484 0.0263672
0 0.163999 0.780762 0.460449 0.0244141 0.0400391
0 0.178583 0.730469 0.62207 0.0332031 0.03125
0 0.182681 0.598633 0.417969 0.0195312 0.0273438
0 0.195045 0.784668 0.449707 0.0419922 0.0458984
0 0.199367 0.366699 0.446289 0.0126953 0.0273438
0 0.213681 0.831055 0.425781 0.0390625 0.0449219
0 0.216782 0.367188 0.495117 0.0136719 0.0253906
0 0.242165 0.799805 0.450684 0.0253906 0.0302734
0 0.246255 0.819336 0.281738 0.0273438 0.0400391
0 0.260926 0.772949 0.506348 0.0166016 0.0224609
0 0.262695 0.908691 0.526367 0.0498047 0.0507812
0 0.281143 0.673828 0.740723 0.0332031 0.0361328
0 0.393469 0.635254 0.459961 0.0791016 0.0605469
0 0.410702 0.465332 0.484375 0.0283203 0.0390625
