0 0.100177 0.228516 0.446777 0.0332031 0.0576172
0 0.102458 0.821289 0.189941 0.0117188 0.0224609
0 0.105454 0.497559 0.0253906 0.0302734 0.0449219
0 0.105927 0.572754 0.23291 0.0126953 0.0224609
0 0.106119 0.11084 0.0639648 0.0126953 0.0205078
0 0.107315 0.233887 0.161133 0.0185547 0.0273438
0 0.108673 0.365723 0.0932617 0.0166016 0.0283203
0 0.11153 0.766113 0.29541 0.0185547 0.0263672
0 0.113465 0.366699 0.734375 0.0205078 0.0292969
0 0.113837 0.8125 0.168945 0.0175781 0.0214844
0 0.113959 0.837402 0.102539 0.0166016 0.0292969
0 0.114158 0.620605 0.243652 0.0224609 0.0361328
0 0.114633 0.64209 0.802734 0.0126953 0.03125
0 0.115805 0.202148 0.478516 0.0273438 0.0429688
0 0.116144 0.439453 0.959473 0.0117188 0.0244141
0 0.116213 0.568848 0.817383 0.0166016 0.0273438
0 0.117704 0.669434 0.876465 0.00878906 0.0244141
0 0.118469 0.81543 0.327148 0.015625 0.0273438
0 0.120823 0.479492 0.134766 0.0273438 0.0410156
0 0.124317 0.753906 0.177246 0.0273438 0.0283203
0 0.125022 0.780762 0.4375 0.0263672 0.0292969
0 0.125134 0.398438 0.675781 0.0136719 0.0195312
0 0.127052 0.858398 0.209961 0.046875 0.0429688
0 0.129229 0.949707 0.254883 0.0244141 0.0410156
0 0.129526 0.609863 0.808105 0.0166016 0.0224609
0 0.129713 0.709473 0.23584 0.0146484 0.0205078
0 0.129906 0.869629 0.223145 0.0439453 0.0224609
0 0.131002 0.876465 0.224121 0.0244141 0.0166016
0 0.132623 0.847656 0.194336 0.0273438 0.0273438
0 0.137913 0.258301 0.0478516 0.0166016 0.0527344
0 0.140077 0.955566 0.242188 0.0380859 0.0546875
0 0.142049 0.45752 0.106445 0.0166016 0.0136719
0 0.143542 0.146973 0.0317383 0.0205078 0.0166016
0 0.144178 0.588379 0.0800781 0.0205078 0.0332031
0 0.14571 0.231445 0.464844 0.0429688 0.0625
0 0.14844 0.438965 0.123047 0.0166016 0.0234375
0 0.148883 0.447754 0.162109 0.0166016 0.0195312
0 0.157386 0.368652 0.015625 0.0224609 0.03125
0 0.159291 0.289062 0.559082 0.0195312 0.0263672
0 0.161295 0.247559 0.489258 0.0205078 0.0253906
0 0.162488 0.462891 0.820312 0.0253906 0.0253906
0 0.163034 0.317383 0.807617 0.0332031 0.0292969
0 0.170855 0.850586 0.495605 0.0390625 0.0498047
0 0.175925 0.401855 0.0244141 0.00878906 0.015625
0 0.178785 0.845703 0.14502 0.0253906 0.0322266
0 0.179793 0.773438 0.0375977 0.0195312 0.0283203
0 0.180421 0.310547 0.0512695 0.0195312 0.0224609
0 0.181709 0.137695 0.152832 0.0195312 0.0361328
0 0.183151 0.784668 0.142578 0.0107422 0.0214844
0 0.189969 0.372559 0.111816 0.0146484 0.0244141
0 0.190278 0.476562 0.179199 0.0371094 0.0595703
0 0.194946 0.816406 0.134277 0.0136719 0.0302734
0 0.195109 0.758301 0.0849609 0.0224609 0.0292969
0 0.195985 0.468262 0.310547 0.0185547 0.0332031
0 0.196319 0.79834 0.109375 0.0146484 0.0214844
0 0.197484 0.77832 0.104004 0.0136719 0.0224609
0 0.201074 0.196289 0.467285 0.0390625 0.0595703
0 0.202372 0.977051 0.345215 0.0380859 0.0458984
0 0.206498 0.298828 0.0229492 0.015625 0.0205078
0 0.211705 0.333496 0.365723 0.0263672 0.0322266
0 0.213738 0.222656 0.410645 0.0253906 0.0283203
0 0.2144 0.630859 0.243164 0.0175781 0.0332031
0 0.217208 0.891602 0.165039 0.0234375 0.0332031
0 0.221992 0.290527 0.518555 0.0224609 0.03125
0 0.229469 0.230957 0.0146484 0.0166016 0.0234375
0 0.233339 0.36377 0.168457 0.0224609 0.0283203
0 0.242282 0.369629 0.103027 0.0185547 0.0361328
0 0.248215 0.547852 0.103027 0.0195312 0.0283203
0 0.251068 0.476562 0.875977 0.0214844 0.0214844
0 0.252915 0.652832 0.98291 0.0263672 0.0302734
0 0.260831 0.466309 0.194336 0.0205078 0.03125
0 0.271141 0.566895 0.234375 0.0185547 0.0214844
0 0.279541 0.113281 0.432129 0.0253906 0.0263672
0 0.293784 0.484863 0.090332 0.0126953 0.0185547
0 0.302059 0.17334 0.0722656 0.0244141 0.0332031
0 0.302578 0.609375 0.148438 0.0214844 0.0214844
0 0.304417 0.597168 0.237305 0.0146484 0.0273438
0 0.310082 0.212891 0.0478516 0.0292969 0.03125
0 0.320347 0.528809 0.316406 0.0205078 0.0234375
0 0.325129 0.408203 0.160156 0.0195312 0.0273438
0 0.354981 0.333496 0.169922 0.0205078 0.0273438
0 0.355678 0.854004 0.255859 0.0302734 0.0253906
0 0.35837 0.700684 0.0166016 0.0185547 0.015625
0 0.3705 0.404297 0.050293 0.0214844 0.0283203
0 0.372191 0.67334 0.229004 0.0205078 0.0322266
0 0.380201 0.845703 0.0668945 0.03125 0.0419922
0 0.413381 0.331055 0.0170898 0.0175781 0.0322266
0 0.433065 0.481934 0.158691 0.0341797 0.0791016
0 0.449491 0.483887 0.0512695 0.0166016 0.0244141
0 0.525749 0.492188 0.0258789 0.0273438 0.0283203
0 0.640999 0.252441 0.265137 0.0380859 0.0439453
0 0.652494 0.519043 0.144043 0.0322266 0.0576172
0 0.660361 0.328613 0.282715 0.0283203 0.0322266
