0 0.10307 0.333496 0.305664 0.0400391 0.0585938
0 0.106407 0.640625 0.28125 0.00976562 0.0136719
0 0.113328 0.327148 0.484863 0.0195312 0.0283203
0 0.122044 0.380371 0.344727 0.0439453 0.0488281
0 0.125495 0.455078 0.342285 0.0410156 0.0302734
0 0.129485 0.788086 0.284668 0.0429688 0.0400391
0 0.129704 0.233398 0.216309 0.0273438 0.0263672
0 0.130619 0.838867 0.218262 0.0429688 0.0478516
0 0.134739 0.479004 0.189453 0.0146484 0.0253906
0 0.136457 0.470703 0.142578 0.0136719 0.0214844
0 0.146261 0.303711 0.220703 0.0136719 0.0234375
0 0.147852 0.326172 0.0585938 0.0253906 0.0351562
0 0.151181 0.340332 0.140137 0.0400391 0.0771484
0 0.160416 0.268555 0.170898 0.015625 0.0195312
0 0.167681 0.148926 0.295898 0.0205078 0.0253906
0 0.171823 0.695312 0.343262 0.0410156 0.0478516
0 0.181313 0.345703 0.297363 0.015625 0.0263672
0 0.19019 0.39209 0.0351562 0.0185547 0.0273438
0 0.19281 0.356934 0.358887 0.0595703 0.0361328
0 0.195658 0.435059 0.407715 0.0341797 0.0556641
0 0.200913 0.441406 0.337891 0.0292969 0.0292969
0 0.204384 0.814941 0.179199 0.0322266 0.0400391
0 0.207738 0.319824 0.631836 0.0361328 0.0527344
0 0.208509 0.709473 0.151367 0.0166016 0.0351562
0 0.217587 0.206055 0.266113 0.046875 0.0498047
0 0.226785 0.336914 0.355957 0.0566406 0.0400391
0 0.231994 0.397949 0.228027 0.0263672 0.0302734
0 0.28413 0.324219 0.348145 0.0253906 0.0263672
0 0.289792 0.460938 0.236328 0.0273438 0.0253906
0 0.294472 0.322754 0.281738 0.0283203 0.0322266
0 0.335474 0.836914 0.285156 0.046875 0.0488281
0 0.449725 0.391113 0.333496 0.0283203 0.0322266
