0 0.100122 0.393066 0.0107422 0.0400391 0.0175781
0 0.100731 0.587402 0.428711 0.0205078 0.0253906
0 0.1012 0.494629 0.136719 0.0537109 0.0410156
0 0.101943 0.0356445 0.342773 0.0576172 0.0585938
0 0.102537 0.491699 0.734375 0.0126953 0.0273438
0 0.103165 0.189453 0.243652 0.0351562 0.0400391
0 0.10344 0.140137 0.237305 0.0439453 0.0703125
0 0.10567 0.26123 0.154297 0.0537109 0.0742188
0 0.106215 0.183594 0.212891 0.0390625 0.0488281
0 0.107041 0.552246 0.559082 0.0185547 0.0302734
0 0.108229 0.373047 0.44043 0.0117188 0.0175781
0 0.108304 0.362793 0.421875 0.0224609 0.0253906
0 0.108558 0.102051 0.703125 0.0146484 0.0273438
0 0.108684 0.090332 0.0844727 0.0400391 0.0537109
0 0.108936 0.46875 0.0556641 0.0292969 0.0390625
0 0.110792 0.458496 0.0551758 0.0361328 0.0517578
0 0.111152 0.0830078 0.160645 0.0351562 0.0439453
0 0.112012 0.34375 0.0566406 0.0410156 0.0488281
0 0.11278 0.483398 0.51416 0.0117188 0.0302734
0 0.112977 0.467285 0.428711 0.00878906 0.015625
0 0.113131 0.135254 0.21582 0.0498047 0.0527344
0 0.122112 0.0712891 0.779297 0.0410156 0.0488281
0 0.125284 0.519043 0.0996094 0.0322266 0.0371094
0 0.12928 0.359863 0.378906 0.0126953 0.0175781
0 0.132875 0.124023 0.592285 0.0136719 0.0166016
0 0.134765 0.0859375 0.346191 0.0527344 0.0419922
0 0.134999 0.268555 0.250488 0.015625 0.0283203
0 0.135173 0.301758 0.0454102 0.0234375 0.0283203
0 0.136075 0.194824 0.0571289 0.0634766 0.0517578
0 0.137153 0.500488 0.141113 0.0263672 0.0283203
0 0.144301 0.239746 0.345215 0.0205078 0.0302734
0 0.146731 0.469727 0.159668 0.0351562 0.0439453
0 0.149403 0.0898438 0.36377 0.0527344 0.0595703
0 0.152786 0.266113 0.301758 0.0439453 0.0429688
0 0.153498 0.115723 0.471191 0.0146484 0.0361328
0 0.154065 0.0898438 0.17627 0.0292969 0.0380859
0 0.161833 0.0600586 0.430176 0.0263672 0.0283203
0 0.162741 0.480469 0.179199 0.0214844 0.0302734
0 0.166563 0.166016 0.342285 0.0214844 0.0439453
0 0.169732 0.299316 0.225098 0.0263672 0.0341797
0 0.171757 0.0712891 0.419434 0.0488281 0.0341797
0 0.171806 0.165527 0.626465 0.0166016 0.0263672
0 0.176285 0.464355 0.218262 0.0380859 0.0439453
0 0.177743 0.291992 0.0473633 0.0410156 0.0419922
0 0.179604 0.373047 0.177734 0.0390625 0.0546875
0 0.182214 0.153809 0.0415039 0.0439453 0.0537109
0 0.187112 0.137207 0.269531 0.0302734 0.0488281
0 0.193191 0.0825195 0.414062 0.0322266 0.0253906
0 0.194638 0.230957 0.806152 0.0361328 0.0751953
0 0.195607 0.308594 0.474609 0.0175781 0.0234375
0 0.199609 0.231934 0.338379 0.0361328 0.0478516
0 0.200666 0.355469 0.0708008 0.0527344 0.0439453
0 0.204372 0.332031 0.394531 0.03125 0.0507812
0 0.206558 0.258301 0.584961 0.0302734 0.0332031
0 0.209668 0.420898 0.0131836 0.0351562 0.0244141
0 0.214258 0.424805 0.168945 0.03125 0.0429688
0 0.219921 0.192383 0.477539 0.0234375 0.0371094
0 0.220415 0.0566406 0.357422 0.0449219 0.0429688
0 0.223529 0.124023 0.172852 0.0214844 0.0234375
0 0.224812 0.31543 0.513672 0.015625 0.0332031
0 0.225387 0.386719 0.115723 0.0488281 0.0322266
0 0.237786 0.254395 0.134277 0.0595703 0.0556641
0 0.241523 0.446289 0.120117 0.0390625 0.046875
0 0.250425 0.0561523 0.947266 0.0361328 0.0390625
0 0.251222 0.0126953 0.325684 0.0253906 0.0380859
0 0.257868 0.193848 0.250488 0.0205078 0.0244141
0 0.258379 0.174805 0.432617 0.0214844 0.03125
0 0.264065 0.0986328 0.379395 0.03125 0.0302734
0 0.273785 0.540039 0.0522461 0.0253906 0.0439453
0 0.274085 0.294922 0.322266 0.0253906 0.0292969
0 0.27498 0.179199 0.109375 0.0478516 0.0449219
0 0.293108 0.356445 0.0239258 0.03125 0.0400391
0 0.303058 0.332031 0.0410156 0.015625 0.0273438
0 0.326911 0.222168 0.255371 0.0185547 0.0302734
0 0.337881 0.4375 0.0649414 0.0371094 0.0576172
0 0.419315 0.32373 0.583008 0.0224609 0.0292969
0 0.444518 0.255371 0.296875 0.0302734 0.0351562
0 0.465403 0.565918 0.51416 0.0537109 0.0458984
0 0.475078 0.110352 0.633789 0.0410156 0.0390625
0 0.50674 0.290527 0.380859 0.0263672 0.0527344
