0 0.100216 0.759766 0.396973 0.015625 0.0283203
0 0.105463 0.207031 0.205566 0.0644531 0.0673828
0 0.135435 0.472168 0.0302734 0.0302734 0.046875
0 0.142121 0.296875 0.459961 0.0136719 0.0214844
0 0.144198 0.386719 0.143066 0.0175781 0.0224609
0 0.152862 0.248535 0.0576172 0.0791016 0.0625
0 0.163978 0.293457 0.234863 0.0263672 0.0341797
0 0.184547 0.509766 0.245605 0.0175781 0.0224609
0 0.194296 0.92041 0.175781 0.0458984 0.046875
0 0.198823 0.69043 0.104492 0.0371094 0.0644531
0 0.20232 0.654297 0.165527 0.0527344 0.0537109
0 0.224653 0.682617 0.588867 0.0195312 0.0214844
0 0.239051 0.475586 0.137695 0.0683594 0.103516
0 0.275952 0.194336 0.191895 0.0546875 0.0634766
0 0.282026 0.230469 0.0893555 0.0273438 0.0302734
0 0.283154 0.29248 0.166016 0.0615234 0.0761719
0 0.314329 0.411133 0.181152 0.0390625 0.0341797
0 0.36778 0.121582 0.0195312 0.0380859 0.0390625
0 0.40266 0.267578 0.0483398 0.0644531 0.0517578
