0 0.101428 0.407715 0.991211 0.0185547 0.0175781
0 0.114228 0.862793 0.680664 0.0244141 0.0390625
0 0.120577 0.38623 0.97168 0.0419922 0.0488281
0 0.124406 0.273926 0.859375 0.0810547 0.158203
0 0.124409 0.70166 0.865723 0.0478516 0.116211
0 0.132962 0.283691 0.986328 0.0205078 0.0234375
0 0.133098 0.240723 0.497559 0.0302734 0.0517578
0 0.134249 0.688477 0.833008 0.0664062 0.0976562
0 0.135432 0.280273 0.80127 0.03125 0.0380859
0 0.140688 0.419434 0.67041 0.0185547 0.0322266
0 0.144202 0.765625 0.836426 0.0488281 0.0537109
0 0.165382 0.89209 0.543945 0.0322266 0.0292969
0 0.167012 0.10498 0.540039 0.0771484 0.0761719
0 0.172174 0.804199 0.344238 0.0166016 0.0224609
0 0.189061 0.701172 0.888672 0.0371094 0.0664062
0 0.191699 0.15918 0.538574 0.0390625 0.0556641
0 0.198041 0.172363 0.212891 0.0458984 0.0742188
0 0.221516 0.360352 0.605469 0.0273438 0.0371094
0 0.243218 0.32666 0.574707 0.0146484 0.0283203
0 0.256648 0.559082 0.724609 0.0244141 0.0332031
0 0.257147 0.349121 0.705078 0.0244141 0.0332031
0 0.281811 0.29541 0.67041 0.0283203 0.0458984
0 0.284907 0.325195 0.707031 0.0175781 0.0292969
0 0.285002 0.276855 0.791992 0.0224609 0.0292969
0 0.29584 0.416504 0.939941 0.0419922 0.0498047
0 0.329712 0.449219 0.63623 0.03125 0.0419922
0 0.370689 0.588867 0.888184 0.0332031 0.0556641
0 0.376479 0.340332 0.966309 0.0458984 0.0595703
0 0.392564 0.84082 0.549316 0.117188 0.0888672
0 0.392589 0.310547 0.621094 0.0273438 0.0332031
0 0.406163 0.334961 0.640625 0.0195312 0.0234375
