0 0.101471 0.468262 0.012207 0.0146484 0.0244141
0 0.106017 0.293457 0.223633 0.0185547 0.0214844
0 0.107187 0.165527 0.0253906 0.0166016 0.0292969
0 0.108492 0.375488 0.420898 0.0205078 0.0292969
0 0.10869 0.26123 0.0234375 0.0244141 0.0390625
0 0.110703 0.436035 0.127441 0.0283203 0.0419922
0 0.111129 0.291016 0.0107422 0.0175781 0.0214844
0 0.112748 0.159668 0.0571289 0.0126953 0.0185547
0 0.113472 0.754395 0.262207 0.0537109 0.0673828
0 0.114848 0.342285 0.0302734 0.0146484 0.0273438
0 0.116242 0.46582 0.201172 0.0253906 0.0332031
0 0.116703 0.343262 0.547852 0.0224609 0.0234375
0 0.117447 0.695801 0.291504 0.0478516 0.0498047
0 0.11767 0.42334 0.259277 0.0205078 0.0263672
0 0.119117 0.46582 0.542969 0.0410156 0.0390625
0 0.120771 0.250488 0.392578 0.0224609 0.0234375
0 0.121558 0.188965 0.0219727 0.0244141 0.0341797
0 0.123601 0.806152 0.217773 0.0224609 0.0410156
0 0.124359 0.876465 0.470215 0.0400391 0.0517578
0 0.128159 0.13623 0.601562 0.0146484 0.0292969
0 0.131269 0.405762 0.299805 0.0146484 0.0195312
0 0.133787 0.956055 0.385254 0.0253906 0.0302734
0 0.135149 0.52832 0.136719 0.0117188 0.0195312
0 0.137233 0.544434 0.0488281 0.0244141 0.0273438
0 0.138103 0.321777 0.128418 0.0146484 0.0283203
0 0.139468 0.213379 0.140625 0.0341797 0.0449219
0 0.143948 0.833984 0.444824 0.0351562 0.0419922
0 0.148175 0.222168 0.0141602 0.0244141 0.0244141
0 0.149697 0.246094 0.145508 0.015625 0.0292969
0 0.151891 0.103027 0.239258 0.0302734 0.0292969
0 0.15548 0.223633 0.314941 0.03125 0.0439453
0 0.157647 0.250977 0.0336914 0.0136719 0.0283203
0 0.160727 0.287598 0.00976562 0.0126953 0.015625
0 0.163467 0.300293 0.381836 0.0126953 0.0253906
0 0.170381 0.811523 0.300781 0.0214844 0.0273438
0 0.182849 0.44043 0.623047 0.0351562 0.0488281
0 0.188154 0.676758 0.390625 0.03125 0.0214844
0 0.203576 0.819336 0.403809 0.0234375 0.0322266
0 0.211097 0.154297 0.151367 0.0429688 0.0410156
0 0.211625 0.357422 0.361328 0.0234375 0.0390625
0 0.215019 0.355957 0.0244141 0.0146484 0.0234375
0 0.217694 0.324707 0.00927734 0.0224609 0.0185547
0 0.228272 0.262695 0.0146484 0.015625 0.0253906
0 0.228729 0.389648 0.553223 0.0566406 0.0439453
0 0.229331 0.17041 0.0175781 0.0283203 0.0351562
0 0.240381 0.498047 0.407227 0.0117188 0.0253906
0 0.281922 0.832031 0.0629883 0.03125 0.0517578
0 0.295292 0.419922 0.439941 0.0253906 0.0322266
0 0.30997 0.676758 0.236816 0.0273438 0.0263672
0 0.311706 0.86084 0.189941 0.0322266 0.0595703
0 0.327934 0.375488 0.0532227 0.0224609 0.0302734
0 0.327988 0.302734 0.0966797 0.0195312 0.0351562
0 0.328904 0.392578 0.125 0.0234375 0.0292969
0 0.333686 0.410156 0.345215 0.0175781 0.0244141
0 0.336031 0.944336 0.272949 0.0332031 0.0419922
0 0.359255 0.460449 0.193848 0.0322266 0.0537109
0 0.378501 0.469238 0.446289 0.0302734 0.0410156
0 0.3816 0.325195 0.184082 0.0292969 0.0322266
0 0.381629 0.17627 0.097168 0.0244141 0.0419922
0 0.51264 0.123047 0.0175781 0.0507812 0.0332031
