0 0.102541 0.418945 0.0263672 0.0351562 0.0410156
0 0.119142 0.454102 0.0283203 0.0214844 0.0371094
0 0.119555 0.29541 0.0244141 0.0615234 0.0488281
0 0.119589 0.191406 0.364258 0.0410156 0.0429688
0 0.120794 0.428711 0.0239258 0.0175781 0.0380859
0 0.12311 0.510742 0.0419922 0.0605469 0.0585938
0 0.12437 0.558105 0.123535 0.0166016 0.0322266
0 0.124435 0.594238 0.107422 0.0244141 0.0273438
0 0.124791 0.595703 0.720215 0.0390625 0.0732422
0 0.125362 0.383789 0.322266 0.0175781 0.0273438
0 0.131604 0.47998 0.13623 0.0693359 0.0673828
0 0.134867 0.391602 0.123535 0.0273438 0.0517578
0 0.149502 0.320801 0.839844 0.0263672 0.0351562
0 0.151827 0.510742 0.154297 0.0351562 0.0292969
0 0.152277 0.182617 0.280273 0.015625 0.0195312
0 0.152765 0.540527 0.0444336 0.0244141 0.0478516
0 0.171785 0.495605 0.229004 0.0322266 0.0400391
0 0.210441 0.488281 0.162598 0.0585938 0.0439453
0 0.215062 0.569336 0.635254 0.0253906 0.0263672
0 0.230434 0.469727 0.120605 0.0507812 0.0439453
0 0.230977 0.333984 0.340332 0.0234375 0.0498047
0 0.275072 0.308105 0.0322266 0.0380859 0.0488281
0 0.315119 0.235352 0.157227 0.0332031 0.03125
0 0.523334 0.55957 0.223633 0.046875 0.0527344
