0 0.100502 0.816406 0.0209961 0.0683594 0.0400391
0 0.100519 0.289551 0.156738 0.0263672 0.0439453
0 0.100607 0.578125 0.0327148 0.117188 0.0615234
0 0.101819 0.443848 0.474609 0.0244141 0.0292969
0 0.102123 0.377441 0.890137 0.0205078 0.0361328
0 0.102411 0.666992 0.0151367 0.0625 0.0263672
0 0.103208 0.618164 0.581543 0.0117188 0.0185547
0 0.103276 0.581055 0.0444336 0.0332031 0.0478516
0 0.103649 0.171387 0.128906 0.0146484 0.0351562
0 0.105805 0.263184 0.904785 0.0185547 0.0224609
0 0.105992 0.659668 0.834961 0.0283203 0.0488281
0 0.107948 0.367188 0.964355 0.0136719 0.0302734
0 0.108006 0.791504 0.966309 0.0556641 0.0595703
0 0.108102 0.71875 0.0942383 0.0488281 0.0634766
0 0.109582 0.706055 0.533691 0.0605469 0.0595703
0 0.109977 0.36084 0.316895 0.0244141 0.0322266
0 0.111639 0.462891 0.983887 0.0195312 0.0302734
0 0.113994 0.113281 0.159668 0.0273438 0.0283203
0 0.11402 0.162109 0.255371 0.0292969 0.0595703
0 0.114553 0.302734 0.145508 0.015625 0.0429688
0 0.116786 0.135742 0.897461 0.0332031 0.0488281
0 0.11764 0.617188 0.0478516 0.0761719 0.0683594
0 0.118118 0.123535 0.339355 0.0302734 0.0400391
0 0.118466 0.452637 0.0551758 0.0380859 0.0380859
0 0.118856 0.370117 0.328125 0.0273438 0.0390625
0 0.119506 0.413086 0.665039 0.0175781 0.0234375
0 0.120079 0.585938 0.519531 0.015625 0.0351562
0 0.120719 0.119629 0.380859 0.0185547 0.0273438
0 0.12164 0.368164 0.0585938 0.0292969 0.0703125
0 0.121853 0.457031 0.382812 0.0175781 0.0410156
0 0.12198 0.380371 0.668945 0.0205078 0.0214844
0 0.122033 0.280762 0.854492 0.0556641 0.0742188
0 0.123038 0.160156 0.336426 0.0410156 0.0576172
0 0.123744 0.383789 0.922852 0.0175781 0.0195312
0 0.124795 0.712402 0.0219727 0.0751953 0.0400391
0 0.124916 0.00732422 0.253906 0.0146484 0.0410156
0 0.127805 0.329102 0.44873 0.00976562 0.0185547
0 0.129 0.189453 0.187012 0.0195312 0.0302734
0 0.132232 0.110352 0.714844 0.0507812 0.0527344
0 0.134366 0.67041 0.577148 0.0224609 0.0351562
0 0.134725 0.493652 0.146484 0.0263672 0.0332031
0 0.136421 0.351562 0.737793 0.00976562 0.0166016
0 0.136927 0.242188 0.362793 0.0449219 0.0419922
0 0.138256 0.227539 0.0888672 0.0625 0.0800781
0 0.138803 0.102051 0.396973 0.0205078 0.0400391
0 0.140501 0.383789 0.288574 0.0195312 0.0361328
0 0.145727 0.381348 0.396484 0.0244141 0.0371094
0 0.148078 0.663574 0.0629883 0.0341797 0.0576172
0 0.15059 0.0839844 0.319336 0.0429688 0.0410156
0 0.151909 0.132812 0.223633 0.0273438 0.0507812
0 0.152724 0.541504 0.426758 0.0322266 0.03125
0 0.155638 0.356934 0.438965 0.00878906 0.0205078
0 0.156082 0.140137 0.479492 0.0263672 0.0332031
0 0.161441 0.230469 0.291016 0.0214844 0.0488281
0 0.165006 0.292969 0.397461 0.015625 0.03125
0 0.165454 0.405273 0.337402 0.0195312 0.0244141
0 0.165597 0.388184 0.0185547 0.0595703 0.0371094
0 0.169108 0.432617 0.15918 0.0625 0.0703125
0 0.169659 0.244141 0.113281 0.0449219 0.0507812
0 0.169802 0.22998 0.203125 0.0166016 0.0371094
0 0.172991 0.256836 0.121582 0.0273438 0.0302734
0 0.174908 0.17334 0.964355 0.0419922 0.0654297
0 0.175409 0.296387 0.115234 0.0283203 0.046875
0 0.177033 0.297852 0.134766 0.0253906 0.0546875
0 0.181742 0.166504 0.237793 0.0302734 0.0478516
0 0.18239 0.375488 0.337402 0.0185547 0.0283203
0 0.18876 0.378906 0.270996 0.0117188 0.0185547
0 0.189682 0.555176 0.0375977 0.0439453 0.0478516
0 0.194095 0.300781 0.302734 0.0273438 0.0332031
0 0.198013 0.520508 0.170898 0.0273438 0.0351562
0 0.201034 0.453125 0.351562 0.0117188 0.0234375
0 0.203893 0.32373 0.177246 0.0185547 0.0283203
0 0.21208 0.222656 0.0146484 0.0234375 0.0292969
0 0.214487 0.124512 0.434082 0.0146484 0.0322266
0 0.214735 0.379883 0.0668945 0.0546875 0.0888672
0 0.218279 0.484863 0.216309 0.0244141 0.0283203
0 0.219474 0.555664 0.03125 0.0175781 0.0429688
0 0.223935 0.594238 0.0395508 0.0595703 0.0634766
0 0.230488 0.297363 0.124512 0.0185547 0.0322266
0 0.235517 0.468262 0.313965 0.0439453 0.0302734
0 0.236506 0.600586 0.0170898 0.0273438 0.0322266
0 0.237365 0.626465 0.646484 0.0244141 0.0332031
0 0.237625 0.428223 0.743164 0.0283203 0.0332031
0 0.239204 0.379395 0.27832 0.0185547 0.0390625
0 0.239465 0.525879 0.219727 0.0478516 0.0683594
0 0.241507 0.197266 0.395996 0.0332031 0.0419922
0 0.241541 0.553711 0.121094 0.0351562 0.0546875
0 0.246838 0.333496 0.35791 0.0263672 0.0302734
0 0.257932 0.321777 0.0229492 0.0341797 0.0380859
0 0.272366 0.736328 0.354004 0.0527344 0.0458984
0 0.276797 0.278809 0.0605469 0.0205078 0.046875
0 0.279462 0.422852 0.360352 0.0195312 0.0273438
0 0.280638 0.30957 0.296387 0.0175781 0.0341797
0 0.287713 0.629395 0.0615234 0.0400391 0.046875
0 0.292743 0.422363 0.991211 0.0185547 0.015625
0 0.29896 0.630859 0.501953 0.0273438 0.0332031
0 0.301754 0.398438 0.185547 0.0214844 0.0273438
0 0.301862 0.510254 0.102051 0.0205078 0.0380859
0 0.305648 0.35791 0.307129 0.0224609 0.0263672
0 0.308061 0.288086 0.309082 0.015625 0.0341797
0 0.308805 0.581055 0.662109 0.046875 0.0449219
0 0.31073 0.591309 0.876953 0.0283203 0.0253906
0 0.310798 0.0668945 0.643555 0.0224609 0.0332031
0 0.323165 0.453613 0.786133 0.0205078 0.0292969
0 0.324775 0.0805664 0.535645 0.0263672 0.0419922
0 0.332793 0.592285 0.141602 0.0283203 0.0371094
0 0.336895 0.483398 0.0830078 0.0273438 0.0351562
0 0.336949 0.14502 0.904785 0.0263672 0.0458984
0 0.341632 0.362305 0.191895 0.0253906 0.0400391
0 0.343857 0.28125 0.169922 0.0371094 0.0527344
0 0.363255 0.299805 0.240234 0.0273438 0.0273438
0 0.37277 0.186523 0.866699 0.0234375 0.0634766
0 0.377641 0.227051 0.0703125 0.0478516 0.0488281
0 0.378224 0.338867 0.251465 0.0273438 0.0283203
0 0.386029 0.583008 0.529785 0.0214844 0.0439453
0 0.461056 0.303711 0.0888672 0.0371094 0.0507812
0 0.466492 0.337891 0.163574 0.03125 0.0498047
0 0.483012 0.442383 0.0585938 0.0644531 0.0527344
0 0.524564 0.530273 0.0327148 0.0351562 0.0458984
0 0.569299 0.544922 0.0668945 0.03125 0.0380859
