0 0.101152 0.415527 0.265625 0.0146484 0.0195312
0 0.102028 0.588379 0.30127 0.0166016 0.0302734
0 0.104713 0.951172 0.240234 0.03125 0.0625
0 0.106848 0.470703 0.285156 0.0117188 0.015625
0 0.10739 0.492676 0.027832 0.0224609 0.0458984
0 0.109223 0.478027 0.374512 0.0126953 0.0224609
0 0.110878 0.780273 0.283691 0.00976562 0.0244141
0 0.112946 0.746094 0.314941 0.0253906 0.0244141
0 0.113661 0.291992 0.0258789 0.0253906 0.0341797
0 0.116798 0.447754 0.286621 0.00878906 0.0185547
0 0.117258 0.460449 0.605957 0.0146484 0.0361328
0 0.11867 0.560547 0.364746 0.0214844 0.0302734
0 0.121755 0.507812 0.0966797 0.0175781 0.0292969
0 0.124825 0.577148 0.177246 0.0332031 0.0439453
0 0.127859 0.242676 0.282227 0.0205078 0.0273438
0 0.130345 0.302246 0.202148 0.0166016 0.0136719
0 0.131096 0.451172 0.121094 0.0332031 0.0292969
0 0.134253 0.39502 0.137207 0.0126953 0.0205078
0 0.137112 0.128418 0.62793 0.0205078 0.0253906
0 0.140386 0.722168 0.26123 0.0244141 0.0400391
0 0.143214 0.764648 0.0395508 0.0664062 0.0791016
0 0.143725 0.110352 0.239746 0.0332031 0.0341797
0 0.149612 0.697266 0.583008 0.0195312 0.0253906
0 0.150187 0.224609 0.0825195 0.0136719 0.0205078
0 0.154697 0.345703 0.162598 0.0117188 0.0166016
0 0.163168 0.407715 0.219727 0.0107422 0.0175781
0 0.169348 0.279785 0.119141 0.0302734 0.0332031
0 0.179544 0.412109 0.0209961 0.0234375 0.0244141
0 0.182354 0.347168 0.283691 0.0263672 0.0302734
0 0.182412 0.365234 0.0444336 0.0195312 0.0205078
0 0.197093 0.529297 0.251465 0.0117188 0.0205078
0 0.205845 0.493652 0.228516 0.0126953 0.015625
0 0.211282 0.224609 0.0322266 0.0253906 0.0351562
0 0.212698 0.439941 0.124023 0.0341797 0.0390625
0 0.222625 0.273926 0.123535 0.0166016 0.0244141
0 0.230866 0.490234 0.100586 0.0195312 0.0234375
0 0.245529 0.495117 0.30957 0.0175781 0.0175781
0 0.252299 0.286133 0.108887 0.0292969 0.0498047
0 0.253835 0.431152 0.133301 0.0263672 0.0244141
0 0.254334 0.388672 0.190918 0.0136719 0.0263672
0 0.276347 0.359863 0.21875 0.0126953 0.0175781
0 0.30809 0.416504 0.183105 0.0126953 0.0283203
0 0.317586 0.447754 0.181152 0.0185547 0.0205078
0 0.326534 0.53418 0.125488 0.0195312 0.0244141
0 0.331963 0.246094 0.101562 0.015625 0.0273438
0 0.332967 0.439453 0.333496 0.0117188 0.0302734
0 0.403296 0.396484 0.102539 0.0195312 0.0371094
0 0.426215 0.342285 0.376465 0.0263672 0.0244141
