0 0.100048 0.0683594 0.80957 0.046875 0.0742188
0 0.101061 0.143066 0.449707 0.0556641 0.0537109
0 0.105315 0.635742 0.251465 0.0488281 0.0634766
0 0.141837 0.106445 0.869629 0.0351562 0.0439453
0 0.150546 0.498047 0.648438 0.0390625 0.0546875
0 0.152599 0.667969 0.462891 0.0214844 0.0234375
0 0.223894 0.71875 0.977539 0.0390625 0.0371094
0 0.235311 0.591797 0.384766 0.0214844 0.0234375
0 0.255747 0.660645 0.96582 0.0224609 0.0449219
0 0.283351 0.144531 0.510742 0.046875 0.0429688
0 0.310088 0.16748 0.97998 0.0400391 0.0400391
0 0.319739 0.515625 0.740723 0.0371094 0.0712891
0 0.325144 0.421387 0.777832 0.0673828 0.0537109
0 0.331725 0.453613 0.701172 0.0341797 0.0566406
0 0.401594 0.437988 0.54541 0.0166016 0.0322266
0 0.483382 0.119629 0.559082 0.0498047 0.0478516
