0 0.107597 0.664551 0.402344 0.0458984 0.0351562
0 0.108215 0.490723 0.132324 0.0126953 0.0185547
0 0.111051 0.747559 0.447266 0.0107422 0.0195312
0 0.114827 0.311035 0.687012 0.0166016 0.0302734
0 0.11857 0.277344 0.168457 0.0136719 0.0302734
0 0.12742 0.92627 0.0561523 0.0419922 0.0439453
0 0.130962 0.786133 0.145508 0.0332031 0.0371094
0 0.13272 0.423828 0.171875 0.0449219 0.0722656
0 0.133966 0.616211 0.980957 0.0449219 0.0341797
0 0.136518 0.692383 0.0605469 0.015625 0.0195312
0 0.140058 0.786133 0.859375 0.015625 0.0292969
0 0.142549 0.921387 0.15625 0.0302734 0.03125
0 0.147653 0.941895 0.10498 0.0263672 0.0341797
0 0.149765 0.672852 0.100586 0.0214844 0.0273438
0 0.151721 0.867676 0.17041 0.0439453 0.0576172
0 0.176047 0.782227 0.446777 0.0136719 0.0244141
0 0.178117 0.361328 0.0351562 0.0449219 0.0449219
0 0.191239 0.806641 0.253906 0.0195312 0.0234375
0 0.194872 0.635254 0.0922852 0.0224609 0.0224609
0 0.211357 0.681641 0.266602 0.0449219 0.0390625
0 0.213002 0.75293 0.442871 0.015625 0.0224609
0 0.247225 0.356934 0.162598 0.0517578 0.0712891
0 0.289948 0.781738 0.864258 0.0263672 0.0351562
0 0.40805 0.42041 0.197266 0.0302734 0.0332031
