0 0.102018 0.476562 0.492188 0.0351562 0.0488281
0 0.102089 0.346191 0.257324 0.0185547 0.0322266
0 0.102462 0.37793 0.245605 0.0253906 0.0283203
0 0.105879 0.39502 0.212402 0.0146484 0.0380859
0 0.106657 0.411133 0.0727539 0.0195312 0.0224609
0 0.112923 0.657715 0.818359 0.0126953 0.0234375
0 0.113965 0.0488281 0.313965 0.046875 0.0537109
0 0.114705 0.453125 0.572754 0.015625 0.0185547
0 0.121712 0.303711 0.411133 0.0195312 0.0292969
0 0.122788 0.297363 0.333496 0.0166016 0.0166016
0 0.125119 0.348633 0.205566 0.015625 0.0244141
0 0.125341 0.20459 0.25293 0.0263672 0.0449219
0 0.126585 0.594727 0.0532227 0.0175781 0.0166016
0 0.12736 0.199707 0.195801 0.0263672 0.0263672
0 0.128115 0.399902 0.291992 0.0205078 0.0195312
0 0.128332 0.231445 0.167969 0.0351562 0.0371094
0 0.130254 0.307617 0.318359 0.0273438 0.0332031
0 0.131624 0.299805 0.333008 0.0273438 0.0234375
0 0.133073 0.416992 0.163574 0.0273438 0.0263672
0 0.133786 0.233887 0.104004 0.0205078 0.0341797
0 0.135332 0.207031 0.0878906 0.0136719 0.0214844
0 0.136011 0.442871 0.0498047 0.0302734 0.0332031
0 0.138621 0.187012 0.30957 0.0146484 0.0292969
0 0.143978 0.313477 0.572754 0.0410156 0.0498047
0 0.144928 0.331543 0.288574 0.0302734 0.0224609
0 0.145666 0.341797 0.32959 0.03125 0.0302734
0 0.146069 0.291016 0.405762 0.0371094 0.0419922
0 0.146484 0.28418 0.110352 0.0273438 0.046875
0 0.14833 0.361816 0.22998 0.0224609 0.0400391
0 0.152831 0.287109 0.397461 0.0234375 0.0253906
0 0.153454 0.340332 0.291992 0.0283203 0.0253906
0 0.156443 0.168457 0.104492 0.0224609 0.0273438
0 0.162265 0.883301 0.152344 0.0478516 0.0664062
0 0.173366 0.465332 0.279785 0.0146484 0.0263672
0 0.173495 0.44873 0.0390625 0.0439453 0.0546875
0 0.177582 0.344238 0.325195 0.0185547 0.0234375
0 0.186821 0.255859 0.181641 0.0136719 0.0214844
0 0.203237 0.380859 0.027832 0.0273438 0.0400391
0 0.210835 0.390137 0.0805664 0.0244141 0.0341797
0 0.223073 0.367676 0.243652 0.0185547 0.0400391
0 0.226547 0.478027 0.161621 0.0419922 0.0439453
0 0.248698 0.385254 0.0834961 0.0126953 0.0283203
0 0.335417 0.404297 0.0751953 0.0292969 0.0332031
0 0.399353 0.316895 0.230469 0.0302734 0.0390625
0 0.410242 0.384277 0.143066 0.0302734 0.0341797
0 0.603181 0.108887 0.209961 0.0498047 0.0292969
