0 0.108206 0.257812 0.706543 0.046875 0.0615234
0 0.121121 0.318848 0.0771484 0.104492 0.0957031
0 0.13349 0.662598 0.478516 0.0302734 0.0390625
0 0.136729 0.339844 0.0625 0.0585938 0.0859375
0 0.137663 0.473145 0.939941 0.0439453 0.0732422
0 0.165577 0.27832 0.10791 0.0351562 0.0419922
0 0.168232 0.379883 0.81543 0.015625 0.0371094
0 0.170133 0.192871 0.764648 0.0380859 0.0488281
0 0.173151 0.557129 0.944824 0.0732422 0.0634766
0 0.181409 0.611328 0.960938 0.0292969 0.046875
0 0.185271 0.307617 0.157227 0.0351562 0.0371094
0 0.189674 0.17041 0.694824 0.0908203 0.0537109
0 0.211419 0.342773 0.747559 0.046875 0.0478516
0 0.253419 0.269531 0.0786133 0.0664062 0.0986328
0 0.254828 0.407715 0.990234 0.0166016 0.0175781
0 0.362314 0.432617 0.809082 0.03125 0.0439453
0 0.371191 0.208496 0.232422 0.0556641 0.0546875
