0 0.100225 0.629883 0.118164 0.0175781 0.0253906
0 0.100296 0.27002 0.0175781 0.0361328 0.0332031
0 0.100904 0.469238 0.322266 0.0224609 0.0253906
0 0.101016 0.868652 0.259277 0.0302734 0.0439453
0 0.101384 0.45752 0.0610352 0.0126953 0.0224609
0 0.102241 0.382812 0.241699 0.0253906 0.0302734
0 0.102632 0.437988 0.00878906 0.0166016 0.0175781
0 0.104602 0.441406 0.0390625 0.0195312 0.0292969
0 0.104759 0.505859 0.260254 0.0117188 0.0185547
0 0.105459 0.335449 0.320801 0.0126953 0.0263672
0 0.106203 0.332031 0.332031 0.0214844 0.0371094
0 0.106845 0.345703 0.186035 0.015625 0.0302734
0 0.107434 0.377441 0.231445 0.0244141 0.0253906
0 0.107956 0.440918 0.884766 0.0283203 0.046875
0 0.108433 0.346191 0.33252 0.0302734 0.0361328
0 0.109823 0.421875 0.467285 0.03125 0.0263672
0 0.111284 0.231445 0.270996 0.0371094 0.0654297
0 0.114574 0.390625 0.242676 0.0195312 0.0283203
0 0.115589 0.406738 0.393066 0.0244141 0.0380859
0 0.115922 0.311035 0.439941 0.0166016 0.0302734
0 0.117312 0.302246 0.0336914 0.0458984 0.0595703
0 0.117396 0.272949 0.431152 0.0146484 0.0263672
0 0.118652 0.34375 0.0776367 0.0136719 0.0302734
0 0.120243 0.383789 0.112305 0.0332031 0.0761719
0 0.121613 0.71875 0.132324 0.0234375 0.0263672
0 0.122771 0.160645 0.443848 0.0263672 0.0322266
0 0.123168 0.28125 0.163086 0.0136719 0.0292969
0 0.124866 0.72168 0.241699 0.0214844 0.0185547
0 0.126049 0.750977 0.316895 0.0214844 0.0361328
0 0.126953 0.737793 0.21582 0.0302734 0.0429688
0 0.127104 0.178711 0.412109 0.0507812 0.0527344
0 0.127847 0.555176 0.375 0.0263672 0.0351562
0 0.128201 0.408691 0.416992 0.0185547 0.0253906
0 0.128348 0.301758 0.223633 0.0136719 0.0273438
0 0.12868 0.32373 0.0571289 0.0185547 0.0283203
0 0.12911 0.416016 0.142578 0.0214844 0.0351562
0 0.129908 0.960938 0.381836 0.0585938 0.0410156
0 0.131976 0.350586 0.454102 0.0117188 0.0273438
0 0.132536 0.455078 0.212891 0.0234375 0.0273438
0 0.133417 0.734375 0.233887 0.03125 0.0263672
0 0.137553 0.391602 0.289062 0.0136719 0.0214844
0 0.13779 0.380859 0.372559 0.0117188 0.0185547
0 0.141433 0.453613 0.277344 0.0126953 0.0195312
0 0.14275 0.879883 0.309082 0.0136719 0.0205078
0 0.142828 0.791016 0.37207 0.0351562 0.0273438
0 0.142952 0.479004 0.313965 0.0126953 0.0205078
0 0.143032 0.255859 0.0307617 0.046875 0.0537109
0 0.143437 0.498535 0.352051 0.0166016 0.0185547
0 0.143957 0.449219 0.38623 0.0175781 0.0224609
0 0.144533 0.477539 0.0952148 0.015625 0.0185547
0 0.14549 0.520508 0.328125 0.0175781 0.03125
0 0.145678 0.743652 0.228027 0.0244141 0.0224609
0 0.149548 0.391602 0.429688 0.015625 0.0195312
0 0.149586 0.304199 0.186523 0.0126953 0.0273438
0 0.151783 0.380371 0.133301 0.0224609 0.0322266
0 0.152351 0.347168 0.342773 0.0244141 0.0253906
0 0.154391 0.682129 0.177246 0.0185547 0.0556641
0 0.160307 0.291992 0.342773 0.0273438 0.046875
0 0.1625 0.857422 0.331543 0.0195312 0.0146484
0 0.165543 0.428711 0.495605 0.0175781 0.0244141
0 0.166959 0.353516 0.00927734 0.0175781 0.0166016
0 0.168395 0.720215 0.275879 0.00683594 0.0205078
0 0.168775 0.210449 0.581543 0.0244141 0.0419922
0 0.169035 0.295898 0.0336914 0.0214844 0.0556641
0 0.169156 0.225098 0.373535 0.0166016 0.0205078
0 0.169928 0.293457 0.123047 0.0107422 0.0253906
0 0.172426 0.407715 0.173828 0.0166016 0.0195312
0 0.177277 0.743652 0.15918 0.0146484 0.0175781
0 0.178871 0.46875 0.388184 0.0175781 0.0322266
0 0.180286 0.491211 0.152344 0.0117188 0.0234375
0 0.181564 0.10498 0.219727 0.0439453 0.0644531
0 0.181668 0.369141 0.225586 0.0136719 0.0214844
0 0.184107 0.352051 0.152344 0.0146484 0.0195312
0 0.186528 0.918457 0.351074 0.0185547 0.0185547
0 0.187656 0.243164 0.0209961 0.0527344 0.0400391
0 0.188062 0.817383 0.166016 0.0214844 0.0390625
0 0.188431 0.305176 0.21875 0.00878906 0.0214844
0 0.189131 0.919434 0.17334 0.0205078 0.0244141
0 0.193482 0.291992 0.0844727 0.0175781 0.0205078
0 0.194126 0.733887 0.205566 0.0185547 0.0263672
0 0.195124 0.319336 0.172363 0.0214844 0.0322266
0 0.198986 0.345703 0.126465 0.0234375 0.0439453
0 0.199553 0.420898 0.160645 0.0214844 0.0283203
0 0.200774 0.430664 0.463867 0.0195312 0.0175781
0 0.201768 0.399902 0.0288086 0.0166016 0.0478516
0 0.203264 0.429199 0.245605 0.0185547 0.0185547
0 0.203846 0.370605 0.402344 0.00878906 0.0292969
0 0.20654 0.256836 0.244141 0.0234375 0.0390625
0 0.212254 0.74707 0.309082 0.0214844 0.0283203
0 0.215737 0.442871 0.386719 0.0185547 0.0195312
0 0.220995 0.632812 0.189453 0.0136719 0.0175781
0 0.221205 0.841309 0.350586 0.0146484 0.0195312
0 0.224547 0.404785 0.302246 0.0146484 0.0185547
0 0.231285 0.463867 0.158691 0.0195312 0.0263672
0 0.233283 0.358887 0.328613 0.0361328 0.0419922
0 0.239145 0.365234 0.0654297 0.0273438 0.0507812
0 0.239642 0.84375 0.548828 0.0292969 0.0292969
0 0.24029 0.431641 0.100586 0.0332031 0.0253906
0 0.240697 0.314453 0.0844727 0.015625 0.0224609
0 0.248571 0.228516 0.860352 0.015625 0.0253906
0 0.249246 0.462402 0.331055 0.0244141 0.0253906
0 0.250483 0.441895 0.327637 0.0107422 0.0244141
0 0.251153 0.42334 0.216797 0.0166016 0.0273438
0 0.252991 0.472168 0.286621 0.0126953 0.0244141
0 0.255749 0.441895 0.256836 0.0146484 0.0234375
0 0.257914 0.500488 0.302246 0.00878906 0.0166016
0 0.293374 0.339844 0.244141 0.0234375 0.0234375
0 0.295274 0.443848 0.30127 0.0126953 0.0205078
0 0.30887 0.353027 0.14209 0.0166016 0.0400391
0 0.355823 0.105469 0.142578 0.0449219 0.0488281
0 0.373069 0.294434 0.23291 0.0166016 0.0341797
0 0.387853 0.551758 0.382324 0.0195312 0.0224609
0 0.409525 0.663574 0.0664062 0.0263672 0.0273438
0 0.428158 0.230957 0.0791016 0.0146484 0.0351562
0 0.463209 0.253418 0.104492 0.0166016 0.03125
0 0.535307 0.230957 0.290527 0.0322266 0.0498047
0 0.551358 0.333496 0.111816 0.0146484 0.0361328
