0 0.102617 0.32666 0.0698242 0.00878906 0.0166016
0 0.10477 0.351562 0.167969 0.0175781 0.0273438
0 0.10598 0.215332 0.0307617 0.0595703 0.0595703
0 0.107006 0.0693359 0.116699 0.0585938 0.0478516
0 0.11396 0.381836 0.361816 0.0117188 0.0166016
0 0.114098 0.555176 0.0102539 0.0302734 0.0205078
0 0.118462 0.316406 0.480469 0.00976562 0.0136719
0 0.119137 0.472656 0.0961914 0.0117188 0.0224609
0 0.12031 0.30957 0.385742 0.015625 0.015625
0 0.120716 0.420898 0.0830078 0.0195312 0.0351562
0 0.123418 0.461426 0.0463867 0.0107422 0.0185547
0 0.127067 0.730469 0.0209961 0.0371094 0.0361328
0 0.127742 0.34375 0.470703 0.0136719 0.0175781
0 0.127909 0.474609 0.113281 0.0136719 0.0214844
0 0.128642 0.799316 0.0449219 0.0341797 0.0644531
0 0.129373 0.749023 0.343262 0.0214844 0.0341797
0 0.13039 0.385254 0.0317383 0.0185547 0.0556641
0 0.13644 0.162109 0.135254 0.0546875 0.0517578
0 0.140168 0.27002 0.0371094 0.0322266 0.0449219
0 0.141464 0.412109 0.217773 0.0390625 0.0488281
0 0.143409 0.20459 0.146484 0.0322266 0.0371094
0 0.144125 0.48584 0.0776367 0.0126953 0.0224609
0 0.145785 0.233398 0.57959 0.0117188 0.0263672
0 0.148178 0.350098 0.756348 0.0244141 0.0341797
0 0.15029 0.181641 0.623047 0.0488281 0.0761719
0 0.151575 0.49707 0.227051 0.0175781 0.0283203
0 0.152471 0.47168 0.110352 0.0195312 0.0332031
0 0.172143 0.54834 0.00830078 0.0205078 0.0166016
0 0.188692 0.249512 0.79834 0.0458984 0.0439453
0 0.198132 0.759277 0.342285 0.0419922 0.0400391
0 0.200381 0.627441 0.538086 0.0126953 0.0136719
0 0.21127 0.415527 0.465332 0.0126953 0.0185547
0 0.215519 0.191406 0.155273 0.0371094 0.0292969
0 0.22751 0.192383 0.146484 0.0507812 0.0488281
0 0.228283 0.262695 0.651855 0.0175781 0.0224609
0 0.237777 0.449219 0.0512695 0.0175781 0.0380859
0 0.239974 0.368164 0.0302734 0.0507812 0.0507812
0 0.245134 0.266602 0.0922852 0.0253906 0.0419922
0 0.25421 0.982422 0.140625 0.0351562 0.0332031
0 0.255017 0.391602 0.462402 0.015625 0.0224609
0 0.260896 0.263672 0.210449 0.0292969 0.0380859
0 0.261337 0.355957 0.133789 0.0263672 0.0234375
0 0.271638 0.283691 0.416504 0.0224609 0.0341797
0 0.298676 0.446289 0.289551 0.0136719 0.0146484
0 0.299322 0.491699 0.492676 0.0146484 0.0166016
0 0.300717 0.791504 0.276367 0.0263672 0.03125
0 0.328089 0.518555 0.123535 0.0195312 0.0361328
0 0.329877 0.466797 0.25293 0.0273438 0.03125
0 0.370073 0.396484 0.135742 0.0175781 0.046875
0 0.41335 0.48291 0.299316 0.0283203 0.0263672
0 0.439553 0.439453 0.133301 0.03125 0.0517578
0 0.458552 0.307129 0.0180664 0.0419922 0.0361328
