0 0.100068 0.34375 0.29834 0.0136719 0.0341797
0 0.101796 0.574707 0.613281 0.0146484 0.0234375
0 0.104248 0.240234 0.452637 0.0273438 0.0439453
0 0.107603 0.48877 0.601074 0.0302734 0.0458984
0 0.108296 0.0576172 0.254883 0.0214844 0.0332031
0 0.109302 0.0332031 0.459473 0.0429688 0.0361328
0 0.111218 0.213867 0.824219 0.0175781 0.0273438
0 0.112329 0.425293 0.605957 0.0126953 0.0263672
0 0.117455 0.520508 0.362793 0.0234375 0.0244141
0 0.118779 0.288574 0.710938 0.0205078 0.0351562
0 0.119181 0.0625 0.684082 0.0292969 0.0517578
0 0.119972 0.195312 0.936523 0.0449219 0.0625
0 0.129502 0.584473 0.720215 0.0185547 0.0322266
0 0.130731 0.585449 0.52832 0.0205078 0.0292969
0 0.131455 0.233887 0.441406 0.0224609 0.0253906
0 0.1317 0.433594 0.404785 0.0253906 0.0263672
0 0.137627 0.228027 0.740234 0.0458984 0.0605469
0 0.138586 0.237305 0.771973 0.0332031 0.0654297
0 0.138609 0.382812 0.513184 0.0136719 0.0361328
0 0.1536 0.464844 0.554199 0.0527344 0.0439453
0 0.159856 0.221191 0.378906 0.0595703 0.0683594
0 0.18266 0.462402 0.532715 0.0478516 0.0712891
0 0.188826 0.352051 0.417969 0.0244141 0.0371094
0 0.188995 0.434082 0.387695 0.0302734 0.0625
0 0.219001 0.465332 0.510254 0.0419922 0.0576172
0 0.274313 0.241699 0.788086 0.0263672 0.0449219
0 0.277323 0.558594 0.763184 0.0195312 0.0458984
0 0.32382 0.208008 0.691895 0.015625 0.0380859
0 0.327604 0.552246 0.463867 0.0283203 0.0507812
0 0.37491 0.362305 0.737305 0.0214844 0.0527344
