0 0.10881 0.171875 0.79834 0.0234375 0.0302734
0 0.127192 0.868652 0.775391 0.0517578 0.0507812
0 0.154853 0.388672 0.741211 0.0117188 0.0234375
0 0.161474 0.690918 0.855957 0.0146484 0.0244141
0 0.163619 0.381836 0.793457 0.0292969 0.0341797
0 0.203238 0.683105 0.771484 0.0224609 0.0410156
0 0.20403 0.621582 0.745117 0.0478516 0.0683594
0 0.213994 0.708984 0.840332 0.0390625 0.0458984
0 0.227803 0.396973 0.626953 0.0244141 0.0585938
0 0.330622 0.243164 0.778809 0.0429688 0.0517578
0 0.358859 0.172363 0.766602 0.0419922 0.0410156
