0 0.102315 0.194336 0.674805 0.0273438 0.0390625
0 0.107809 0.0688477 0.209473 0.0419922 0.0673828
0 0.110761 0.334961 0.0180664 0.0703125 0.0361328
0 0.112393 0.414551 0.553223 0.0302734 0.0380859
0 0.113701 0.17627 0.189941 0.0458984 0.0419922
0 0.118848 0.147949 0.756836 0.0322266 0.046875
0 0.124152 0.118652 0.391602 0.0302734 0.0234375
0 0.127402 0.118652 0.254883 0.0322266 0.0449219
0 0.132437 0.249512 0.609863 0.0244141 0.0361328
0 0.132518 0.182129 0.257324 0.0302734 0.0556641
0 0.138955 0.29541 0.121582 0.0380859 0.0576172
0 0.140568 0.381836 0.0302734 0.0703125 0.0546875
0 0.146252 0.38916 0.180664 0.108398 0.0996094
0 0.150208 0.260254 0.779785 0.0361328 0.0556641
0 0.155968 0.578125 0.349121 0.0214844 0.0283203
0 0.156253 0.0703125 0.339844 0.0449219 0.0527344
0 0.162507 0.0703125 0.353027 0.0292969 0.0341797
0 0.165859 0.732422 0.468262 0.03125 0.0361328
0 0.169072 0.268066 0.143066 0.0185547 0.0283203
0 0.16949 0.105957 0.341797 0.0244141 0.0488281
0 0.176367 0.4375 0.595703 0.0175781 0.0214844
0 0.203463 0.685547 0.416992 0.0332031 0.0527344
0 0.211597 0.510254 0.497559 0.0205078 0.0283203
0 0.232365 0.0766602 0.634766 0.0361328 0.0351562
0 0.264817 0.216309 0.758789 0.0224609 0.0429688
0 0.276994 0.348145 0.338867 0.0400391 0.0742188
0 0.296935 0.229492 0.699707 0.03125 0.0380859
0 0.299874 0.276367 0.229004 0.0429688 0.0693359
0 0.320675 0.195801 0.351074 0.0126953 0.0283203
0 0.326119 0.272949 0.371582 0.0205078 0.0361328
0 0.330089 0.219727 0.293457 0.0214844 0.0537109
0 0.37828 0.166992 0.632324 0.0195312 0.0283203
0 0.39183 0.337402 0.427734 0.0166016 0.0253906
0 0.472193 0.322266 0.584961 0.0195312 0.0488281
