0 0.101707 0.791016 0.0141602 0.0234375 0.0263672
0 0.101847 0.473633 0.0439453 0.0195312 0.0488281
0 0.104281 0.928223 0.32959 0.0478516 0.0478516
0 0.107042 0.942871 0.342773 0.0185547 0.0234375
0 0.107097 0.89209 0.32959 0.0224609 0.0302734
0 0.108818 0.458496 0.193848 0.0126953 0.0126953
0 0.112131 0.506348 0.817383 0.0283203 0.0390625
0 0.112282 0.685547 0.587402 0.03125 0.0400391
0 0.113223 0.489746 0.0229492 0.0263672 0.0400391
0 0.114808 0.512207 0.0566406 0.0146484 0.0332031
0 0.116349 0.884766 0.296875 0.0332031 0.0273438
0 0.116796 0.947754 0.371582 0.0185547 0.0537109
0 0.118864 0.49707 0.538086 0.015625 0.0175781
0 0.119838 0.716797 0.0463867 0.015625 0.0166016
0 0.121052 0.686035 0.637695 0.0419922 0.0488281
0 0.122764 0.324219 0.530273 0.0136719 0.015625
0 0.123651 0.64502 0.740234 0.0185547 0.0488281
0 0.12581 0.289551 0.830078 0.0400391 0.0625
0 0.126689 0.906738 0.348145 0.0302734 0.0341797
0 0.126905 0.578125 0.335449 0.00976562 0.0185547
0 0.128307 0.681641 0.0136719 0.0214844 0.0234375
0 0.130143 0.891113 0.307617 0.0576172 0.0527344
0 0.130757 0.857422 0.0957031 0.0253906 0.03125
0 0.135255 0.917969 0.339355 0.0273438 0.0263672
0 0.136273 0.844238 0.453125 0.0322266 0.03125
0 0.14261 0.661133 0.20752 0.0136719 0.0263672
0 0.143085 0.629883 0.416992 0.0195312 0.03125
0 0.143788 0.837402 0.181152 0.0439453 0.0517578
0 0.148846 0.922363 0.0268555 0.0283203 0.0400391
0 0.149162 0.912598 0.336914 0.0478516 0.0410156
0 0.15022 0.692383 0.124512 0.0253906 0.0263672
0 0.152518 0.894531 0.293457 0.03125 0.0283203
0 0.157478 0.652832 0.456055 0.0166016 0.0175781
0 0.161371 0.979004 0.248047 0.0341797 0.0273438
0 0.164263 0.487793 0.464844 0.0126953 0.0195312
0 0.166505 0.840332 0.441406 0.0361328 0.0488281
0 0.175847 0.931152 0.313477 0.0341797 0.0449219
0 0.185776 0.84082 0.467773 0.0371094 0.0585938
0 0.191171 0.833984 0.405762 0.0605469 0.0498047
0 0.192373 0.628906 0.900391 0.0253906 0.0253906
0 0.194877 0.700684 0.0678711 0.0126953 0.0166016
0 0.196745 0.872559 0.346191 0.0205078 0.0224609
0 0.203723 0.498047 0.206055 0.0175781 0.0214844
0 0.208227 0.727539 0.496094 0.0195312 0.0292969
0 0.213335 0.537109 0.941406 0.0195312 0.0605469
0 0.219765 0.84082 0.573242 0.0351562 0.0429688
0 0.224982 0.571777 0.650879 0.0224609 0.0283203
0 0.228115 0.993164 0.316895 0.0136719 0.0400391
0 0.232993 0.606445 0.379395 0.0253906 0.0322266
0 0.235612 0.687988 0.542969 0.0166016 0.0234375
0 0.239426 0.483398 0.0351562 0.0351562 0.0644531
0 0.243315 0.992188 0.21582 0.015625 0.0429688
0 0.245837 0.619141 0.645996 0.0332031 0.0458984
0 0.246202 0.885254 0.151367 0.0166016 0.0234375
0 0.247406 0.715332 0.508301 0.0361328 0.0419922
0 0.249292 0.705078 0.27832 0.0175781 0.0234375
0 0.265957 0.946289 0.211914 0.0175781 0.015625
0 0.284584 0.8125 0.0180664 0.015625 0.0283203
0 0.294571 0.804199 0.418945 0.0244141 0.0292969
0 0.302155 0.853516 0.529297 0.0371094 0.0410156
0 0.307322 0.839355 0.486328 0.0322266 0.0429688
0 0.312124 0.855957 0.320312 0.0244141 0.0234375
0 0.312576 0.643066 0.722168 0.0322266 0.0654297
0 0.313613 0.87793 0.408691 0.0253906 0.0361328
0 0.340082 0.946777 0.385254 0.0185547 0.0244141
0 0.396199 0.698242 0.359375 0.0273438 0.0410156
0 0.409321 0.577148 0.367188 0.015625 0.0234375
0 0.418313 0.878418 0.090332 0.0205078 0.0283203
0 0.421831 0.95752 0.279785 0.0380859 0.0283203
0 0.436779 0.661621 0.356445 0.0166016 0.0371094
0 0.467905 0.912598 0.166992 0.0224609 0.0351562
0 0.483341 0.909668 0.406738 0.0322266 0.0439453
0 0.486988 0.946289 0.165039 0.03125 0.0351562
0 0.493131 0.95459 0.100586 0.0283203 0.046875
0 0.499178 0.863281 0.0429688 0.0253906 0.0351562
0 0.516666 0.671875 0.285645 0.0253906 0.0224609
0 0.588072 0.841797 0.378418 0.0507812 0.0478516
