0 0.108636 0.498047 0.0361328 0.0566406 0.0644531
0 0.108934 0.217285 0.0561523 0.0341797 0.0283203
0 0.11411 0.258301 0.410645 0.00878906 0.0205078
0 0.125838 0.49707 0.487305 0.015625 0.0332031
0 0.136483 0.583008 0.364746 0.0273438 0.0361328
0 0.161353 0.611328 0.747559 0.0429688 0.0634766
0 0.170093 0.0986328 0.561035 0.0546875 0.0830078
0 0.170461 0.413086 0.220215 0.0273438 0.0380859
0 0.181403 0.334473 0.557617 0.0224609 0.0488281
0 0.185561 0.307617 0.0244141 0.0410156 0.0429688
0 0.191537 0.302734 0.189941 0.03125 0.0615234
0 0.193548 0.5625 0.339844 0.0273438 0.0292969
0 0.2167 0.444824 0.590332 0.0439453 0.0478516
0 0.225715 0.45166 0.520996 0.0224609 0.0400391
0 0.247518 0.263184 0.32959 0.0322266 0.0419922
0 0.248462 0.572266 0.353027 0.046875 0.0556641
0 0.258281 0.453613 0.581543 0.0224609 0.0322266
0 0.281161 0.397949 0.405273 0.0185547 0.03125
0 0.286009 0.342773 0.376953 0.0175781 0.0234375
0 0.298137 0.532227 0.601074 0.03125 0.0576172
0 0.299647 0.495605 0.762207 0.0458984 0.0615234
0 0.365865 0.529785 0.318848 0.0439453 0.0537109
0 0.415992 0.46582 0.306152 0.0410156 0.0478516
