0 0.121588 0.349121 0.116699 0.0322266 0.0478516
0 0.124397 0.12207 0.369629 0.015625 0.0146484
0 0.12768 0.26123 0.402344 0.0244141 0.0410156
0 0.133901 0.321289 0.241211 0.0253906 0.0253906
0 0.140961 0.579102 0.0722656 0.0117188 0.0234375
0 0.146608 0.817871 0.149414 0.0576172 0.078125
0 0.150545 0.225586 0.396484 0.0195312 0.0253906
0 0.15506 0.630859 0.0864258 0.0332031 0.0263672
0 0.157843 0.217773 0.154297 0.015625 0.0351562
0 0.158792 0.364746 0.444336 0.0263672 0.0253906
0 0.162276 0.0874023 0.39502 0.0224609 0.0400391
0 0.163436 0.0317383 0.370605 0.0556641 0.0439453
0 0.164453 0.25293 0.166504 0.03125 0.0439453
0 0.16619 0.796387 0.0952148 0.0400391 0.0498047
0 0.175184 0.677246 0.264648 0.0380859 0.0585938
0 0.17578 0.622559 0.260254 0.0458984 0.0556641
0 0.179508 0.646484 0.158691 0.0332031 0.0634766
0 0.183503 0.395996 0.147461 0.0126953 0.0292969
0 0.192592 0.35791 0.128906 0.0185547 0.0253906
0 0.200627 0.299316 0.118164 0.0166016 0.0175781
0 0.205349 0.695312 0.0327148 0.0332031 0.0615234
0 0.21147 0.0405273 0.162109 0.0380859 0.0449219
0 0.241703 0.352051 0.216309 0.0263672 0.0205078
0 0.257873 0.745605 0.11377 0.0439453 0.0595703
0 0.290805 0.758789 0.0131836 0.0273438 0.0244141
0 0.301434 0.191406 0.131836 0.0273438 0.0488281
0 0.348464 0.132812 0.09375 0.03125 0.0488281
0 0.459923 0.290039 0.185059 0.0292969 0.0341797
