0 0.102658 0.854492 0.708984 0.03125 0.0585938
0 0.106058 0.368652 0.575684 0.0146484 0.0185547
0 0.107417 0.683105 0.769531 0.0322266 0.0488281
0 0.110268 0.570312 0.766113 0.0253906 0.0380859
0 0.11479 0.144043 0.317383 0.0361328 0.0449219
0 0.115769 0.669434 0.498047 0.0185547 0.0214844
0 0.117252 0.494141 0.197754 0.03125 0.0537109
0 0.11807 0.474609 0.819336 0.0195312 0.0429688
0 0.118675 0.38623 0.828613 0.0751953 0.0634766
0 0.118917 0.188477 0.56543 0.0195312 0.0351562
0 0.119211 0.774414 0.535156 0.0234375 0.0175781
0 0.119305 0.339355 0.633789 0.0107422 0.0214844
0 0.119682 0.541504 0.652344 0.0244141 0.0332031
0 0.122755 0.357422 0.538086 0.0117188 0.0214844
0 0.12474 0.236328 0.569336 0.0136719 0.0253906
0 0.12673 0.221191 0.571777 0.0126953 0.0244141
0 0.131725 0.39502 0.553711 0.0205078 0.0332031
0 0.13624 0.228027 0.777344 0.0341797 0.0410156
0 0.136446 0.429688 0.816406 0.0605469 0.0761719
0 0.145457 0.536133 0.604004 0.0292969 0.0322266
0 0.161013 0.537598 0.589355 0.0380859 0.0595703
0 0.163185 0.657227 0.470215 0.0449219 0.0439453
0 0.164125 0.835449 0.552246 0.0283203 0.0322266
0 0.166367 0.34668 0.556641 0.00976562 0.015625
0 0.173519 0.420898 0.577148 0.0175781 0.0234375
0 0.178163 0.209473 0.698242 0.0166016 0.0292969
0 0.182348 0.270508 0.893555 0.0371094 0.0449219
0 0.183605 0.79248 0.713379 0.0341797 0.0283203
0 0.189867 0.53418 0.927734 0.0546875 0.0878906
0 0.190367 0.253418 0.731445 0.0107422 0.0214844
0 0.194896 0.24707 0.624023 0.0253906 0.0371094
0 0.196319 0.705078 0.0605469 0.046875 0.0800781
0 0.198189 0.17334 0.516113 0.0205078 0.0224609
0 0.212449 0.468262 0.817383 0.0322266 0.0605469
0 0.218739 0.31543 0.834961 0.03125 0.0429688
0 0.232565 0.73584 0.558105 0.0205078 0.0185547
0 0.234069 0.243652 0.477051 0.0224609 0.0302734
0 0.25868 0.365234 0.627441 0.0175781 0.0263672
0 0.265067 0.227051 0.708008 0.0146484 0.0292969
0 0.266856 0.250488 0.678223 0.0263672 0.0224609
0 0.305648 0.297852 0.591309 0.0175781 0.0224609
0 0.330485 0.208984 0.38916 0.0273438 0.0517578
0 0.338356 0.308105 0.529785 0.0224609 0.0302734
0 0.349602 0.132324 0.592285 0.0380859 0.0361328
0 0.403299 0.736816 0.780762 0.0341797 0.0400391
0 0.442736 0.405762 0.823242 0.0478516 0.0488281
0 0.48087 0.330566 0.848633 0.0615234 0.0566406
0 0.531612 0.325195 0.592285 0.0253906 0.0302734
0 0.560979 0.423828 0.52832 0.0292969 0.0332031
