0 0.101076 0.253418 0.556641 0.0263672 0.0332031
0 0.102321 0.46582 0.129883 0.0234375 0.0371094
0 0.110608 0.104492 0.173828 0.0234375 0.0195312
0 0.134984 0.53125 0.0834961 0.015625 0.0302734
0 0.145184 0.150879 0.503418 0.0439453 0.0283203
0 0.152423 0.39502 0.255371 0.0322266 0.0341797
0 0.174877 0.672363 0.242188 0.0244141 0.0195312
0 0.192956 0.933105 0.344238 0.0361328 0.0419922
0 0.194756 0.40625 0.150391 0.0429688 0.0371094
0 0.239665 0.468262 0.27832 0.0126953 0.0195312
0 0.243142 0.708984 0.147461 0.0253906 0.0292969
0 0.253113 0.102051 0.282227 0.0302734 0.0371094
0 0.265127 0.776855 0.142578 0.0322266 0.0253906
0 0.384373 0.455566 0.316895 0.0244141 0.0263672
