0 0.101143 0.394531 0.16748 0.0136719 0.0341797
0 0.10315 0.291504 0.378906 0.0126953 0.0214844
0 0.103236 0.27002 0.648438 0.0263672 0.0175781
0 0.103682 0.604004 0.0869141 0.0478516 0.0410156
0 0.106996 0.155762 0.577148 0.0205078 0.0410156
0 0.107025 0.347168 0.430664 0.0146484 0.0214844
0 0.111108 0.313477 0.579102 0.0214844 0.0214844
0 0.111991 0.229492 0.0708008 0.0449219 0.0576172
0 0.112434 0.206055 0.568359 0.0195312 0.0273438
0 0.112819 0.757812 0.130859 0.0625 0.0566406
0 0.113398 0.490234 0.0761719 0.0292969 0.0410156
0 0.114877 0.192871 0.611816 0.0146484 0.0283203
0 0.115786 0.15918 0.52832 0.0214844 0.0292969
0 0.115929 0.618164 0.130859 0.0214844 0.0410156
0 0.11661 0.346191 0.398926 0.0107422 0.0185547
0 0.116681 0.713379 0.0898438 0.0146484 0.0234375
0 0.118902 0.333984 0.506836 0.015625 0.0332031
0 0.119042 0.206543 0.643555 0.0244141 0.0351562
0 0.119899 0.177734 0.858398 0.0449219 0.0761719
0 0.121684 0.310059 0.500488 0.0126953 0.0185547
0 0.121698 0.305176 0.118164 0.0341797 0.0488281
0 0.123339 0.236816 0.131836 0.0498047 0.046875
0 0.123847 0.303711 0.479492 0.00585938 0.0175781
0 0.124298 0.621582 0.0327148 0.0322266 0.0498047
0 0.125783 0.422363 0.136719 0.0224609 0.0292969
0 0.126366 0.426758 0.200195 0.0136719 0.0253906
0 0.127674 0.194336 0.700684 0.0214844 0.0322266
0 0.127683 0.189941 0.508789 0.0263672 0.0253906
0 0.130592 0.143066 0.40332 0.0224609 0.0292969
0 0.133834 0.239746 0.51709 0.0126953 0.0166016
0 0.135626 0.469238 0.29834 0.0322266 0.0419922
0 0.136286 0.415039 0.0512695 0.0605469 0.0498047
0 0.13982 0.240723 0.612305 0.0166016 0.0546875
0 0.140069 0.157715 0.423828 0.0185547 0.0273438
0 0.142432 0.0571289 0.214355 0.0283203 0.0322266
0 0.14752 0.312988 0.0258789 0.0595703 0.0458984
0 0.150186 0.789062 0.333984 0.0410156 0.0488281
0 0.150786 0.634766 0.0820312 0.0371094 0.0429688
0 0.153792 0.363281 0.23877 0.0332031 0.0556641
0 0.161966 0.460449 0.182617 0.0166016 0.0273438
0 0.164987 0.019043 0.228516 0.0283203 0.0214844
0 0.177014 0.12207 0.587891 0.0332031 0.0625
0 0.17788 0.366211 0.153809 0.0175781 0.0361328
0 0.181521 0.444336 0.122559 0.0136719 0.0263672
0 0.181808 0.20459 0.404297 0.0302734 0.03125
0 0.184914 0.51709 0.143066 0.0205078 0.0283203
0 0.185136 0.28125 0.612793 0.0390625 0.0556641
0 0.189756 0.266602 0.466309 0.0117188 0.0224609
0 0.190551 0.222656 0.536133 0.0175781 0.03125
0 0.196408 0.18457 0.182129 0.0410156 0.0615234
0 0.196687 0.250977 0.557617 0.0136719 0.0175781
0 0.197786 0.288574 0.538574 0.0166016 0.0166016
0 0.197973 0.181152 0.563477 0.0166016 0.0410156
0 0.200285 0.480957 0.157227 0.0107422 0.0332031
0 0.208053 0.397461 0.181641 0.0175781 0.0214844
0 0.210167 0.373047 0.371094 0.0214844 0.0175781
0 0.213544 0.272461 0.514648 0.0175781 0.0214844
0 0.213756 0.0864258 0.171387 0.0380859 0.0419922
0 0.227603 0.0458984 0.262207 0.0253906 0.0224609
0 0.236434 0.158691 0.288086 0.0283203 0.0273438
0 0.24839 0.585449 0.0849609 0.0341797 0.0449219
0 0.25443 0.317871 0.152832 0.0205078 0.0302734
0 0.260173 0.398438 0.197266 0.0195312 0.03125
0 0.262131 0.489746 0.194824 0.0205078 0.0205078
0 0.263036 0.396484 0.327637 0.0117188 0.0146484
0 0.293755 0.391113 0.155273 0.0107422 0.0175781
0 0.295293 0.256836 0.421387 0.015625 0.0224609
0 0.343956 0.245605 0.601562 0.0126953 0.0371094
