0 0.10101 0.258789 0.664551 0.0273438 0.0283203
0 0.104084 0.366211 0.656738 0.03125 0.0341797
0 0.105361 0.568359 0.0102539 0.0195312 0.0205078
0 0.106113 0.118652 0.304199 0.0224609 0.0263672
0 0.107397 0.497559 0.0424805 0.0205078 0.0263672
0 0.107705 0.150391 0.65332 0.0351562 0.0292969
0 0.107851 0.288086 0.0136719 0.0566406 0.0273438
0 0.110316 0.320312 0.0180664 0.0371094 0.0302734
0 0.110921 0.521484 0.187988 0.015625 0.0185547
0 0.111003 0.442383 0.453125 0.0195312 0.03125
0 0.111049 0.536133 0.0161133 0.0195312 0.0302734
0 0.111316 0.25293 0.472656 0.0136719 0.0195312
0 0.11368 0.35498 0.0249023 0.0283203 0.0439453
0 0.115351 0.409668 0.0161133 0.0185547 0.0302734
0 0.119862 0.337402 0.0209961 0.0595703 0.0419922
0 0.120398 0.481445 0.00976562 0.0273438 0.015625
0 0.121487 0.541016 0.384277 0.0117188 0.0126953
0 0.121578 0.383301 0.17041 0.0146484 0.0224609
0 0.127447 0.431641 0.427734 0.0175781 0.0253906
0 0.127908 0.280273 0.0117188 0.0332031 0.0195312
0 0.132184 0.42627 0.778809 0.0244141 0.0400391
0 0.133514 0.537109 0.317871 0.015625 0.0146484
0 0.135966 0.8125 0.441895 0.0136719 0.0185547
0 0.136446 0.401367 0.429199 0.0136719 0.0185547
0 0.140849 0.382324 0.693359 0.0166016 0.0195312
0 0.144113 0.45752 0.388672 0.0185547 0.0351562
0 0.145894 0.789062 0.45166 0.0214844 0.0166016
0 0.147625 0.241211 0.458008 0.0195312 0.0273438
0 0.148995 0.275879 0.579102 0.0244141 0.03125
0 0.149504 0.248535 0.144531 0.0205078 0.03125
0 0.161086 0.450195 0.402344 0.0175781 0.0175781
0 0.163442 0.385254 0.256836 0.0126953 0.0175781
0 0.173432 0.476074 0.215332 0.0166016 0.0244141
0 0.177015 0.750488 0.255859 0.0205078 0.0390625
0 0.195463 0.139648 0.403809 0.0332031 0.0478516
0 0.222182 0.48877 0.299316 0.0146484 0.0166016
0 0.236602 0.598145 0.156738 0.0126953 0.0244141
0 0.242985 0.441406 0.0234375 0.0175781 0.0351562
0 0.258871 0.498535 0.259766 0.0107422 0.015625
0 0.287942 0.833496 0.012207 0.0224609 0.0244141
0 0.321293 0.293457 0.252441 0.0302734 0.0419922
0 0.366889 0.458984 0.379395 0.0175781 0.0224609
