0 0.100058 0.473145 0.10498 0.0283203 0.0419922
0 0.100309 0.532715 0.181641 0.0419922 0.0507812
0 0.100455 0.662109 0.081543 0.0351562 0.0537109
0 0.101285 0.4375 0.0507812 0.0390625 0.0742188
0 0.102803 0.614746 0.129395 0.0595703 0.0556641
0 0.103734 0.0625 0.293457 0.0839844 0.0888672
0 0.103749 0.258789 0.341797 0.0410156 0.0410156
0 0.106133 0.292969 0.276855 0.0273438 0.0322266
0 0.106977 0.490723 0.116699 0.0576172 0.0517578
0 0.107859 0.168457 0.266602 0.0244141 0.046875
0 0.108982 0.0327148 0.237305 0.0361328 0.0371094
0 0.109517 0.387207 0.0600586 0.0478516 0.0771484
0 0.10972 0.388184 0.321777 0.0478516 0.0634766
0 0.110058 0.370117 0.100098 0.0234375 0.0322266
0 0.114478 0.22998 0.0600586 0.0986328 0.112305
0 0.116051 0.0634766 0.382324 0.0390625 0.0341797
0 0.116264 0.321289 0.332031 0.0488281 0.0761719
0 0.11649 0.166992 0.358887 0.03125 0.0380859
0 0.117508 0.487793 0.155762 0.0654297 0.0810547
0 0.118663 0.515137 0.954102 0.0693359 0.0742188
0 0.121154 0.161133 0.274902 0.03125 0.0439453
0 0.123653 0.391113 0.0180664 0.0517578 0.0341797
0 0.125218 0.396484 0.901367 0.0507812 0.0878906
0 0.126598 0.318359 0.356445 0.0664062 0.078125
0 0.127722 0.253906 0.108398 0.0371094 0.0332031
0 0.128937 0.10498 0.154785 0.0478516 0.0498047
0 0.135217 0.586914 0.0908203 0.0664062 0.0566406
0 0.135806 0.480469 0.324707 0.0976562 0.120117
0 0.136099 0.470215 0.291016 0.0498047 0.0527344
0 0.136622 0.875 0.53125 0.0273438 0.0292969
0 0.136757 0.394043 0.183105 0.0361328 0.0283203
0 0.137201 0.963379 0.501953 0.0478516 0.0507812
0 0.140334 0.289062 0.188965 0.0664062 0.0654297
0 0.145652 0.238281 0.178223 0.0410156 0.0576172
0 0.145752 0.607422 0.108398 0.0488281 0.0664062
0 0.146894 0.331055 0.0239258 0.046875 0.0419922
0 0.147274 0.300293 0.543457 0.0224609 0.0400391
0 0.157208 0.14209 0.70459 0.0400391 0.0458984
0 0.158369 0.0200195 0.291504 0.0361328 0.0693359
0 0.158466 0.0356445 0.63623 0.0654297 0.0732422
0 0.163806 0.5625 0.0888672 0.0449219 0.0566406
0 0.167524 0.243164 0.236816 0.0449219 0.0537109
0 0.168147 0.774902 0.0297852 0.0908203 0.0576172
0 0.174731 0.10498 0.616699 0.0361328 0.0517578
0 0.175271 0.294922 0.291016 0.0332031 0.0605469
0 0.189081 0.463867 0.0288086 0.0371094 0.0556641
0 0.190072 0.0668945 0.321289 0.0791016 0.0585938
0 0.192525 0.134766 0.255859 0.0390625 0.0566406
0 0.196942 0.242188 0.393066 0.0429688 0.0498047
0 0.19773 0.533691 0.382324 0.0146484 0.0185547
0 0.200896 0.520508 0.323242 0.0253906 0.0351562
0 0.205469 0.209473 0.653809 0.0576172 0.0712891
0 0.207533 0.506348 0.133789 0.0595703 0.0703125
0 0.214751 0.145996 0.358887 0.0419922 0.0361328
0 0.217014 0.473145 0.050293 0.0224609 0.0322266
0 0.218044 0.209473 0.367188 0.0205078 0.0253906
0 0.218535 0.0263672 0.442383 0.046875 0.0390625
0 0.222423 0.178223 0.254883 0.0361328 0.0625
0 0.222935 0.207031 0.42334 0.0253906 0.0419922
0 0.224414 0.648926 0.949219 0.0517578 0.0546875
0 0.225341 0.668945 0.0356445 0.0527344 0.0556641
0 0.226176 0.669434 0.0649414 0.0556641 0.0732422
0 0.228672 0.0415039 0.331543 0.0498047 0.0556641
0 0.234809 0.719727 0.0419922 0.0214844 0.0351562
0 0.236648 0.126953 0.23877 0.0507812 0.0751953
0 0.237159 0.0419922 0.246094 0.0488281 0.0546875
0 0.243364 0.313477 0.314941 0.0703125 0.116211
0 0.245302 0.0629883 0.247559 0.0517578 0.0537109
0 0.247005 0.49707 0.9375 0.0449219 0.0449219
0 0.254624 0.0874023 0.320312 0.0478516 0.0507812
0 0.264449 0.57666 0.165527 0.0419922 0.0712891
0 0.281677 0.392578 0.294434 0.0585938 0.110352
0 0.292021 0.594727 0.979492 0.0410156 0.0410156
0 0.300834 0.458984 0.0151367 0.0332031 0.0283203
0 0.30606 0.730469 0.943359 0.0546875 0.0527344
0 0.307854 0.179199 0.155762 0.0556641 0.0595703
0 0.309901 0.516602 0.0556641 0.0175781 0.0253906
0 0.320038 0.127441 0.20752 0.0537109 0.0517578
0 0.321359 0.420898 0.0678711 0.0410156 0.0556641
0 0.351018 0.316406 0.0302734 0.0625 0.0546875
0 0.38527 0.378906 0.027832 0.0488281 0.0517578
0 0.430262 0.604004 0.0273438 0.0556641 0.0449219
0 0.453252 0.425293 0.163574 0.0439453 0.0595703
