0 0.101206 0.22998 0.328125 0.0458984 0.0683594
0 0.102963 0.353027 0.257324 0.0517578 0.0634766
0 0.104351 0.564453 0.73584 0.0625 0.0810547
0 0.109657 0.266602 0.256836 0.046875 0.0351562
0 0.117409 0.514648 0.677734 0.0175781 0.0273438
0 0.122737 0.215332 0.824219 0.0361328 0.0390625
0 0.123066 0.181152 0.838379 0.0537109 0.0595703
0 0.128059 0.37793 0.234863 0.0488281 0.0654297
0 0.13177 0.570801 0.340332 0.0654297 0.0810547
0 0.132427 0.230957 0.704102 0.0419922 0.03125
0 0.159152 0.244629 0.883301 0.0458984 0.0517578
0 0.159477 0.283203 0.826172 0.0253906 0.0488281
0 0.164138 0.633789 0.717773 0.0429688 0.0703125
0 0.16621 0.282227 0.261719 0.0761719 0.0527344
0 0.167981 0.459961 0.218262 0.0625 0.0615234
0 0.169262 0.151855 0.0639648 0.0498047 0.0439453
0 0.18946 0.333496 0.816895 0.0439453 0.0400391
0 0.27019 0.11084 0.866211 0.0263672 0.0410156
0 0.317155 0.263672 0.734375 0.0136719 0.0292969
