0 0.100067 0.422852 0.00878906 0.0253906 0.0175781
0 0.100104 0.460938 0.127441 0.0292969 0.0478516
0 0.100656 0.313965 0.35791 0.0185547 0.0263672
0 0.10096 0.868652 0.117188 0.0537109 0.0605469
0 0.10128 0.428711 0.170898 0.0390625 0.046875
0 0.103202 0.348145 0.891602 0.0185547 0.0332031
0 0.10415 0.346191 0.0283203 0.0107422 0.0214844
0 0.107491 0.365234 0.222168 0.046875 0.0517578
0 0.107887 0.158203 0.788086 0.0371094 0.046875
0 0.108107 0.187988 0.835938 0.0302734 0.0488281
0 0.108444 0.263184 0.0205078 0.0263672 0.0390625
0 0.108765 0.460449 0.00976562 0.0205078 0.0195312
0 0.108954 0.145508 0.741699 0.0273438 0.0361328
0 0.109011 0.317383 0.342285 0.0175781 0.0322266
0 0.109131 0.525879 0.289062 0.0126953 0.0175781
0 0.110078 0.69043 0.0322266 0.0449219 0.0546875
0 0.110736 0.772949 0.653809 0.0283203 0.0322266
0 0.110982 0.119629 0.0131836 0.0224609 0.0263672
0 0.111672 0.660156 0.367188 0.015625 0.0214844
0 0.1117 0.545898 0.0273438 0.0332031 0.0253906
0 0.112165 0.607422 0.465332 0.046875 0.0712891
0 0.112798 0.185547 0.727539 0.0273438 0.0429688
0 0.113361 0.427734 0.266113 0.0410156 0.0380859
0 0.114742 0.35791 0.216797 0.0244141 0.0351562
0 0.115484 0.72998 0.230957 0.0283203 0.0400391
0 0.115538 0.39502 0.141113 0.0185547 0.0322266
0 0.115726 0.714355 0.19043 0.0458984 0.046875
0 0.11677 0.504395 0.0561523 0.0341797 0.0341797
0 0.117442 0.0966797 0.305176 0.046875 0.0556641
0 0.119205 0.503906 0.172852 0.0214844 0.0253906
0 0.120485 0.15332 0.137207 0.0527344 0.104492
0 0.120729 0.620605 0.293457 0.0302734 0.0419922
0 0.121366 0.500977 0.838867 0.0292969 0.0429688
0 0.121753 0.34375 0.197266 0.0214844 0.0410156
0 0.122929 0.175781 0.773438 0.0234375 0.0195312
0 0.12379 0.279297 0.400879 0.0136719 0.0244141
0 0.124576 0.400879 0.243164 0.0107422 0.0195312
0 0.125231 0.516602 0.741699 0.0292969 0.0185547
0 0.12635 0.181641 0.405762 0.015625 0.0439453
0 0.126375 0.334961 0.388184 0.0136719 0.0322266
0 0.126536 0.401855 0.630371 0.0185547 0.0283203
0 0.128525 0.26123 0.33252 0.0244141 0.0322266
0 0.129146 0.181152 0.341797 0.0146484 0.0234375
0 0.129245 0.443359 0.280762 0.0253906 0.0400391
0 0.129381 0.430664 0.357422 0.0351562 0.0332031
0 0.130348 0.446289 0.628906 0.0195312 0.0429688
0 0.130932 0.333984 0.314453 0.0253906 0.0371094
0 0.131501 0.786133 0.660645 0.0507812 0.0439453
0 0.131734 0.594727 0.905762 0.0253906 0.0283203
0 0.131796 0.476562 0.145996 0.0175781 0.0322266
0 0.133449 0.615723 0.164551 0.0283203 0.0458984
0 0.134109 0.759766 0.0556641 0.0390625 0.0488281
0 0.135888 0.532715 0.737305 0.0498047 0.0332031
0 0.136078 0.350098 0.17627 0.0166016 0.0361328
0 0.136338 0.489258 0.0419922 0.0644531 0.0488281
0 0.136878 0.470703 0.15918 0.00976562 0.0214844
0 0.13742 0.347656 0.380371 0.0214844 0.0322266
0 0.138151 0.795898 0.659668 0.0273438 0.0322266
0 0.138582 0.567383 0.306152 0.03125 0.0439453
0 0.140316 0.467773 0.0322266 0.0332031 0.0566406
0 0.140416 0.438477 0.644531 0.03125 0.0585938
0 0.141751 0.648438 0.678223 0.0214844 0.0224609
0 0.142995 0.410645 0.293945 0.0322266 0.0273438
0 0.147617 0.467285 0.019043 0.0244141 0.0380859
0 0.147995 0.383301 0.115234 0.0205078 0.0332031
0 0.150631 0.553223 0.0717773 0.0224609 0.0458984
0 0.152565 0.194824 0.334961 0.0283203 0.0273438
0 0.153117 0.364746 0.255371 0.0302734 0.0556641
0 0.154799 0.416992 0.364746 0.0292969 0.0322266
0 0.155052 0.818848 0.325195 0.0537109 0.0488281
0 0.158264 0.756836 0.0395508 0.0488281 0.0595703
0 0.160698 0.444824 0.179688 0.0283203 0.0410156
0 0.161403 0.44873 0.293457 0.0205078 0.0302734
0 0.162548 0.352051 0.210449 0.0244141 0.0322266
0 0.163805 0.444336 0.40918 0.015625 0.0214844
0 0.164617 0.853516 0.0219727 0.03125 0.0341797
0 0.164888 0.855469 0.216309 0.0703125 0.0576172
0 0.165574 0.305664 0.0258789 0.0429688 0.0478516
0 0.167438 0.646484 0.501953 0.0136719 0.0175781
0 0.168286 0.172363 0.445312 0.0205078 0.0527344
0 0.172126 0.380859 0.224121 0.0292969 0.0341797
0 0.172352 0.583008 0.105469 0.00976562 0.0332031
0 0.173726 0.254883 0.0688477 0.0253906 0.0283203
0 0.176075 0.438965 0.352539 0.0205078 0.0332031
0 0.176358 0.504883 0.915039 0.0253906 0.0722656
0 0.178013 0.48584 0.104492 0.0244141 0.03125
0 0.180492 0.571777 0.626953 0.0361328 0.0488281
0 0.182615 0.487793 0.0795898 0.0263672 0.0537109
0 0.183416 0.394531 0.034668 0.0195312 0.0400391
0 0.184615 0.36084 0.268555 0.0244141 0.0234375
0 0.184725 0.239746 0.0688477 0.0380859 0.0498047
0 0.185545 0.457031 0.217285 0.0273438 0.0400391
0 0.185571 0.251465 0.059082 0.0341797 0.0517578
0 0.186008 0.393066 0.297363 0.0302734 0.0361328
0 0.186575 0.839355 0.0825195 0.0185547 0.0361328
0 0.188063 0.450684 0.291992 0.0107422 0.0214844
0 0.188511 0.495117 0.0634766 0.0410156 0.0507812
0 0.1888 0.54248 0.0581055 0.0400391 0.0595703
0 0.189144 0.295898 0.119141 0.0136719 0.0195312
0 0.190857 0.555664 0.232422 0.015625 0.0214844
0 0.194187 0.289062 0.167969 0.0136719 0.0332031
0 0.19512 0.498047 0.670898 0.015625 0.0292969
0 0.195813 0.229492 0.26416 0.0195312 0.0244141
0 0.197064 0.237305 0.155273 0.0234375 0.03125
0 0.199052 0.401855 0.105469 0.0400391 0.0527344
0 0.19921 0.524902 0.184082 0.0224609 0.0341797
0 0.19936 0.259766 0.173828 0.0117188 0.0175781
0 0.200037 0.335938 0.0600586 0.0234375 0.0361328
0 0.201109 0.341309 0.14502 0.0498047 0.0537109
0 0.201422 0.479004 0.342285 0.0302734 0.0302734
0 0.203946 0.566895 0.295898 0.0224609 0.0234375
0 0.204703 0.36084 0.139648 0.0322266 0.0527344
0 0.208131 0.486328 0.0708008 0.015625 0.0341797
0 0.208971 0.380371 0.300293 0.0380859 0.0478516
0 0.209666 0.431641 0.0102539 0.0253906 0.0205078
0 0.210833 0.345215 0.320312 0.0205078 0.0273438
0 0.211791 0.208496 0.0209961 0.0283203 0.0380859
0 0.212477 0.396973 0.308594 0.0224609 0.0351562
0 0.214451 0.454102 0.119141 0.0214844 0.0371094
0 0.217332 0.341797 0.20752 0.03125 0.0263672
0 0.220397 0.252441 0.117188 0.0224609 0.0273438
0 0.221548 0.433594 0.311035 0.0273438 0.0302734
0 0.222047 0.52002 0.150879 0.0263672 0.0322266
0 0.222066 0.394531 0.166992 0.03125 0.0351562
0 0.226461 0.768555 0.129395 0.0273438 0.0439453
0 0.227694 0.0649414 0.383789 0.0498047 0.0390625
0 0.229166 0.735352 0.0292969 0.0644531 0.0527344
0 0.231132 0.338379 0.246094 0.0205078 0.0390625
0 0.233958 0.528809 0.314941 0.0302734 0.0283203
0 0.234458 0.431641 0.659668 0.0195312 0.0361328
0 0.238475 0.114258 0.379883 0.0371094 0.0546875
0 0.238506 0.322266 0.105957 0.0214844 0.0244141
0 0.239071 0.420898 0.256348 0.0214844 0.0263672
0 0.244459 0.566406 0.140137 0.0195312 0.0302734
0 0.249549 0.29834 0.197266 0.0126953 0.0253906
0 0.25101 0.195312 0.223633 0.0390625 0.0546875
0 0.251868 0.448242 0.175293 0.0136719 0.0322266
0 0.252208 0.370117 0.308594 0.0214844 0.0351562
0 0.25253 0.407227 0.161621 0.0449219 0.0498047
0 0.253454 0.416992 0.145996 0.0214844 0.0263672
0 0.254014 0.506836 0.257324 0.0195312 0.0185547
0 0.256967 0.320801 0.0317383 0.0185547 0.0478516
0 0.262521 0.541504 0.266113 0.0146484 0.0302734
0 0.264226 0.473633 0.15332 0.015625 0.03125
0 0.264297 0.253906 0.243652 0.0136719 0.0244141
0 0.268132 0.219238 0.39209 0.0263672 0.0400391
0 0.271471 0.405762 0.368164 0.0322266 0.03125
0 0.27309 0.32959 0.208496 0.0283203 0.0244141
0 0.273982 0.620117 0.610352 0.0449219 0.0371094
0 0.274432 0.609863 0.359863 0.0322266 0.0361328
0 0.276196 0.396973 0.0439453 0.0146484 0.0234375
0 0.277175 0.22998 0.0820312 0.0244141 0.0371094
0 0.277595 0.371582 0.232422 0.0263672 0.0410156
0 0.280464 0.330078 0.256348 0.0351562 0.0517578
0 0.282475 0.390625 0.110352 0.0214844 0.03125
0 0.287621 0.544922 0.73291 0.0292969 0.0302734
0 0.298548 0.367188 0.122559 0.0175781 0.0302734
0 0.300621 0.394043 0.0161133 0.0146484 0.0283203
0 0.302445 0.532715 0.127441 0.0361328 0.0400391
0 0.337456 0.34082 0.382324 0.0292969 0.0458984
0 0.366005 0.318848 0.261719 0.0361328 0.0488281
0 0.370898 0.389648 0.771484 0.0273438 0.03125
0 0.375673 0.294434 0.444336 0.0224609 0.03125
0 0.398577 0.316895 0.211914 0.0185547 0.0214844
0 0.398782 0.291992 0.027832 0.0253906 0.0537109
0 0.402286 0.378418 0.291016 0.0263672 0.03125
0 0.403328 0.425781 0.292969 0.0371094 0.0371094
0 0.40573 0.28125 0.249512 0.0234375 0.0322266
0 0.406441 0.249512 0.0341797 0.0419922 0.0546875
0 0.431522 0.271973 0.0908203 0.0244141 0.0371094
0 0.435465 0.270996 0.338867 0.0205078 0.03125
0 0.436599 0.521484 0.138672 0.0371094 0.0507812
0 0.458943 0.233398 0.329102 0.03125 0.0351562
0 0.467391 0.440918 0.105957 0.0224609 0.0361328
0 0.497174 0.483887 0.19873 0.0244141 0.0400391
0 0.518712 0.331543 0.0649414 0.0126953 0.0341797
0 0.532307 0.807617 0.0712891 0.0292969 0.0449219
0 0.555589 0.531738 0.22998 0.0185547 0.0361328
0 0.560423 0.578125 0.17627 0.03125 0.0498047
0 0.573403 0.265137 0.288574 0.0263672 0.0341797
0 0.593298 0.366211 0.0571289 0.0253906 0.0380859
