0 0.102473 0.149414 0.228027 0.0234375 0.0263672
0 0.112018 0.731445 0.0244141 0.0429688 0.0449219
0 0.116546 0.185059 0.208984 0.0341797 0.0410156
0 0.123201 0.269531 0.103516 0.0214844 0.0195312
0 0.126159 0.381348 0.0341797 0.0146484 0.015625
0 0.1316 0.38623 0.266602 0.0107422 0.0234375
0 0.132889 0.29834 0.404785 0.0146484 0.0224609
0 0.145112 0.35791 0.289551 0.0224609 0.0322266
0 0.145666 0.108398 0.187988 0.0175781 0.0283203
0 0.150668 0.0263672 0.0834961 0.0175781 0.0263672
0 0.151764 0.190918 0.0688477 0.0205078 0.0205078
0 0.152055 0.120117 0.238281 0.015625 0.0175781
0 0.155153 0.288086 0.128418 0.0136719 0.0185547
0 0.156942 0.230469 0.0429688 0.03125 0.0410156
0 0.157951 0.302734 0.137695 0.0136719 0.0234375
0 0.161416 0.67334 0.0712891 0.0517578 0.0605469
0 0.164549 0.177246 0.146973 0.0380859 0.0458984
0 0.172342 0.192383 0.258789 0.015625 0.0214844
0 0.176391 0.231934 0.184082 0.0341797 0.0419922
0 0.178531 0.304688 0.258789 0.0253906 0.0351562
0 0.183827 0.141602 0.208008 0.0351562 0.0410156
0 0.184123 0.290527 0.0488281 0.0146484 0.0273438
0 0.187861 0.184082 0.217773 0.0263672 0.0214844
0 0.201938 0.335449 0.357422 0.0263672 0.0273438
0 0.209492 0.341309 0.250488 0.0283203 0.0361328
0 0.215482 0.383301 0.179688 0.0322266 0.0351562
0 0.220174 0.0668945 0.0708008 0.0341797 0.0498047
0 0.220765 0.239258 0.0483398 0.0195312 0.0322266
0 0.221037 0.399902 0.233887 0.0224609 0.0322266
0 0.224185 0.272949 0.243164 0.0224609 0.0371094
0 0.244718 0.121582 0.146973 0.0458984 0.0400391
0 0.246414 0.357422 0.350098 0.015625 0.0185547
0 0.309639 0.39209 0.174805 0.0283203 0.03125
0 0.324428 0.790039 0.376953 0.015625 0.0332031
0 0.338107 0.227051 0.203125 0.0263672 0.0214844
0 0.353678 0.308105 0.212891 0.0205078 0.0292969
0 0.410124 0.234375 0.157715 0.03125 0.0595703
0 0.541793 0.367676 0.197266 0.0126953 0.0292969
