0 0.10013 0.249512 0.227539 0.0224609 0.0234375
0 0.100307 0.26709 0.205078 0.0224609 0.0351562
0 0.10093 0.268066 0.317871 0.0302734 0.0341797
0 0.101482 0.109375 0.331055 0.0351562 0.0273438
0 0.101582 0.734863 0.0883789 0.0146484 0.0283203
0 0.101682 0.301758 0.299805 0.0175781 0.0195312
0 0.103343 0.422852 0.0893555 0.046875 0.0673828
0 0.103632 0.334473 0.0615234 0.0361328 0.0332031
0 0.103861 0.728027 0.223633 0.0126953 0.0253906
0 0.104685 0.364258 0.662109 0.0332031 0.0527344
0 0.104992 0.251465 0.390137 0.0166016 0.0166016
0 0.105192 0.296875 0.185059 0.0175781 0.0263672
0 0.105426 0.27832 0.333008 0.0214844 0.0390625
0 0.106975 0.236816 0.580078 0.0361328 0.0527344
0 0.107767 0.253418 0.0136719 0.0166016 0.0273438
0 0.109485 0.240723 0.100098 0.0244141 0.0380859
0 0.110357 0.42041 0.0654297 0.0322266 0.0429688
0 0.110793 0.728027 0.251953 0.0107422 0.0214844
0 0.110895 0.271973 0.469238 0.0244141 0.0341797
0 0.11236 0.42627 0.140137 0.0224609 0.0361328
0 0.113253 0.422363 0.166992 0.0224609 0.0351562
0 0.113266 0.269531 0.334473 0.0390625 0.0537109
0 0.114335 0.738281 0.256836 0.0117188 0.0195312
0 0.114762 0.338867 0.0629883 0.0175781 0.0283203
0 0.114844 0.447266 0.769531 0.0253906 0.0234375
0 0.117349 0.20752 0.51416 0.0380859 0.0263672
0 0.117497 0.318848 0.492188 0.0224609 0.0253906
0 0.11866 0.247559 0.370605 0.0205078 0.0244141
0 0.120835 0.402832 0.15625 0.0419922 0.0390625
0 0.12215 0.271973 0.0771484 0.0205078 0.0234375
0 0.122726 0.304199 0.740234 0.0439453 0.0839844
0 0.12421 0.250488 0.639648 0.0244141 0.03125
0 0.125612 0.431641 0.0966797 0.0332031 0.03125
0 0.126427 0.533691 0.272461 0.0361328 0.03125
0 0.127256 0.129395 0.632324 0.0400391 0.0283203
0 0.128247 0.166504 0.0922852 0.0400391 0.0537109
0 0.13227 0.216309 0.384766 0.0185547 0.0195312
0 0.132519 0.418945 0.116211 0.0488281 0.0585938
0 0.134294 0.33252 0.0336914 0.0400391 0.0576172
0 0.134563 0.366211 0.765625 0.03125 0.0625
0 0.134698 0.167969 0.203125 0.0195312 0.0214844
0 0.136495 0.474121 0.721191 0.0322266 0.0380859
0 0.136663 0.418945 0.059082 0.0195312 0.0263672
0 0.137322 0.220215 0.149902 0.0146484 0.0283203
0 0.1397 0.456543 0.645996 0.0341797 0.0615234
0 0.144953 0.28125 0.0458984 0.0136719 0.03125
0 0.147578 0.476074 0.0356445 0.0126953 0.0302734
0 0.149713 0.303223 0.0683594 0.0126953 0.0253906
0 0.154907 0.338379 0.229004 0.0205078 0.0439453
0 0.156398 0.414062 0.135254 0.0488281 0.0517578
0 0.157511 0.28418 0.540527 0.0136719 0.0361328
0 0.157953 0.515137 0.687012 0.0244141 0.0341797
0 0.160177 0.114746 0.268555 0.0146484 0.0175781
0 0.165141 0.250977 0.122559 0.0234375 0.0302734
0 0.166429 0.118652 0.0424805 0.0341797 0.0400391
0 0.169831 0.197266 0.518066 0.0605469 0.0380859
0 0.172437 0.493652 0.241211 0.0244141 0.0273438
0 0.176336 0.313477 0.219238 0.0488281 0.0458984
0 0.184881 0.272949 0.413086 0.0146484 0.0175781
0 0.187903 0.265625 0.195312 0.00976562 0.0136719
0 0.19249 0.189453 0.583008 0.0351562 0.0507812
0 0.193026 0.208984 0.293945 0.0195312 0.0351562
0 0.195349 0.135742 0.692871 0.0214844 0.0244141
0 0.196785 0.305176 0.216797 0.0302734 0.03125
0 0.197464 0.269043 0.252441 0.0224609 0.0302734
0 0.197736 0.506836 0.682617 0.0292969 0.0449219
0 0.201775 0.447266 0.211426 0.0234375 0.0458984
0 0.209609 0.187988 0.286133 0.0107422 0.0214844
0 0.210038 0.716797 0.269531 0.0175781 0.0234375
0 0.210884 0.270508 0.0302734 0.0214844 0.0234375
0 0.21269 0.255859 0.221191 0.0351562 0.0380859
0 0.212915 0.120117 0.321777 0.0292969 0.0341797
0 0.213988 0.146484 0.584473 0.0195312 0.0224609
0 0.216157 0.398438 0.233398 0.0371094 0.0546875
0 0.218978 0.304688 0.57959 0.015625 0.0146484
0 0.219956 0.330078 0.230469 0.0371094 0.0527344
0 0.226004 0.217285 0.302734 0.0302734 0.0390625
0 0.230703 0.23584 0.0571289 0.0185547 0.0341797
0 0.230854 0.338867 0.421875 0.015625 0.015625
0 0.230875 0.914062 0.24707 0.0585938 0.0605469
0 0.231463 0.307129 0.550293 0.0146484 0.0380859
0 0.24123 0.208008 0.0717773 0.015625 0.0263672
0 0.249526 0.34375 0.151855 0.0136719 0.0380859
0 0.261417 0.358398 0.186035 0.0214844 0.0341797
0 0.261514 0.285645 0.398438 0.0224609 0.0214844
0 0.264975 0.3125 0.28418 0.03125 0.046875
0 0.272644 0.313965 0.263184 0.0302734 0.0595703
0 0.279368 0.547363 0.241699 0.0302734 0.0419922
0 0.288468 0.316406 0.237793 0.0371094 0.0537109
0 0.288698 0.243652 0.112793 0.0322266 0.0537109
0 0.289579 0.402344 0.0244141 0.0234375 0.0351562
0 0.296706 0.711914 0.104492 0.0175781 0.0273438
0 0.297013 0.308594 0.419434 0.0117188 0.0283203
0 0.297371 0.172852 0.0209961 0.03125 0.0400391
0 0.331177 0.301758 0.155273 0.015625 0.03125
0 0.331988 0.868652 0.090332 0.0244141 0.0400391
0 0.344671 0.392578 0.154297 0.0195312 0.0351562
0 0.354753 0.818359 0.102051 0.0234375 0.0302734
0 0.372012 0.193848 0.233398 0.0283203 0.0449219
0 0.402583 0.136719 0.281738 0.0195312 0.0322266
0 0.404337 0.356934 0.174805 0.0302734 0.0566406
0 0.421308 0.536621 0.307129 0.0205078 0.0205078
0 0.488931 0.328125 0.120117 0.0253906 0.0507812
0 0.49568 0.285645 0.119629 0.0302734 0.0458984
0 0.517876 0.363281 0.105469 0.0273438 0.03125
