0 0.102087 0.116699 0.786621 0.0439453 0.0595703
0 0.10492 0.712402 0.910645 0.12207 0.0947266
0 0.108575 0.85498 0.446289 0.0400391 0.0429688
0 0.11023 0.682617 0.898926 0.0625 0.0576172
0 0.111024 0.709473 0.555176 0.0185547 0.0341797
0 0.111519 0.241699 0.520996 0.0556641 0.0576172
0 0.111587 0.140137 0.54541 0.0478516 0.0537109
0 0.112093 0.39209 0.0932617 0.0908203 0.186523
0 0.113787 0.140625 0.84375 0.0234375 0.0410156
0 0.115083 0.217773 0.967285 0.0332031 0.0498047
0 0.11543 0.184082 0.521973 0.0517578 0.0732422
0 0.116243 0.833984 0.0942383 0.0507812 0.0927734
0 0.117934 0.293457 0.625488 0.0244141 0.0244141
0 0.118058 0.552246 0.988281 0.0263672 0.0214844
0 0.125777 0.466797 0.269531 0.0449219 0.0390625
0 0.127827 0.23291 0.233887 0.0556641 0.0478516
0 0.129681 0.134766 0.51709 0.111328 0.0869141
0 0.130096 0.311523 0.973633 0.0625 0.0449219
0 0.132273 0.6875 0.241699 0.0351562 0.0439453
0 0.13651 0.163086 0.362793 0.0839844 0.0830078
0 0.137394 0.034668 0.506836 0.0537109 0.0878906
0 0.141529 0.705078 0.286133 0.0566406 0.0820312
0 0.143521 0.668457 0.79541 0.0966797 0.0830078
0 0.143829 0.327637 0.405273 0.0302734 0.0351562
0 0.14463 0.224609 0.268555 0.078125 0.115234
0 0.145555 0.202637 0.913086 0.0205078 0.0371094
0 0.147561 0.310059 0.281738 0.0986328 0.149414
0 0.148951 0.398438 0.643555 0.0332031 0.0488281
0 0.156191 0.540039 0.305176 0.0546875 0.0849609
0 0.160443 0.509766 0.420898 0.03125 0.0390625
0 0.163031 0.322754 0.709961 0.0478516 0.0703125
0 0.164623 0.20166 0.439941 0.0263672 0.0322266
0 0.166127 0.670898 0.915039 0.0625 0.078125
0 0.167525 0.293945 0.740723 0.0546875 0.0634766
0 0.167526 0.28125 0.519043 0.0507812 0.0595703
0 0.174878 0.79834 0.588867 0.0263672 0.0332031
0 0.175679 0.79248 0.78418 0.0419922 0.0429688
0 0.181451 0.0268555 0.534668 0.0458984 0.0419922
0 0.184273 0.692871 0.799316 0.0400391 0.0458984
0 0.185332 0.556641 0.233887 0.0605469 0.0537109
0 0.196086 0.388184 0.260254 0.0791016 0.124023
0 0.196707 0.166504 0.861816 0.0283203 0.0439453
0 0.198393 0.0449219 0.486816 0.0449219 0.0712891
0 0.210074 0.167969 0.958008 0.0507812 0.0761719
0 0.212254 0.166504 0.53125 0.0927734 0.0839844
0 0.21278 0.786621 0.582031 0.0498047 0.0449219
0 0.212895 0.265137 0.522461 0.0869141 0.0820312
0 0.240518 0.316895 0.280273 0.209961 0.162109
0 0.249415 0.484863 0.436523 0.0830078 0.0644531
0 0.249784 0.589844 0.710449 0.0195312 0.0458984
0 0.254976 0.509277 0.431152 0.0400391 0.0673828
0 0.262509 0.654297 0.813965 0.0605469 0.0498047
0 0.266618 0.463867 0.4375 0.0390625 0.046875
0 0.27017 0.498535 0.319824 0.0810547 0.0986328
0 0.279262 0.585449 0.604492 0.0283203 0.0332031
0 0.290684 0.766113 0.57666 0.0634766 0.0537109
0 0.35661 0.753906 0.469238 0.0429688 0.0400391
0 0.454291 0.0942383 0.500488 0.0478516 0.0634766
0 0.481072 0.569824 0.842773 0.0576172 0.0820312
