0 0.100747 0.52832 0.303223 0.0253906 0.0419922
0 0.101234 0.733887 0.446777 0.0126953 0.0263672
0 0.104691 0.214844 0.141113 0.0351562 0.0341797
0 0.105181 0.641602 0.364258 0.0175781 0.0195312
0 0.10839 0.771484 0.683594 0.0273438 0.03125
0 0.109873 0.167969 0.307129 0.015625 0.0302734
0 0.111019 0.282715 0.12793 0.00878906 0.0195312
0 0.111368 0.815918 0.712891 0.0517578 0.0742188
0 0.116454 0.485352 0.0390625 0.0429688 0.0664062
0 0.117227 0.913574 0.0654297 0.0146484 0.0214844
0 0.118425 0.87207 0.496094 0.0234375 0.0351562
0 0.123464 0.0893555 0.379395 0.0322266 0.0478516
0 0.125638 0.256836 0.163574 0.0195312 0.0283203
0 0.126796 0.823242 0.115723 0.0273438 0.0439453
0 0.129374 0.401367 0.26709 0.00976562 0.0244141
0 0.132669 0.768555 0.740234 0.0566406 0.0625
0 0.136473 0.558105 0.0981445 0.0205078 0.0302734
0 0.136997 0.744629 0.295898 0.0361328 0.0488281
0 0.140449 0.379395 0.22168 0.0205078 0.0195312
0 0.14055 0.535156 0.10498 0.0292969 0.0400391
0 0.144097 0.453125 0.09375 0.0117188 0.0195312
0 0.15274 0.313965 0.266113 0.0146484 0.0283203
0 0.154391 0.279297 0.32666 0.0234375 0.0263672
0 0.155074 0.325195 0.0561523 0.0410156 0.0361328
0 0.158844 0.987305 0.314941 0.0234375 0.0439453
0 0.172166 0.415527 0.188965 0.0166016 0.0224609
0 0.175467 0.799316 0.0546875 0.0302734 0.03125
0 0.176774 0.0400391 0.320312 0.046875 0.0410156
0 0.189175 0.29541 0.0878906 0.0126953 0.0214844
0 0.197859 0.233398 0.452637 0.0292969 0.0302734
0 0.202727 0.0864258 0.296875 0.0205078 0.03125
0 0.207854 0.533691 0.397461 0.0205078 0.0234375
0 0.219108 0.294922 0.391602 0.0253906 0.0234375
0 0.238264 0.354004 0.00732422 0.0205078 0.0126953
0 0.239899 0.78125 0.416504 0.0292969 0.0556641
0 0.242926 0.158203 0.191406 0.0234375 0.0332031
0 0.258446 0.966797 0.163574 0.0410156 0.0439453
0 0.270664 0.398926 0.0708008 0.0185547 0.0380859
0 0.271394 0.691895 0.019043 0.0263672 0.0283203
0 0.394883 0.890625 0.107422 0.0507812 0.0371094
0 0.447079 0.315918 0.0556641 0.0263672 0.0273438
0 0.479241 0.589355 0.47998 0.0244141 0.0283203
