0 0.101275 0.0649414 0.384277 0.0673828 0.112305
0 0.101803 0.208496 0.0839844 0.0419922 0.0644531
0 0.102344 0.155762 0.291992 0.0478516 0.0332031
0 0.103001 0.210449 0.332031 0.0244141 0.0429688
0 0.103364 0.13916 0.241699 0.0498047 0.0458984
0 0.103428 0.248535 0.849121 0.0166016 0.0283203
0 0.104329 0.476074 0.103027 0.0302734 0.0263672
0 0.104943 0.253418 0.341797 0.0205078 0.0371094
0 0.107881 0.34082 0.212402 0.0371094 0.0478516
0 0.108738 0.219727 0.362793 0.0703125 0.0908203
0 0.108934 0.427734 0.941895 0.0527344 0.0576172
0 0.109657 0.100098 0.45459 0.0400391 0.0537109
0 0.111737 0.0131836 0.308105 0.0263672 0.0751953
0 0.112691 0.250977 0.9375 0.03125 0.0605469
0 0.114602 0.45752 0.970215 0.0341797 0.0537109
0 0.1166 0.639648 0.89502 0.0175781 0.0185547
0 0.117921 0.107422 0.168457 0.0449219 0.0732422
0 0.118199 0.437012 0.867188 0.0341797 0.0429688
0 0.120679 0.357422 0.12207 0.0371094 0.0664062
0 0.12106 0.353516 0.254395 0.0292969 0.0615234
0 0.121492 0.429199 0.396973 0.0185547 0.0341797
0 0.124746 0.694824 0.046875 0.0517578 0.0820312
0 0.125184 0.39209 0.0341797 0.0244141 0.0390625
0 0.126432 0.519043 0.961426 0.0166016 0.0322266
0 0.134082 0.231445 0.260254 0.0507812 0.0380859
0 0.134394 0.618164 0.0351562 0.0390625 0.0664062
0 0.135574 0.305176 0.0854492 0.0439453 0.124023
0 0.13663 0.316895 0.0380859 0.0537109 0.0585938
0 0.137114 0.265625 0.883301 0.0273438 0.0478516
0 0.138599 0.23291 0.764648 0.0576172 0.113281
0 0.141435 0.307617 0.0170898 0.0527344 0.0322266
0 0.14214 0.444336 0.880371 0.0175781 0.0244141
0 0.143062 0.222168 0.811035 0.0341797 0.0478516
0 0.144802 0.458496 0.0610352 0.0419922 0.0537109
0 0.145904 0.382812 0.0390625 0.0410156 0.0429688
0 0.150358 0.344238 0.0444336 0.0400391 0.0400391
0 0.153596 0.106934 0.353027 0.0537109 0.0615234
0 0.153867 0.225586 0.316895 0.0371094 0.0322266
0 0.161448 0.380859 0.163574 0.0136719 0.0244141
0 0.162085 0.248047 0.240723 0.0234375 0.0537109
0 0.162956 0.119141 0.392578 0.0546875 0.0449219
0 0.163477 0.804688 0.117188 0.0292969 0.0410156
0 0.166532 0.324219 0.116211 0.0351562 0.0664062
0 0.167452 0.574219 0.0556641 0.046875 0.0605469
0 0.167731 0.21875 0.0214844 0.0429688 0.0410156
0 0.171256 0.246094 0.153809 0.0625 0.0869141
0 0.175314 0.23877 0.126465 0.0927734 0.131836
0 0.180807 0.550293 0.461914 0.0126953 0.015625
0 0.182266 0.219727 0.331055 0.0488281 0.0585938
0 0.182276 0.415527 0.956055 0.0537109 0.0742188
0 0.182684 0.217285 0.266113 0.0302734 0.0341797
0 0.188773 0.201172 0.236816 0.0390625 0.0458984
0 0.193896 0.348145 0.943359 0.0439453 0.0722656
0 0.195774 0.331543 0.0458984 0.0302734 0.0371094
0 0.199114 0.486328 0.376465 0.03125 0.0380859
0 0.201349 0.398438 0.432617 0.0273438 0.0253906
0 0.20422 0.174316 0.785156 0.0458984 0.0449219
0 0.205133 0.231934 0.788086 0.0419922 0.0722656
0 0.20747 0.0878906 0.341309 0.0683594 0.0556641
0 0.208671 0.432617 0.0551758 0.0566406 0.0673828
0 0.215978 0.216309 0.383789 0.0458984 0.0585938
0 0.223202 0.494141 0.131836 0.0214844 0.0351562
0 0.225731 0.122559 0.756836 0.0322266 0.0429688
0 0.22752 0.36084 0.0439453 0.0380859 0.0390625
0 0.230276 0.441895 0.159668 0.0400391 0.0478516
0 0.23612 0.157227 0.0322266 0.0761719 0.0585938
0 0.241369 0.15625 0.345703 0.0371094 0.0488281
0 0.24441 0.589355 0.176758 0.0654297 0.0683594
0 0.257406 0.590332 0.714844 0.0517578 0.0976562
0 0.258846 0.461914 0.43457 0.0253906 0.0546875
0 0.26062 0.677246 0.118652 0.0419922 0.0458984
0 0.265222 0.396484 0.118652 0.0390625 0.0595703
0 0.324697 0.40332 0.273926 0.0175781 0.0322266
0 0.329452 0.24707 0.0683594 0.0585938 0.0507812
0 0.331344 0.371582 0.762695 0.0439453 0.0585938
0 0.348473 0.679199 0.168457 0.0283203 0.0419922
0 0.383781 0.395996 0.185547 0.0283203 0.0371094
0 0.456947 0.49707 0.0708008 0.0371094 0.0537109
0 0.481588 0.39209 0.539551 0.0283203 0.0263672
