0 0.100012 0.484375 0.172852 0.0898438 0.078125
0 0.100959 0.820312 0.465332 0.0253906 0.0341797
0 0.104282 0.334961 0.827637 0.0253906 0.0634766
0 0.104639 0.47168 0.0805664 0.103516 0.139648
0 0.106423 0.406738 0.0146484 0.0888672 0.0253906
0 0.106703 0.589355 0.231934 0.0478516 0.0556641
0 0.106935 0.43457 0.187012 0.0429688 0.0595703
0 0.108938 0.570801 0.145996 0.0732422 0.0673828
0 0.109892 0.10498 0.442871 0.0302734 0.0361328
0 0.110187 0.229004 0.0712891 0.151367 0.140625
0 0.111094 0.543945 0.663574 0.0117188 0.0205078
0 0.113444 0.103516 0.692383 0.0507812 0.0605469
0 0.115445 0.0600586 0.427246 0.0283203 0.0224609
0 0.115693 0.601562 0.115723 0.0605469 0.0751953
0 0.115893 0.388672 0.34082 0.0136719 0.0234375
0 0.11611 0.0410156 0.526367 0.0683594 0.107422
0 0.118267 0.270508 0.38916 0.0175781 0.0439453
0 0.118734 0.563477 0.541992 0.0234375 0.0371094
0 0.121638 0.572754 0.793457 0.0341797 0.0439453
0 0.123618 0.287109 0.0634766 0.0566406 0.109375
0 0.127275 0.0571289 0.484375 0.0693359 0.0664062
0 0.128499 0.517578 0.162598 0.0449219 0.0576172
0 0.129704 0.120117 0.654785 0.0488281 0.0458984
0 0.131238 0.636719 0.344238 0.03125 0.0419922
0 0.131405 0.780273 0.739746 0.0546875 0.0849609
0 0.132469 0.611816 0.453613 0.0244141 0.0341797
0 0.134477 0.573242 0.0356445 0.101562 0.0673828
0 0.135097 0.550293 0.907227 0.0283203 0.0546875
0 0.136246 0.490723 0.289551 0.0341797 0.0517578
0 0.137074 0.211914 0.33252 0.0488281 0.0458984
0 0.138538 0.619141 0.195801 0.0292969 0.0458984
0 0.139816 0.402344 0.349609 0.0175781 0.0175781
0 0.140944 0.217773 0.283203 0.0292969 0.03125
0 0.142175 0.692871 0.0805664 0.0419922 0.0380859
0 0.143084 0.248047 0.427734 0.00976562 0.015625
0 0.144754 0.30957 0.019043 0.0273438 0.0361328
0 0.148244 0.390625 0.69043 0.0234375 0.0351562
0 0.151864 0.88623 0.621094 0.0283203 0.0410156
0 0.154768 0.338379 0.736328 0.0185547 0.0175781
0 0.156421 0.523438 0.165527 0.0273438 0.0341797
0 0.15984 0.367676 0.439453 0.0205078 0.0214844
0 0.161904 0.514648 0.585449 0.0449219 0.0478516
0 0.164926 0.691406 0.81543 0.0390625 0.0605469
0 0.165103 0.641113 0.842773 0.0263672 0.03125
0 0.166954 0.659668 0.237793 0.0732422 0.108398
0 0.174033 0.325195 0.896484 0.0195312 0.0390625
0 0.177 0.466797 0.885742 0.0605469 0.0703125
0 0.177399 0.340332 0.0761719 0.0537109 0.103516
0 0.180744 0.59668 0.378906 0.0175781 0.0390625
0 0.182494 0.47168 0.538574 0.0390625 0.0498047
0 0.183212 0.662598 0.177734 0.0458984 0.0449219
0 0.190322 0.617188 0.208496 0.0429688 0.0751953
0 0.190688 0.705566 0.611328 0.0341797 0.0527344
0 0.194119 0.456543 0.164551 0.0439453 0.0419922
0 0.195849 0.632812 0.593262 0.0253906 0.0400391
0 0.198469 0.414551 0.0839844 0.112305 0.128906
0 0.201028 0.421875 0.209473 0.0429688 0.0595703
0 0.203269 0.772949 0.547852 0.0244141 0.03125
0 0.206007 0.266113 0.231445 0.0205078 0.0351562
0 0.207164 0.507324 0.835449 0.0185547 0.0244141
0 0.207233 0.643066 0.0371094 0.0517578 0.0683594
0 0.217067 0.728516 0.404785 0.0566406 0.0517578
0 0.218916 0.633789 0.496094 0.046875 0.0585938
0 0.220233 0.366699 0.692871 0.0166016 0.0224609
0 0.22057 0.291992 0.373535 0.0390625 0.0576172
0 0.222519 0.228516 0.341797 0.0234375 0.0273438
0 0.22858 0.562988 0.222656 0.0478516 0.046875
0 0.234113 0.244629 0.681641 0.0263672 0.0292969
0 0.243822 0.510742 0.37207 0.0136719 0.0273438
0 0.245617 0.375488 0.0703125 0.124023 0.128906
0 0.252448 0.745605 0.565918 0.0517578 0.0478516
0 0.256036 0.310547 0.200684 0.0390625 0.0439453
0 0.266419 0.227051 0.46875 0.0419922 0.0507812
0 0.267043 0.645508 0.694824 0.0214844 0.0263672
0 0.268061 0.384766 0.181641 0.0214844 0.0390625
0 0.26821 0.435547 0.114258 0.0722656 0.0820312
0 0.269646 0.696777 0.505371 0.0166016 0.0263672
0 0.27923 0.495117 0.185547 0.0429688 0.0527344
0 0.282344 0.303223 0.272461 0.0380859 0.0332031
0 0.28913 0.590332 0.136719 0.0615234 0.0664062
0 0.300481 0.797852 0.647461 0.0253906 0.0292969
0 0.327542 0.376465 0.836426 0.0458984 0.0888672
0 0.339669 0.687988 0.97168 0.0419922 0.0507812
0 0.349981 0.360352 0.453125 0.0390625 0.046875
0 0.439056 0.303711 0.447266 0.0488281 0.0527344
0 0.508602 0.215332 0.395508 0.0537109 0.0625
