0 0.100347 0.669922 0.284668 0.03125 0.0361328
0 0.100628 0.305176 0.668945 0.0302734 0.0332031
0 0.100655 0.805664 0.287109 0.0488281 0.0605469
0 0.101409 0.385254 0.0219727 0.0615234 0.0419922
0 0.101507 0.533203 0.347168 0.0351562 0.0517578
0 0.101759 0.703613 0.111816 0.0244141 0.0244141
0 0.102871 0.423828 0.431152 0.09375 0.0771484
0 0.103091 0.84375 0.310059 0.0429688 0.0478516
0 0.10422 0.592773 0.378906 0.03125 0.0292969
0 0.104255 0.34375 0.983398 0.0332031 0.03125
0 0.104446 0.159668 0.17627 0.0263672 0.0361328
0 0.10449 0.827148 0.580566 0.0273438 0.0263672
0 0.106576 0.52002 0.492676 0.0322266 0.0419922
0 0.107877 0.312988 0.263672 0.114258 0.101562
0 0.109904 0.171387 0.223633 0.0986328 0.0761719
0 0.110942 0.446289 0.38623 0.0332031 0.0380859
0 0.111662 0.196777 0.168457 0.0361328 0.0498047
0 0.113278 0.904297 0.401855 0.0429688 0.0439453
0 0.11414 0.158691 0.546875 0.0283203 0.0546875
0 0.114457 0.0947266 0.0410156 0.0742188 0.0761719
0 0.115662 0.700684 0.304199 0.0341797 0.0576172
0 0.116295 0.454102 0.470215 0.0390625 0.0439453
0 0.116786 0.374023 0.107422 0.0273438 0.046875
0 0.116937 0.337891 0.0253906 0.0566406 0.0507812
0 0.11715 0.243164 0.612793 0.0175781 0.0244141
0 0.117487 0.82666 0.187988 0.0458984 0.0498047
0 0.117836 0.131348 0.0249023 0.102539 0.0498047
0 0.11987 0.18457 0.280762 0.0390625 0.0478516
0 0.121166 0.54834 0.35791 0.0498047 0.0654297
0 0.122327 0.361328 0.0493164 0.0507812 0.0732422
0 0.122912 0.459961 0.857422 0.0351562 0.0449219
0 0.123529 0.478516 0.39502 0.0292969 0.0263672
0 0.12357 0.46582 0.421387 0.0292969 0.0341797
0 0.123573 0.775879 0.138184 0.0126953 0.0224609
0 0.124498 0.765137 0.243652 0.0244141 0.0498047
0 0.124628 0.688965 0.730957 0.0185547 0.0283203
0 0.125155 0.298828 0.847168 0.0292969 0.0380859
0 0.126851 0.494141 0.46875 0.0234375 0.0234375
0 0.129433 0.666016 0.380371 0.0078125 0.0205078
0 0.129614 0.564453 0.0893555 0.0566406 0.0595703
0 0.130055 0.190918 0.0209961 0.0439453 0.0400391
0 0.130663 0.516113 0.632324 0.0380859 0.0576172
0 0.131725 0.770508 0.382812 0.0078125 0.0234375
0 0.132141 0.756348 0.191406 0.0166016 0.046875
0 0.132763 0.443848 0.244141 0.0341797 0.0410156
0 0.133149 0.405762 0.0390625 0.0791016 0.0683594
0 0.133256 0.71875 0.376953 0.0195312 0.0214844
0 0.134034 0.463867 0.292969 0.0332031 0.03125
0 0.136865 0.320801 0.109375 0.0244141 0.0429688
0 0.136885 0.910645 0.340332 0.0478516 0.0537109
0 0.137021 0.583496 0.376953 0.0205078 0.0234375
0 0.139496 0.25293 0.183105 0.0351562 0.0302734
0 0.140957 0.808594 0.738281 0.0488281 0.0527344
0 0.141222 0.560059 0.0297852 0.0439453 0.0556641
0 0.14187 0.214355 0.547363 0.0302734 0.0400391
0 0.143984 0.511719 0.486816 0.0585938 0.0615234
0 0.149262 0.188965 0.180664 0.0595703 0.0722656
0 0.14971 0.523438 0.341309 0.0195312 0.0400391
0 0.1533 0.659668 0.234375 0.0302734 0.0371094
0 0.154356 0.5625 0.877441 0.0332031 0.0380859
0 0.155222 0.561035 0.0551758 0.0673828 0.0849609
0 0.155525 0.765625 0.150879 0.0214844 0.0419922
0 0.156042 0.595703 0.0966797 0.0761719 0.0507812
0 0.156832 0.651367 0.0541992 0.0214844 0.0283203
0 0.159056 0.851562 0.480469 0.0449219 0.0625
0 0.159384 0.535156 0.427734 0.0234375 0.0234375
0 0.163315 0.688477 0.288574 0.0371094 0.0380859
0 0.163688 0.177734 0.226074 0.0371094 0.0400391
0 0.164991 0.654785 0.90918 0.0146484 0.0253906
0 0.166459 0.639648 0.96582 0.0292969 0.0605469
0 0.167236 0.465332 0.0571289 0.0556641 0.0849609
0 0.171324 0.459473 0.413574 0.0458984 0.0537109
0 0.172235 0.520508 0.194336 0.0410156 0.0332031
0 0.173062 0.166504 0.169434 0.0341797 0.0302734
0 0.175183 0.873047 0.171875 0.0273438 0.0332031
0 0.178027 0.337891 0.288086 0.0644531 0.0683594
0 0.183641 0.785156 0.0615234 0.0625 0.113281
0 0.193056 0.449707 0.232422 0.0205078 0.0234375
0 0.193115 0.281738 0.18457 0.0517578 0.0449219
0 0.193458 0.466797 0.260254 0.0605469 0.0537109
0 0.195424 0.419434 0.0634766 0.106445 0.117188
0 0.195964 0.568848 0.435059 0.0263672 0.0419922
0 0.196132 0.765625 0.163086 0.03125 0.0664062
0 0.196661 0.770508 0.266113 0.0253906 0.0498047
0 0.198121 0.607422 0.379883 0.0292969 0.0410156
0 0.199131 0.508789 0.0356445 0.0605469 0.0693359
0 0.200805 0.212891 0.0185547 0.0644531 0.0332031
0 0.20713 0.773926 0.442871 0.0361328 0.0419922
0 0.207668 0.378906 0.0307617 0.0917969 0.0615234
0 0.207671 0.364258 0.428223 0.0292969 0.0595703
0 0.208974 0.610352 0.802734 0.0253906 0.0332031
0 0.21261 0.387207 0.108887 0.0576172 0.0537109
0 0.21473 0.402344 0.397461 0.0546875 0.0449219
0 0.215315 0.244141 0.0200195 0.0722656 0.0341797
0 0.219024 0.185547 0.215332 0.0546875 0.0634766
0 0.22204 0.42041 0.802734 0.0302734 0.03125
0 0.22311 0.771484 0.14209 0.0234375 0.0263672
0 0.224169 0.332031 0.111328 0.0390625 0.0449219
0 0.227219 0.488281 0.0561523 0.0839844 0.102539
0 0.227487 0.766602 0.185059 0.0332031 0.0458984
0 0.227883 0.696777 0.119141 0.0302734 0.0351562
0 0.22991 0.363281 0.182129 0.0273438 0.0712891
0 0.230416 0.620605 0.872559 0.0224609 0.0302734
0 0.241538 0.666016 0.228027 0.0214844 0.0322266
0 0.243923 0.433594 0.183105 0.0234375 0.0517578
0 0.245746 0.305664 0.493164 0.03125 0.0292969
0 0.246083 0.181641 0.158691 0.0625 0.0634766
0 0.248632 0.657227 0.290527 0.0253906 0.0380859
0 0.251532 0.335449 0.259766 0.0615234 0.0703125
0 0.25359 0.443359 0.378418 0.0253906 0.0244141
0 0.256416 0.777832 0.185059 0.0205078 0.0302734
0 0.26103 0.141113 0.31543 0.0732422 0.0878906
0 0.263558 0.77002 0.38916 0.0146484 0.0400391
0 0.265611 0.349121 0.305176 0.0419922 0.0361328
0 0.267917 0.236816 0.322266 0.0439453 0.0585938
0 0.268825 0.711914 0.317871 0.0449219 0.0517578
0 0.270841 0.585449 0.0332031 0.102539 0.0644531
0 0.27652 0.162598 0.0229492 0.0771484 0.0419922
0 0.276779 0.363281 0.257812 0.0507812 0.0585938
0 0.287845 0.438965 0.262695 0.0478516 0.0546875
0 0.290027 0.816406 0.366211 0.0527344 0.0488281
0 0.291203 0.591797 0.200684 0.0234375 0.0341797
0 0.291247 0.129883 0.234863 0.0546875 0.0478516
0 0.29234 0.395508 0.92041 0.0371094 0.0654297
0 0.295881 0.396973 0.220215 0.0400391 0.0615234
0 0.297035 0.523926 0.0961914 0.0458984 0.0419922
0 0.300875 0.571289 0.334961 0.0175781 0.0175781
0 0.301301 0.723633 0.284668 0.03125 0.0283203
0 0.302126 0.695312 0.152832 0.0234375 0.0341797
0 0.307389 0.45166 0.983398 0.0244141 0.0292969
0 0.309216 0.42041 0.45752 0.0556641 0.0380859
0 0.310981 0.657227 0.196289 0.0175781 0.0332031
0 0.312471 0.741211 0.443848 0.0566406 0.0478516
0 0.318593 0.758789 0.438477 0.0527344 0.0488281
0 0.31869 0.543457 0.26709 0.0244141 0.0341797
0 0.320382 0.651367 0.0351562 0.0507812 0.0683594
0 0.326158 0.611328 0.0380859 0.0546875 0.0546875
0 0.330388 0.716309 0.453125 0.0498047 0.0410156
0 0.334121 0.590332 0.301758 0.0244141 0.0234375
0 0.336304 0.484375 0.258789 0.0273438 0.0429688
0 0.341099 0.804199 0.194824 0.0341797 0.0517578
0 0.341649 0.283203 0.0893555 0.0292969 0.0576172
0 0.352178 0.618164 0.231445 0.0253906 0.0332031
0 0.356719 0.612793 0.0986328 0.0458984 0.0351562
0 0.358458 0.283203 0.975586 0.0410156 0.0449219
0 0.369812 0.634766 0.207031 0.0195312 0.0253906
0 0.385425 0.557617 0.367188 0.03125 0.0488281
0 0.391984 0.313477 0.0322266 0.0429688 0.0585938
0 0.39592 0.562012 0.269043 0.0341797 0.0361328
0 0.398023 0.262207 0.0249023 0.0498047 0.0498047
0 0.404969 0.520508 0.291992 0.0273438 0.03125
0 0.405853 0.692383 0.135742 0.0332031 0.0605469
0 0.406199 0.64502 0.243164 0.0322266 0.0371094
0 0.406751 0.858398 0.226562 0.0898438 0.046875
0 0.407142 0.153809 0.0844727 0.0419922 0.0595703
0 0.41275 0.81543 0.432617 0.0351562 0.0351562
0 0.415283 0.709473 0.40625 0.0302734 0.0273438
0 0.43622 0.274414 0.255371 0.0742188 0.0849609
0 0.497112 0.680664 0.463867 0.0410156 0.0585938
0 0.532392 0.65918 0.109863 0.0292969 0.0478516
0 0.547677 0.75293 0.331055 0.0371094 0.0429688
0 0.587269 0.211426 0.0717773 0.0361328 0.0712891
0 0.589217 0.703613 0.0214844 0.0576172 0.0429688
0 0.656916 0.741211 0.0488281 0.0371094 0.0585938
0 0.657582 0.729492 0.145508 0.0253906 0.0332031
