0 0.100256 0.311523 0.56543 0.0605469 0.0722656
0 0.102722 0.320312 0.544922 0.0527344 0.0507812
0 0.107084 0.320312 0.15625 0.0644531 0.117188
0 0.111505 0.686035 0.6875 0.0263672 0.0566406
0 0.11201 0.731445 0.501953 0.0566406 0.0742188
0 0.112382 0.352051 0.416992 0.0146484 0.0390625
0 0.112399 0.368164 0.492188 0.0566406 0.0507812
0 0.114687 0.243164 0.540527 0.0371094 0.0439453
0 0.115 0.301758 0.58252 0.0488281 0.0478516
0 0.120618 0.40918 0.065918 0.078125 0.124023
0 0.121519 0.217285 0.842285 0.0810547 0.0947266
0 0.122092 0.581055 0.0639648 0.125 0.12793
0 0.122164 0.473145 0.205566 0.0341797 0.0615234
0 0.122307 0.0444336 0.486328 0.0439453 0.0507812
0 0.126025 0.292969 0.409668 0.078125 0.104492
0 0.12945 0.432129 0.24707 0.0537109 0.0625
0 0.137947 0.477539 0.0654297 0.0664062 0.125
0 0.138729 0.579102 0.553711 0.0488281 0.0390625
0 0.144036 0.637695 0.617188 0.0117188 0.0253906
0 0.147654 0.51123 0.486816 0.0517578 0.0556641
0 0.150799 0.0644531 0.400391 0.0546875 0.0449219
0 0.166528 0.0634766 0.188965 0.111328 0.163086
0 0.169127 0.131836 0.804688 0.0390625 0.0371094
0 0.185271 0.434082 0.45752 0.0517578 0.0654297
0 0.218087 0.132812 0.286621 0.0429688 0.0595703
0 0.231462 0.184082 0.281738 0.0419922 0.0673828
0 0.25285 0.115234 0.35791 0.046875 0.0537109
0 0.311392 0.583008 0.551758 0.03125 0.0273438
