0 0.101267 0.708496 0.0136719 0.0771484 0.0234375
0 0.10136 0.746094 0.155273 0.0195312 0.046875
0 0.10146 0.182129 0.473633 0.0361328 0.0546875
0 0.10215 0.0395508 0.0600586 0.0693359 0.0732422
0 0.102583 0.207031 0.160156 0.0390625 0.0585938
0 0.102866 0.66748 0.173828 0.0185547 0.0234375
0 0.103485 0.382324 0.108887 0.104492 0.112305
0 0.104229 0.60498 0.15918 0.0126953 0.0273438
0 0.104282 0.518066 0.0708008 0.0869141 0.116211
0 0.104716 0.181641 0.231934 0.0449219 0.0478516
0 0.104843 0.395996 0.0673828 0.0322266 0.0585938
0 0.105723 0.202148 0.42041 0.0507812 0.0517578
0 0.106457 0.513184 0.929199 0.0380859 0.0458984
0 0.106528 0.167969 0.432617 0.0449219 0.0507812
0 0.109784 0.208984 0.0703125 0.0546875 0.078125
0 0.11406 0.0810547 0.413086 0.046875 0.0527344
0 0.114463 0.0551758 0.335449 0.0458984 0.0654297
0 0.11497 0.628906 0.0561523 0.0527344 0.0634766
0 0.115065 0.567383 0.241699 0.0820312 0.0947266
0 0.117052 0.227539 0.015625 0.0273438 0.03125
0 0.1185 0.342773 0.216797 0.0117188 0.0449219
0 0.11954 0.578613 0.141602 0.0205078 0.0371094
0 0.120367 0.455078 0.129883 0.0351562 0.0625
0 0.120481 0.747559 0.904785 0.0537109 0.0673828
0 0.120782 0.284668 0.0175781 0.0341797 0.0332031
0 0.120913 0.61084 0.185547 0.0380859 0.0390625
0 0.121423 0.319824 0.00927734 0.0263672 0.0185547
0 0.122412 0.212891 0.0185547 0.0527344 0.0332031
0 0.122917 0.291016 0.26709 0.0214844 0.0498047
0 0.123042 0.507812 0.0224609 0.0410156 0.0429688
0 0.123129 0.508301 0.164551 0.0595703 0.0517578
0 0.123659 0.656738 0.807617 0.0322266 0.0351562
0 0.124699 0.470215 0.244141 0.0302734 0.0390625
0 0.127752 0.407715 0.0527344 0.0537109 0.0546875
0 0.128898 0.125977 0.258301 0.0390625 0.0517578
0 0.129492 0.239746 0.262207 0.0439453 0.0576172
0 0.12962 0.233398 0.334473 0.0429688 0.0361328
0 0.134286 0.135254 0.135254 0.0458984 0.0576172
0 0.135118 0.556152 0.157227 0.0361328 0.0371094
0 0.136179 0.480469 0.0629883 0.0664062 0.0576172
0 0.136215 0.385742 0.236816 0.0507812 0.0673828
0 0.136589 0.73877 0.313965 0.0498047 0.0576172
0 0.137572 0.522461 0.17041 0.0976562 0.0869141
0 0.138745 0.427734 0.0478516 0.0214844 0.0292969
0 0.13974 0.519043 0.23291 0.0537109 0.0595703
0 0.142227 0.404297 0.0961914 0.0507812 0.104492
0 0.143061 0.0795898 0.194336 0.0419922 0.0488281
0 0.144886 0.30957 0.228027 0.0214844 0.0322266
0 0.14568 0.79541 0.138672 0.0361328 0.0410156
0 0.146454 0.67041 0.226562 0.0986328 0.0722656
0 0.146706 0.371582 0.379883 0.0537109 0.0605469
0 0.148733 0.421387 0.0112305 0.0244141 0.0224609
0 0.149843 0.236816 0.18457 0.0361328 0.0371094
0 0.150694 0.45166 0.42334 0.0205078 0.0263672
0 0.151749 0.181641 0.0532227 0.0507812 0.0537109
0 0.152289 0.791504 0.0249023 0.0693359 0.0458984
0 0.153503 0.506348 0.216309 0.0478516 0.0595703
0 0.153781 0.667969 0.203125 0.0253906 0.0273438
0 0.154782 0.682129 0.143066 0.0400391 0.0419922
0 0.156045 0.59082 0.236816 0.0546875 0.0908203
0 0.156184 0.735352 0.922852 0.0625 0.0957031
0 0.156335 0.211914 0.0961914 0.0605469 0.0634766
0 0.156813 0.538574 0.228516 0.0947266 0.0859375
0 0.156901 0.291504 0.492676 0.0869141 0.124023
0 0.156922 0.963867 0.1875 0.0664062 0.0664062
0 0.159488 0.653809 0.219238 0.0478516 0.0478516
0 0.161027 0.5625 0.219727 0.0566406 0.0722656
0 0.161538 0.430664 0.0131836 0.0351562 0.0263672
0 0.162596 0.564453 0.948242 0.0253906 0.0253906
0 0.16263 0.612305 0.241699 0.0625 0.0947266
0 0.164922 0.589355 0.930176 0.0224609 0.0478516
0 0.165356 0.560547 0.0380859 0.078125 0.0722656
0 0.170443 0.628906 0.202637 0.0273438 0.0478516
0 0.170737 0.416992 0.116699 0.0839844 0.102539
0 0.172189 0.695801 0.15332 0.0244141 0.0429688
0 0.173713 0.728516 0.736328 0.0273438 0.0351562
0 0.174557 0.464355 0.18457 0.0556641 0.0644531
0 0.177161 0.645508 0.176758 0.0175781 0.0292969
0 0.179618 0.650879 0.261719 0.0341797 0.0664062
0 0.184624 0.754883 0.911133 0.0351562 0.0449219
0 0.18499 0.674805 0.0488281 0.0449219 0.0605469
0 0.185295 0.483398 0.307129 0.03125 0.0498047
0 0.188772 0.737793 0.123047 0.0224609 0.046875
0 0.189491 0.433105 0.133789 0.0517578 0.0820312
0 0.191916 0.827148 0.688965 0.0410156 0.0732422
0 0.192679 0.381836 0.0175781 0.0195312 0.0351562
0 0.193418 0.31543 0.356934 0.0195312 0.0302734
0 0.195907 0.195312 0.0966797 0.0371094 0.0488281
0 0.196134 0.194824 0.0410156 0.0595703 0.0546875
0 0.196674 0.226074 0.245117 0.0166016 0.0410156
0 0.198076 0.155762 0.40918 0.0244141 0.0546875
0 0.200443 0.665527 0.0864258 0.0458984 0.0517578
0 0.203963 0.67041 0.134277 0.0244141 0.0322266
0 0.205359 0.226074 0.406738 0.0439453 0.0498047
0 0.206473 0.524902 0.112305 0.0791016 0.0976562
0 0.209022 0.543945 0.155762 0.0625 0.0498047
0 0.211478 0.744141 0.13623 0.0253906 0.0537109
0 0.212549 0.844727 0.270508 0.0292969 0.046875
0 0.218976 0.706055 0.157715 0.0351562 0.0361328
0 0.221718 0.540527 0.904297 0.0283203 0.0351562
0 0.221891 0.465332 0.0561523 0.0419922 0.0517578
0 0.222099 0.328613 0.237305 0.0283203 0.0253906
0 0.224689 0.692871 0.408691 0.0556641 0.0849609
0 0.227892 0.757324 0.223633 0.0478516 0.0507812
0 0.228943 0.775391 0.267578 0.0507812 0.0410156
0 0.23091 0.355469 0.987305 0.0195312 0.0253906
0 0.232601 0.71582 0.0610352 0.0839844 0.0869141
0 0.233151 0.60791 0.81543 0.0283203 0.0390625
0 0.235527 0.167969 0.0625 0.0195312 0.0390625
0 0.235617 0.541016 0.237305 0.0527344 0.0664062
0 0.236611 0.257812 0.0878906 0.0566406 0.0703125
0 0.237345 0.336914 0.100586 0.0625 0.115234
0 0.238876 0.646973 0.220215 0.0244141 0.0322266
0 0.23932 0.739258 0.225098 0.0566406 0.0439453
0 0.240323 0.604492 0.179199 0.0273438 0.0224609
0 0.243185 0.212402 0.373047 0.0322266 0.0390625
0 0.244314 0.611816 0.105469 0.0185547 0.0253906
0 0.245999 0.643066 0.23584 0.0478516 0.0849609
0 0.248866 0.856445 0.193848 0.046875 0.0615234
0 0.252186 0.490234 0.184082 0.0507812 0.0693359
0 0.253074 0.212402 0.677246 0.0361328 0.0419922
0 0.260147 0.408203 0.255371 0.0546875 0.0537109
0 0.260941 0.484863 0.344238 0.0458984 0.0517578
0 0.262211 0.186035 0.902344 0.0322266 0.0546875
0 0.264041 0.769531 0.697754 0.0351562 0.0576172
0 0.264494 0.728516 0.175781 0.015625 0.0273438
0 0.270107 0.392578 0.116211 0.0390625 0.0761719
0 0.270398 0.709473 0.223145 0.0595703 0.0576172
0 0.271652 0.294434 0.0878906 0.0517578 0.0722656
0 0.281745 0.317383 0.23291 0.0371094 0.0322266
0 0.291415 0.272461 0.356934 0.0253906 0.0322266
0 0.29757 0.730957 0.0786133 0.0419922 0.0498047
0 0.299405 0.515137 0.0869141 0.0634766 0.0625
0 0.299511 0.686035 0.0556641 0.0673828 0.09375
0 0.304948 0.523926 0.309082 0.0244141 0.0458984
0 0.305864 0.262207 0.0253906 0.0283203 0.046875
0 0.311598 0.630371 0.936523 0.0654297 0.0644531
0 0.311953 0.129395 0.194336 0.0283203 0.0449219
0 0.312324 0.524414 0.0317383 0.0839844 0.0634766
0 0.314083 0.246094 0.393066 0.0371094 0.0439453
0 0.314358 0.291992 0.0117188 0.0195312 0.0234375
0 0.316544 0.737305 0.888672 0.0585938 0.0644531
0 0.317128 0.283691 0.157227 0.0244141 0.0566406
0 0.318545 0.21875 0.416016 0.0292969 0.0351562
0 0.319156 0.708984 0.28418 0.0449219 0.0625
0 0.319544 0.29248 0.427734 0.0302734 0.0332031
0 0.336147 0.23584 0.0917969 0.0615234 0.0722656
0 0.337008 0.371582 0.222656 0.0263672 0.0371094
0 0.349604 0.31543 0.090332 0.078125 0.0869141
0 0.39866 0.790527 0.274902 0.0576172 0.0556641
0 0.404752 0.570312 0.356445 0.0546875 0.0625
0 0.421824 0.691406 0.229004 0.0449219 0.0498047
0 0.444976 0.73291 0.971191 0.0478516 0.0517578
0 0.47576 0.685547 0.712891 0.046875 0.0390625
0 0.501473 0.609863 0.0424805 0.0810547 0.0849609
0 0.537607 0.784668 0.208984 0.0576172 0.0605469
