0 0.114553 0.128906 0.530273 0.0292969 0.0488281
0 0.119983 0.51709 0.593262 0.0732422 0.0576172
0 0.120182 0.118164 0.267578 0.0371094 0.0351562
0 0.121063 0.538086 0.604492 0.109375 0.0839844
0 0.121699 0.488281 0.456543 0.0878906 0.120117
0 0.124125 0.787598 0.529297 0.0185547 0.0253906
0 0.132761 0.194824 0.14502 0.0615234 0.0634766
0 0.134501 0.222656 0.605957 0.0429688 0.0400391
0 0.139873 0.206543 0.155762 0.0927734 0.0966797
0 0.143078 0.150391 0.170898 0.0195312 0.03125
0 0.143816 0.120605 0.702637 0.0986328 0.0908203
0 0.163183 0.184082 0.434082 0.124023 0.161133
0 0.163644 0.585449 0.627441 0.0693359 0.0556641
0 0.17951 0.160645 0.709961 0.0615234 0.0722656
0 0.181474 0.54248 0.463867 0.0673828 0.0722656
0 0.219384 0.233398 0.599609 0.0742188 0.0566406
0 0.276137 0.571289 0.389648 0.0878906 0.078125
0 0.291883 0.662109 0.827637 0.0488281 0.0478516
0 0.308149 0.414062 0.455566 0.0566406 0.0576172
0 0.333342 0.236816 0.429688 0.0888672 0.111328
0 0.344633 0.283691 0.699707 0.0595703 0.0615234
0 0.368337 0.258301 0.585449 0.0712891 0.0673828
0 0.479554 0.32373 0.432617 0.0791016 0.105469
0 0.492692 0.107422 0.67334 0.0566406 0.0576172
