0 0.104296 0.396484 0.692383 0.0214844 0.0214844
0 0.108244 0.14502 0.507812 0.0556641 0.046875
0 0.112454 0.618164 0.45459 0.0449219 0.0712891
0 0.114021 0.531738 0.0214844 0.0791016 0.0429688
0 0.11672 0.594238 0.894043 0.0341797 0.0634766
0 0.124997 0.192871 0.575684 0.0244141 0.0439453
0 0.126066 0.472656 0.325684 0.015625 0.0302734
0 0.131511 0.24707 0.350098 0.0429688 0.0556641
0 0.131704 0.0693359 0.668945 0.0585938 0.0742188
0 0.133182 0.364258 0.60498 0.0546875 0.0341797
0 0.136796 0.44043 0.694824 0.0410156 0.0419922
0 0.140196 0.308594 0.556152 0.0234375 0.0380859
0 0.155351 0.203125 0.615234 0.0253906 0.0195312
0 0.166892 0.75293 0.458984 0.0332031 0.0273438
0 0.169581 0.712891 0.636719 0.0371094 0.0429688
0 0.184424 0.546387 0.894043 0.0283203 0.0439453
0 0.202637 0.653809 0.930664 0.0361328 0.046875
0 0.20496 0.313477 0.808105 0.0390625 0.0478516
0 0.206462 0.269531 0.556152 0.0175781 0.0224609
0 0.206607 0.421875 0.634277 0.0214844 0.0244141
0 0.225851 0.631348 0.836914 0.0400391 0.0859375
0 0.226004 0.253906 0.536133 0.0214844 0.0253906
0 0.245732 0.248535 0.595703 0.0263672 0.0488281
0 0.259718 0.161133 0.621094 0.0214844 0.0390625
0 0.290713 0.404297 0.941406 0.0253906 0.0546875
0 0.291392 0.0556641 0.680664 0.0527344 0.0566406
0 0.333581 0.293945 0.442871 0.03125 0.0498047
0 0.336708 0.688965 0.586914 0.0615234 0.0566406
0 0.346452 0.10498 0.67627 0.0380859 0.0595703
0 0.394718 0.205566 0.61084 0.0322266 0.0341797
0 0.475822 0.205566 0.800293 0.0400391 0.0576172
0 0.51024 0.154297 0.687988 0.0449219 0.0556641
