0 0.101575 0.347656 0.155273 0.0214844 0.0371094
0 0.103266 0.19873 0.154297 0.0146484 0.0273438
0 0.10358 0.569824 0.0229492 0.0126953 0.0205078
0 0.103986 0.463379 0.17041 0.0205078 0.0322266
0 0.104643 0.263184 0.243164 0.0146484 0.0214844
0 0.105528 0.197754 0.144043 0.0146484 0.0322266
0 0.105613 0.375 0.0522461 0.015625 0.0205078
0 0.106775 0.33252 0.172363 0.0419922 0.0458984
0 0.109393 0.287598 0.134277 0.0166016 0.0400391
0 0.110029 0.376953 0.112305 0.0117188 0.0332031
0 0.111122 0.430664 0.178223 0.0195312 0.0283203
0 0.111243 0.267578 0.0507812 0.015625 0.03125
0 0.111264 0.396484 0.196777 0.0136719 0.0166016
0 0.111372 0.308594 0.168457 0.0195312 0.0302734
0 0.111754 0.48584 0.167969 0.0224609 0.0273438
0 0.112459 0.457031 0.0292969 0.0273438 0.0429688
0 0.112788 0.537109 0.220215 0.0214844 0.0263672
0 0.113544 0.234863 0.0268555 0.0166016 0.0166016
0 0.114062 0.255859 0.130859 0.0195312 0.0253906
0 0.114501 0.562012 0.206543 0.0185547 0.0283203
0 0.117168 0.463379 0.0297852 0.0146484 0.0341797
0 0.11954 0.447266 0.129395 0.0117188 0.0322266
0 0.120565 0.214844 0.197754 0.0292969 0.0341797
0 0.12337 0.529297 0.218262 0.0273438 0.0263672
0 0.124065 0.4375 0.0776367 0.0175781 0.0224609
0 0.124257 0.465332 0.271973 0.0302734 0.0244141
0 0.127905 0.219727 0.268555 0.0292969 0.0390625
0 0.133419 0.793945 0.281738 0.0410156 0.0439453
0 0.137205 0.479492 0.251465 0.0117188 0.0205078
0 0.138768 0.32666 0.191406 0.0205078 0.0292969
0 0.139014 0.115234 0.19043 0.015625 0.0195312
0 0.143629 0.521484 0.156738 0.0117188 0.0224609
0 0.14465 0.198242 0.211914 0.046875 0.046875
0 0.147096 0.129883 0.344238 0.0175781 0.0283203
0 0.149803 0.523926 0.217773 0.0166016 0.0175781
0 0.15527 0.339844 0.284668 0.0195312 0.0322266
0 0.157121 0.0693359 0.123047 0.0332031 0.0449219
0 0.158335 0.455566 0.177734 0.0302734 0.0292969
0 0.163235 0.304199 0.202148 0.0166016 0.0234375
0 0.169187 0.368164 0.015625 0.0214844 0.03125
0 0.169636 0.391602 0.296387 0.0078125 0.0205078
0 0.173408 0.882324 0.406738 0.0380859 0.0400391
0 0.180914 0.53418 0.259766 0.0117188 0.0234375
0 0.182444 0.405762 0.0146484 0.0166016 0.0292969
0 0.184538 0.404297 0.169922 0.0234375 0.0449219
0 0.18658 0.294434 0.21582 0.0107422 0.0214844
0 0.189786 0.46582 0.090332 0.0136719 0.0302734
0 0.190009 0.415039 0.137695 0.015625 0.0292969
0 0.19594 0.355957 0.163574 0.0126953 0.0244141
0 0.196999 0.495117 0.176758 0.0195312 0.0292969
0 0.198754 0.456055 0.275879 0.0332031 0.0283203
0 0.198974 0.296875 0.0756836 0.0273438 0.0380859
0 0.203039 0.147461 0.192871 0.0234375 0.0361328
0 0.205035 0.219727 0.0639648 0.0195312 0.0263672
0 0.207109 0.776855 0.370117 0.0419922 0.0605469
0 0.215389 0.349609 0.33252 0.0175781 0.0322266
0 0.22179 0.274414 0.0625 0.0253906 0.0410156
0 0.223734 0.23291 0.259766 0.0576172 0.0507812
0 0.23468 0.833496 0.461914 0.0263672 0.0253906
0 0.240489 0.739258 0.410645 0.0136719 0.0263672
0 0.24222 0.228027 0.136719 0.0224609 0.0273438
0 0.251891 0.19043 0.145508 0.0292969 0.0390625
0 0.261426 0.321777 0.179688 0.0283203 0.046875
0 0.266516 0.393066 0.173828 0.0361328 0.0527344
0 0.271761 0.446289 0.172852 0.0429688 0.0449219
0 0.272187 0.12207 0.267578 0.0390625 0.046875
0 0.273042 0.375 0.194336 0.0214844 0.0253906
0 0.276392 0.534668 0.459473 0.0224609 0.0205078
0 0.284307 0.396484 0.0786133 0.0175781 0.0380859
0 0.314938 0.538574 0.311035 0.0185547 0.0263672
0 0.324015 0.833008 0.512207 0.0214844 0.0302734
0 0.335251 0.1875 0.220215 0.0332031 0.0458984
0 0.421997 0.515137 0.458496 0.0146484 0.0244141
0 0.438626 0.29248 0.14209 0.0224609 0.0517578
0 0.438989 0.821289 0.356445 0.0253906 0.0488281
0 0.477024 0.260254 0.105957 0.0224609 0.0439453
0 0.489973 0.138184 0.230957 0.0361328 0.0419922
