0 0.101109 0.188477 0.26123 0.0644531 0.0595703
0 0.101542 0.148926 0.181152 0.0263672 0.0322266
0 0.107638 0.578613 0.768066 0.0263672 0.0439453
0 0.111633 0.0932617 0.839355 0.0244141 0.0283203
0 0.111745 0.254883 0.147949 0.03125 0.0478516
0 0.112699 0.186523 0.131348 0.0175781 0.0283203
0 0.113591 0.229004 0.195312 0.0322266 0.0410156
0 0.116949 0.51709 0.705078 0.0205078 0.0292969
0 0.117233 0.481934 0.581543 0.0146484 0.0224609
0 0.131525 0.713867 0.34375 0.03125 0.0546875
0 0.132836 0.449707 0.495117 0.0244141 0.0273438
0 0.149592 0.860352 0.290527 0.0214844 0.0244141
0 0.154343 0.653809 0.326172 0.0263672 0.0292969
0 0.175202 0.845215 0.163086 0.0244141 0.0390625
0 0.180806 0.142578 0.0605469 0.0664062 0.0976562
0 0.187714 0.415039 0.0522461 0.0253906 0.0302734
0 0.190887 0.902832 0.0668945 0.0322266 0.0400391
0 0.192783 0.0893555 0.193848 0.0419922 0.0322266
0 0.19909 0.262207 0.0498047 0.0283203 0.0429688
0 0.212425 0.823242 0.0712891 0.0195312 0.0234375
0 0.213955 0.135254 0.627441 0.0439453 0.0673828
0 0.223407 0.812012 0.519531 0.0361328 0.0488281
0 0.224212 0.318848 0.262695 0.0537109 0.0488281
0 0.236059 0.0825195 0.104492 0.0419922 0.0410156
0 0.408151 0.859375 0.117188 0.0371094 0.0292969
