0 0.100086 0.52002 0.189941 0.0185547 0.0654297
0 0.101477 0.403809 0.0737305 0.0263672 0.0341797
0 0.102302 0.472656 0.83252 0.0351562 0.0341797
0 0.102821 0.693848 0.504883 0.0380859 0.0449219
0 0.103144 0.45752 0.84375 0.0263672 0.0390625
0 0.103556 0.115723 0.468262 0.0673828 0.0693359
0 0.103788 0.489258 0.0546875 0.0449219 0.0605469
0 0.104046 0.199219 0.720215 0.0234375 0.0302734
0 0.104047 0.541504 0.494629 0.0361328 0.0439453
0 0.104381 0.480469 0.546387 0.0332031 0.0439453
0 0.104458 0.542969 0.206055 0.015625 0.0234375
0 0.107489 0.45459 0.282715 0.0361328 0.0439453
0 0.110595 0.651367 0.461914 0.0292969 0.0449219
0 0.112916 0.249023 0.258789 0.0195312 0.0351562
0 0.113313 0.733887 0.208984 0.0302734 0.0371094
0 0.114551 0.317871 0.520996 0.0302734 0.0419922
0 0.115956 0.533691 0.789551 0.0146484 0.0224609
0 0.116925 0.520508 0.17334 0.0136719 0.0302734
0 0.117431 0.608887 0.265137 0.0576172 0.0771484
0 0.118147 0.389648 0.10791 0.0351562 0.0419922
0 0.11869 0.304199 0.513184 0.0146484 0.0341797
0 0.119996 0.391113 0.0917969 0.0419922 0.0664062
0 0.120068 0.424805 0.194336 0.0273438 0.0351562
0 0.120173 0.468262 0.0390625 0.0224609 0.0644531
0 0.12038 0.507812 0.0913086 0.0253906 0.0458984
0 0.121562 0.201172 0.958496 0.0214844 0.0361328
0 0.122259 0.397949 0.628906 0.0498047 0.0957031
0 0.122885 0.407227 0.134766 0.0253906 0.0371094
0 0.125692 0.64209 0.234375 0.0419922 0.0605469
0 0.127579 0.716309 0.0361328 0.0517578 0.0722656
0 0.12866 0.357422 0.233398 0.0351562 0.0371094
0 0.13247 0.211426 0.26123 0.0302734 0.0380859
0 0.132714 0.625977 0.046875 0.0371094 0.0410156
0 0.135306 0.278809 0.0800781 0.0458984 0.0761719
0 0.136655 0.733887 0.570801 0.0732422 0.0595703
0 0.139583 0.329102 0.801758 0.0332031 0.0429688
0 0.140135 0.366211 0.121582 0.0917969 0.0751953
0 0.140286 0.750488 0.121094 0.0283203 0.0820312
0 0.140715 0.36377 0.252441 0.0322266 0.0517578
0 0.141082 0.343262 0.553223 0.0224609 0.0322266
0 0.141701 0.322754 0.312988 0.0126953 0.0205078
0 0.141979 0.490723 0.265137 0.0380859 0.0498047
0 0.142073 0.679688 0.0131836 0.0371094 0.0263672
0 0.142447 0.777832 0.237793 0.0556641 0.0478516
0 0.146071 0.680664 0.175293 0.0332031 0.0341797
0 0.148212 0.762207 0.171875 0.0302734 0.0449219
0 0.149217 0.319336 0.473145 0.0136719 0.0205078
0 0.150397 0.192871 0.253418 0.0283203 0.0341797
0 0.151318 0.310547 0.291992 0.0253906 0.0292969
0 0.151372 0.181641 0.335449 0.0390625 0.0380859
0 0.152106 0.694824 0.202148 0.0244141 0.0332031
0 0.153171 0.633301 0.261719 0.0341797 0.0546875
0 0.154276 0.700195 0.0581055 0.0546875 0.0908203
0 0.154912 0.389648 0.256348 0.0332031 0.0458984
0 0.155355 0.526855 0.168457 0.0205078 0.0361328
0 0.155866 0.48291 0.0234375 0.0458984 0.0410156
0 0.158409 0.346191 0.0893555 0.0341797 0.0595703
0 0.158435 0.659668 0.115234 0.0244141 0.0292969
0 0.158563 0.259766 0.0908203 0.0800781 0.0820312
0 0.159918 0.172363 0.116211 0.0263672 0.0351562
0 0.161127 0.845703 0.231445 0.0371094 0.0390625
0 0.161806 0.385254 0.150879 0.0380859 0.0478516
0 0.162658 0.382812 0.984863 0.0371094 0.0283203
0 0.163212 0.435547 0.0297852 0.015625 0.0244141
0 0.163553 0.19043 0.806641 0.0605469 0.0664062
0 0.16388 0.263672 0.218262 0.046875 0.0771484
0 0.164123 0.407715 0.246582 0.0361328 0.0478516
0 0.164454 0.580566 0.26709 0.0732422 0.0693359
0 0.165572 0.146973 0.121582 0.0244141 0.0400391
0 0.168448 0.503418 0.0454102 0.0302734 0.0419922
0 0.168497 0.287598 0.0610352 0.0517578 0.0634766
0 0.171103 0.498047 0.127441 0.0117188 0.0205078
0 0.171683 0.51709 0.20752 0.0166016 0.0400391
0 0.173249 0.501465 0.274902 0.0244141 0.0322266
0 0.173636 0.0917969 0.26416 0.0410156 0.0673828
0 0.174156 0.128418 0.266602 0.0126953 0.03125
0 0.178161 0.419434 0.0112305 0.0185547 0.0224609
0 0.179407 0.430664 0.199219 0.0175781 0.0332031
0 0.184378 0.53418 0.126953 0.0136719 0.0292969
0 0.185825 0.408691 0.0366211 0.0205078 0.0224609
0 0.187182 0.276855 0.256348 0.0302734 0.0458984
0 0.188352 0.271973 0.459961 0.0224609 0.0273438
0 0.190201 0.331055 0.0195312 0.0371094 0.0351562
0 0.190221 0.449707 0.306152 0.0146484 0.0283203
0 0.191596 0.191895 0.152344 0.0322266 0.0390625
0 0.193054 0.386719 0.137207 0.0527344 0.0634766
0 0.194946 0.556152 0.981934 0.0205078 0.0361328
0 0.196027 0.445312 0.279297 0.0195312 0.0332031
0 0.197321 0.539551 0.0576172 0.0166016 0.0253906
0 0.201363 0.433105 0.0668945 0.0126953 0.0205078
0 0.201573 0.364746 0.240723 0.0205078 0.0263672
0 0.204995 0.494141 0.0351562 0.0449219 0.0566406
0 0.209315 0.342285 0.115234 0.0517578 0.0566406
0 0.213154 0.483398 0.752441 0.0273438 0.0400391
0 0.214511 0.521484 0.156738 0.0175781 0.0361328
0 0.215584 0.543457 0.0136719 0.0361328 0.0273438
0 0.225481 0.472168 0.163086 0.0107422 0.0195312
0 0.228453 0.320312 0.129883 0.0429688 0.0507812
0 0.229058 0.275391 0.120117 0.0332031 0.03125
0 0.236328 0.213379 0.144531 0.0263672 0.0273438
0 0.2375 0.510254 0.0952148 0.0556641 0.0458984
0 0.23808 0.583984 0.129395 0.0234375 0.0263672
0 0.240951 0.552734 0.0913086 0.0253906 0.0537109
0 0.243508 0.248047 0.73584 0.0566406 0.0830078
0 0.246986 0.497559 0.166504 0.0146484 0.0283203
0 0.257139 0.240723 0.0981445 0.0517578 0.0537109
0 0.258339 0.469727 0.0185547 0.0214844 0.0332031
0 0.259357 0.574707 0.785156 0.0341797 0.0410156
0 0.271016 0.599121 0.285645 0.0478516 0.0498047
0 0.27864 0.304199 0.0390625 0.0439453 0.0605469
0 0.281913 0.770508 0.283203 0.0507812 0.0390625
0 0.284633 0.585449 0.171387 0.0224609 0.0380859
0 0.284718 0.265625 0.10791 0.0585938 0.0537109
0 0.286975 0.223633 0.233887 0.015625 0.0322266
0 0.29247 0.603516 0.237793 0.0253906 0.0361328
0 0.292471 0.544434 0.16748 0.0146484 0.0263672
0 0.294377 0.55957 0.188965 0.0136719 0.0322266
0 0.308159 0.367188 0.112305 0.0507812 0.0488281
0 0.308785 0.421875 0.918945 0.0429688 0.0859375
0 0.314935 0.619629 0.137207 0.0185547 0.0302734
0 0.317172 0.352051 0.0629883 0.0439453 0.0478516
0 0.318921 0.632324 0.203125 0.0361328 0.0546875
0 0.327558 0.222168 0.265625 0.0146484 0.0351562
0 0.341647 0.290527 0.210449 0.00683594 0.0205078
0 0.359533 0.416016 0.186035 0.0136719 0.0283203
0 0.363513 0.687988 0.0708008 0.0263672 0.0732422
0 0.36744 0.414062 0.23584 0.0292969 0.0419922
0 0.367606 0.462891 0.0605469 0.0175781 0.03125
0 0.370132 0.689941 0.1875 0.0419922 0.0507812
0 0.371869 0.305176 0.285156 0.0224609 0.0253906
0 0.378892 0.509766 0.910156 0.03125 0.0527344
0 0.382054 0.398926 0.0634766 0.0283203 0.0429688
0 0.383257 0.129395 0.770508 0.0439453 0.0761719
0 0.385281 0.532715 0.0991211 0.0400391 0.0419922
0 0.386987 0.560547 0.256348 0.0429688 0.0595703
0 0.39074 0.169922 0.254395 0.0566406 0.0439453
0 0.40725 0.346191 0.169922 0.0302734 0.0488281
0 0.43388 0.711914 0.127441 0.0410156 0.0556641
0 0.43543 0.48877 0.833008 0.0537109 0.0410156
0 0.443024 0.361328 0.29541 0.0214844 0.0361328
0 0.452472 0.335938 0.241211 0.0527344 0.0625
0 0.461578 0.26709 0.248535 0.0458984 0.0537109
0 0.495535 0.463867 0.212402 0.0429688 0.0498047
0 0.504176 0.394531 0.205566 0.0273438 0.0380859
0 0.50577 0.544434 0.820312 0.0244141 0.03125
0 0.521483 0.671387 0.291016 0.0517578 0.0683594
0 0.533509 0.487793 0.0922852 0.0224609 0.0439453
0 0.569086 0.259277 0.17627 0.0478516 0.0595703
0 0.572062 0.445312 0.147949 0.0351562 0.0458984
