0 0.103534 0.66748 0.299316 0.0458984 0.0537109
0 0.104159 0.717773 0.434082 0.0175781 0.0263672
0 0.106117 0.686035 0.253906 0.0244141 0.0292969
0 0.106755 0.630371 0.106934 0.118164 0.155273
0 0.111909 0.373047 0.442871 0.0332031 0.0361328
0 0.112127 0.834961 0.0429688 0.0683594 0.0820312
0 0.115438 0.704102 0.35498 0.0390625 0.0224609
0 0.116282 0.664062 0.219238 0.0605469 0.0576172
0 0.117489 0.302734 0.708496 0.0214844 0.0400391
0 0.117638 0.46875 0.786621 0.0429688 0.0615234
0 0.119025 0.694824 0.257324 0.0224609 0.0302734
0 0.121166 0.407227 0.327637 0.0371094 0.0361328
0 0.122214 0.475098 0.38623 0.0302734 0.0537109
0 0.123143 0.333984 0.467773 0.03125 0.0429688
0 0.128868 0.6875 0.152344 0.0449219 0.0546875
0 0.128911 0.520996 0.601074 0.0107422 0.0185547
0 0.131524 0.359863 0.737793 0.0576172 0.0693359
0 0.132771 0.833496 0.228027 0.0224609 0.0283203
0 0.133269 0.473145 0.619629 0.0322266 0.0439453
0 0.136597 0.341797 0.62793 0.0605469 0.046875
0 0.155221 0.849121 0.174805 0.0400391 0.0292969
0 0.159947 0.213867 0.617676 0.0214844 0.0302734
0 0.162234 0.44043 0.620605 0.03125 0.0458984
0 0.162297 0.750977 0.296387 0.0351562 0.0322266
0 0.170342 0.63916 0.224121 0.0458984 0.0478516
0 0.17679 0.739746 0.15918 0.0244141 0.0214844
0 0.184694 0.486328 0.729492 0.0429688 0.0527344
0 0.186796 0.411621 0.483887 0.0341797 0.0361328
0 0.188375 0.259277 0.628906 0.0419922 0.0390625
0 0.193753 0.728516 0.20166 0.0214844 0.0205078
0 0.196178 0.708984 0.0297852 0.0527344 0.0537109
0 0.196975 0.683594 0.317383 0.0332031 0.0351562
0 0.197778 0.774902 0.205566 0.0283203 0.0361328
0 0.197931 0.844727 0.229492 0.0429688 0.0332031
0 0.198412 0.580078 0.790527 0.0214844 0.0478516
0 0.204571 0.186523 0.560059 0.0566406 0.0634766
0 0.222806 0.665039 0.242188 0.0390625 0.0507812
0 0.235198 0.820312 0.128906 0.0371094 0.0449219
0 0.238926 0.702637 0.180664 0.0205078 0.0234375
0 0.241412 0.550293 0.592285 0.0185547 0.0185547
0 0.248171 0.478516 0.26123 0.0273438 0.0517578
0 0.269959 0.224609 0.720703 0.0273438 0.0332031
0 0.279897 0.806641 0.271484 0.0371094 0.0546875
0 0.29306 0.758301 0.106445 0.0400391 0.0410156
0 0.297208 0.765137 0.292969 0.0166016 0.0273438
0 0.310201 0.85498 0.189453 0.0537109 0.0332031
0 0.315002 0.804199 0.129883 0.0283203 0.0351562
0 0.315736 0.710938 0.276855 0.0195312 0.0322266
0 0.318459 0.714355 0.381348 0.0517578 0.0439453
0 0.350039 0.413086 0.810059 0.0371094 0.0751953
0 0.352452 0.746582 0.320312 0.0302734 0.0410156
0 0.355305 0.758789 0.221191 0.0273438 0.0283203
0 0.356569 0.709961 0.265625 0.0234375 0.0429688
0 0.36269 0.73584 0.175781 0.0244141 0.0234375
0 0.372159 0.739258 0.29834 0.0253906 0.0322266
0 0.390616 0.765137 0.21582 0.0341797 0.0429688
0 0.425974 0.757324 0.0913086 0.0478516 0.0791016
0 0.442449 0.663574 0.316406 0.0478516 0.046875
0 0.465792 0.807617 0.193359 0.0273438 0.0332031
0 0.484638 0.739258 0.308594 0.0371094 0.0488281
0 0.489593 0.758301 0.0600586 0.0615234 0.118164
