0 0.101845 0.422363 0.241699 0.00878906 0.0185547
0 0.10647 0.17334 0.715332 0.0224609 0.0341797
0 0.107342 0.291016 0.0893555 0.0214844 0.0419922
0 0.110624 0.48584 0.0581055 0.0498047 0.0400391
0 0.113404 0.493164 0.555664 0.0253906 0.0351562
0 0.119762 0.351074 0.271973 0.0126953 0.0166016
0 0.119798 0.256348 0.0805664 0.0146484 0.0263672
0 0.121259 0.36084 0.170898 0.0126953 0.0175781
0 0.127767 0.276855 0.844238 0.0400391 0.0380859
0 0.132585 0.304199 0.0639648 0.0439453 0.0693359
0 0.157888 0.51416 0.138672 0.0166016 0.0234375
0 0.166575 0.369629 0.118164 0.0205078 0.0253906
0 0.179495 0.696289 0.463379 0.0214844 0.0224609
0 0.233466 0.418945 0.0742188 0.0332031 0.03125
0 0.240598 0.649414 0.265137 0.0214844 0.0263672
