0 0.100005 0.686035 0.553711 0.0126953 0.0195312
0 0.101677 0.706055 0.847168 0.0273438 0.0263672
0 0.102694 0.513184 0.532715 0.0166016 0.0224609
0 0.102896 0.270508 0.870605 0.0429688 0.0615234
0 0.105458 0.664062 0.537598 0.0117188 0.0244141
0 0.106967 0.604004 0.458496 0.00878906 0.0185547
0 0.109995 0.294922 0.444336 0.0136719 0.0175781
0 0.11142 0.623535 0.471191 0.00878906 0.0224609
0 0.114405 0.421387 0.458008 0.0107422 0.0253906
0 0.115093 0.38916 0.544922 0.0107422 0.0214844
0 0.116745 0.641602 0.873535 0.0273438 0.0302734
0 0.118475 0.178711 0.462402 0.0390625 0.0556641
0 0.119656 0.743652 0.868652 0.0302734 0.0498047
0 0.120959 0.569824 0.580566 0.0380859 0.0400391
0 0.122257 0.73584 0.56543 0.0244141 0.0566406
0 0.123515 0.220703 0.353027 0.0253906 0.0419922
0 0.125275 0.291504 0.47998 0.0263672 0.0341797
0 0.125842 0.684082 0.612793 0.0185547 0.0400391
0 0.128592 0.59082 0.42041 0.0136719 0.0166016
0 0.132384 0.145996 0.905762 0.0302734 0.0498047
0 0.133459 0.231934 0.712402 0.0263672 0.0439453
0 0.133862 0.362305 0.77002 0.0351562 0.0517578
0 0.135264 0.376953 0.444336 0.0449219 0.0292969
0 0.136533 0.555176 0.910156 0.0205078 0.0429688
0 0.137501 0.31543 0.541992 0.0195312 0.0195312
0 0.13982 0.208008 0.727051 0.0195312 0.0283203
0 0.140252 0.451172 0.442871 0.0292969 0.0458984
0 0.142622 0.31543 0.466309 0.0234375 0.0380859
0 0.14622 0.545898 0.978516 0.0253906 0.0390625
0 0.146911 0.650391 0.855469 0.0214844 0.0273438
0 0.152521 0.581055 0.764648 0.0273438 0.0410156
0 0.155112 0.26709 0.383789 0.0419922 0.0351562
0 0.155879 0.680664 0.73291 0.0332031 0.0439453
0 0.156972 0.532715 0.20459 0.0263672 0.0361328
0 0.158207 0.736816 0.581543 0.0244141 0.0322266
0 0.1594 0.501953 0.43457 0.0332031 0.0429688
0 0.161489 0.246094 0.554688 0.0429688 0.0527344
0 0.171312 0.606445 0.533203 0.015625 0.0214844
0 0.176112 0.481934 0.194336 0.0498047 0.0527344
0 0.180206 0.310059 0.477539 0.0361328 0.0566406
0 0.196993 0.842773 0.28418 0.0292969 0.0351562
0 0.206104 0.509766 0.948242 0.0175781 0.0332031
0 0.214342 0.47998 0.557129 0.0244141 0.0283203
0 0.223474 0.55957 0.479004 0.0234375 0.0302734
0 0.241849 0.635742 0.989746 0.0195312 0.0205078
0 0.24472 0.699219 0.945801 0.0292969 0.0439453
0 0.249231 0.764648 0.526367 0.0273438 0.0292969
0 0.250075 0.72998 0.540039 0.0166016 0.0292969
0 0.251894 0.259277 0.413086 0.0283203 0.0410156
0 0.251919 0.210938 0.407227 0.03125 0.0488281
0 0.257445 0.643555 0.987793 0.0273438 0.0244141
0 0.276427 0.616699 0.898438 0.0439453 0.0566406
0 0.281195 0.578125 0.825195 0.0390625 0.03125
0 0.283226 0.728027 0.79834 0.0185547 0.0244141
0 0.284484 0.486328 0.527832 0.0234375 0.0185547
0 0.309806 0.603516 0.848145 0.0175781 0.0322266
0 0.327804 0.352539 0.45459 0.0214844 0.0400391
0 0.329301 0.285645 0.377441 0.0439453 0.0400391
0 0.329499 0.572266 0.390137 0.0292969 0.0302734
0 0.359171 0.256836 0.391602 0.0429688 0.0351562
0 0.362389 0.384766 0.439941 0.0253906 0.0263672
0 0.369183 0.712891 0.752441 0.0292969 0.0302734
0 0.369322 0.677734 0.911133 0.0214844 0.0390625
0 0.39258 0.791016 0.773438 0.0410156 0.0332031
0 0.442055 0.26416 0.42627 0.0205078 0.0302734
0 0.502823 0.578125 0.882812 0.0253906 0.0292969
