0 0.101773 0.208496 0.600586 0.0224609 0.0273438
0 0.103434 0.351562 0.351074 0.0136719 0.0263672
0 0.105332 0.76123 0.927734 0.0185547 0.0253906
0 0.106452 0.401855 0.229492 0.0205078 0.0390625
0 0.108294 0.532715 0.829102 0.0224609 0.03125
0 0.111016 0.725098 0.0366211 0.0537109 0.0576172
0 0.111105 0.72998 0.807617 0.0263672 0.0332031
0 0.115001 0.541504 0.0644531 0.0595703 0.0878906
0 0.117746 0.559082 0.818848 0.0341797 0.0322266
0 0.12896 0.561523 0.0166016 0.0703125 0.0292969
0 0.129011 0.663574 0.0234375 0.0615234 0.0429688
0 0.132263 0.590332 0.097168 0.0576172 0.0537109
0 0.132286 0.47998 0.262207 0.0263672 0.0322266
0 0.134383 0.307129 0.251953 0.0595703 0.0449219
0 0.134954 0.554688 0.0317383 0.0292969 0.0537109
0 0.139601 0.354004 0.0297852 0.0830078 0.0576172
0 0.142306 0.609863 0.0913086 0.0478516 0.0439453
0 0.144149 0.537598 0.015625 0.0615234 0.0253906
0 0.147417 0.429688 0.143555 0.0273438 0.0273438
0 0.1498 0.720703 0.976074 0.0722656 0.0419922
0 0.150172 0.441895 0.190918 0.0341797 0.0615234
0 0.150399 0.611816 0.0185547 0.0693359 0.03125
0 0.154967 0.489258 0.015625 0.0664062 0.0253906
0 0.159252 0.437012 0.0341797 0.0595703 0.0546875
0 0.16495 0.45459 0.169922 0.0244141 0.0351562
0 0.169037 0.68457 0.705078 0.0214844 0.0234375
0 0.169557 0.677246 0.0205078 0.0380859 0.0332031
0 0.172733 0.29248 0.0517578 0.0419922 0.0488281
0 0.176082 0.652344 0.53125 0.0351562 0.03125
0 0.176428 0.700195 0.59082 0.0410156 0.0292969
0 0.181463 0.311035 0.305664 0.0380859 0.0566406
0 0.189057 0.294434 0.228027 0.0810547 0.0849609
0 0.193846 0.187012 0.142578 0.0517578 0.0527344
0 0.202773 0.59082 0.015625 0.0585938 0.0253906
0 0.208139 0.523438 0.208984 0.0292969 0.0351562
0 0.208741 0.43457 0.208496 0.0332031 0.0654297
0 0.209052 0.62207 0.814453 0.0175781 0.0234375
0 0.210991 0.771484 0.687988 0.0214844 0.0263672
0 0.2292 0.669434 0.8125 0.0244141 0.0253906
0 0.236809 0.486816 0.0634766 0.0498047 0.0625
0 0.238024 0.583008 0.891113 0.03125 0.0537109
0 0.249575 0.635742 0.0209961 0.0488281 0.0400391
0 0.266824 0.59082 0.909668 0.0410156 0.0498047
0 0.29568 0.367188 0.692383 0.0371094 0.0351562
0 0.30179 0.693848 0.0292969 0.0673828 0.0527344
0 0.303986 0.276855 0.158203 0.0263672 0.0390625
0 0.305824 0.676758 0.919434 0.0390625 0.0361328
0 0.309145 0.578125 0.877441 0.0234375 0.0302734
0 0.34629 0.664062 0.870605 0.0371094 0.0361328
0 0.349476 0.485352 0.890625 0.0273438 0.0664062
0 0.399046 0.620605 0.877441 0.0224609 0.0478516
0 0.411987 0.507324 0.151367 0.0419922 0.0488281
0 0.430713 0.744629 0.885742 0.0283203 0.0390625
0 0.432673 0.204102 0.078125 0.0351562 0.0390625
0 0.5504 0.774902 0.811035 0.0458984 0.0380859
