0 0.100042 0.202148 0.462402 0.0136719 0.0205078
0 0.10029 0.462402 0.38623 0.0322266 0.0380859
0 0.100522 0.469238 0.282227 0.0205078 0.0195312
0 0.101175 0.330566 0.0566406 0.0439453 0.046875
0 0.103126 0.458496 0.0844727 0.0322266 0.0400391
0 0.103449 0.368164 0.166504 0.0410156 0.0595703
0 0.106083 0.589844 0.242676 0.0605469 0.0478516
0 0.106123 0.439941 0.252441 0.0126953 0.0302734
0 0.107832 0.740723 0.268555 0.0458984 0.0703125
0 0.107859 0.48584 0.0883789 0.0400391 0.0791016
0 0.109479 0.241211 0.44873 0.0507812 0.0380859
0 0.112601 0.577148 0.0698242 0.0371094 0.0361328
0 0.115741 0.439453 0.213867 0.015625 0.03125
0 0.116928 0.43457 0.015625 0.0371094 0.0253906
0 0.118107 0.883301 0.179688 0.0634766 0.046875
0 0.118499 0.564453 0.238281 0.046875 0.046875
0 0.119226 0.641602 0.400879 0.0214844 0.0400391
0 0.119435 0.0234375 0.458496 0.0273438 0.0341797
0 0.119926 0.140625 0.831543 0.03125 0.0283203
0 0.120875 0.11084 0.464355 0.0302734 0.0419922
0 0.125406 0.402344 0.236816 0.0214844 0.0224609
0 0.127097 0.530273 0.254883 0.03125 0.0449219
0 0.127262 0.656738 0.255859 0.0341797 0.0449219
0 0.128286 0.745117 0.101074 0.0371094 0.0556641
0 0.128566 0.558594 0.125488 0.0234375 0.0419922
0 0.12974 0.34082 0.745117 0.0273438 0.0332031
0 0.130936 0.665527 0.508301 0.0244141 0.0263672
0 0.131815 0.241211 0.868164 0.0332031 0.0410156
0 0.131994 0.128906 0.590332 0.0234375 0.0185547
0 0.132687 0.438477 0.0615234 0.0390625 0.0410156
0 0.133293 0.294922 0.65625 0.0273438 0.0527344
0 0.135511 0.720215 0.499023 0.0205078 0.0332031
0 0.136358 0.163086 0.42041 0.046875 0.0419922
0 0.136525 0.501953 0.241699 0.0195312 0.0263672
0 0.138122 0.132812 0.728027 0.0332031 0.0400391
0 0.138828 0.440918 0.648438 0.0322266 0.0292969
0 0.138944 0.372559 0.241699 0.0380859 0.0322266
0 0.144381 0.198242 0.989746 0.015625 0.0166016
0 0.146096 0.411133 0.145508 0.0449219 0.0429688
0 0.146977 0.203613 0.656738 0.0126953 0.0302734
0 0.148716 0.414551 0.229492 0.0556641 0.0332031
0 0.148783 0.078125 0.540039 0.0253906 0.0332031
0 0.149103 0.210938 0.574707 0.015625 0.0166016
0 0.149728 0.132812 0.677246 0.0234375 0.0263672
0 0.150072 0.357422 0.427734 0.0273438 0.0253906
0 0.150206 0.688965 0.137207 0.0400391 0.0498047
0 0.151308 0.124512 0.628906 0.0244141 0.0253906
0 0.156163 0.645508 0.0175781 0.03125 0.0351562
0 0.15708 0.420898 0.183105 0.0390625 0.0380859
0 0.157498 0.494141 0.0112305 0.0429688 0.0205078
0 0.157906 0.221191 0.533203 0.0302734 0.0273438
0 0.159111 0.383789 0.670898 0.0195312 0.0390625
0 0.159558 0.808105 0.143555 0.0322266 0.046875
0 0.161839 0.0625 0.868164 0.0371094 0.0429688
0 0.16572 0.559082 0.483887 0.0263672 0.0283203
0 0.166405 0.512695 0.17627 0.0410156 0.0361328
0 0.166707 0.37793 0.416992 0.0117188 0.0253906
0 0.169167 0.411133 0.0268555 0.03125 0.0498047
0 0.171381 0.427734 0.433594 0.0175781 0.0234375
0 0.171916 0.206543 0.402832 0.0341797 0.0322266
0 0.172245 0.183594 0.179688 0.0410156 0.105469
0 0.179397 0.478027 0.0146484 0.0380859 0.0292969
0 0.182164 0.766113 0.153809 0.0224609 0.0361328
0 0.200543 0.355469 0.0166016 0.0546875 0.03125
0 0.205383 0.383301 0.238281 0.0322266 0.0253906
0 0.206719 0.682129 0.0224609 0.0419922 0.0410156
0 0.208185 0.620605 0.0166016 0.0361328 0.0332031
0 0.209673 0.487305 0.112793 0.0507812 0.0556641
0 0.210081 0.355469 0.101074 0.0664062 0.0556641
0 0.212229 0.820312 0.216797 0.0507812 0.0585938
0 0.218949 0.609863 0.25 0.0263672 0.0332031
0 0.219625 0.416016 0.0180664 0.0214844 0.0361328
0 0.234037 0.311035 0.231445 0.0537109 0.0488281
0 0.243265 0.280762 0.680176 0.0361328 0.0400391
0 0.251184 0.666504 0.0795898 0.0458984 0.0341797
0 0.254608 0.205566 0.519043 0.0302734 0.0341797
0 0.256021 0.460449 0.242676 0.0126953 0.0419922
0 0.256951 0.440918 0.012207 0.0185547 0.0244141
0 0.283596 0.671387 0.170898 0.0302734 0.0371094
0 0.290263 0.424316 0.222168 0.0361328 0.0302734
0 0.290392 0.369141 0.582031 0.0175781 0.0273438
0 0.304021 0.662109 0.549805 0.0253906 0.0273438
0 0.315996 0.173828 0.019043 0.0410156 0.0361328
0 0.317065 0.197266 0.54248 0.0273438 0.0458984
0 0.323865 0.353516 0.242188 0.0273438 0.0332031
0 0.324023 0.268066 0.102539 0.0458984 0.0605469
0 0.327717 0.393555 0.240723 0.0332031 0.0302734
0 0.331121 0.563965 0.0292969 0.0419922 0.0546875
0 0.34069 0.585449 0.166992 0.0283203 0.0351562
0 0.366483 0.270508 0.0444336 0.0585938 0.0537109
0 0.384085 0.219727 0.0571289 0.0410156 0.0400391
0 0.392442 0.483887 0.0610352 0.0283203 0.0302734
0 0.449511 0.423828 0.553223 0.0292969 0.0224609
0 0.450117 0.178711 0.0805664 0.0332031 0.0361328
