0 0.102566 0.54248 0.0126953 0.0146484 0.0214844
0 0.104127 0.822754 0.281738 0.0478516 0.0361328
0 0.10812 0.380859 0.12207 0.0117188 0.015625
0 0.119235 0.49707 0.370605 0.015625 0.0185547
0 0.124658 0.414551 0.41748 0.0107422 0.0224609
0 0.124687 0.256348 0.544922 0.0263672 0.0449219
0 0.125315 0.319824 0.239258 0.0322266 0.0429688
0 0.129763 0.435547 0.390137 0.0195312 0.0224609
0 0.133204 0.489258 0.421387 0.0449219 0.0478516
0 0.138815 0.250488 0.242188 0.0126953 0.0292969
0 0.184162 0.480469 0.412109 0.03125 0.0449219
0 0.207782 0.440918 0.274902 0.0283203 0.0419922
0 0.234623 0.365723 0.455078 0.0146484 0.0273438
0 0.240523 0.420898 0.0175781 0.0429688 0.0273438
0 0.270427 0.303223 0.104004 0.0244141 0.0380859
0 0.313599 0.499023 0.327148 0.0253906 0.0253906
0 0.39036 0.477539 0.403809 0.0214844 0.0283203
0 0.513015 0.577637 0.295898 0.0380859 0.0488281
