0 0.100561 0.233398 0.45166 0.0175781 0.0263672
0 0.102416 0.635742 0.543945 0.0175781 0.0292969
0 0.1044 0.336426 0.240723 0.0400391 0.0732422
0 0.104605 0.345703 0.122559 0.0214844 0.0244141
0 0.136091 0.749512 0.641113 0.0263672 0.0322266
0 0.136593 0.17334 0.417969 0.0419922 0.0703125
0 0.13862 0.933594 0.213867 0.0527344 0.0625
0 0.139756 0.648926 0.418945 0.0146484 0.0214844
0 0.144049 0.706055 0.114746 0.0292969 0.0322266
0 0.144349 0.110352 0.396973 0.0273438 0.0537109
0 0.14932 0.320801 0.216309 0.0341797 0.0498047
0 0.16223 0.402832 0.0268555 0.0166016 0.0302734
0 0.163036 0.425293 0.078125 0.0146484 0.0234375
0 0.16689 0.364258 0.10498 0.0175781 0.0322266
0 0.177087 0.786621 0.382324 0.0478516 0.0458984
0 0.181064 0.746094 0.255859 0.015625 0.0273438
0 0.192433 0.313477 0.285645 0.0195312 0.0224609
0 0.210368 0.641602 0.24707 0.0332031 0.0390625
0 0.234547 0.492676 0.374023 0.0146484 0.0371094
0 0.240068 0.456543 0.433105 0.0419922 0.0341797
0 0.24512 0.570801 0.316406 0.0380859 0.03125
0 0.246316 0.794922 0.0795898 0.0234375 0.0283203
0 0.246557 0.345215 0.25 0.0224609 0.0429688
0 0.250928 0.433105 0.434082 0.0283203 0.0341797
0 0.252512 0.840332 0.459961 0.0400391 0.0390625
0 0.253834 0.201172 0.112793 0.0488281 0.0458984
0 0.255132 0.760742 0.0200195 0.0234375 0.0341797
0 0.324416 0.480957 0.833984 0.0341797 0.0507812
0 0.353746 0.838867 0.525391 0.0371094 0.0585938
0 0.403616 0.489746 0.455566 0.0205078 0.0341797
0 0.425467 0.475098 0.145996 0.0146484 0.0322266
0 0.440868 0.525391 0.233398 0.0234375 0.0410156
