0 0.103335 0.304199 0.220703 0.0712891 0.0585938
0 0.109964 0.443848 0.441406 0.0166016 0.0292969
0 0.110019 0.442871 0.278809 0.0283203 0.0419922
0 0.112781 0.526855 0.332031 0.0185547 0.0234375
0 0.112797 0.45459 0.100586 0.0166016 0.03125
0 0.115813 0.534668 0.0678711 0.0263672 0.0341797
0 0.118163 0.535156 0.264648 0.0527344 0.0820312
0 0.121893 0.557617 0.409668 0.0585938 0.0849609
0 0.128407 0.347656 0.230957 0.0253906 0.0478516
0 0.142761 0.489746 0.318359 0.0205078 0.0273438
0 0.153926 0.351074 0.242676 0.0166016 0.0244141
0 0.156332 0.473633 0.23877 0.046875 0.0810547
0 0.157879 0.567383 0.149902 0.0292969 0.0517578
0 0.174487 0.467773 0.0136719 0.0546875 0.0253906
0 0.190193 0.51709 0.187988 0.0263672 0.0361328
0 0.202222 0.529297 0.0141602 0.0429688 0.0263672
0 0.219352 0.322266 0.0415039 0.0429688 0.0537109
0 0.221222 0.398926 0.560547 0.0380859 0.0507812
0 0.271251 0.495605 0.0830078 0.0380859 0.0566406
0 0.426502 0.404785 0.0532227 0.0361328 0.0537109
