0 0.100432 0.371094 0.37207 0.00976562 0.0273438
0 0.100542 0.131348 0.351562 0.0146484 0.0175781
0 0.101164 0.46875 0.38916 0.0195312 0.0341797
0 0.10142 0.430176 0.0864258 0.0341797 0.0361328
0 0.104087 0.176758 0.346191 0.00976562 0.0166016
0 0.10412 0.547852 0.553711 0.0214844 0.0195312
0 0.104289 0.090332 0.446777 0.0458984 0.0615234
0 0.104792 0.445312 0.530273 0.015625 0.0273438
0 0.105558 0.0478516 0.205078 0.0292969 0.0292969
0 0.105678 0.220215 0.231934 0.0244141 0.0341797
0 0.105892 0.592285 0.334961 0.0302734 0.0292969
0 0.10606 0.527344 0.334961 0.0351562 0.0488281
0 0.106661 0.466309 0.329102 0.0107422 0.0136719
0 0.1096 0.121094 0.117676 0.0390625 0.0595703
0 0.109803 0.118652 0.568848 0.0517578 0.0517578
0 0.109817 0.293457 0.012207 0.0283203 0.0244141
0 0.109948 0.26123 0.237305 0.0205078 0.0273438
0 0.110401 0.444336 0.332031 0.0253906 0.0214844
0 0.11078 0.523438 0.129395 0.0175781 0.0224609
0 0.111125 0.51416 0.280762 0.0146484 0.0185547
0 0.111463 0.081543 0.320801 0.0146484 0.0283203
0 0.112859 0.533691 0.14209 0.0185547 0.0244141
0 0.112947 0.445801 0.00634766 0.0166016 0.0107422
0 0.113071 0.372559 0.0830078 0.0185547 0.0390625
0 0.113947 0.26709 0.214844 0.0322266 0.046875
0 0.114106 0.196289 0.0527344 0.0253906 0.0488281
0 0.114778 0.536133 0.322754 0.0332031 0.0380859
0 0.114957 0.504395 0.40332 0.0126953 0.0253906
0 0.119348 0.252441 0.34375 0.0244141 0.0351562
0 0.121305 0.53418 0.03125 0.0136719 0.0273438
0 0.122195 0.29248 0.428711 0.0146484 0.015625
0 0.122576 0.257324 0.16748 0.0126953 0.0283203
0 0.122682 0.197266 0.282715 0.0175781 0.0244141
0 0.127411 0.430664 0.0839844 0.0195312 0.0253906
0 0.128721 0.0683594 0.174316 0.0273438 0.0322266
0 0.134238 0.49707 0.256836 0.0195312 0.0195312
0 0.136901 0.105469 0.57959 0.0664062 0.0576172
0 0.137351 0.437012 0.378906 0.0126953 0.0175781
0 0.141396 0.458496 0.0258789 0.0126953 0.0185547
0 0.143196 0.322266 0.32959 0.0175781 0.0263672
0 0.143575 0.03125 0.197266 0.0292969 0.0234375
0 0.146081 0.138672 0.345703 0.0175781 0.0273438
0 0.147626 0.217285 0.336914 0.0107422 0.0136719
0 0.148073 0.0942383 0.596191 0.0576172 0.0419922
0 0.150572 0.475098 0.38916 0.0126953 0.0400391
0 0.151404 0.241211 0.368164 0.0292969 0.0234375
0 0.153832 0.202148 0.104004 0.0292969 0.0400391
0 0.154148 0.42041 0.538574 0.0146484 0.0283203
0 0.155064 0.0546875 0.217773 0.0527344 0.0449219
0 0.156991 0.179199 0.285645 0.0244141 0.0263672
0 0.15787 0.408691 0.193359 0.0146484 0.0234375
0 0.166212 0.34668 0.00976562 0.0332031 0.0195312
0 0.168688 0.176758 0.0136719 0.0292969 0.0273438
0 0.16957 0.286133 0.180664 0.0175781 0.0195312
0 0.170685 0.445312 0.231934 0.0234375 0.0205078
0 0.17297 0.166992 0.283203 0.03125 0.0332031
0 0.182348 0.233398 0.381348 0.0410156 0.0458984
0 0.186935 0.17334 0.639648 0.0419922 0.0546875
0 0.187702 0.266113 0.231934 0.0283203 0.0419922
0 0.194727 0.330078 0.183594 0.00976562 0.0234375
0 0.196731 0.356934 0.0166016 0.0322266 0.0332031
0 0.198256 0.370117 0.301758 0.015625 0.0195312
0 0.199355 0.368164 0.111816 0.0253906 0.0595703
0 0.199796 0.15332 0.220215 0.0410156 0.0595703
0 0.201126 0.448242 0.0957031 0.015625 0.03125
0 0.206825 0.532715 0.412598 0.0185547 0.0205078
0 0.20719 0.353516 0.51416 0.0195312 0.0439453
0 0.20797 0.408691 0.140137 0.0126953 0.0166016
0 0.209494 0.552246 0.103516 0.0107422 0.0214844
0 0.214545 0.474121 0.177734 0.0205078 0.0234375
0 0.215908 0.368652 0.436523 0.0224609 0.03125
0 0.218717 0.51709 0.345215 0.0263672 0.0224609
0 0.22143 0.49707 0.546875 0.03125 0.0429688
0 0.222664 0.45752 0.330566 0.0224609 0.0205078
0 0.224873 0.269043 0.141602 0.0224609 0.0332031
0 0.246144 0.217285 0.0102539 0.0244141 0.0205078
0 0.2478 0.408691 0.220703 0.0205078 0.03125
0 0.254238 0.522461 0.357422 0.0292969 0.0410156
0 0.255461 0.268066 0.204102 0.0244141 0.0292969
0 0.259953 0.592773 0.122559 0.015625 0.0185547
0 0.260254 0.499023 0.348633 0.0175781 0.0214844
0 0.261787 0.142578 0.339844 0.0117188 0.0273438
0 0.271276 0.0400391 0.209961 0.0390625 0.0488281
0 0.272344 0.260742 0.276367 0.0195312 0.0214844
0 0.28414 0.262695 0.0849609 0.0273438 0.0214844
0 0.285246 0.0776367 0.220703 0.0244141 0.0332031
0 0.285645 0.448242 0.0546875 0.0136719 0.0195312
0 0.286956 0.139648 0.23291 0.0507812 0.0634766
0 0.289224 0.507812 0.348145 0.0292969 0.0244141
0 0.292406 0.48291 0.0888672 0.0107422 0.0214844
0 0.312345 0.45166 0.103516 0.0166016 0.0292969
0 0.322829 0.117676 0.248047 0.0361328 0.0546875
0 0.328422 0.284668 0.0170898 0.0224609 0.0341797
0 0.329633 0.328125 0.466797 0.0253906 0.0488281
0 0.331303 0.201172 0.434082 0.0292969 0.0263672
0 0.336963 0.470703 0.13916 0.0253906 0.0302734
0 0.356907 0.418945 0.0786133 0.0175781 0.0302734
0 0.372002 0.367188 0.0927734 0.0234375 0.0332031
0 0.378081 0.160645 0.141602 0.0244141 0.0351562
0 0.380576 0.203125 0.0639648 0.0351562 0.0556641
0 0.383571 0.370117 0.134277 0.0273438 0.0263672
0 0.408765 0.186523 0.385254 0.03125 0.0439453
0 0.426002 0.318848 0.0170898 0.0380859 0.0322266
0 0.430611 0.186035 0.113281 0.0478516 0.0449219
0 0.441196 0.52832 0.364258 0.0195312 0.03125
0 0.460117 0.430664 0.336914 0.0136719 0.0195312
0 0.4764 0.293945 0.0791016 0.0195312 0.0195312
0 0.480724 0.339844 0.0620117 0.0234375 0.0322266
0 0.542665 0.251953 0.0126953 0.0292969 0.0253906
