0 0.104786 0.112793 0.442871 0.0244141 0.0380859
0 0.105405 0.288086 0.563477 0.0332031 0.0566406
0 0.106339 0.853516 0.588867 0.0449219 0.0449219
0 0.10666 0.352539 0.494141 0.0292969 0.0390625
0 0.106977 0.346191 0.661133 0.0263672 0.0292969
0 0.113644 0.129395 0.179688 0.0556641 0.0644531
0 0.119695 0.242676 0.120117 0.0224609 0.0332031
0 0.121457 0.212402 0.46582 0.0185547 0.0234375
0 0.125007 0.404297 0.557129 0.0195312 0.0224609
0 0.126587 0.500488 0.45166 0.0166016 0.0244141
0 0.12724 0.540039 0.0981445 0.0117188 0.0205078
0 0.127737 0.105957 0.173828 0.0576172 0.0605469
0 0.128095 0.511719 0.902344 0.0449219 0.0332031
0 0.131588 0.443848 0.653809 0.0166016 0.0166016
0 0.138722 0.725098 0.686035 0.0537109 0.0654297
0 0.139667 0.682617 0.366211 0.0253906 0.0292969
0 0.157161 0.434082 0.423828 0.0166016 0.0175781
0 0.175013 0.351562 0.0898438 0.0175781 0.0292969
0 0.191036 0.570801 0.107422 0.0283203 0.0429688
0 0.196094 0.501465 0.260742 0.0361328 0.0351562
0 0.204187 0.454102 0.498535 0.0273438 0.0576172
0 0.205418 0.687988 0.27832 0.0361328 0.0332031
0 0.212327 0.751953 0.45166 0.0214844 0.0341797
0 0.22519 0.36377 0.24707 0.0478516 0.0488281
0 0.254069 0.777344 0.593262 0.0175781 0.0322266
0 0.257482 0.543457 0.45752 0.0205078 0.0224609
0 0.274916 0.657227 0.336914 0.0273438 0.0292969
0 0.28196 0.498535 0.489258 0.0185547 0.0332031
0 0.293772 0.679199 0.264648 0.0478516 0.0605469
0 0.350185 0.610352 0.195312 0.0273438 0.0488281
0 0.389795 0.383301 0.475586 0.0185547 0.03125
0 0.405061 0.226562 0.711914 0.0507812 0.0390625
0 0.424944 0.139648 0.188965 0.0332031 0.0458984
