0 0.102228 0.29834 0.539062 0.0166016 0.046875
0 0.103169 0.155762 0.791016 0.0263672 0.0214844
0 0.104968 0.375 0.442383 0.0488281 0.046875
0 0.107057 0.634766 0.965332 0.0195312 0.0205078
0 0.107841 0.124512 0.243164 0.0517578 0.0742188
0 0.108516 0.489746 0.546875 0.0341797 0.0351562
0 0.109788 0.401367 0.490723 0.0136719 0.0185547
0 0.11278 0.619629 0.90918 0.0517578 0.046875
0 0.112867 0.371094 0.418945 0.0332031 0.0273438
0 0.115988 0.245605 0.206543 0.0185547 0.0302734
0 0.120282 0.124512 0.799805 0.0302734 0.0253906
0 0.120738 0.377441 0.389648 0.0224609 0.03125
0 0.121716 0.112793 0.328613 0.0576172 0.0458984
0 0.122246 0.362793 0.019043 0.0654297 0.0361328
0 0.124226 0.109863 0.122559 0.0419922 0.0595703
0 0.126634 0.419434 0.183105 0.0283203 0.0498047
0 0.129156 0.443848 0.343262 0.0205078 0.0263672
0 0.130596 0.503418 0.436523 0.0283203 0.03125
0 0.131791 0.633789 0.907227 0.0214844 0.0371094
0 0.132581 0.661133 0.491699 0.0371094 0.0400391
0 0.134711 0.785645 0.481934 0.0185547 0.0341797
0 0.135802 0.414062 0.0415039 0.0683594 0.0771484
0 0.135967 0.331055 0.0219727 0.107422 0.0439453
0 0.137899 0.663086 0.990234 0.03125 0.0195312
0 0.138488 0.435059 0.513672 0.0205078 0.015625
0 0.140956 0.106934 0.430664 0.0380859 0.0527344
0 0.140996 0.552734 0.742676 0.0332031 0.0283203
0 0.143215 0.541016 0.883789 0.0195312 0.0273438
0 0.144301 0.682617 0.459961 0.0273438 0.03125
0 0.144435 0.408691 0.44873 0.0224609 0.0224609
0 0.144461 0.347168 0.0913086 0.0244141 0.0361328
0 0.149235 0.345703 0.250977 0.0273438 0.0410156
0 0.151333 0.208496 0.149902 0.0537109 0.0498047
0 0.154865 0.435547 0.18457 0.0449219 0.0429688
0 0.157004 0.297852 0.387695 0.0214844 0.0292969
0 0.160691 0.127441 0.286621 0.0302734 0.0498047
0 0.1645 0.194336 0.230469 0.0195312 0.0273438
0 0.164876 0.518555 0.497559 0.0195312 0.0244141
0 0.172686 0.116699 0.0405273 0.0517578 0.0634766
0 0.17592 0.402832 0.893066 0.0244141 0.0263672
0 0.181413 0.133301 0.112793 0.0576172 0.0791016
0 0.182961 0.015625 0.192383 0.03125 0.0742188
0 0.188477 0.443359 0.184082 0.0253906 0.0322266
0 0.19291 0.148438 0.0678711 0.0878906 0.110352
0 0.193673 0.103027 0.861816 0.0283203 0.0400391
0 0.194098 0.0415039 0.276367 0.0458984 0.0546875
0 0.200816 0.532227 0.462402 0.0078125 0.0146484
0 0.214649 0.259277 0.522461 0.0302734 0.0351562
0 0.215778 0.15625 0.434082 0.0371094 0.0498047
0 0.22525 0.525391 0.944336 0.0214844 0.0214844
0 0.229038 0.365234 0.334961 0.0410156 0.0351562
0 0.234217 0.370605 0.453125 0.0361328 0.0292969
0 0.235549 0.190918 0.867188 0.0244141 0.0488281
0 0.240455 0.329102 0.206055 0.0410156 0.046875
0 0.243114 0.335449 0.257812 0.0458984 0.0488281
0 0.244394 0.391113 0.482422 0.0166016 0.0292969
0 0.245913 0.429688 0.402344 0.0253906 0.0253906
0 0.246782 0.404785 0.394043 0.0126953 0.0185547
0 0.253385 0.477051 0.490234 0.0166016 0.0195312
0 0.255975 0.434082 0.466309 0.0224609 0.0263672
0 0.257829 0.641602 0.728027 0.0195312 0.0244141
0 0.262485 0.244629 0.234375 0.0400391 0.0585938
0 0.265502 0.37793 0.178711 0.0351562 0.0351562
0 0.277627 0.787598 0.89502 0.0341797 0.0439453
0 0.280872 0.313477 0.266113 0.0605469 0.0634766
0 0.283141 0.493164 0.182129 0.0507812 0.0341797
0 0.285868 0.133789 0.240723 0.0332031 0.0517578
0 0.288182 0.36084 0.526367 0.0146484 0.0273438
0 0.288265 0.234375 0.446777 0.0449219 0.0595703
0 0.301889 0.328125 0.463867 0.0234375 0.0332031
0 0.304521 0.359375 0.364746 0.0195312 0.0302734
0 0.306901 0.253906 0.245605 0.0351562 0.0478516
0 0.310237 0.324219 0.490234 0.0253906 0.0253906
0 0.313169 0.324219 0.376465 0.0273438 0.0322266
0 0.313379 0.189941 0.19043 0.0263672 0.0390625
0 0.342556 0.464355 0.276855 0.0517578 0.0537109
0 0.360689 0.252441 0.105469 0.0615234 0.0917969
0 0.36088 0.0795898 0.195312 0.0576172 0.0546875
0 0.370269 0.0976562 0.258789 0.0449219 0.0644531
0 0.397911 0.166504 0.235352 0.0224609 0.0351562
0 0.420605 0.379395 0.341797 0.0244141 0.0351562
0 0.434135 0.410645 0.264648 0.0439453 0.0527344
0 0.435426 0.243164 0.0224609 0.0742188 0.0390625
0 0.43851 0.351074 0.328613 0.0205078 0.0283203
0 0.444447 0.226074 0.218262 0.0263672 0.0517578
0 0.460687 0.294434 0.179688 0.0400391 0.0703125
0 0.587607 0.168945 0.0654297 0.0507812 0.0878906
