0 0.100352 0.381836 0.456055 0.0175781 0.0195312
0 0.100613 0.379883 0.325195 0.0253906 0.0371094
0 0.100833 0.580078 0.0532227 0.0214844 0.0458984
0 0.102671 0.271973 0.152832 0.0302734 0.0263672
0 0.10293 0.820801 0.119141 0.0361328 0.0507812
0 0.103741 0.652832 0.0458984 0.0283203 0.0292969
0 0.104204 0.558105 0.712402 0.0107422 0.0185547
0 0.104213 0.308105 0.0405273 0.0302734 0.0478516
0 0.104536 0.493164 0.93457 0.015625 0.0175781
0 0.104689 0.590332 0.65332 0.0205078 0.0273438
0 0.104722 0.410156 0.0214844 0.0390625 0.0390625
0 0.105686 0.650391 0.202148 0.0214844 0.0292969
0 0.105951 0.145508 0.0625 0.0410156 0.0410156
0 0.10597 0.393555 0.265625 0.0351562 0.0292969
0 0.106109 0.59375 0.955078 0.0136719 0.0234375
0 0.106803 0.632324 0.125488 0.0283203 0.0361328
0 0.107548 0.234863 0.492676 0.0205078 0.0302734
0 0.108123 0.0966797 0.53125 0.0488281 0.0566406
0 0.108138 0.232422 0.61377 0.0136719 0.0166016
0 0.109393 0.446289 0.872559 0.0214844 0.0458984
0 0.109478 0.730957 0.141602 0.0419922 0.0429688
0 0.109608 0.459473 0.887695 0.0146484 0.03125
0 0.109843 0.712891 0.765625 0.0703125 0.078125
0 0.110242 0.226562 0.762207 0.0390625 0.0478516
0 0.110308 0.754395 0.769043 0.0478516 0.0419922
0 0.110424 0.360352 0.185059 0.0390625 0.0595703
0 0.11084 0.72998 0.365234 0.0302734 0.0273438
0 0.110899 0.558105 0.848145 0.0458984 0.0595703
0 0.11108 0.260254 0.80957 0.0439453 0.0585938
0 0.111412 0.332031 0.905762 0.0351562 0.0361328
0 0.111834 0.831543 0.84375 0.0478516 0.0429688
0 0.111954 0.229004 0.153809 0.0107422 0.0283203
0 0.112517 0.148926 0.224121 0.0146484 0.0283203
0 0.113289 0.618164 0.401367 0.0273438 0.0390625
0 0.11378 0.286133 0.865234 0.015625 0.0175781
0 0.11381 0.520996 0.0180664 0.0478516 0.0283203
0 0.113905 0.59375 0.127441 0.0253906 0.0517578
0 0.114175 0.425293 0.292969 0.0244141 0.03125
0 0.115109 0.444824 0.34082 0.0380859 0.0644531
0 0.115241 0.41748 0.988281 0.0166016 0.0234375
0 0.115704 0.766602 0.307129 0.0488281 0.0458984
0 0.115927 0.0292969 0.214844 0.03125 0.03125
0 0.11597 0.267578 0.256836 0.0351562 0.0429688
0 0.117677 0.808594 0.331055 0.0488281 0.0351562
0 0.118361 0.65918 0.246582 0.0371094 0.0302734
0 0.118579 0.652832 0.229004 0.0302734 0.0302734
0 0.118592 0.793945 0.0161133 0.0742188 0.0263672
0 0.119177 0.813965 0.842285 0.0478516 0.0380859
0 0.11927 0.708008 0.0292969 0.0761719 0.0546875
0 0.11978 0.219238 0.015625 0.0341797 0.03125
0 0.119868 0.242676 0.0996094 0.0361328 0.0449219
0 0.120071 0.490723 0.794434 0.0283203 0.0283203
0 0.12103 0.333008 0.759766 0.0175781 0.0195312
0 0.123308 0.444336 0.0273438 0.03125 0.0410156
0 0.123584 0.14502 0.218262 0.0244141 0.0322266
0 0.123987 0.27832 0.0839844 0.046875 0.0488281
0 0.123992 0.51123 0.31543 0.0400391 0.0410156
0 0.124181 0.456543 0.0786133 0.0361328 0.0439453
0 0.124194 0.407715 0.153809 0.0341797 0.0322266
0 0.124397 0.816406 0.334473 0.0253906 0.0244141
0 0.1245 0.343262 0.430176 0.0146484 0.0224609
0 0.124539 0.307617 0.31543 0.0273438 0.0449219
0 0.124853 0.69873 0.969727 0.0244141 0.0566406
0 0.124924 0.232422 0.964844 0.0429688 0.0683594
0 0.125395 0.395996 0.171387 0.0380859 0.0556641
0 0.125415 0.666504 0.151855 0.0400391 0.0341797
0 0.125416 0.460938 0.330566 0.0449219 0.0595703
0 0.127161 0.571777 0.366211 0.0185547 0.0253906
0 0.127923 0.644531 0.129883 0.0253906 0.0332031
0 0.128218 0.435059 0.104004 0.0322266 0.0439453
0 0.128647 0.736816 0.766602 0.0771484 0.0644531
0 0.129304 0.671387 0.0991211 0.0263672 0.0361328
0 0.129304 0.431641 0.466309 0.00976562 0.0185547
0 0.131036 0.275879 0.0429688 0.0205078 0.0507812
0 0.131772 0.780762 0.307129 0.0322266 0.0322266
0 0.132079 0.54248 0.97168 0.0283203 0.0292969
0 0.132782 0.502441 0.564453 0.0224609 0.0234375
0 0.134064 0.431152 0.247559 0.0341797 0.0302734
0 0.134892 0.376953 0.398438 0.0117188 0.0136719
0 0.134916 0.0869141 0.24707 0.0390625 0.0625
0 0.136055 0.594727 0.886719 0.0273438 0.0292969
0 0.136475 0.210449 0.243652 0.0263672 0.0244141
0 0.136598 0.36084 0.443848 0.0244141 0.0185547
0 0.136901 0.608887 0.1875 0.0244141 0.0410156
0 0.13728 0.62793 0.273438 0.0175781 0.0195312
0 0.137458 0.177734 0.621094 0.0195312 0.0273438
0 0.138313 0.73584 0.362305 0.0458984 0.0390625
0 0.140307 0.25293 0.0131836 0.0488281 0.0263672
0 0.140385 0.106445 0.194336 0.0410156 0.0351562
0 0.140516 0.62207 0.117188 0.0292969 0.0332031
0 0.140819 0.560547 0.911133 0.0136719 0.0195312
0 0.141285 0.164551 0.121582 0.0185547 0.0419922
0 0.141698 0.517578 0.743164 0.0214844 0.0253906
0 0.141863 0.640625 0.0361328 0.03125 0.0292969
0 0.1424 0.643555 0.213379 0.0371094 0.0556641
0 0.143698 0.278809 0.240234 0.0341797 0.0390625
0 0.144091 0.719727 0.244141 0.0234375 0.0214844
0 0.144915 0.334961 0.00878906 0.0214844 0.0175781
0 0.145718 0.478027 0.177734 0.0185547 0.0371094
0 0.146192 0.441895 0.251465 0.0498047 0.0419922
0 0.146409 0.549805 0.59375 0.0175781 0.0273438
0 0.146896 0.0585938 0.167969 0.0371094 0.0390625
0 0.147847 0.599609 0.493652 0.0175781 0.0205078
0 0.148123 0.790527 0.3125 0.0517578 0.0449219
0 0.148223 0.668457 0.248047 0.0322266 0.0195312
0 0.14871 0.423828 0.28418 0.0371094 0.0371094
0 0.148754 0.601562 0.262207 0.0273438 0.0166016
0 0.148767 0.652832 0.3125 0.0205078 0.0214844
0 0.149747 0.363281 0.331543 0.0410156 0.0400391
0 0.150465 0.350586 0.503906 0.0117188 0.0273438
0 0.150927 0.307617 0.0239258 0.0546875 0.0478516
0 0.151431 0.408203 0.35498 0.0195312 0.0205078
0 0.153144 0.117188 0.203125 0.0488281 0.0429688
0 0.153992 0.458008 0.0400391 0.0371094 0.0488281
0 0.154484 0.580078 0.20166 0.00976562 0.0166016
0 0.154555 0.730469 0.0244141 0.0449219 0.0429688
0 0.155646 0.303223 0.0917969 0.0185547 0.0449219
0 0.156266 0.78125 0.404297 0.0234375 0.0234375
0 0.157324 0.520996 0.401367 0.0244141 0.0234375
0 0.157476 0.477539 0.30957 0.0273438 0.0292969
0 0.157921 0.47998 0.796387 0.0244141 0.0283203
0 0.158096 0.594238 0.0546875 0.0263672 0.0429688
0 0.158206 0.847656 0.314453 0.0214844 0.015625
0 0.158608 0.38623 0.316406 0.0205078 0.0371094
0 0.159364 0.708496 0.156738 0.0283203 0.0283203
0 0.15949 0.135742 0.213379 0.0410156 0.0400391
0 0.159502 0.410156 0.97998 0.0332031 0.0322266
0 0.160166 0.277832 0.359863 0.0341797 0.0263672
0 0.161072 0.471191 0.313965 0.0380859 0.0478516
0 0.16157 0.410645 0.160645 0.0498047 0.0537109
0 0.163134 0.724609 0.318359 0.0410156 0.0371094
0 0.164012 0.758789 0.28125 0.0527344 0.0429688
0 0.164816 0.584473 0.0234375 0.0419922 0.046875
0 0.16495 0.253906 0.340332 0.0371094 0.0439453
0 0.166546 0.792969 0.495605 0.0488281 0.0537109
0 0.169237 0.137207 0.276855 0.0322266 0.0439453
0 0.169667 0.362793 0.552246 0.0107422 0.0185547
0 0.169931 0.490723 0.675293 0.0146484 0.0166016
0 0.17101 0.267578 0.929199 0.0253906 0.0185547
0 0.171489 0.303223 0.291992 0.0400391 0.0390625
0 0.173041 0.797852 0.30957 0.03125 0.03125
0 0.173718 0.292969 0.195801 0.0292969 0.0322266
0 0.174801 0.318848 0.385254 0.0146484 0.0205078
0 0.176365 0.18457 0.206055 0.0351562 0.0449219
0 0.176403 0.39502 0.422363 0.0146484 0.0302734
0 0.176414 0.279785 0.19873 0.0517578 0.0361328
0 0.176925 0.324219 0.389648 0.0234375 0.0253906
0 0.176962 0.44043 0.390625 0.0332031 0.0390625
0 0.177849 0.777832 0.857422 0.0458984 0.0722656
0 0.181773 0.591797 0.721191 0.0117188 0.0146484
0 0.183377 0.308594 0.808594 0.0273438 0.0234375
0 0.184327 0.77832 0.843262 0.0332031 0.0380859
0 0.184747 0.611328 0.540527 0.0136719 0.0205078
0 0.185045 0.842773 0.106445 0.0351562 0.0351562
0 0.187025 0.508301 0.791504 0.0205078 0.0244141
0 0.18868 0.615234 0.404785 0.0136719 0.0263672
0 0.189654 0.405762 0.262695 0.0126953 0.0195312
0 0.189693 0.0600586 0.205078 0.0341797 0.0371094
0 0.1897 0.615723 0.0371094 0.0615234 0.0585938
0 0.189953 0.704102 0.194336 0.015625 0.0253906
0 0.189989 0.368164 0.152832 0.0234375 0.0380859
0 0.19032 0.0615234 0.185547 0.0351562 0.0625
0 0.191686 0.293457 0.36084 0.0166016 0.0224609
0 0.192406 0.279785 0.0527344 0.0380859 0.0644531
0 0.193057 0.211426 0.110352 0.0478516 0.0625
0 0.193601 0.438965 0.362793 0.0341797 0.0458984
0 0.195222 0.768555 0.459473 0.0175781 0.0205078
0 0.196854 0.788574 0.17041 0.0380859 0.0380859
0 0.198835 0.264648 0.343262 0.0234375 0.0478516
0 0.199346 0.531738 0.73291 0.0322266 0.0322266
0 0.199883 0.337891 0.283691 0.0175781 0.0224609
0 0.20027 0.198242 0.121582 0.0253906 0.0400391
0 0.200876 0.270508 0.0683594 0.0351562 0.0703125
0 0.201427 0.283691 0.425781 0.0146484 0.0214844
0 0.202719 0.460938 0.876953 0.0214844 0.0488281
0 0.203139 0.302246 0.555664 0.0107422 0.0234375
0 0.20314 0.645996 0.882812 0.0263672 0.0332031
0 0.204141 0.616211 0.0664062 0.0449219 0.046875
0 0.204797 0.375977 0.270996 0.0332031 0.0322266
0 0.205504 0.248535 0.208984 0.0283203 0.0410156
0 0.205535 0.762695 0.0556641 0.03125 0.0351562
0 0.206678 0.458984 0.836914 0.0136719 0.03125
0 0.2082 0.390625 0.569336 0.015625 0.0273438
0 0.212111 0.631836 0.17627 0.0332031 0.0302734
0 0.213013 0.243164 0.216309 0.015625 0.0361328
0 0.214384 0.265137 0.331543 0.0126953 0.0283203
0 0.214575 0.787598 0.370605 0.0478516 0.0478516
0 0.220197 0.739746 0.318848 0.0185547 0.0419922
0 0.228547 0.555664 0.768555 0.0136719 0.0253906
0 0.228786 0.630859 0.0317383 0.03125 0.0400391
0 0.229471 0.26709 0.358398 0.0244141 0.0253906
0 0.231637 0.672852 0.350098 0.0136719 0.0361328
0 0.232649 0.629395 0.0898438 0.0361328 0.0585938
0 0.233777 0.432129 0.0219727 0.0537109 0.0419922
0 0.234629 0.171875 0.248535 0.0234375 0.0244141
0 0.23577 0.48877 0.901367 0.0166016 0.0253906
0 0.236213 0.738281 0.677246 0.0175781 0.0244141
0 0.23624 0.23584 0.0151367 0.0517578 0.0263672
0 0.237261 0.168945 0.203613 0.0253906 0.0400391
0 0.238253 0.744629 0.277832 0.0244141 0.0361328
0 0.238486 0.374023 0.220215 0.0371094 0.0361328
0 0.238739 0.323242 0.17041 0.0273438 0.0498047
0 0.243509 0.684082 0.034668 0.0458984 0.0576172
0 0.244155 0.625 0.0766602 0.0253906 0.0341797
0 0.246938 0.628418 0.390625 0.0380859 0.0488281
0 0.247928 0.59375 0.753418 0.00976562 0.0224609
0 0.248578 0.915527 0.0371094 0.0712891 0.0566406
0 0.251728 0.37793 0.0214844 0.0527344 0.0410156
0 0.2522 0.37793 0.288086 0.0410156 0.0664062
0 0.254329 0.534668 0.0175781 0.0244141 0.0351562
0 0.254582 0.771484 0.885254 0.0449219 0.0537109
0 0.256039 0.236816 0.0917969 0.0615234 0.0546875
0 0.257772 0.291504 0.0371094 0.0517578 0.0625
0 0.258773 0.32959 0.39502 0.0244141 0.0224609
0 0.259727 0.492676 0.00976562 0.0302734 0.0195312
0 0.262541 0.588867 0.460449 0.0214844 0.0263672
0 0.266686 0.179199 0.0249023 0.0439453 0.0478516
0 0.267836 0.258301 0.0869141 0.0498047 0.0507812
0 0.269724 0.156738 0.0571289 0.0595703 0.0615234
0 0.271316 0.466797 0.573242 0.015625 0.015625
0 0.273799 0.382324 0.366211 0.0244141 0.0253906
0 0.279554 0.81543 0.0209961 0.0410156 0.0380859
0 0.281802 0.442871 0.162109 0.0224609 0.0410156
0 0.283913 0.461914 0.065918 0.0332031 0.0556641
0 0.286944 0.284668 0.21875 0.0361328 0.0449219
0 0.292766 0.380859 0.311035 0.0371094 0.0537109
0 0.294105 0.651367 0.819824 0.0253906 0.0283203
0 0.295642 0.26709 0.584473 0.0166016 0.0263672
0 0.302385 0.493652 0.981445 0.0380859 0.0332031
0 0.302777 0.635742 0.112793 0.0429688 0.0595703
0 0.305606 0.547852 0.278809 0.0429688 0.0361328
0 0.306953 0.163086 0.183105 0.0332031 0.0576172
0 0.308461 0.84082 0.385742 0.0332031 0.0507812
0 0.309858 0.396973 0.186523 0.0283203 0.0390625
0 0.317934 0.420898 0.283691 0.0253906 0.0244141
0 0.317952 0.675781 0.15332 0.0273438 0.0273438
0 0.318718 0.158203 0.169434 0.0332031 0.0361328
0 0.319254 0.75 0.235352 0.03125 0.03125
0 0.319325 0.378906 0.223633 0.0234375 0.0253906
0 0.322487 0.240234 0.334961 0.0234375 0.0332031
0 0.324928 0.179688 0.252441 0.0371094 0.0341797
0 0.327388 0.615234 0.726074 0.0175781 0.0322266
0 0.328697 0.634277 0.337891 0.0166016 0.0253906
0 0.330045 0.715332 0.31543 0.0263672 0.0292969
0 0.335356 0.702637 0.272461 0.0302734 0.0273438
0 0.338103 0.769531 0.206543 0.0195312 0.0419922
0 0.339178 0.25293 0.417969 0.0136719 0.015625
0 0.340168 0.441406 0.398438 0.0273438 0.0214844
0 0.346499 0.729492 0.124512 0.0351562 0.0439453
0 0.35844 0.619629 0.180176 0.0458984 0.0380859
0 0.362855 0.584961 0.0419922 0.0332031 0.0605469
0 0.363335 0.452148 0.26123 0.0351562 0.0400391
0 0.367808 0.420898 0.0981445 0.0488281 0.0458984
0 0.371535 0.324219 0.59082 0.0253906 0.0351562
0 0.371846 0.0883789 0.507812 0.0693359 0.0878906
0 0.37883 0.25293 0.281738 0.0449219 0.0576172
0 0.38482 0.60498 0.294434 0.0283203 0.0341797
0 0.385794 0.119629 0.165039 0.0595703 0.0507812
0 0.387386 0.203613 0.253906 0.0380859 0.0429688
0 0.389796 0.679688 0.20752 0.0253906 0.0283203
0 0.390371 0.406738 0.92334 0.0166016 0.0341797
0 0.392683 0.539062 0.84668 0.03125 0.0566406
0 0.394309 0.459961 0.854492 0.0195312 0.0625
0 0.406935 0.782227 0.269043 0.03125 0.0244141
0 0.410162 0.212402 0.0834961 0.0302734 0.0478516
0 0.410315 0.553223 0.0244141 0.0400391 0.0410156
0 0.427951 0.307617 0.30127 0.0253906 0.0361328
0 0.436419 0.288086 0.230469 0.0273438 0.0332031
0 0.443829 0.263184 0.20166 0.0380859 0.0439453
0 0.445226 0.593262 0.219727 0.0224609 0.03125
0 0.455295 0.70459 0.829102 0.0302734 0.03125
0 0.457478 0.430664 0.882324 0.015625 0.0341797
0 0.466978 0.200684 0.202148 0.0283203 0.0488281
0 0.490586 0.172852 0.0429688 0.0585938 0.078125
0 0.50692 0.546875 0.792969 0.0195312 0.0273438
0 0.518283 0.49707 0.0532227 0.0390625 0.0400391
0 0.549926 0.361328 0.0756836 0.0429688 0.0595703
0 0.571391 0.578125 0.836914 0.0351562 0.0566406
