0 0.10232 0.571777 0.500488 0.0185547 0.0341797
0 0.104284 0.753906 0.515625 0.0136719 0.0273438
0 0.111317 0.746582 0.978027 0.0263672 0.0419922
0 0.117964 0.861328 0.625 0.0371094 0.0605469
0 0.131565 0.414551 0.718262 0.0205078 0.0458984
0 0.134933 0.615234 0.605469 0.0253906 0.0410156
0 0.140696 0.625 0.527832 0.0410156 0.0517578
0 0.151355 0.814453 0.362305 0.0371094 0.0390625
0 0.171794 0.698242 0.540039 0.0214844 0.0527344
0 0.268429 0.444336 0.583008 0.0253906 0.0371094
0 0.297036 0.702637 0.270996 0.0244141 0.0205078
0 0.310924 0.774414 0.333008 0.0234375 0.0390625
0 0.332536 0.976074 0.658203 0.0419922 0.0742188
0 0.364446 0.723145 0.307129 0.0263672 0.0302734
