0 0.101122 0.374023 0.0302734 0.0175781 0.046875
0 0.101307 0.326172 0.482422 0.015625 0.0234375
0 0.101645 0.566895 0.728516 0.0244141 0.0292969
0 0.101652 0.759277 0.54248 0.0400391 0.0634766
0 0.103625 0.628906 0.194336 0.0136719 0.015625
0 0.103794 0.222168 0.525391 0.0126953 0.0195312
0 0.104865 0.351562 0.0268555 0.0410156 0.0478516
0 0.1056 0.0805664 0.284668 0.0244141 0.0224609
0 0.10633 0.259277 0.474609 0.0185547 0.0292969
0 0.107094 0.374023 0.305664 0.0078125 0.015625
0 0.108406 0.413574 0.23877 0.0166016 0.0205078
0 0.109057 0.230469 0.299316 0.0234375 0.0283203
0 0.109647 0.244629 0.76123 0.0185547 0.0205078
0 0.110662 0.263672 0.0185547 0.0527344 0.03125
0 0.111005 0.930176 0.444336 0.0205078 0.0351562
0 0.111823 0.472656 0.328613 0.0195312 0.0166016
0 0.111963 0.253906 0.665527 0.0195312 0.0263672
0 0.112837 0.740234 0.921387 0.0175781 0.0322266
0 0.113255 0.255859 0.500977 0.015625 0.0371094
0 0.115424 0.890137 0.334961 0.0126953 0.0292969
0 0.115449 0.727051 0.265625 0.00878906 0.0214844
0 0.115519 0.353027 0.613281 0.0126953 0.0234375
0 0.115754 0.356934 0.0644531 0.0244141 0.0390625
0 0.116087 0.265137 0.339355 0.0146484 0.0244141
0 0.116328 0.161133 0.248535 0.0195312 0.0302734
0 0.116577 0.354492 0.09375 0.03125 0.0546875
0 0.117387 0.779297 0.0678711 0.0273438 0.0400391
0 0.118118 0.755371 0.21875 0.0107422 0.0117188
0 0.118553 0.486816 0.0361328 0.0166016 0.0234375
0 0.118822 0.773926 0.203125 0.0146484 0.0410156
0 0.119781 0.282715 0.362305 0.0146484 0.0195312
0 0.120203 0.771484 0.125488 0.0273438 0.0400391
0 0.1204 0.543457 0.679688 0.0244141 0.0273438
0 0.121015 0.565918 0.0332031 0.0166016 0.0136719
0 0.121407 0.293945 0.977051 0.0332031 0.0439453
0 0.121573 0.395508 0.0332031 0.015625 0.0214844
0 0.121899 0.243652 0.191895 0.0185547 0.0185547
0 0.122462 0.686035 0.00830078 0.0146484 0.0126953
0 0.122723 0.477539 0.632324 0.0273438 0.0244141
0 0.122963 0.106934 0.237793 0.0205078 0.0458984
0 0.123264 0.263672 0.85498 0.0273438 0.0439453
0 0.123381 0.406738 0.545898 0.0400391 0.0527344
0 0.124702 0.119629 0.171387 0.0224609 0.0341797
0 0.124876 0.719238 0.53418 0.0224609 0.0292969
0 0.12504 0.496094 0.547363 0.0136719 0.0146484
0 0.125094 0.139648 0.168945 0.0488281 0.0332031
0 0.125159 0.410645 0.307129 0.0166016 0.0185547
0 0.126174 0.710449 0.167969 0.0205078 0.0273438
0 0.126183 0.396484 0.322754 0.0292969 0.0380859
0 0.126263 0.187988 0.695801 0.0185547 0.0263672
0 0.126516 0.399902 0.357422 0.0166016 0.0234375
0 0.127282 0.399414 0.158691 0.015625 0.0263672
0 0.128214 0.292969 0.311035 0.0175781 0.0185547
0 0.129789 0.406738 0.318359 0.0283203 0.0351562
0 0.130034 0.367188 0.152832 0.0175781 0.0341797
0 0.130276 0.749512 0.243652 0.0107422 0.0185547
0 0.131648 0.321777 0.254883 0.0224609 0.0449219
0 0.131656 0.776855 0.216309 0.0166016 0.0263672
0 0.131943 0.346191 0.442383 0.00878906 0.0195312
0 0.132738 0.842285 0.988281 0.0400391 0.0234375
0 0.1331 0.191895 0.678223 0.0146484 0.0380859
0 0.133408 0.472656 0.275391 0.03125 0.0195312
0 0.135457 0.410645 0.239258 0.00878906 0.0136719
0 0.138357 0.907227 0.114258 0.015625 0.0195312
0 0.138416 0.302246 0.109863 0.0166016 0.0205078
0 0.140736 0.47998 0.740723 0.0166016 0.0166016
0 0.140808 0.232422 0.0180664 0.0253906 0.0361328
0 0.143681 0.48877 0.675781 0.0205078 0.0234375
0 0.145231 0.30957 0.147461 0.0136719 0.0214844
0 0.145797 0.225098 0.463379 0.0126953 0.0185547
0 0.146776 0.119141 0.162598 0.0390625 0.0498047
0 0.14678 0.914062 0.40625 0.0214844 0.0253906
0 0.149349 0.383789 0.206543 0.0136719 0.0244141
0 0.149509 0.376953 0.927734 0.0175781 0.0253906
0 0.150693 0.178711 0.285645 0.015625 0.0244141
0 0.151797 0.302246 0.187988 0.0166016 0.0302734
0 0.152266 0.364746 0.396484 0.0146484 0.0273438
0 0.15285 0.117676 0.250977 0.0205078 0.0253906
0 0.157286 0.0776367 0.780273 0.0458984 0.0664062
0 0.157416 0.280273 0.0200195 0.0390625 0.0322266
0 0.159901 0.552734 0.0078125 0.0195312 0.0136719
0 0.160552 0.321289 0.275391 0.0292969 0.0429688
0 0.163224 0.48584 0.297363 0.0166016 0.0244141
0 0.168192 0.097168 0.229492 0.0126953 0.03125
0 0.168654 0.614746 0.0209961 0.0244141 0.0283203
0 0.169178 0.805664 0.539551 0.0253906 0.0283203
0 0.16923 0.240723 0.0131836 0.0283203 0.0263672
0 0.169696 0.103516 0.122559 0.0410156 0.0361328
0 0.171898 0.259766 0.940918 0.015625 0.0302734
0 0.172552 0.741211 0.0776367 0.0234375 0.0400391
0 0.172873 0.514648 0.566406 0.0117188 0.0136719
0 0.179878 0.338867 0.989258 0.0195312 0.0195312
0 0.18345 0.455566 0.314941 0.0107422 0.0146484
0 0.183681 0.40332 0.273438 0.0136719 0.0234375
0 0.185068 0.344727 0.0234375 0.0253906 0.0332031
0 0.185097 0.343262 0.755859 0.0126953 0.0195312
0 0.185397 0.172852 0.388672 0.0273438 0.046875
0 0.185785 0.689453 0.478027 0.0351562 0.0380859
0 0.186057 0.377441 0.416016 0.0185547 0.0292969
0 0.186714 0.296387 0.511719 0.0107422 0.0195312
0 0.187808 0.336914 0.111328 0.0117188 0.0195312
0 0.188153 0.498535 0.706055 0.0146484 0.0214844
0 0.189398 0.354492 0.0839844 0.0195312 0.0507812
0 0.192653 0.124023 0.104004 0.0292969 0.0380859
0 0.192816 0.714355 0.262207 0.0107422 0.0244141
0 0.192897 0.45166 0.0712891 0.0205078 0.0214844
0 0.195842 0.100098 0.231445 0.0224609 0.0429688
0 0.196297 0.355469 0.842285 0.0371094 0.0283203
0 0.199658 0.375977 0.822266 0.0195312 0.0214844
0 0.200796 0.619141 0.0273438 0.0214844 0.0195312
0 0.205222 0.191406 0.552734 0.0195312 0.0292969
0 0.208213 0.243164 0.43457 0.0214844 0.0234375
0 0.210071 0.476562 0.347656 0.0117188 0.0195312
0 0.213137 0.70752 0.854004 0.0166016 0.0361328
0 0.213369 0.222656 0.313965 0.03125 0.0458984
0 0.213825 0.0825195 0.327637 0.0185547 0.0244141
0 0.214341 0.776855 0.120605 0.0146484 0.0361328
0 0.218832 0.789551 0.937012 0.0322266 0.0498047
0 0.222843 0.0874023 0.27832 0.0185547 0.0253906
0 0.225944 0.112305 0.132324 0.0585938 0.0595703
0 0.226423 0.34668 0.105957 0.03125 0.0322266
0 0.227499 0.654297 0.0112305 0.0429688 0.0185547
0 0.228414 0.290039 0.0258789 0.0644531 0.0498047
0 0.228807 0.842285 0.241211 0.0361328 0.0429688
0 0.233567 0.36084 0.0507812 0.0263672 0.0605469
0 0.234244 0.364746 0.426758 0.0205078 0.0292969
0 0.238643 0.533203 0.496094 0.0136719 0.0175781
0 0.240314 0.106445 0.0219727 0.0429688 0.0439453
0 0.243838 0.419434 0.777344 0.0224609 0.0234375
0 0.245796 0.296875 0.541016 0.00976562 0.0234375
0 0.246746 0.394531 0.530762 0.0175781 0.0380859
0 0.247224 0.21875 0.325195 0.0195312 0.0253906
0 0.247726 0.845215 0.443848 0.0224609 0.0302734
0 0.254057 0.306152 0.104004 0.0263672 0.0341797
0 0.261611 0.44043 0.605469 0.0117188 0.0175781
0 0.266119 0.368164 0.417969 0.0292969 0.0429688
0 0.268054 0.344238 0.335938 0.0283203 0.0273438
0 0.271699 0.59668 0.0546875 0.0253906 0.0429688
0 0.272374 0.0673828 0.0332031 0.0253906 0.0351562
0 0.272486 0.897949 0.442383 0.0224609 0.0371094
0 0.274441 0.0947266 0.428223 0.0292969 0.0302734
0 0.276848 0.474609 0.286621 0.0351562 0.0419922
0 0.277513 0.34668 0.887695 0.0195312 0.0292969
0 0.278411 0.663086 0.682617 0.0234375 0.0195312
0 0.282691 0.288086 0.244141 0.0253906 0.0234375
0 0.284439 0.372559 0.69873 0.0205078 0.0302734
0 0.293827 0.40332 0.733398 0.00976562 0.0195312
0 0.295947 0.39209 0.168945 0.0283203 0.0292969
0 0.295966 0.810059 0.131836 0.0185547 0.0371094
0 0.296916 0.12793 0.90625 0.0292969 0.0351562
0 0.298188 0.476562 0.200684 0.015625 0.0283203
0 0.298345 0.223145 0.734375 0.0224609 0.0488281
0 0.304087 0.258789 0.488281 0.0214844 0.0507812
0 0.309698 0.149902 0.17041 0.0283203 0.0263672
0 0.313209 0.181641 0.70166 0.0273438 0.0263672
0 0.316471 0.444824 0.166992 0.0244141 0.0332031
0 0.317548 0.15332 0.0117188 0.0273438 0.0234375
0 0.322406 0.383301 0.793945 0.0166016 0.0175781
0 0.325969 0.0898438 0.264648 0.015625 0.0371094
0 0.326868 0.390625 0.446777 0.015625 0.0185547
0 0.329704 0.331543 0.350098 0.0224609 0.0263672
0 0.337109 0.666016 0.0527344 0.0214844 0.0371094
0 0.338523 0.510254 0.513184 0.0205078 0.0166016
0 0.339178 0.492676 0.14502 0.0244141 0.0400391
0 0.34044 0.442871 0.222656 0.0146484 0.0273438
0 0.352094 0.42041 0.562988 0.0283203 0.0302734
0 0.353187 0.164551 0.248047 0.0107422 0.0214844
0 0.353208 0.666016 0.797852 0.0292969 0.0371094
0 0.377933 0.418945 0.0166016 0.0195312 0.0214844
0 0.380333 0.328125 0.396484 0.0136719 0.0292969
0 0.380343 0.301758 0.0351562 0.046875 0.0390625
0 0.382978 0.33252 0.932129 0.0224609 0.0380859
0 0.389516 0.365723 0.0356445 0.0302734 0.0478516
0 0.405773 0.354004 0.101562 0.0205078 0.03125
0 0.414502 0.359863 0.269043 0.0205078 0.0302734
0 0.448716 0.140137 0.286621 0.0224609 0.0380859
0 0.458153 0.713379 0.0307617 0.0205078 0.0439453
0 0.468553 0.335449 0.165039 0.0146484 0.0234375
0 0.471123 0.146484 0.22998 0.0214844 0.0166016
0 0.482454 0.375488 0.471191 0.0146484 0.0185547
0 0.492514 0.313965 0.097168 0.0322266 0.0361328
0 0.495535 0.469727 0.502441 0.0175781 0.0166016
0 0.512425 0.318848 0.288086 0.0322266 0.0214844
