0 0.102119 0.827148 0.13916 0.0175781 0.0244141
0 0.102188 0.508789 0.231934 0.0117188 0.0185547
0 0.103497 0.955078 0.330566 0.0351562 0.0361328
0 0.104057 0.254883 0.19873 0.0332031 0.0673828
0 0.10671 0.15625 0.201172 0.0234375 0.0234375
0 0.108379 0.537598 0.358398 0.0166016 0.0273438
0 0.112746 0.500977 0.36377 0.0273438 0.0224609
0 0.124755 0.693848 0.425293 0.0126953 0.0166016
0 0.124936 0.445801 0.180176 0.0224609 0.0361328
0 0.126927 0.353027 0.183594 0.0185547 0.0351562
0 0.131994 0.375977 0.120117 0.03125 0.046875
0 0.137215 0.340332 0.745605 0.0439453 0.0380859
0 0.139112 0.290527 0.153809 0.0263672 0.0341797
0 0.144816 0.460938 0.109375 0.0722656 0.0839844
0 0.16366 0.3125 0.376953 0.0371094 0.0527344
0 0.166 0.183105 0.0791016 0.0556641 0.0527344
0 0.179113 0.710449 0.505371 0.0166016 0.0185547
0 0.206944 0.522461 0.42627 0.0214844 0.0224609
0 0.227902 0.17041 0.626465 0.0654297 0.0478516
