0 0.100444 0.165527 0.529297 0.0205078 0.0371094
0 0.101979 0.733887 0.462402 0.0244141 0.0517578
0 0.105065 0.73584 0.0332031 0.0634766 0.0605469
0 0.106046 0.39209 0.117188 0.0244141 0.0234375
0 0.107793 0.289062 0.433105 0.0195312 0.0322266
0 0.110061 0.374023 0.171387 0.0253906 0.0400391
0 0.111184 0.263672 0.395508 0.0253906 0.0429688
0 0.111709 0.217285 0.338867 0.0107422 0.015625
0 0.112839 0.0625 0.191406 0.0488281 0.0488281
0 0.113332 0.204102 0.414062 0.0175781 0.0234375
0 0.113688 0.265137 0.181152 0.0361328 0.0439453
0 0.115004 0.973145 0.195801 0.0341797 0.0595703
0 0.115641 0.334961 0.0830078 0.0175781 0.0351562
0 0.118374 0.41748 0.458496 0.0263672 0.0244141
0 0.118933 0.752441 0.197754 0.0302734 0.0517578
0 0.124321 0.368652 0.0859375 0.0283203 0.0273438
0 0.125157 0.24707 0.5 0.0175781 0.0195312
0 0.126504 0.922363 0.188477 0.0439453 0.0410156
0 0.129817 0.859375 0.107422 0.0390625 0.0351562
0 0.134133 0.253906 0.50293 0.0351562 0.0273438
0 0.140244 0.378418 0.0864258 0.0263672 0.0283203
0 0.148442 0.782715 0.201172 0.0205078 0.0390625
0 0.14958 0.17627 0.3125 0.0263672 0.0253906
0 0.152844 0.351074 0.0371094 0.0126953 0.0175781
0 0.154503 0.689941 0.0195312 0.0595703 0.0351562
0 0.16321 0.0473633 0.397949 0.0517578 0.0478516
0 0.164325 0.303223 0.0302734 0.0556641 0.0585938
0 0.17086 0.808105 0.166016 0.0224609 0.0371094
0 0.181859 0.34668 0.20752 0.0234375 0.0361328
0 0.185104 0.467773 0.306152 0.0234375 0.0185547
0 0.19018 0.113281 0.171387 0.015625 0.0322266
0 0.199142 0.307129 0.320312 0.0244141 0.0292969
0 0.201197 0.396973 0.493164 0.0146484 0.0253906
0 0.202221 0.20166 0.466309 0.0322266 0.0400391
0 0.204624 0.155273 0.00927734 0.0273438 0.0185547
0 0.214267 0.453125 0.447754 0.0273438 0.0205078
0 0.217875 0.139648 0.0849609 0.03125 0.0292969
0 0.23209 0.323242 0.153809 0.0195312 0.0263672
0 0.23686 0.112793 0.0947266 0.0283203 0.03125
0 0.241256 0.40918 0.0439453 0.0253906 0.0292969
0 0.259723 0.218262 0.0703125 0.0322266 0.0273438
0 0.281773 0.18457 0.306152 0.0175781 0.0263672
0 0.306488 0.399414 0.402344 0.0195312 0.0273438
0 0.338047 0.272949 0.270996 0.0283203 0.0380859
0 0.338662 0.223145 0.0102539 0.0224609 0.0166016
0 0.375051 0.741211 0.205566 0.0371094 0.0458984
0 0.448396 0.167969 0.319336 0.0234375 0.0214844
