0 0.100227 0.346191 0.824707 0.0341797 0.0595703
0 0.100242 0.161133 0.507812 0.0527344 0.046875
0 0.102729 0.384766 0.820312 0.0351562 0.046875
0 0.103484 0.769531 0.0195312 0.0292969 0.0351562
0 0.104349 0.711426 0.0419922 0.0634766 0.0527344
0 0.105034 0.634766 0.216309 0.0117188 0.0244141
0 0.105207 0.82666 0.455566 0.0986328 0.0615234
0 0.105588 0.275391 0.254883 0.0273438 0.03125
0 0.10571 0.548828 0.0986328 0.0273438 0.0546875
0 0.107757 0.753906 0.0107422 0.0410156 0.0214844
0 0.108055 0.0708008 0.636719 0.0537109 0.0566406
0 0.108393 0.234863 0.849609 0.0205078 0.03125
0 0.108933 0.720215 0.223633 0.0361328 0.0390625
0 0.109165 0.0541992 0.0463867 0.108398 0.0712891
0 0.10933 0.513672 0.134766 0.0214844 0.0253906
0 0.109422 0.693848 0.112793 0.0283203 0.0556641
0 0.109603 0.400879 0.154297 0.0166016 0.0253906
0 0.110206 0.52832 0.0229492 0.0351562 0.0380859
0 0.110891 0.494141 0.194824 0.00976562 0.0205078
0 0.111308 0.14209 0.60498 0.0361328 0.0732422
0 0.113066 0.457031 0.870117 0.0449219 0.0507812
0 0.113903 0.631348 0.0395508 0.0244141 0.0400391
0 0.114 0.414062 0.0649414 0.015625 0.0302734
0 0.114346 0.660156 0.259766 0.0117188 0.0273438
0 0.115987 0.649414 0.366211 0.0195312 0.0234375
0 0.116673 0.315918 0.0493164 0.0263672 0.0458984
0 0.117495 0.22168 0.592285 0.0273438 0.0498047
0 0.117998 0.111816 0.154785 0.0654297 0.0517578
0 0.118102 0.266602 0.51709 0.0488281 0.0400391
0 0.119606 0.446777 0.601074 0.0166016 0.0244141
0 0.120001 0.680176 0.0678711 0.0322266 0.0595703
0 0.121572 0.35498 0.839355 0.0302734 0.0400391
0 0.121694 0.24707 0.0639648 0.0351562 0.0517578
0 0.122835 0.442871 0.867188 0.0185547 0.046875
0 0.124906 0.507324 0.0893555 0.0205078 0.0302734
0 0.125235 0.339355 0.0756836 0.0400391 0.0537109
0 0.126072 0.67334 0.494629 0.0244141 0.0302734
0 0.126107 0.569824 0.104492 0.0283203 0.0332031
0 0.126694 0.29541 0.0209961 0.0380859 0.0419922
0 0.126914 0.574219 0.235352 0.0136719 0.0214844
0 0.127198 0.413086 0.127441 0.0429688 0.0439453
0 0.127467 0.165527 0.112305 0.0302734 0.046875
0 0.128163 0.195801 0.178223 0.0556641 0.0478516
0 0.128305 0.293945 0.465332 0.0351562 0.0283203
0 0.129643 0.38916 0.513184 0.0146484 0.0185547
0 0.130418 0.780762 0.0263672 0.0498047 0.046875
0 0.131191 0.644531 0.0634766 0.046875 0.0449219
0 0.131223 0.447754 0.249023 0.0126953 0.0371094
0 0.132453 0.270508 0.0473633 0.0839844 0.0869141
0 0.132973 0.156738 0.0385742 0.0302734 0.0439453
0 0.133336 0.10791 0.608887 0.0732422 0.0732422
0 0.140849 0.491699 0.945801 0.0302734 0.0615234
0 0.141532 0.378906 0.15625 0.0292969 0.046875
0 0.14303 0.189453 0.0996094 0.0410156 0.0644531
0 0.143987 0.591797 0.479492 0.0253906 0.0234375
0 0.144914 0.162598 0.78125 0.0654297 0.078125
0 0.145612 0.620117 0.395996 0.0234375 0.0283203
0 0.146672 0.382812 0.0961914 0.0410156 0.0517578
0 0.148004 0.250488 0.942383 0.0419922 0.0527344
0 0.1484 0.383789 0.479492 0.0273438 0.0273438
0 0.148592 0.316895 0.476562 0.0224609 0.0292969
0 0.148617 0.114746 0.297852 0.0419922 0.0371094
0 0.149424 0.214844 0.174316 0.0761719 0.0615234
0 0.151774 0.0517578 0.562012 0.0195312 0.0224609
0 0.151846 0.787598 0.0947266 0.0322266 0.0410156
0 0.154985 0.752441 0.081543 0.0224609 0.0302734
0 0.155617 0.367676 0.152832 0.0361328 0.0361328
0 0.156096 0.131836 0.21582 0.046875 0.0566406
0 0.157021 0.200684 0.470703 0.0458984 0.0488281
0 0.157405 0.35498 0.849121 0.0224609 0.0244141
0 0.157917 0.222656 0.922852 0.0332031 0.0390625
0 0.157929 0.726074 0.177734 0.0263672 0.0273438
0 0.159498 0.365723 0.755371 0.0322266 0.0361328
0 0.159767 0.675781 0.0864258 0.0332031 0.0556641
0 0.160257 0.32666 0.879395 0.0126953 0.0400391
0 0.162199 0.202637 0.52002 0.0322266 0.0419922
0 0.162385 0.519531 0.141113 0.03125 0.0400391
0 0.162617 0.764648 0.206543 0.0332031 0.0380859
0 0.165453 0.310547 0.147461 0.03125 0.0273438
0 0.166948 0.313965 0.0102539 0.0166016 0.0205078
0 0.167851 0.45459 0.0209961 0.0244141 0.0419922
0 0.168399 0.350098 0.0566406 0.0166016 0.0371094
0 0.173437 0.669922 0.0170898 0.0527344 0.0302734
0 0.17541 0.661133 0.0683594 0.0585938 0.0625
0 0.176327 0.743652 0.0161133 0.0556641 0.0263672
0 0.178197 0.736328 0.31543 0.0175781 0.0234375
0 0.180905 0.311523 0.162598 0.0429688 0.0556641
0 0.18147 0.746582 0.368164 0.0185547 0.0234375
0 0.181526 0.646973 0.103027 0.0283203 0.0302734
0 0.181632 0.589355 0.26416 0.0478516 0.0654297
0 0.185008 0.357422 0.459961 0.0175781 0.0253906
0 0.188417 0.61084 0.181152 0.0517578 0.0517578
0 0.193778 0.40332 0.113281 0.0332031 0.0449219
0 0.194708 0.202637 0.0112305 0.0361328 0.0224609
0 0.195035 0.0888672 0.629395 0.0585938 0.0537109
0 0.196453 0.689453 0.0566406 0.0410156 0.0683594
0 0.202551 0.729492 0.245117 0.0332031 0.0488281
0 0.203638 0.192383 0.869629 0.0527344 0.0556641
0 0.204244 0.45459 0.0351562 0.0322266 0.0625
0 0.204631 0.858887 0.455078 0.0537109 0.0585938
0 0.209453 0.668457 0.219727 0.0205078 0.0410156
0 0.210474 0.485352 0.115723 0.0214844 0.0283203
0 0.211563 0.824707 0.160645 0.0478516 0.0478516
0 0.211661 0.606445 0.171875 0.0351562 0.0292969
0 0.212292 0.236328 0.934082 0.0585938 0.0576172
0 0.218024 0.334961 0.17627 0.0253906 0.0361328
0 0.218365 0.433594 0.0922852 0.0292969 0.0341797
0 0.222859 0.719238 0.043457 0.0361328 0.0400391
0 0.225312 0.181152 0.367676 0.0439453 0.0537109
0 0.226594 0.473633 0.881836 0.0175781 0.0273438
0 0.229466 0.585449 0.894531 0.0185547 0.0175781
0 0.229812 0.753906 0.140625 0.0332031 0.0566406
0 0.231193 0.737305 0.464355 0.0351562 0.0458984
0 0.231884 0.789551 0.0395508 0.0498047 0.0517578
0 0.239807 0.435059 0.126953 0.0361328 0.0390625
0 0.244937 0.615723 0.887207 0.0283203 0.0556641
0 0.245144 0.76709 0.243652 0.0439453 0.0556641
0 0.247386 0.187012 0.0898438 0.0263672 0.0429688
0 0.251752 0.38916 0.912598 0.0126953 0.0244141
0 0.252175 0.437988 0.108398 0.0419922 0.0644531
0 0.254349 0.399902 0.10791 0.0244141 0.0263672
0 0.257669 0.520508 0.15918 0.0214844 0.0332031
0 0.263391 0.34082 0.810059 0.0351562 0.0322266
0 0.267773 0.660645 0.0913086 0.0478516 0.0498047
0 0.26853 0.240234 0.0229492 0.0390625 0.0400391
0 0.271172 0.690918 0.224609 0.0439453 0.0410156
0 0.273956 0.604492 0.211426 0.0292969 0.0302734
0 0.278979 0.730957 0.0449219 0.0302734 0.0449219
0 0.279763 0.727051 0.12207 0.0419922 0.0507812
0 0.279837 0.311523 0.188477 0.046875 0.0605469
0 0.28066 0.556152 0.0688477 0.0224609 0.0361328
0 0.281775 0.358887 0.763184 0.0185547 0.0224609
0 0.287033 0.734863 0.172363 0.0419922 0.0361328
0 0.287556 0.659668 0.0107422 0.0419922 0.0195312
0 0.294418 0.519043 0.0302734 0.0458984 0.0566406
0 0.296082 0.148438 0.0488281 0.0527344 0.0546875
0 0.300868 0.716797 0.235352 0.0527344 0.0566406
0 0.301344 0.789062 0.45752 0.0410156 0.0556641
0 0.313065 0.833496 0.0639648 0.0302734 0.0380859
0 0.314779 0.722656 0.421875 0.0234375 0.0253906
0 0.317442 0.203613 0.0664062 0.0224609 0.0371094
0 0.318857 0.417969 0.0102539 0.0195312 0.0205078
0 0.322413 0.631348 0.464355 0.0244141 0.0263672
0 0.322999 0.268555 0.184082 0.0332031 0.0498047
0 0.323138 0.582031 0.0239258 0.0488281 0.0439453
0 0.323667 0.469238 0.10498 0.0498047 0.0478516
0 0.328262 0.568848 0.914551 0.0205078 0.0283203
0 0.329356 0.484375 0.166504 0.0136719 0.0224609
0 0.335537 0.704102 0.043457 0.0332031 0.0400391
0 0.3518 0.624512 0.323242 0.0439453 0.03125
0 0.360423 0.669434 0.975098 0.0302734 0.0419922
0 0.363817 0.689941 0.0361328 0.0341797 0.0585938
0 0.368138 0.687012 0.0175781 0.0419922 0.0332031
0 0.392944 0.373535 0.0283203 0.0283203 0.046875
0 0.393157 0.322266 0.0600586 0.03125 0.0517578
0 0.39658 0.294434 0.034668 0.0517578 0.0615234
0 0.399977 0.412598 0.0800781 0.0205078 0.0546875
0 0.401228 0.369629 0.16748 0.0458984 0.0673828
0 0.401503 0.303711 0.866699 0.0527344 0.0576172
0 0.415039 0.54248 0.114258 0.0244141 0.0332031
0 0.424215 0.62793 0.270996 0.03125 0.0380859
0 0.433213 0.482422 0.0546875 0.0351562 0.046875
0 0.433438 0.564941 0.153809 0.0244141 0.0341797
0 0.458048 0.24707 0.0385742 0.0488281 0.0693359
0 0.473107 0.635254 0.166016 0.0302734 0.0410156
0 0.481294 0.690918 0.160645 0.0322266 0.0458984
0 0.491159 0.461914 0.167969 0.0273438 0.0507812
0 0.529037 0.606445 0.0859375 0.046875 0.0664062
0 0.58381 0.279785 0.110352 0.0400391 0.0644531
0 0.602404 0.362305 0.0170898 0.0273438 0.0322266
0 0.612318 0.36377 0.100586 0.0341797 0.0449219
0 0.643433 0.38623 0.0439453 0.0244141 0.0351562
