0 0.100588 0.3125 0.362305 0.03125 0.0429688
0 0.101027 0.577148 0.279785 0.0371094 0.0498047
0 0.101439 0.162598 0.542969 0.0244141 0.03125
0 0.10329 0.555176 0.0224609 0.0615234 0.0390625
0 0.103513 0.370117 0.322266 0.0234375 0.0292969
0 0.103655 0.666992 0.0146484 0.0820312 0.0234375
0 0.104875 0.421387 0.20459 0.0361328 0.0439453
0 0.105262 0.128418 0.0595703 0.0595703 0.0742188
0 0.1058 0.79834 0.716797 0.0224609 0.0371094
0 0.106511 0.316406 0.316895 0.0214844 0.0361328
0 0.106979 0.333496 0.575195 0.0205078 0.0273438
0 0.107319 0.689453 0.915527 0.0332031 0.0576172
0 0.108294 0.828613 0.625977 0.0263672 0.0234375
0 0.108594 0.0605469 0.133301 0.0253906 0.0478516
0 0.108985 0.902344 0.986816 0.0253906 0.0244141
0 0.110727 0.355957 0.442871 0.0283203 0.0322266
0 0.110728 0.663574 0.808594 0.0400391 0.0390625
0 0.110761 0.628418 0.128906 0.0361328 0.046875
0 0.112525 0.257324 0.182129 0.0263672 0.0576172
0 0.113334 0.189453 0.427246 0.0292969 0.0595703
0 0.114182 0.72168 0.478516 0.0214844 0.0371094
0 0.114795 0.185547 0.118652 0.0625 0.0478516
0 0.114805 0.127441 0.154785 0.0517578 0.0537109
0 0.11657 0.43457 0.508789 0.0136719 0.015625
0 0.117587 0.871094 0.492676 0.0429688 0.0556641
0 0.118895 0.475586 0.441895 0.0175781 0.0205078
0 0.121645 0.285645 0.371094 0.0400391 0.0429688
0 0.122922 0.734375 0.788086 0.0488281 0.0390625
0 0.123651 0.350586 0.505371 0.0195312 0.0244141
0 0.126879 0.194336 0.279297 0.0488281 0.0488281
0 0.130756 0.389648 0.339355 0.0117188 0.0224609
0 0.131195 0.243652 0.321289 0.0146484 0.0351562
0 0.134547 0.390137 0.214844 0.0224609 0.0351562
0 0.134824 0.66748 0.804688 0.0244141 0.0234375
0 0.136888 0.975098 0.410156 0.0419922 0.0351562
0 0.138173 0.719727 0.172363 0.078125 0.0830078
0 0.141667 0.114258 0.166016 0.0566406 0.0527344
0 0.141993 0.865723 0.935547 0.0673828 0.0390625
0 0.143588 0.271973 0.748535 0.0185547 0.0244141
0 0.144663 0.117676 0.258789 0.0498047 0.0605469
0 0.149345 0.908203 0.385742 0.0566406 0.046875
0 0.149867 0.356445 0.321289 0.03125 0.0410156
0 0.150186 0.654297 0.891602 0.03125 0.0488281
0 0.151316 0.167969 0.532715 0.03125 0.0517578
0 0.152326 0.159668 0.340332 0.0341797 0.0498047
0 0.152671 0.439941 0.88916 0.0126953 0.0302734
0 0.152884 0.191406 0.449707 0.0214844 0.0302734
0 0.153188 0.269531 0.35791 0.0253906 0.0341797
0 0.154896 0.70752 0.880859 0.0263672 0.0351562
0 0.159844 0.571777 0.0766602 0.0498047 0.0654297
0 0.159928 0.456055 0.378418 0.00976562 0.0185547
0 0.160566 0.67041 0.855957 0.0322266 0.0361328
0 0.161078 0.316895 0.35791 0.0166016 0.0380859
0 0.163563 0.253906 0.0302734 0.0800781 0.0585938
0 0.165565 0.270996 0.260254 0.0283203 0.0322266
0 0.168216 0.371094 0.442871 0.0332031 0.0361328
0 0.169719 0.910645 0.934082 0.0419922 0.0458984
0 0.170328 0.305664 0.466309 0.0292969 0.0341797
0 0.172594 0.231445 0.09375 0.0410156 0.0625
0 0.172759 0.0864258 0.182129 0.0322266 0.0380859
0 0.172872 0.278809 0.078125 0.0576172 0.0488281
0 0.175367 0.633789 0.0878906 0.0507812 0.101562
0 0.177942 0.4375 0.268555 0.0566406 0.0507812
0 0.181587 0.330078 0.199707 0.0292969 0.0283203
0 0.184018 0.48291 0.264648 0.0478516 0.0429688
0 0.185787 0.474609 0.60498 0.0371094 0.0322266
0 0.186491 0.694336 0.822266 0.0175781 0.0253906
0 0.187681 0.152344 0.353516 0.0273438 0.0410156
0 0.189297 0.358887 0.235352 0.0302734 0.0292969
0 0.190725 0.496582 0.414062 0.0166016 0.0410156
0 0.192887 0.525391 0.686035 0.0214844 0.0400391
0 0.195753 0.162109 0.0166016 0.078125 0.0253906
0 0.196759 0.774902 0.927734 0.0244141 0.0332031
0 0.201306 0.168457 0.124023 0.0400391 0.046875
0 0.209445 0.16748 0.408691 0.0302734 0.0439453
0 0.211361 0.300781 0.541016 0.0214844 0.03125
0 0.218154 0.212402 0.117188 0.0341797 0.0488281
0 0.224705 0.375488 0.285156 0.0419922 0.0351562
0 0.229185 0.112305 0.237305 0.0585938 0.0585938
0 0.230328 0.125488 0.283203 0.0302734 0.0371094
0 0.23606 0.270508 0.320801 0.0292969 0.0283203
0 0.237099 0.463867 0.466797 0.0136719 0.0253906
0 0.23901 0.626953 0.207031 0.0585938 0.0800781
0 0.240796 0.14209 0.135742 0.0458984 0.0507812
0 0.245566 0.597656 0.733398 0.0175781 0.0292969
0 0.24763 0.804199 0.799805 0.0302734 0.0351562
0 0.253289 0.293945 0.378418 0.0253906 0.0361328
0 0.255655 0.61084 0.790039 0.0205078 0.0253906
0 0.258397 0.300293 0.430664 0.0185547 0.0253906
0 0.259217 0.176758 0.280762 0.0332031 0.0322266
0 0.270396 0.165039 0.331055 0.0214844 0.03125
0 0.271933 0.532227 0.428223 0.03125 0.0283203
0 0.285655 0.20459 0.270996 0.0283203 0.0458984
0 0.289814 0.379395 0.385742 0.0166016 0.0234375
0 0.304441 0.182129 0.408691 0.0517578 0.0458984
0 0.321444 0.228516 0.396973 0.0390625 0.0439453
0 0.365864 0.455566 0.743652 0.0302734 0.0244141
0 0.371785 0.151367 0.208984 0.0253906 0.0605469
0 0.381937 0.334961 0.390625 0.0214844 0.0253906
0 0.453274 0.75293 0.654785 0.0234375 0.0380859
0 0.502114 0.288086 0.186523 0.03125 0.0449219
0 0.527939 0.215332 0.189941 0.0458984 0.0576172
