0 0.101009 0.180664 0.425293 0.0175781 0.0341797
0 0.102563 0.734375 0.708008 0.0332031 0.0332031
0 0.102617 0.180176 0.329102 0.0302734 0.0292969
0 0.102738 0.601562 0.347168 0.0292969 0.0302734
0 0.103526 0.867676 0.239746 0.0302734 0.0380859
0 0.103866 0.17041 0.327148 0.0224609 0.0273438
0 0.105087 0.379883 0.138184 0.0214844 0.0263672
0 0.107265 0.330566 0.31543 0.0224609 0.03125
0 0.110067 0.47168 0.773438 0.0332031 0.0429688
0 0.112915 0.193359 0.0151367 0.0449219 0.0302734
0 0.114755 0.614258 0.0615234 0.0136719 0.0253906
0 0.119704 0.325195 0.155273 0.0195312 0.0292969
0 0.1245 0.114746 0.171387 0.0302734 0.0322266
0 0.125143 0.522461 0.221191 0.0117188 0.0205078
0 0.130803 0.509766 0.260742 0.0117188 0.0214844
0 0.131326 0.842773 0.319336 0.0117188 0.0273438
0 0.132965 0.591309 0.28418 0.0185547 0.0292969
0 0.138302 0.842773 0.240234 0.0351562 0.0429688
0 0.139982 0.841797 0.23584 0.0195312 0.0341797
0 0.142605 0.202148 0.340332 0.03125 0.0341797
0 0.142961 0.42334 0.201172 0.0146484 0.0214844
0 0.144979 0.907227 0.505371 0.0390625 0.0302734
0 0.146936 0.817383 0.693359 0.015625 0.0234375
0 0.159769 0.51709 0.224121 0.0185547 0.0244141
0 0.164746 0.39209 0.114258 0.00878906 0.0234375
0 0.170586 0.0581055 0.214844 0.0556641 0.046875
0 0.174304 0.388184 0.190918 0.0166016 0.0185547
0 0.178503 0.493164 0.138184 0.0292969 0.0263672
0 0.182748 0.862305 0.232422 0.0507812 0.046875
0 0.184645 0.153809 0.185059 0.0244141 0.0322266
0 0.185501 0.557617 0.480469 0.0253906 0.0332031
0 0.201368 0.445801 0.226562 0.0126953 0.0253906
0 0.215079 0.119629 0.570312 0.0380859 0.0527344
0 0.223952 0.309082 0.0166016 0.0751953 0.0332031
0 0.24464 0.388672 0.388184 0.0234375 0.0419922
0 0.253856 0.255371 0.336426 0.0146484 0.0244141
0 0.264086 0.146973 0.320312 0.0263672 0.0234375
0 0.330381 0.140137 0.0327148 0.0263672 0.0537109
0 0.337709 0.383789 0.32959 0.03125 0.0361328
0 0.371833 0.328613 0.328613 0.0283203 0.0458984
0 0.38502 0.286133 0.244629 0.0488281 0.0458984
0 0.388832 0.489258 0.0917969 0.03125 0.0449219
0 0.395725 0.633301 0.0126953 0.0244141 0.0253906
0 0.423842 0.288086 0.331543 0.0214844 0.0517578
0 0.544615 0.417969 0.314453 0.0273438 0.0332031
