0 0.101049 0.392578 0.0390625 0.0566406 0.0644531
0 0.103803 0.277344 0.179688 0.0429688 0.0546875
0 0.109694 0.50293 0.435547 0.0136719 0.0195312
0 0.115187 0.226562 0.202148 0.03125 0.0390625
0 0.115734 0.162598 0.0214844 0.0439453 0.0429688
0 0.11971 0.33252 0.102539 0.0185547 0.03125
0 0.121381 0.303223 0.0219727 0.0185547 0.0263672
0 0.122485 0.503418 0.115723 0.0322266 0.0634766
0 0.122966 0.34668 0.188477 0.0351562 0.0429688
0 0.123655 0.209473 0.170898 0.0400391 0.0488281
0 0.126597 0.266113 0.0439453 0.0400391 0.0566406
0 0.127365 0.784668 0.280273 0.0322266 0.0351562
0 0.132128 0.483398 0.28125 0.0332031 0.0273438
0 0.133498 0.260742 0.0214844 0.0136719 0.0214844
0 0.1432 0.686035 0.600098 0.0166016 0.0205078
0 0.145344 0.398438 0.339844 0.0292969 0.0449219
0 0.14952 0.535645 0.240723 0.0107422 0.0126953
0 0.150071 0.262695 0.168945 0.0546875 0.0605469
0 0.152302 0.218262 0.187012 0.0439453 0.0556641
0 0.152761 0.777832 0.0419922 0.0439453 0.0546875
0 0.156726 0.398926 0.111328 0.0263672 0.0390625
0 0.162488 0.373535 0.303711 0.0458984 0.0566406
0 0.162886 0.510254 0.187012 0.0263672 0.0244141
0 0.173969 0.446289 0.0551758 0.0273438 0.0361328
0 0.184243 0.446777 0.121582 0.0322266 0.0458984
0 0.223748 0.347168 0.192871 0.0263672 0.0244141
0 0.232322 0.371094 0.149414 0.0136719 0.0234375
0 0.250413 0.484375 0.13623 0.0117188 0.0263672
0 0.292666 0.444824 0.227051 0.0185547 0.0400391
0 0.319034 0.482422 0.350586 0.0390625 0.0507812
