0 0.100436 0.489258 0.293457 0.0332031 0.0224609
0 0.100668 0.793457 0.39209 0.0693359 0.0615234
0 0.100879 0.559082 0.609863 0.0361328 0.0361328
0 0.10093 0.50293 0.842285 0.0214844 0.0322266
0 0.101436 0.124512 0.251953 0.0322266 0.0703125
0 0.101541 0.265137 0.120605 0.0205078 0.0322266
0 0.101921 0.408203 0.981934 0.0390625 0.0361328
0 0.102079 0.526855 0.556152 0.0107422 0.0185547
0 0.102177 0.571777 0.859863 0.0166016 0.0205078
0 0.102215 0.416992 0.275391 0.0488281 0.0605469
0 0.102416 0.632324 0.0688477 0.0380859 0.0478516
0 0.10264 0.543945 0.541016 0.0234375 0.0234375
0 0.102713 0.54834 0.532715 0.0185547 0.0263672
0 0.103093 0.131348 0.216797 0.0439453 0.0234375
0 0.103214 0.145508 0.11084 0.0175781 0.0380859
0 0.103228 0.394043 0.931641 0.0205078 0.0332031
0 0.103887 0.712891 0.830078 0.0351562 0.0390625
0 0.104317 0.506836 0.799316 0.0078125 0.0166016
0 0.104395 0.146484 0.396484 0.0253906 0.0429688
0 0.104942 0.400391 0.856445 0.0390625 0.0371094
0 0.105087 0.679199 0.773926 0.0361328 0.0419922
0 0.105416 0.386719 0.258789 0.0214844 0.0507812
0 0.105671 0.688965 0.708984 0.0146484 0.0234375
0 0.105943 0.364746 0.243164 0.0283203 0.0546875
0 0.105978 0.608887 0.418457 0.0400391 0.0634766
0 0.105986 0.647461 0.369629 0.0214844 0.0478516
0 0.10674 0.381836 0.208008 0.0488281 0.0449219
0 0.106762 0.367676 0.188477 0.0126953 0.0292969
0 0.107869 0.532227 0.291992 0.0195312 0.0273438
0 0.108106 0.593262 0.859375 0.0478516 0.0546875
0 0.109327 0.393066 0.145508 0.0244141 0.0410156
0 0.109699 0.717285 0.904297 0.0205078 0.0253906
0 0.110625 0.666992 0.184082 0.0253906 0.0537109
0 0.111256 0.352051 0.0136719 0.0263672 0.0273438
0 0.111291 0.212891 0.132324 0.0371094 0.0478516
0 0.112808 0.186523 0.595215 0.0332031 0.0439453
0 0.112951 0.693359 0.261719 0.0253906 0.03125
0 0.112959 0.405762 0.525391 0.0361328 0.0332031
0 0.113328 0.402832 0.243652 0.0185547 0.0341797
0 0.113533 0.599609 0.0825195 0.03125 0.0654297
0 0.113818 0.196289 0.821777 0.03125 0.0634766
0 0.113891 0.292969 0.143066 0.0292969 0.0380859
0 0.113992 0.193848 0.149414 0.0380859 0.046875
0 0.115775 0.574219 0.467773 0.0195312 0.0214844
0 0.11751 0.796387 0.48584 0.0380859 0.0771484
0 0.117616 0.716797 0.807129 0.0332031 0.0419922
0 0.117712 0.289062 0.807129 0.015625 0.0400391
0 0.118335 0.394043 0.0415039 0.0166016 0.0244141
0 0.118606 0.737305 0.203613 0.0332031 0.0380859
0 0.118815 0.278809 0.989746 0.0224609 0.0205078
0 0.118854 0.416016 0.572266 0.0273438 0.0429688
0 0.120059 0.419922 0.487305 0.0351562 0.0507812
0 0.120573 0.302246 0.419434 0.0185547 0.0322266
0 0.120767 0.618652 0.858887 0.0439453 0.0498047
0 0.121259 0.254395 0.241699 0.0361328 0.0537109
0 0.122446 0.56543 0.402344 0.0214844 0.0429688
0 0.123676 0.0810547 0.212891 0.0351562 0.0371094
0 0.124559 0.65625 0.601562 0.0175781 0.0234375
0 0.125191 0.315918 0.0566406 0.0244141 0.0371094
0 0.125191 0.260254 0.154785 0.0439453 0.0478516
0 0.125304 0.64502 0.193359 0.0322266 0.0449219
0 0.125928 0.65918 0.30127 0.0351562 0.0419922
0 0.127112 0.107422 0.339844 0.0351562 0.0605469
0 0.128697 0.764648 0.733887 0.0253906 0.0341797
0 0.128948 0.0620117 0.646973 0.0341797 0.0322266
0 0.128956 0.306152 0.404785 0.0244141 0.0634766
0 0.129679 0.410156 0.170898 0.0214844 0.0253906
0 0.129888 0.182129 0.119629 0.0302734 0.0556641
0 0.129987 0.248047 0.633301 0.0117188 0.0224609
0 0.131069 0.349121 0.369629 0.0146484 0.0185547
0 0.131198 0.578125 0.858887 0.0234375 0.0244141
0 0.131745 0.839355 0.188965 0.0498047 0.0517578
0 0.132956 0.719238 0.0859375 0.0361328 0.0527344
0 0.13304 0.757324 0.150879 0.0185547 0.0302734
0 0.133765 0.195801 0.274902 0.0185547 0.0263672
0 0.134443 0.316895 0.0380859 0.0302734 0.0625
0 0.134497 0.17041 0.078125 0.0302734 0.0488281
0 0.134714 0.38623 0.355469 0.0205078 0.0253906
0 0.135564 0.195801 0.835938 0.0244141 0.0390625
0 0.136154 0.358887 0.349121 0.00878906 0.0244141
0 0.13689 0.78125 0.786621 0.0214844 0.0244141
0 0.138479 0.441895 0.624023 0.0146484 0.0273438
0 0.138842 0.628906 0.128418 0.0351562 0.0439453
0 0.139817 0.519043 0.00878906 0.0263672 0.0175781
0 0.139915 0.62793 0.542969 0.0292969 0.03125
0 0.141048 0.476562 0.741211 0.015625 0.0351562
0 0.14134 0.161621 0.654297 0.0439453 0.0585938
0 0.141651 0.884766 0.348145 0.0566406 0.0419922
0 0.142128 0.44043 0.63623 0.0292969 0.0537109
0 0.142214 0.404297 0.413086 0.0136719 0.0234375
0 0.142535 0.774414 0.258301 0.0449219 0.0419922
0 0.145396 0.603027 0.116211 0.0244141 0.0351562
0 0.145407 0.507324 0.89502 0.0224609 0.0322266
0 0.145649 0.568848 0.00927734 0.0322266 0.0185547
0 0.146431 0.633301 0.866211 0.0185547 0.0371094
0 0.146583 0.797852 0.730469 0.0234375 0.0371094
0 0.147567 0.656738 0.992676 0.0126953 0.0146484
0 0.148377 0.624512 0.848145 0.0185547 0.0400391
0 0.148815 0.308105 0.586426 0.0615234 0.0927734
0 0.148815 0.14209 0.0102539 0.0380859 0.0166016
0 0.149452 0.816406 0.864746 0.0605469 0.0498047
0 0.1502 0.485352 0.985352 0.0351562 0.0292969
0 0.152878 0.613281 0.13623 0.0488281 0.0751953
0 0.153009 0.578613 0.184082 0.0361328 0.0458984
0 0.153086 0.749023 0.247559 0.0195312 0.0205078
0 0.154078 0.428223 0.356934 0.0107422 0.0185547
0 0.154406 0.226074 0.811035 0.0478516 0.0400391
0 0.155867 0.250488 0.118652 0.0361328 0.0517578
0 0.155949 0.804199 0.675781 0.0283203 0.0292969
0 0.157435 0.622559 0.966797 0.0263672 0.0625
0 0.158112 0.169434 0.894531 0.0380859 0.0527344
0 0.158793 0.230957 0.0625 0.0263672 0.0371094
0 0.160425 0.570801 0.799805 0.0126953 0.0195312
0 0.160932 0.200195 0.368652 0.0410156 0.0576172
0 0.162108 0.334473 0.135742 0.0224609 0.0351562
0 0.163127 0.723145 0.465332 0.0322266 0.0537109
0 0.163607 0.528809 0.657227 0.0185547 0.0332031
0 0.166332 0.604492 0.0170898 0.0449219 0.0341797
0 0.166869 0.826172 0.927734 0.0332031 0.03125
0 0.166885 0.222656 0.230469 0.0351562 0.046875
0 0.166949 0.219727 0.119141 0.0351562 0.0351562
0 0.16889 0.566895 0.0600586 0.0322266 0.0458984
0 0.169972 0.630859 0.117676 0.0292969 0.0244141
0 0.171994 0.611816 0.366699 0.0283203 0.0263672
0 0.174141 0.36084 0.204102 0.0322266 0.0488281
0 0.174468 0.430664 0.0996094 0.0292969 0.0351562
0 0.175588 0.405273 0.206055 0.0273438 0.0332031
0 0.176048 0.308105 0.240234 0.0302734 0.0371094
0 0.176471 0.53125 0.00927734 0.03125 0.0185547
0 0.176584 0.656738 0.193848 0.0302734 0.0419922
0 0.177354 0.896484 0.357422 0.0859375 0.0683594
0 0.178399 0.547363 0.941406 0.0107422 0.0214844
0 0.178569 0.241211 0.145996 0.0507812 0.0478516
0 0.179358 0.334961 0.632324 0.0546875 0.0576172
0 0.179622 0.51709 0.355957 0.12207 0.0830078
0 0.181588 0.081543 0.630859 0.0322266 0.0390625
0 0.183415 0.307617 0.563477 0.0292969 0.03125
0 0.1846 0.158203 0.230469 0.0253906 0.0273438
0 0.184644 0.569824 0.281738 0.0458984 0.0419922
0 0.184988 0.268066 0.39209 0.0341797 0.0537109
0 0.185217 0.543457 0.589355 0.0361328 0.0400391
0 0.18709 0.558594 0.393066 0.0351562 0.0458984
0 0.188125 0.832031 0.862793 0.0332031 0.0439453
0 0.189997 0.290527 0.674316 0.0322266 0.0400391
0 0.19055 0.158691 0.0654297 0.0263672 0.0390625
0 0.191143 0.550781 0.131348 0.0214844 0.0224609
0 0.191562 0.776367 0.279785 0.0195312 0.0341797
0 0.192027 0.790039 0.869629 0.0449219 0.0556641
0 0.19378 0.138184 0.233887 0.0576172 0.0556641
0 0.194187 0.70459 0.0263672 0.0263672 0.0410156
0 0.196861 0.342773 0.0107422 0.0390625 0.0195312
0 0.197652 0.467285 0.549316 0.0166016 0.0205078
0 0.198164 0.44043 0.0932617 0.0351562 0.0419922
0 0.200894 0.64502 0.0131836 0.0361328 0.0263672
0 0.202331 0.240723 0.692871 0.0419922 0.0458984
0 0.202401 0.165527 0.015625 0.0712891 0.03125
0 0.203706 0.681152 0.832031 0.0263672 0.0351562
0 0.204252 0.123535 0.142578 0.0556641 0.0605469
0 0.204273 0.276367 0.166016 0.0195312 0.0390625
0 0.205144 0.206543 0.751953 0.0263672 0.0332031
0 0.207224 0.692871 0.0263672 0.0458984 0.046875
0 0.207259 0.183105 0.210449 0.0146484 0.0341797
0 0.20791 0.21875 0.166016 0.0527344 0.0449219
0 0.208235 0.203613 0.15625 0.0263672 0.0351562
0 0.20998 0.493652 0.524902 0.0263672 0.0244141
0 0.209997 0.464355 0.258789 0.0146484 0.0234375
0 0.210019 0.671387 0.784668 0.0263672 0.0302734
0 0.211779 0.191406 0.334473 0.0175781 0.0380859
0 0.215719 0.525391 0.801758 0.00976562 0.015625
0 0.218149 0.312988 0.384766 0.0283203 0.0761719
0 0.218679 0.0800781 0.265137 0.0429688 0.0830078
0 0.22017 0.429688 0.432617 0.0234375 0.0332031
0 0.220593 0.444824 0.731934 0.0185547 0.0361328
0 0.221066 0.164551 0.638672 0.0341797 0.0507812
0 0.221135 0.183105 0.09375 0.0205078 0.0351562
0 0.223369 0.54248 0.202148 0.0498047 0.0625
0 0.223851 0.604004 0.851562 0.0185547 0.0253906
0 0.224791 0.78125 0.289062 0.0273438 0.046875
0 0.226781 0.678711 0.92627 0.0253906 0.0322266
0 0.228794 0.396484 0.516602 0.0371094 0.0410156
0 0.230119 0.0795898 0.230957 0.0419922 0.0712891
0 0.231018 0.69043 0.935059 0.0488281 0.0439453
0 0.233206 0.288086 0.135742 0.015625 0.0273438
0 0.234412 0.652832 0.295898 0.0185547 0.03125
0 0.236222 0.429199 0.144043 0.0185547 0.0166016
0 0.236337 0.638184 0.789551 0.0107422 0.0166016
0 0.236409 0.586426 0.814941 0.0380859 0.0419922
0 0.236948 0.417969 0.564453 0.0175781 0.03125
0 0.238348 0.563965 0.614746 0.0205078 0.0244141
0 0.239759 0.322754 0.364746 0.0224609 0.0341797
0 0.239961 0.208496 0.0610352 0.0419922 0.0439453
0 0.240166 0.143066 0.265137 0.0556641 0.0986328
0 0.242819 0.0708008 0.63916 0.0478516 0.0458984
0 0.24509 0.31543 0.619141 0.0917969 0.0957031
0 0.246265 0.601074 0.879395 0.0224609 0.0224609
0 0.247405 0.259277 0.136719 0.0322266 0.0507812
0 0.249081 0.208008 0.369141 0.0273438 0.0390625
0 0.249539 0.29541 0.30957 0.0205078 0.0273438
0 0.250145 0.267578 0.52832 0.0371094 0.0332031
0 0.250917 0.610352 0.165527 0.0546875 0.0849609
0 0.256322 0.118164 0.64209 0.0332031 0.0400391
0 0.256603 0.184082 0.749512 0.0556641 0.0380859
0 0.262493 0.620117 0.981934 0.0234375 0.0322266
0 0.263515 0.328613 0.484863 0.0166016 0.0185547
0 0.265733 0.416992 0.0390625 0.0371094 0.0410156
0 0.265804 0.496582 0.850586 0.0107422 0.0195312
0 0.268889 0.600586 0.577148 0.0292969 0.03125
0 0.268892 0.304688 0.0126953 0.0273438 0.0253906
0 0.26935 0.364746 0.196289 0.0185547 0.0449219
0 0.270202 0.573242 0.95166 0.00976562 0.0224609
0 0.272362 0.568848 0.185547 0.0283203 0.0332031
0 0.274151 0.462402 0.794434 0.0205078 0.0283203
0 0.274638 0.34082 0.0214844 0.0351562 0.0429688
0 0.275565 0.529297 0.965332 0.03125 0.0595703
0 0.277176 0.687988 0.833984 0.0556641 0.0410156
0 0.279935 0.292969 0.0107422 0.03125 0.0136719
0 0.284755 0.800293 0.143066 0.0458984 0.0458984
0 0.287305 0.410645 0.344238 0.0107422 0.0126953
0 0.288806 0.625977 0.937012 0.0332031 0.0498047
0 0.289342 0.59668 0.182617 0.0253906 0.0644531
0 0.289429 0.544434 0.817383 0.0146484 0.0195312
0 0.289983 0.445801 0.0844727 0.0244141 0.0263672
0 0.291373 0.234375 0.806641 0.0292969 0.0273438
0 0.291455 0.609375 0.356934 0.0332031 0.0517578
0 0.297224 0.736328 0.932617 0.0136719 0.0195312
0 0.299036 0.670898 0.928223 0.0332031 0.0439453
0 0.299714 0.678223 0.290527 0.0146484 0.0185547
0 0.301334 0.677734 0.199707 0.0253906 0.0283203
0 0.304242 0.751465 0.164551 0.0302734 0.0517578
0 0.304927 0.400879 0.26123 0.0341797 0.0634766
0 0.305406 0.795898 0.312012 0.046875 0.0498047
0 0.309 0.404297 0.870117 0.0527344 0.0683594
0 0.312077 0.628906 0.855957 0.0195312 0.0400391
0 0.313452 0.377441 0.131836 0.0361328 0.0292969
0 0.315665 0.478027 0.293945 0.0205078 0.0234375
0 0.316771 0.344238 0.0776367 0.0263672 0.0341797
0 0.31723 0.179199 0.133301 0.0263672 0.0322266
0 0.319123 0.422363 0.107422 0.0283203 0.046875
0 0.319609 0.23584 0.160156 0.0341797 0.0332031
0 0.321247 0.272949 0.0742188 0.0146484 0.0332031
0 0.325812 0.413574 0.09375 0.0244141 0.0449219
0 0.326198 0.769531 0.34375 0.0351562 0.0449219
0 0.328723 0.766113 0.249023 0.0458984 0.0292969
0 0.33026 0.154297 0.338867 0.0371094 0.0566406
0 0.335588 0.234375 0.110352 0.0429688 0.0449219
0 0.335678 0.438965 0.283203 0.0263672 0.0546875
0 0.336189 0.745117 0.194824 0.0292969 0.0400391
0 0.348012 0.20459 0.696777 0.0341797 0.0458984
0 0.349549 0.70459 0.939453 0.0283203 0.0449219
0 0.358352 0.354492 0.231445 0.046875 0.0820312
0 0.359761 0.282715 0.00878906 0.0244141 0.0175781
0 0.36034 0.844727 0.786133 0.0371094 0.0605469
0 0.362388 0.336426 0.233887 0.0615234 0.0634766
0 0.363314 0.583008 0.0742188 0.0390625 0.0507812
0 0.366048 0.312012 0.740234 0.0341797 0.0449219
0 0.377932 0.334473 0.0771484 0.0478516 0.0410156
0 0.380938 0.70752 0.818848 0.0517578 0.0537109
0 0.383719 0.749023 0.98584 0.0371094 0.0283203
0 0.384006 0.388184 0.134277 0.0205078 0.0263672
0 0.38447 0.636719 0.183105 0.0390625 0.0458984
0 0.38924 0.729492 0.726562 0.0214844 0.0429688
0 0.397092 0.671387 0.202637 0.0380859 0.0458984
0 0.397315 0.798828 0.405273 0.0488281 0.0390625
0 0.40312 0.689941 0.251465 0.0341797 0.0361328
0 0.406885 0.70752 0.348633 0.0380859 0.0429688
0 0.412462 0.788574 0.819824 0.0263672 0.0341797
0 0.421939 0.748047 0.855957 0.0234375 0.0380859
0 0.424116 0.150391 0.287598 0.0449219 0.0673828
0 0.428555 0.435059 0.182129 0.0380859 0.0380859
0 0.429301 0.367676 0.128418 0.0244141 0.0322266
0 0.436458 0.297363 0.103516 0.0244141 0.0371094
0 0.448945 0.506348 0.148438 0.0322266 0.03125
0 0.457613 0.477539 0.183594 0.0371094 0.0507812
0 0.457672 0.408691 0.0830078 0.0185547 0.0273438
0 0.45807 0.280762 0.224121 0.0263672 0.0498047
0 0.45947 0.313965 0.230469 0.0380859 0.0585938
0 0.462022 0.660645 0.842285 0.0361328 0.0634766
0 0.469277 0.518555 0.0664062 0.0410156 0.0488281
0 0.473137 0.656738 0.35791 0.0380859 0.0615234
0 0.487744 0.320801 0.0678711 0.0361328 0.0556641
0 0.488987 0.212891 0.190918 0.0390625 0.0380859
0 0.510205 0.240234 0.233398 0.0566406 0.0605469
0 0.516065 0.616211 0.303711 0.0273438 0.0234375
0 0.519011 0.717285 0.280762 0.0380859 0.0244141
0 0.530317 0.483887 0.11377 0.0302734 0.0361328
0 0.536935 0.806152 0.0844727 0.0556641 0.0517578
0 0.5392 0.378418 0.0742188 0.0185547 0.0410156
0 0.558011 0.304199 0.148438 0.0166016 0.0214844
0 0.559371 0.782715 0.730469 0.0576172 0.0410156
0 0.607512 0.727051 0.406738 0.0361328 0.0439453
