0 0.101509 0.620117 0.687012 0.0253906 0.0361328
0 0.102972 0.221191 0.366211 0.0380859 0.0585938
0 0.105508 0.668457 0.208984 0.0361328 0.0253906
0 0.105581 0.65625 0.164062 0.0371094 0.046875
0 0.107354 0.205078 0.558594 0.0273438 0.0332031
0 0.109022 0.192383 0.544922 0.0234375 0.0351562
0 0.109162 0.219238 0.36084 0.0205078 0.0361328
0 0.112271 0.186523 0.206543 0.0351562 0.0615234
0 0.112285 0.138672 0.431641 0.0195312 0.0253906
0 0.115037 0.524902 0.179199 0.0263672 0.0302734
0 0.116335 0.185547 0.204102 0.0195312 0.0332031
0 0.116954 0.359863 0.0703125 0.0595703 0.0898438
0 0.118108 0.453613 0.0756836 0.0224609 0.0341797
0 0.118132 0.464844 0.399414 0.0117188 0.0273438
0 0.118679 0.679199 0.326172 0.0166016 0.0195312
0 0.118768 0.333496 0.0405273 0.0810547 0.0751953
0 0.119855 0.328613 0.165527 0.0361328 0.0458984
0 0.120982 0.63916 0.165039 0.0419922 0.0527344
0 0.124202 0.335938 0.100098 0.0683594 0.0439453
0 0.127478 0.236328 0.283691 0.0332031 0.0302734
0 0.128786 0.23291 0.17627 0.0966797 0.0693359
0 0.132804 0.153809 0.379395 0.0439453 0.0517578
0 0.133074 0.699707 0.640137 0.0361328 0.0498047
0 0.133411 0.601074 0.648926 0.0126953 0.0166016
0 0.134671 0.0947266 0.566406 0.0410156 0.046875
0 0.13489 0.448242 0.165527 0.015625 0.0341797
0 0.136202 0.460938 0.0390625 0.0527344 0.0410156
0 0.138159 0.378418 0.185547 0.0439453 0.0527344
0 0.142049 0.482422 0.194824 0.03125 0.0458984
0 0.14222 0.204102 0.144043 0.0351562 0.0380859
0 0.142681 0.0649414 0.372559 0.0419922 0.0595703
0 0.160041 0.787598 0.747559 0.0283203 0.0478516
0 0.16342 0.114258 0.313965 0.0546875 0.0634766
0 0.171725 0.183105 0.533203 0.0126953 0.0234375
0 0.171924 0.394043 0.168945 0.0263672 0.0351562
0 0.177595 0.289551 0.635742 0.0283203 0.0449219
0 0.183794 0.928223 0.248535 0.0927734 0.0556641
0 0.18858 0.147461 0.619141 0.0195312 0.0390625
0 0.194329 0.333984 0.0654297 0.105469 0.111328
0 0.196464 0.104004 0.572266 0.0263672 0.0371094
0 0.205842 0.207031 0.164062 0.0429688 0.0761719
0 0.211675 0.400391 0.416504 0.0195312 0.0244141
0 0.211912 0.384277 0.46582 0.0244141 0.0195312
0 0.212825 0.272949 0.308105 0.0244141 0.0205078
0 0.214125 0.298828 0.383301 0.0546875 0.0869141
0 0.215533 0.768555 0.0234375 0.0605469 0.046875
0 0.219222 0.68457 0.211426 0.0585938 0.0478516
0 0.224201 0.312012 0.0991211 0.0537109 0.0537109
0 0.226654 0.305664 0.260742 0.0488281 0.0488281
0 0.229612 0.19043 0.186035 0.03125 0.0615234
0 0.231949 0.482422 0.111328 0.0175781 0.0234375
0 0.232463 0.741211 0.0854492 0.0664062 0.0634766
0 0.246652 0.256836 0.181152 0.0449219 0.0556641
0 0.259165 0.399902 0.0678711 0.0224609 0.0458984
0 0.259278 0.458984 0.118164 0.0195312 0.0292969
0 0.270287 0.356934 0.0932617 0.0458984 0.0458984
0 0.273747 0.363281 0.196289 0.0429688 0.0488281
0 0.283112 0.178223 0.239258 0.0537109 0.0449219
0 0.284023 0.215332 0.480957 0.0283203 0.0458984
0 0.288214 0.314941 0.189453 0.0380859 0.0722656
0 0.292693 0.456543 0.169434 0.0263672 0.0341797
0 0.297154 0.631348 0.0830078 0.0283203 0.0332031
0 0.299953 0.398438 0.112793 0.03125 0.0419922
0 0.306847 0.395508 0.0834961 0.03125 0.0732422
0 0.334576 0.135742 0.293945 0.0351562 0.0351562
0 0.363903 0.258301 0.0678711 0.0849609 0.135742
0 0.389779 0.128906 0.161621 0.0976562 0.0927734
0 0.401282 0.145508 0.579102 0.046875 0.0585938
0 0.485141 0.415039 0.220703 0.0273438 0.0351562
0 0.534077 0.452637 0.0864258 0.0205078 0.0283203
