0 0.10026 0.387695 0.37793 0.0429688 0.0371094
0 0.101133 0.566406 0.143555 0.0351562 0.0371094
0 0.10386 0.367676 0.436035 0.0166016 0.0166016
0 0.104278 0.532227 0.277344 0.03125 0.0566406
0 0.109278 0.762207 0.181152 0.0146484 0.0205078
0 0.114435 0.267578 0.269043 0.0136719 0.0224609
0 0.117237 0.29248 0.964355 0.0576172 0.0654297
0 0.118048 0.435059 0.211426 0.0126953 0.0224609
0 0.119249 0.487305 0.20166 0.0117188 0.0146484
0 0.126379 0.4375 0.17041 0.0371094 0.0419922
0 0.132882 0.525879 0.296387 0.0224609 0.0205078
0 0.135228 0.353027 0.970215 0.0400391 0.0556641
0 0.135585 0.509766 0.135742 0.0253906 0.0195312
0 0.136939 0.45459 0.34668 0.0146484 0.0273438
0 0.138649 0.540527 0.266602 0.0380859 0.0449219
0 0.140128 0.328125 0.137695 0.0332031 0.0605469
0 0.147002 0.717773 0.411133 0.0234375 0.0195312
0 0.149648 0.40625 0.271973 0.0273438 0.0322266
0 0.164242 0.730957 0.111328 0.0166016 0.0253906
0 0.165584 0.370117 0.0444336 0.0214844 0.0244141
0 0.167601 0.78418 0.560059 0.0253906 0.0419922
0 0.19079 0.156738 0.356445 0.0263672 0.0273438
0 0.195866 0.416504 0.0195312 0.0263672 0.0371094
0 0.211235 0.30957 0.205078 0.0253906 0.0488281
0 0.226096 0.365723 0.159668 0.0302734 0.0439453
0 0.228342 0.39502 0.374512 0.0341797 0.0244141
0 0.251855 0.44873 0.0830078 0.0126953 0.0175781
0 0.306838 0.441895 0.263672 0.0146484 0.0292969
0 0.315387 0.469727 0.0258789 0.0273438 0.0341797
