0 0.100125 0.268066 0.21582 0.0244141 0.0351562
0 0.100606 0.230469 0.103027 0.0332031 0.0439453
0 0.102211 0.243164 0.234863 0.0234375 0.0263672
0 0.10227 0.0102539 0.159668 0.0205078 0.0810547
0 0.105313 0.252441 0.10498 0.0205078 0.0439453
0 0.106161 0.134766 0.191895 0.0566406 0.0556641
0 0.106163 0.0229492 0.379883 0.0419922 0.0644531
0 0.106743 0.322266 0.0444336 0.0566406 0.0888672
0 0.111723 0.481445 0.0537109 0.0546875 0.0839844
0 0.11192 0.330078 0.157715 0.03125 0.0517578
0 0.117893 0.683594 0.043457 0.101562 0.0830078
0 0.11907 0.244629 0.15918 0.0244141 0.0429688
0 0.120834 0.912598 0.256348 0.0322266 0.0361328
0 0.123811 0.456055 0.759277 0.0351562 0.0634766
0 0.125085 0.246582 0.501953 0.0224609 0.0371094
0 0.128 0.155273 0.344727 0.0351562 0.0625
0 0.132309 0.0834961 0.0351562 0.0634766 0.0664062
0 0.133481 0.286621 0.266602 0.0419922 0.0429688
0 0.133804 0.530273 0.0893555 0.0625 0.0947266
0 0.134864 0.162109 0.186523 0.0449219 0.0585938
0 0.138382 0.111816 0.190918 0.0693359 0.0556641
0 0.140454 0.337402 0.0463867 0.0322266 0.0810547
0 0.141767 0.590332 0.019043 0.0771484 0.0361328
0 0.144838 0.70752 0.643066 0.0322266 0.0458984
0 0.145276 0.0253906 0.533203 0.046875 0.0605469
0 0.159002 0.222656 0.114746 0.0351562 0.0537109
0 0.160402 0.165527 0.0673828 0.0478516 0.0429688
0 0.161718 0.377441 0.470215 0.0361328 0.0478516
0 0.165823 0.571777 0.907715 0.0341797 0.0556641
0 0.16772 0.22168 0.0283203 0.0566406 0.0527344
0 0.168827 0.503906 0.895508 0.0273438 0.0390625
0 0.171967 0.09375 0.112793 0.0683594 0.0654297
0 0.173491 0.139648 0.543945 0.0292969 0.0566406
0 0.174086 0.197754 0.230469 0.0537109 0.0371094
0 0.187148 0.0366211 0.193848 0.0478516 0.0751953
0 0.191152 0.322754 0.554688 0.00878906 0.015625
0 0.215094 0.195801 0.298828 0.0556641 0.0683594
0 0.218661 0.314453 0.0776367 0.0351562 0.0478516
0 0.219223 0.210938 0.0795898 0.0214844 0.0400391
0 0.227668 0.142578 0.0302734 0.0527344 0.0507812
0 0.23882 0.380859 0.0283203 0.0253906 0.0351562
0 0.240599 0.460449 0.0566406 0.0400391 0.0566406
0 0.274078 0.0844727 0.193359 0.0498047 0.0605469
0 0.310077 0.105957 0.259277 0.0283203 0.0380859
0 0.326506 0.421387 0.0654297 0.0419922 0.0390625
0 0.354679 0.277344 0.043457 0.03125 0.0576172
