0 0.100515 0.293457 0.315918 0.0283203 0.0419922
0 0.100959 0.23877 0.393066 0.0341797 0.0341797
0 0.106325 0.328125 0.311523 0.0175781 0.0273438
0 0.110812 0.191406 0.445801 0.0234375 0.0439453
0 0.111602 0.622559 0.327637 0.0166016 0.0166016
0 0.112152 0.748535 0.5 0.0126953 0.0273438
0 0.113409 0.235352 0.166016 0.03125 0.0351562
0 0.113622 0.137207 0.328125 0.0341797 0.0449219
0 0.116472 0.210449 0.366211 0.0224609 0.046875
0 0.116826 0.145996 0.320312 0.0205078 0.0390625
0 0.118683 0.65625 0.0268555 0.0253906 0.0400391
0 0.118912 0.23584 0.62793 0.0361328 0.0410156
0 0.119877 0.248047 0.597168 0.03125 0.0458984
0 0.121496 0.116699 0.143555 0.0537109 0.0507812
0 0.12432 0.28418 0.251465 0.0117188 0.0185547
0 0.125341 0.394531 0.213379 0.0449219 0.0576172
0 0.125614 0.0161133 0.162598 0.0283203 0.0634766
0 0.129087 0.141113 0.124512 0.102539 0.0849609
0 0.129576 0.118164 0.0742188 0.0585938 0.0546875
0 0.132432 0.707031 0.0805664 0.03125 0.0380859
0 0.13388 0.190918 0.382324 0.0419922 0.0498047
0 0.134056 0.14502 0.610352 0.0380859 0.0605469
0 0.134358 0.242676 0.614746 0.0400391 0.0595703
0 0.138098 0.272949 0.477051 0.0263672 0.0283203
0 0.142288 0.780762 0.5 0.0244141 0.0273438
0 0.143634 0.120117 0.015625 0.0429688 0.03125
0 0.144454 0.476562 0.343262 0.0214844 0.0244141
0 0.146517 0.678223 0.146973 0.0185547 0.0595703
0 0.15015 0.32666 0.143066 0.0302734 0.0205078
0 0.150292 0.235352 0.66748 0.0214844 0.0283203
0 0.154065 0.373535 0.291992 0.0146484 0.0175781
0 0.157254 0.0893555 0.329102 0.0380859 0.046875
0 0.165668 0.811035 0.569824 0.0322266 0.0400391
0 0.170572 0.370117 0.0678711 0.0234375 0.0302734
0 0.177861 0.324707 0.293945 0.0380859 0.046875
0 0.181336 0.133301 0.373047 0.0185547 0.0273438
0 0.182254 0.319824 0.177246 0.0146484 0.0224609
0 0.183847 0.841309 0.292969 0.0263672 0.0273438
0 0.184561 0.243164 0.20459 0.0214844 0.0322266
0 0.18646 0.445801 0.345215 0.0322266 0.0458984
0 0.188421 0.335938 0.27832 0.0175781 0.0273438
0 0.188876 0.0483398 0.186523 0.0283203 0.0429688
0 0.197599 0.429199 0.550781 0.0205078 0.0292969
0 0.205508 0.234863 0.399414 0.0244141 0.0214844
0 0.21354 0.772949 0.0917969 0.0400391 0.0722656
0 0.215148 0.779297 0.348145 0.0175781 0.0185547
0 0.218883 0.30957 0.251953 0.0175781 0.0449219
0 0.22332 0.361328 0.258789 0.0175781 0.0214844
0 0.255057 0.82666 0.480957 0.0166016 0.0224609
0 0.257143 0.224121 0.305664 0.0205078 0.0234375
0 0.27426 0.628418 0.0961914 0.0185547 0.0283203
0 0.27621 0.154297 0.242676 0.0410156 0.0498047
0 0.279946 0.648926 0.27002 0.0126953 0.0146484
0 0.287601 0.216309 0.351562 0.0107422 0.0292969
0 0.300885 0.194336 0.290039 0.0234375 0.0488281
0 0.325419 0.120605 0.260254 0.0302734 0.0419922
0 0.327159 0.316895 0.0625 0.0654297 0.107422
0 0.344842 0.245117 0.254883 0.0214844 0.0292969
0 0.386654 0.400879 0.256836 0.0224609 0.0292969
0 0.409901 0.401367 0.30957 0.0214844 0.0253906
0 0.474953 0.273926 0.18457 0.0263672 0.0234375
