0 0.100706 0.685547 0.903809 0.0195312 0.0263672
0 0.10073 0.616699 0.350098 0.0244141 0.0244141
0 0.102364 0.658203 0.789062 0.0410156 0.03125
0 0.10437 0.348145 0.419922 0.0302734 0.0429688
0 0.107984 0.214355 0.760254 0.0361328 0.0439453
0 0.108744 0.796875 0.267578 0.0917969 0.0742188
0 0.111674 0.577637 0.0908203 0.0458984 0.0566406
0 0.112951 0.311035 0.411133 0.0361328 0.0351562
0 0.1143 0.163086 0.733398 0.0351562 0.0664062
0 0.118087 0.467285 0.921387 0.0166016 0.0341797
0 0.125577 0.15625 0.702637 0.0253906 0.0419922
0 0.13167 0.696289 0.0205078 0.0664062 0.0351562
0 0.137679 0.646973 0.0952148 0.0576172 0.0791016
0 0.143681 0.581055 0.230957 0.0625 0.0712891
0 0.146733 0.553223 0.353027 0.0166016 0.0224609
0 0.14993 0.586426 0.927246 0.0224609 0.0322266
0 0.153477 0.647949 0.327148 0.0341797 0.0351562
0 0.157488 0.546875 0.716309 0.015625 0.0224609
0 0.160333 0.643555 0.784668 0.0292969 0.0302734
0 0.16651 0.54541 0.133789 0.0439453 0.0527344
0 0.1696 0.0214844 0.620605 0.0410156 0.0712891
0 0.172727 0.442383 0.983398 0.0292969 0.03125
0 0.173386 0.527832 0.914551 0.0224609 0.0283203
0 0.177937 0.0683594 0.830566 0.0234375 0.0283203
0 0.179239 0.453613 0.932617 0.0322266 0.0410156
0 0.185966 0.366699 0.770996 0.0126953 0.0224609
0 0.18746 0.541016 0.961914 0.0117188 0.0214844
0 0.201689 0.412109 0.946777 0.0234375 0.0361328
0 0.205573 0.752441 0.102051 0.0322266 0.0400391
0 0.206483 0.233887 0.0400391 0.116211 0.0800781
0 0.207582 0.669434 0.96582 0.0302734 0.0351562
0 0.210911 0.671387 0.791992 0.0302734 0.0351562
0 0.221649 0.606934 0.775391 0.0244141 0.03125
0 0.241072 0.109375 0.793457 0.0214844 0.0439453
0 0.266608 0.694336 0.115234 0.0527344 0.0449219
0 0.270384 0.223633 0.793945 0.0292969 0.0332031
0 0.273949 0.592773 0.101562 0.0527344 0.0585938
0 0.287525 0.245117 0.848145 0.0507812 0.0419922
0 0.300829 0.782715 0.171387 0.0556641 0.0595703
0 0.307629 0.0161133 0.635742 0.0322266 0.0449219
0 0.308999 0.670898 0.0283203 0.0566406 0.0488281
0 0.317177 0.163086 0.683594 0.0371094 0.0742188
0 0.3593 0.122559 0.692383 0.0322266 0.0351562
0 0.391696 0.0639648 0.669922 0.0478516 0.0585938
0 0.482951 0.567383 0.843262 0.0351562 0.0517578
0 0.507833 0.198242 0.636719 0.0234375 0.0332031
