0 0.101965 0.105469 0.581543 0.0175781 0.0302734
0 0.104143 0.182617 0.356934 0.0195312 0.0205078
0 0.106415 0.451172 0.729004 0.0234375 0.0322266
0 0.10848 0.126953 0.286133 0.0214844 0.0292969
0 0.109701 0.059082 0.532227 0.0361328 0.0371094
0 0.112214 0.116699 0.757324 0.0205078 0.0244141
0 0.116432 0.078125 0.791992 0.0292969 0.0332031
0 0.120269 0.437988 0.0810547 0.0341797 0.03125
0 0.122629 0.171875 0.888672 0.03125 0.0527344
0 0.127455 0.171875 0.725586 0.0195312 0.0214844
0 0.129746 0.368652 0.0849609 0.0263672 0.0371094
0 0.133576 0.131348 0.09375 0.0537109 0.0449219
0 0.134635 0.107422 0.90918 0.0488281 0.046875
0 0.135057 0.460938 0.197754 0.0292969 0.0400391
0 0.142093 0.293945 0.842773 0.0351562 0.0507812
0 0.147299 0.123535 0.734375 0.0263672 0.0527344
0 0.147505 0.180176 0.677246 0.0263672 0.0322266
0 0.158821 0.194824 0.0986328 0.0439453 0.0546875
0 0.15899 0.359863 0.0688477 0.0380859 0.0439453
0 0.161191 0.518066 0.179688 0.0400391 0.0605469
0 0.161738 0.27002 0.104492 0.0498047 0.0625
0 0.16212 0.194824 0.302734 0.0146484 0.0195312
0 0.165095 0.155762 0.130371 0.0341797 0.0478516
0 0.169185 0.372559 0.45166 0.0146484 0.0166016
0 0.169202 0.341797 0.0507812 0.0546875 0.0527344
0 0.171854 0.44873 0.898438 0.0166016 0.0273438
0 0.174988 0.124023 0.719727 0.0234375 0.0292969
0 0.179425 0.461426 0.115723 0.0498047 0.0478516
0 0.191113 0.837402 0.242676 0.0244141 0.0283203
0 0.194533 0.212402 0.757812 0.0302734 0.0566406
0 0.19918 0.361816 0.0883789 0.0419922 0.0556641
0 0.201205 0.100098 0.339355 0.0146484 0.0205078
0 0.2034 0.118652 0.447754 0.0419922 0.0380859
0 0.204462 0.571289 0.19043 0.03125 0.0332031
0 0.212777 0.334473 0.919434 0.0205078 0.0439453
0 0.233807 0.043457 0.777832 0.0341797 0.0458984
0 0.241326 0.0551758 0.687988 0.0341797 0.0361328
0 0.253339 0.104004 0.413086 0.0224609 0.0371094
0 0.263544 0.21582 0.344727 0.0273438 0.03125
0 0.270688 0.359863 0.114258 0.0478516 0.0585938
0 0.278984 0.137207 0.379883 0.0244141 0.0253906
0 0.286042 0.386719 0.0444336 0.0214844 0.0283203
0 0.303177 0.367676 0.947266 0.0283203 0.0488281
0 0.312965 0.397461 0.4375 0.0195312 0.0351562
0 0.320058 0.148438 0.342285 0.0195312 0.0244141
0 0.351407 0.330566 0.0327148 0.0439453 0.0556641
0 0.355613 0.169434 0.257812 0.0380859 0.0390625
0 0.363708 0.0478516 0.951172 0.0390625 0.0351562
0 0.365278 0.192871 0.435547 0.0283203 0.0449219
0 0.380526 0.31543 0.0957031 0.0332031 0.0371094
0 0.497461 0.244629 0.416016 0.0263672 0.03125
0 0.522328 0.0639648 0.622559 0.0380859 0.0400391
