0 0.103301 0.603516 0.420898 0.0195312 0.0332031
0 0.109345 0.373535 0.219238 0.00878906 0.0185547
0 0.110316 0.435547 0.0283203 0.0234375 0.0292969
0 0.110347 0.222168 0.268066 0.0146484 0.0322266
0 0.111232 0.8125 0.559082 0.0371094 0.0458984
0 0.113118 0.29834 0.360352 0.0107422 0.0136719
0 0.114389 0.380859 0.185059 0.0117188 0.0283203
0 0.11468 0.863281 0.240234 0.015625 0.0195312
0 0.119047 0.922852 0.384277 0.0253906 0.0380859
0 0.1213 0.199707 0.341797 0.0263672 0.0410156
0 0.122826 0.166992 0.359375 0.046875 0.0566406
0 0.124193 0.192871 0.255371 0.0224609 0.0283203
0 0.134792 0.23291 0.34082 0.0205078 0.0371094
0 0.140064 0.414062 0.216797 0.0273438 0.0234375
0 0.146719 0.699707 0.312988 0.0166016 0.0205078
0 0.153803 0.349609 0.107422 0.0175781 0.0390625
0 0.155436 0.23291 0.225098 0.0166016 0.0302734
0 0.170486 0.119629 0.236816 0.0634766 0.0380859
0 0.217338 0.29248 0.106445 0.0205078 0.0214844
0 0.22054 0.0205078 0.278809 0.0332031 0.0283203
0 0.320092 0.165039 0.159668 0.0332031 0.0263672
0 0.325623 0.320801 0.0249023 0.0498047 0.0458984
0 0.348674 0.428711 0.0893555 0.03125 0.0283203
0 0.413799 0.321289 0.11377 0.0234375 0.0283203
0 0.449753 0.254395 0.0830078 0.0244141 0.0371094
0 0.550712 0.370605 0.0576172 0.0400391 0.0585938
