0 0.119282 0.118652 0.256836 0.0361328 0.0371094
0 0.120684 0.455566 0.541016 0.0322266 0.0527344
0 0.121243 0.59375 0.848633 0.015625 0.0273438
0 0.12372 0.230469 0.0698242 0.0195312 0.0322266
0 0.135902 0.187012 0.0263672 0.0146484 0.0390625
0 0.135941 0.161621 0.081543 0.0263672 0.0322266
0 0.138268 0.478516 0.145996 0.0332031 0.0458984
0 0.153391 0.445801 0.127441 0.0224609 0.0341797
0 0.157416 0.405762 0.202637 0.0185547 0.0263672
0 0.157507 0.440918 0.493652 0.0166016 0.0400391
0 0.160508 0.683594 0.0791016 0.0214844 0.0273438
0 0.165602 0.503418 0.615234 0.0263672 0.0546875
0 0.165673 0.266602 0.476562 0.0175781 0.0273438
0 0.1658 0.270508 0.51123 0.0273438 0.0380859
0 0.178985 0.369141 0.483887 0.0117188 0.0205078
0 0.181331 0.416504 0.146484 0.0185547 0.0195312
0 0.193439 0.181152 0.161133 0.0595703 0.0566406
0 0.204608 0.53418 0.0102539 0.0136719 0.0126953
0 0.211229 0.40918 0.501953 0.0195312 0.0332031
0 0.223512 0.16748 0.0932617 0.0302734 0.0478516
0 0.234373 0.314941 0.0727539 0.0146484 0.0400391
0 0.240108 0.173828 0.103516 0.0234375 0.0390625
0 0.32292 0.447266 0.487305 0.0292969 0.0507812
