0 0.102885 0.62793 0.0297852 0.0234375 0.0458984
0 0.104326 0.416016 0.558594 0.0488281 0.046875
0 0.113019 0.0380859 0.122559 0.0664062 0.0693359
0 0.121757 0.479492 0.416992 0.0175781 0.0390625
0 0.122555 0.580078 0.645996 0.0214844 0.0419922
0 0.134793 0.524414 0.29248 0.00976562 0.0166016
0 0.155053 0.348633 0.176758 0.0175781 0.0214844
0 0.161548 0.515137 0.44873 0.00683594 0.0263672
0 0.170712 0.45459 0.387695 0.0283203 0.0292969
0 0.187171 0.69873 0.39209 0.0263672 0.0380859
0 0.22819 0.355957 0.516602 0.0341797 0.0390625
0 0.359164 0.492188 0.523438 0.0390625 0.0292969
0 0.360396 0.757812 0.0136719 0.0429688 0.0273438
