0 0.10044 0.54834 0.586426 0.0166016 0.0283203
0 0.100865 0.512207 0.650391 0.0263672 0.0273438
0 0.101939 0.166992 0.358398 0.0429688 0.0585938
0 0.102513 0.668945 0.891602 0.0195312 0.0292969
0 0.102714 0.450684 0.492188 0.0244141 0.0234375
0 0.104701 0.461426 0.634766 0.0283203 0.0429688
0 0.105352 0.824219 0.854492 0.0253906 0.03125
0 0.10658 0.155273 0.254883 0.0488281 0.0703125
0 0.107883 0.473633 0.502441 0.0273438 0.0283203
0 0.108412 0.295898 0.59668 0.0253906 0.0234375
0 0.110322 0.338867 0.625488 0.0175781 0.0302734
0 0.114149 0.436035 0.885254 0.0126953 0.0205078
0 0.115678 0.840332 0.928711 0.0576172 0.0566406
0 0.116225 0.393555 0.0991211 0.0507812 0.0361328
0 0.116723 0.848145 0.797363 0.0283203 0.0419922
0 0.116793 0.76709 0.883301 0.0361328 0.0380859
0 0.120822 0.60791 0.713379 0.0263672 0.0380859
0 0.127484 0.365723 0.573242 0.0185547 0.0175781
0 0.127987 0.661621 0.0556641 0.0849609 0.0820312
0 0.13027 0.256348 0.635742 0.0322266 0.0507812
0 0.130425 0.447266 0.488281 0.015625 0.0175781
0 0.138162 0.524902 0.392578 0.0244141 0.0371094
0 0.138319 0.561523 0.740723 0.015625 0.0224609
0 0.138774 0.429688 0.571777 0.0175781 0.0244141
0 0.140543 0.415527 0.986328 0.0263672 0.0253906
0 0.142217 0.756836 0.780762 0.0546875 0.0419922
0 0.143139 0.499023 0.383789 0.0253906 0.03125
0 0.143813 0.316895 0.645996 0.0302734 0.0263672
0 0.145797 0.286621 0.302734 0.0302734 0.046875
0 0.15587 0.11084 0.339844 0.0419922 0.0566406
0 0.156592 0.140625 0.419434 0.0585938 0.0634766
0 0.158504 0.0693359 0.200195 0.0332031 0.0722656
0 0.16298 0.589844 0.940918 0.0273438 0.0458984
0 0.165083 0.431152 0.706543 0.0166016 0.0166016
0 0.166307 0.257324 0.311523 0.0185547 0.0273438
0 0.169489 0.662109 0.841797 0.0273438 0.0292969
0 0.17132 0.244141 0.166992 0.0371094 0.0644531
0 0.173 0.491211 0.015625 0.0390625 0.03125
0 0.17604 0.405273 0.45459 0.0175781 0.0263672
0 0.178086 0.55127 0.59375 0.0185547 0.0292969
0 0.180581 0.294922 0.368164 0.0253906 0.0429688
0 0.181132 0.592285 0.40918 0.0126953 0.0195312
0 0.184251 0.366211 0.347168 0.0703125 0.0576172
0 0.189464 0.543457 0.580566 0.0146484 0.0205078
0 0.191333 0.466309 0.711914 0.0107422 0.0195312
0 0.192413 0.574219 0.466797 0.0253906 0.0273438
0 0.19333 0.558105 0.647949 0.0146484 0.0263672
0 0.196398 0.411133 0.758301 0.0175781 0.0185547
0 0.196479 0.476074 0.561035 0.0126953 0.0205078
0 0.20028 0.502441 0.560059 0.0126953 0.0244141
0 0.200502 0.146484 0.86084 0.0390625 0.0263672
0 0.207357 0.228027 0.315918 0.0205078 0.0322266
0 0.214526 0.504883 0.733398 0.0253906 0.0234375
0 0.217749 0.425781 0.538086 0.0136719 0.0234375
0 0.218432 0.62207 0.77002 0.0273438 0.0224609
0 0.219242 0.256348 0.273926 0.0166016 0.0361328
0 0.223242 0.398926 0.534668 0.0126953 0.0224609
0 0.226348 0.0473633 0.411133 0.0478516 0.0449219
0 0.226584 0.470215 0.567871 0.0244141 0.0263672
0 0.23705 0.458984 0.531738 0.015625 0.0205078
0 0.24919 0.456543 0.750977 0.0146484 0.0253906
0 0.249687 0.427734 0.428711 0.0234375 0.0273438
0 0.254672 0.465332 0.362793 0.0478516 0.0498047
0 0.305109 0.510742 0.590332 0.0195312 0.0185547
0 0.306969 0.397949 0.606934 0.0185547 0.0302734
0 0.307117 0.511719 0.38916 0.0449219 0.0400391
0 0.325347 0.472168 0.607422 0.0166016 0.0175781
0 0.327195 0.521484 0.654297 0.0371094 0.0371094
0 0.342001 0.399902 0.419922 0.0185547 0.0292969
