0 0.107649 0.299316 0.0102539 0.0361328 0.0126953
0 0.111489 0.528809 0.23291 0.0205078 0.0166016
0 0.112764 0.939453 0.241211 0.0195312 0.0253906
0 0.113297 0.753418 0.396973 0.0244141 0.0224609
0 0.114478 0.401367 0.214355 0.00976562 0.0166016
0 0.115696 0.54248 0.200684 0.0205078 0.0185547
0 0.116733 0.476562 0.273926 0.0078125 0.0185547
0 0.118943 0.40332 0.186523 0.015625 0.0273438
0 0.121709 0.787109 0.364258 0.0117188 0.0214844
0 0.123483 0.551758 0.662109 0.015625 0.0273438
0 0.128801 0.695801 0.404297 0.0166016 0.0175781
0 0.134226 0.350098 0.238281 0.0107422 0.015625
0 0.134961 0.497559 0.177246 0.0185547 0.0224609
0 0.135074 0.46582 0.0112305 0.0253906 0.0224609
0 0.142715 0.421875 0.254883 0.00976562 0.0195312
0 0.154828 0.39502 0.268066 0.0107422 0.0185547
0 0.158922 0.504883 0.38916 0.0136719 0.0126953
0 0.16462 0.367188 0.28418 0.0175781 0.0390625
0 0.166719 0.258789 0.248047 0.0214844 0.015625
0 0.168132 0.765625 0.727539 0.00976562 0.0214844
0 0.184824 0.635254 0.375 0.0146484 0.0234375
0 0.19542 0.583008 0.25 0.0273438 0.0292969
0 0.222632 0.452637 0.258301 0.0166016 0.0205078
0 0.223432 0.702148 0.662598 0.0195312 0.0224609
0 0.23772 0.401367 0.176758 0.0234375 0.0410156
0 0.269936 0.500977 0.305176 0.0136719 0.0166016
0 0.406926 0.291992 0.191406 0.0332031 0.0371094
