0 0.101273 0.433594 0.330078 0.0136719 0.0214844
0 0.105555 0.369141 0.149902 0.0136719 0.0400391
0 0.106462 0.908691 0.480957 0.0283203 0.0537109
0 0.109155 0.312012 0.046875 0.0244141 0.046875
0 0.10923 0.806152 0.0488281 0.0126953 0.0214844
0 0.11009 0.315918 0.410156 0.0126953 0.0195312
0 0.116847 0.790039 0.0595703 0.0136719 0.0332031
0 0.120449 0.552246 0.0483398 0.0166016 0.0263672
0 0.124816 0.47168 0.32959 0.0136719 0.0126953
0 0.125237 0.589355 0.21875 0.0166016 0.0351562
0 0.128118 0.96875 0.350098 0.0585938 0.0537109
0 0.13882 0.479004 0.0654297 0.0205078 0.0390625
0 0.143177 0.547852 0.868652 0.0332031 0.0439453
0 0.145448 0.626953 0.616699 0.0195312 0.0205078
0 0.146825 0.633789 0.0688477 0.0195312 0.0283203
0 0.150632 0.428223 0.0600586 0.0361328 0.0439453
0 0.153634 0.636719 0.513184 0.0234375 0.0263672
0 0.15847 0.615723 0.0180664 0.0126953 0.0205078
0 0.159503 0.587891 0.108398 0.0175781 0.0273438
0 0.160831 0.0454102 0.300293 0.0244141 0.0302734
0 0.164033 0.803711 0.756348 0.0683594 0.0869141
0 0.174274 0.404297 0.841309 0.0253906 0.0205078
0 0.176079 0.492188 0.229004 0.0527344 0.0537109
0 0.192105 0.53125 0.0332031 0.015625 0.0410156
0 0.196921 0.34668 0.22168 0.015625 0.03125
0 0.198012 0.46875 0.0205078 0.0429688 0.0371094
0 0.211542 0.629883 0.14502 0.0371094 0.0458984
0 0.211747 0.616699 0.192383 0.0146484 0.0292969
0 0.213402 0.0854492 0.570312 0.0166016 0.0214844
0 0.227215 0.337891 0.154785 0.0234375 0.0341797
0 0.235986 0.518555 0.13916 0.0175781 0.0693359
0 0.23961 0.967285 0.90918 0.0380859 0.0429688
0 0.24488 0.482422 0.149414 0.0214844 0.0351562
0 0.25164 0.558105 0.989746 0.0185547 0.0205078
0 0.262907 0.70752 0.181152 0.0439453 0.0498047
0 0.298692 0.586426 0.265625 0.0205078 0.0390625
0 0.30208 0.325195 0.291016 0.0175781 0.0371094
0 0.308884 0.743652 0.0664062 0.0322266 0.0390625
0 0.337912 0.40332 0.0317383 0.0351562 0.0537109
0 0.375572 0.527344 0.341797 0.015625 0.0234375
0 0.37653 0.248047 0.0493164 0.0351562 0.0498047
0 0.416767 0.312012 0.458008 0.0400391 0.03125
0 0.418567 0.40332 0.148438 0.015625 0.0332031
0 0.485462 0.390137 0.36377 0.0400391 0.0400391
0 0.489947 0.320801 0.0585938 0.0419922 0.0664062
0 0.497653 0.709961 0.459961 0.0488281 0.0390625
0 0.569028 0.220703 0.157715 0.0332031 0.0322266
0 0.648752 0.552246 0.158691 0.0283203 0.0419922
