0 0.100473 0.449219 0.717773 0.0195312 0.0332031
0 0.130171 0.354492 0.437988 0.0273438 0.0419922
0 0.141402 0.492676 0.974609 0.0185547 0.0253906
0 0.163343 0.284668 0.45459 0.0146484 0.0244141
0 0.164071 0.27002 0.166504 0.0263672 0.0458984
0 0.172005 0.249023 0.0576172 0.0898438 0.115234
0 0.202987 0.810547 0.782227 0.0839844 0.0722656
0 0.212538 0.32666 0.122559 0.0654297 0.0712891
0 0.274546 0.244629 0.40625 0.0341797 0.0449219
0 0.297249 0.312988 0.113281 0.0400391 0.0488281
0 0.3322 0.297852 0.249023 0.0429688 0.0996094
