0 0.101672 0.910156 0.106934 0.0449219 0.0458984
0 0.102122 0.983887 0.0878906 0.0283203 0.03125
0 0.104762 0.208984 0.381348 0.03125 0.0263672
0 0.105148 0.452637 0.449707 0.0146484 0.0263672
0 0.114632 0.783203 0.303711 0.0273438 0.0410156
0 0.114843 0.722656 0.254883 0.0175781 0.0175781
0 0.122227 0.430176 0.396973 0.00878906 0.0126953
0 0.123297 0.336426 0.191895 0.0302734 0.0302734
0 0.126287 0.882324 0.221191 0.0380859 0.0556641
0 0.127418 0.245117 0.137695 0.0136719 0.0195312
0 0.135212 0.455078 0.393066 0.015625 0.0205078
0 0.136836 0.400391 0.217773 0.015625 0.0332031
0 0.140997 0.692871 0.34375 0.0185547 0.0234375
0 0.143212 0.302734 0.394531 0.0234375 0.0234375
0 0.144055 0.32373 0.244141 0.0224609 0.0292969
0 0.144654 0.574707 0.563477 0.0126953 0.0175781
0 0.144748 0.806152 0.194336 0.0498047 0.0527344
0 0.150773 0.233398 0.276367 0.0234375 0.0214844
0 0.154252 0.880371 0.0649414 0.0283203 0.0419922
0 0.168797 0.205566 0.331543 0.0458984 0.0439453
0 0.170627 0.34668 0.347656 0.0390625 0.0292969
0 0.1748 0.152344 0.326172 0.0195312 0.0273438
0 0.18853 0.416016 0.0366211 0.0488281 0.0712891
0 0.193047 0.17334 0.218262 0.0400391 0.0478516
0 0.194106 0.337891 0.355957 0.0585938 0.0458984
0 0.222863 0.302734 0.171387 0.0253906 0.0263672
0 0.247146 0.755371 0.412598 0.0380859 0.0537109
0 0.251652 0.10791 0.0966797 0.0400391 0.03125
0 0.309813 0.322266 0.0180664 0.0292969 0.0361328
0 0.351712 0.133789 0.379395 0.0214844 0.0224609
0 0.445013 0.860352 0.295898 0.0371094 0.046875
0 0.448972 0.333496 0.241699 0.0400391 0.0322266
