0 0.10137 0.597168 0.881836 0.0556641 0.0527344
0 0.10211 0.796387 0.764648 0.0693359 0.0683594
0 0.107567 0.595703 0.388184 0.03125 0.0302734
0 0.108064 0.741211 0.365234 0.0273438 0.0410156
0 0.108173 0.0654297 0.0878906 0.130859 0.171875
0 0.110398 0.65918 0.29834 0.0273438 0.0302734
0 0.110808 0.611328 0.353516 0.046875 0.0371094
0 0.111931 0.236328 0.145508 0.0292969 0.0449219
0 0.112632 0.0375977 0.362305 0.0615234 0.0703125
0 0.11324 0.668945 0.35791 0.03125 0.0517578
0 0.113459 0.225586 0.503418 0.03125 0.0400391
0 0.115499 0.734863 0.60498 0.0380859 0.0419922
0 0.117045 0.0410156 0.338867 0.0800781 0.0800781
0 0.118063 0.799805 0.779297 0.0488281 0.0429688
0 0.121138 0.393066 0.377441 0.0341797 0.0302734
0 0.122465 0.584961 0.28125 0.0429688 0.0566406
0 0.123644 0.129883 0.279785 0.0410156 0.0341797
0 0.12447 0.89209 0.81543 0.0146484 0.0234375
0 0.12809 0.456055 0.146484 0.046875 0.0351562
0 0.135464 0.216309 0.986328 0.0283203 0.0273438
0 0.13622 0.399902 0.492188 0.0302734 0.0273438
0 0.137445 0.798828 0.734375 0.0644531 0.0527344
0 0.137817 0.255371 0.163086 0.0712891 0.0703125
0 0.137912 0.540039 0.377441 0.0292969 0.0361328
0 0.1407 0.17627 0.282227 0.0341797 0.0527344
0 0.144371 0.280762 0.354492 0.0322266 0.0371094
0 0.14984 0.514648 0.913086 0.0195312 0.0195312
0 0.150636 0.253906 0.289551 0.0253906 0.0361328
0 0.152814 0.509277 0.603516 0.0146484 0.0195312
0 0.153035 0.0600586 0.263184 0.0654297 0.0732422
0 0.154262 0.138672 0.203613 0.0371094 0.0791016
0 0.154527 0.369141 0.234375 0.0449219 0.0546875
0 0.154665 0.15625 0.135254 0.0488281 0.0498047
0 0.155653 0.429199 0.426758 0.0126953 0.0292969
0 0.157482 0.0820312 0.231934 0.0351562 0.0400391
0 0.164764 0.309082 0.302246 0.0263672 0.0302734
0 0.165038 0.0683594 0.283203 0.0390625 0.0410156
0 0.167066 0.29541 0.230469 0.0302734 0.0449219
0 0.170909 0.441895 0.459961 0.0185547 0.0234375
0 0.182082 0.401855 0.634277 0.0166016 0.0205078
0 0.190804 0.373535 0.591797 0.0244141 0.0214844
0 0.196808 0.0463867 0.237793 0.0478516 0.0537109
0 0.205387 0.559082 0.796875 0.0244141 0.0429688
0 0.208697 0.443359 0.154297 0.0566406 0.0488281
0 0.222367 0.402344 0.531738 0.0292969 0.0537109
0 0.223924 0.380859 0.873535 0.0136719 0.0224609
0 0.224673 0.432129 0.700195 0.0322266 0.0371094
0 0.225285 0.401367 0.486328 0.0234375 0.0195312
0 0.226113 0.259766 0.367676 0.0253906 0.0302734
0 0.231785 0.732422 0.962891 0.0527344 0.0644531
0 0.247076 0.139648 0.269043 0.0449219 0.0576172
0 0.250719 0.620605 0.69043 0.0224609 0.0234375
0 0.254565 0.851562 0.721191 0.0273438 0.0283203
0 0.25715 0.357422 0.647949 0.0195312 0.0185547
0 0.259373 0.397949 0.514648 0.0283203 0.046875
0 0.285042 0.0673828 0.234375 0.0625 0.0527344
0 0.285344 0.111816 0.790527 0.0576172 0.0439453
0 0.294152 0.26123 0.240234 0.0751953 0.0644531
0 0.303239 0.268555 0.362305 0.0410156 0.0410156
0 0.304725 0.778809 0.297363 0.0244141 0.0380859
0 0.309817 0.224609 0.369141 0.0332031 0.0605469
0 0.347638 0.111328 0.229004 0.0214844 0.0361328
0 0.358265 0.53125 0.708008 0.03125 0.03125
0 0.387308 0.778809 0.846191 0.0341797 0.0537109
0 0.409813 0.194824 0.436523 0.0439453 0.0546875
