0 0.10139 0.268066 0.424805 0.0126953 0.0175781
0 0.104029 0.352539 0.081543 0.0390625 0.0634766
0 0.107771 0.408203 0.0751953 0.0996094 0.117188
0 0.112904 0.239258 0.134277 0.0292969 0.0263672
0 0.113194 0.651367 0.226562 0.0136719 0.0175781
0 0.11714 0.0102539 0.356934 0.0185547 0.0205078
0 0.118909 0.0732422 0.68457 0.03125 0.0253906
0 0.119993 0.331543 0.529297 0.0361328 0.0507812
0 0.127276 0.375977 0.587891 0.015625 0.0195312
0 0.127898 0.118652 0.046875 0.0205078 0.0234375
0 0.136049 0.382812 0.512695 0.0234375 0.046875
0 0.138328 0.259277 0.327637 0.0224609 0.0322266
0 0.150087 0.539062 0.460938 0.0273438 0.0449219
0 0.154248 0.652344 0.294434 0.0507812 0.0810547
0 0.157052 0.305664 0.532227 0.0566406 0.046875
0 0.167828 0.810547 0.269043 0.0175781 0.0341797
0 0.170512 0.76123 0.0639648 0.0439453 0.0478516
0 0.189479 0.276855 0.0361328 0.0595703 0.0625
0 0.213313 0.71582 0.525391 0.0371094 0.0507812
0 0.21967 0.154785 0.196289 0.0419922 0.0449219
0 0.228374 0.357422 0.438477 0.0214844 0.0214844
0 0.250351 0.291504 0.532715 0.0244141 0.0283203
0 0.265364 0.272461 0.490234 0.0234375 0.0175781
0 0.273313 0.51123 0.310547 0.0478516 0.0585938
0 0.279581 0.286621 0.191406 0.0283203 0.0371094
0 0.324424 0.490234 0.378418 0.0332031 0.0439453
0 0.354244 0.924805 0.0419922 0.03125 0.0429688
0 0.354368 0.192383 0.269531 0.0507812 0.0683594
0 0.356912 0.111328 0.512207 0.0410156 0.0478516
0 0.35847 0.34082 0.793457 0.03125 0.0419922
0 0.379484 0.0742188 0.0566406 0.0292969 0.0332031
0 0.438319 0.197266 0.442871 0.046875 0.0478516
0 0.43955 0.012207 0.469238 0.0244141 0.0556641
0 0.580276 0.575195 0.26416 0.0449219 0.0595703
