0 0.101825 0.554688 0.531738 0.046875 0.0966797
0 0.103588 0.671875 0.783203 0.0410156 0.0644531
0 0.106227 0.233887 0.22168 0.0439453 0.0546875
0 0.107349 0.125488 0.681641 0.0517578 0.0878906
0 0.109165 0.668945 0.763672 0.0585938 0.103516
0 0.110882 0.812012 0.931152 0.0576172 0.0556641
0 0.119078 0.589355 0.880371 0.0224609 0.0341797
0 0.120938 0.40918 0.669922 0.0957031 0.0546875
0 0.126317 0.329102 0.6875 0.0136719 0.0253906
0 0.128663 0.649902 0.559082 0.0419922 0.0380859
0 0.13998 0.723633 0.441895 0.0546875 0.0419922
0 0.14776 0.387695 0.519043 0.0234375 0.0263672
0 0.150799 0.477051 0.536621 0.0439453 0.0380859
0 0.154356 0.380859 0.195312 0.0253906 0.0488281
0 0.174716 0.501465 0.431152 0.0322266 0.0400391
0 0.176686 0.493652 0.992188 0.0166016 0.0136719
0 0.189784 0.496582 0.591797 0.0263672 0.0390625
0 0.205077 0.519531 0.787598 0.0390625 0.0458984
0 0.207331 0.108887 0.822754 0.0380859 0.0498047
0 0.216809 0.567871 0.562012 0.0185547 0.0205078
0 0.285316 0.380859 0.353516 0.03125 0.0390625
0 0.291656 0.772461 0.870117 0.162109 0.158203
0 0.326911 0.409668 0.436523 0.0263672 0.0332031
0 0.354946 0.55127 0.920898 0.0185547 0.0273438
