0 0.101684 0.764648 0.134277 0.0332031 0.0244141
0 0.102562 0.63916 0.233398 0.0126953 0.0195312
0 0.104018 0.270996 0.86084 0.0263672 0.0322266
0 0.108827 0.585449 0.910645 0.0185547 0.0283203
0 0.109476 0.702148 0.140137 0.0175781 0.0166016
0 0.110279 0.88916 0.318848 0.0166016 0.0224609
0 0.115914 0.255859 0.397949 0.0332031 0.0302734
0 0.116759 0.311523 0.182617 0.0273438 0.0253906
0 0.116878 0.842773 0.353027 0.015625 0.0185547
0 0.117269 0.81543 0.258789 0.015625 0.03125
0 0.117424 0.333496 0.501465 0.0283203 0.0302734
0 0.119332 0.837402 0.432129 0.0126953 0.0146484
0 0.123538 0.755371 0.250977 0.0126953 0.0195312
0 0.1245 0.875977 0.353516 0.0214844 0.015625
0 0.125386 0.612305 0.276367 0.0273438 0.0214844
0 0.131627 0.628418 0.888184 0.0146484 0.0205078
0 0.134939 0.759766 0.209473 0.0253906 0.0283203
0 0.13921 0.635254 0.361816 0.0146484 0.0224609
0 0.141181 0.332031 0.302734 0.0175781 0.0195312
0 0.141463 0.527344 0.45166 0.015625 0.0224609
0 0.143874 0.195312 0.578125 0.0253906 0.0292969
0 0.145537 0.475098 0.317871 0.0322266 0.0400391
0 0.147669 0.943848 0.115234 0.0244141 0.0253906
0 0.149904 0.605957 0.98877 0.0361328 0.0224609
0 0.152425 0.369629 0.22998 0.0205078 0.0361328
0 0.153401 0.338379 0.551758 0.0166016 0.0351562
0 0.154357 0.854004 0.13623 0.0107422 0.0185547
0 0.15452 0.892578 0.290039 0.0214844 0.0273438
0 0.156062 0.293945 0.119141 0.0117188 0.0273438
0 0.15812 0.653809 0.891602 0.0166016 0.0273438
0 0.159472 0.480469 0.27002 0.03125 0.0380859
0 0.160527 0.27002 0.731934 0.0263672 0.0478516
0 0.160634 0.785156 0.266113 0.00976562 0.0244141
0 0.173965 0.898438 0.13916 0.0078125 0.0185547
0 0.174004 0.743164 0.151855 0.0136719 0.0224609
0 0.17778 0.626465 0.0942383 0.0166016 0.0166016
0 0.181491 0.612305 0.185547 0.015625 0.0175781
0 0.182577 0.376953 0.532715 0.0136719 0.0185547
0 0.184054 0.841797 0.224609 0.0234375 0.0253906
0 0.188201 0.917969 0.121094 0.0136719 0.0253906
0 0.191174 0.408203 0.291504 0.015625 0.0185547
0 0.194093 0.567383 0.364258 0.00976562 0.0175781
0 0.196857 0.85498 0.383789 0.0302734 0.0214844
0 0.198352 0.156738 0.301758 0.0322266 0.0371094
0 0.200179 0.224121 0.543457 0.0244141 0.0244141
0 0.220913 0.648926 0.128906 0.0166016 0.0273438
0 0.234565 0.23291 0.147461 0.0126953 0.0175781
0 0.235844 0.0874023 0.0263672 0.0419922 0.0292969
0 0.237845 0.598145 0.360352 0.0126953 0.015625
0 0.23849 0.492188 0.155762 0.0234375 0.0244141
0 0.250356 0.854492 0.319824 0.03125 0.0283203
0 0.257288 0.295898 0.0483398 0.0195312 0.0185547
0 0.260619 0.776367 0.165527 0.015625 0.0283203
0 0.262258 0.40332 0.177246 0.0175781 0.0224609
0 0.266693 0.823242 0.117676 0.0214844 0.0302734
0 0.273691 0.412109 0.622559 0.0253906 0.0341797
0 0.275733 0.442383 0.119629 0.015625 0.0146484
0 0.2818 0.334473 0.149414 0.0126953 0.0214844
0 0.285003 0.14209 0.292969 0.0205078 0.03125
0 0.291562 0.848633 0.268555 0.0273438 0.03125
0 0.335383 0.316406 0.11084 0.0195312 0.0400391
0 0.337067 0.480957 0.286133 0.0380859 0.0820312
0 0.346874 0.862793 0.0952148 0.0205078 0.0283203
0 0.348679 0.393066 0.105469 0.0224609 0.03125
0 0.349854 0.330078 0.415039 0.0273438 0.0253906
0 0.362308 0.29541 0.653809 0.0283203 0.0341797
0 0.370923 0.673828 0.355957 0.0214844 0.0302734
0 0.375585 0.364258 0.0566406 0.0273438 0.0371094
0 0.3819 0.485352 0.179688 0.0136719 0.0234375
0 0.390425 0.845215 0.191895 0.0302734 0.0400391
0 0.407783 0.165039 0.307129 0.0234375 0.0263672
0 0.644583 0.520508 0.271484 0.0351562 0.0488281
