0 0.10045 0.431152 0.417969 0.0126953 0.0175781
0 0.102046 0.381348 0.120605 0.0185547 0.0341797
0 0.103609 0.514648 0.452637 0.015625 0.0224609
0 0.104509 0.592285 0.377441 0.0126953 0.0146484
0 0.107485 0.302246 0.408203 0.0283203 0.0351562
0 0.10938 0.512207 0.433105 0.0166016 0.0244141
0 0.115418 0.436035 0.119141 0.0166016 0.0332031
0 0.117589 0.474609 0.0317383 0.0214844 0.0322266
0 0.125193 0.645996 0.577148 0.00683594 0.0078125
0 0.126864 0.5 0.0834961 0.015625 0.0205078
0 0.129402 0.733398 0.287598 0.0195312 0.0341797
0 0.131341 0.68457 0.374512 0.00976562 0.0205078
0 0.134081 0.551758 0.0498047 0.015625 0.0351562
0 0.161926 0.57959 0.409668 0.00878906 0.0205078
0 0.170705 0.658691 0.285645 0.0126953 0.0205078
0 0.171764 0.565918 0.376953 0.0146484 0.015625
0 0.175386 0.522461 0.0361328 0.0195312 0.0429688
0 0.181446 0.478027 0.4375 0.0107422 0.0214844
0 0.185567 0.745117 0.121094 0.0175781 0.0195312
0 0.188178 0.259766 0.249023 0.0175781 0.0195312
0 0.210099 0.633789 0.494141 0.015625 0.015625
0 0.220135 0.631836 0.430176 0.0136719 0.0146484
0 0.235602 0.505859 0.442383 0.0273438 0.03125
0 0.243422 0.570312 0.159668 0.0332031 0.0439453
0 0.271714 0.541504 0.535156 0.0166016 0.0253906
0 0.275005 0.76416 0.307129 0.0224609 0.0263672
0 0.306541 0.612305 0.441895 0.0136719 0.0185547
0 0.329448 0.702637 0.0874023 0.0205078 0.0263672
