0 0.10211 0.898438 0.763672 0.015625 0.0234375
0 0.104019 0.741211 0.987793 0.0234375 0.0205078
0 0.105443 0.248047 0.589355 0.0214844 0.0283203
0 0.105692 0.626953 0.164062 0.0214844 0.0195312
0 0.107004 0.349121 0.41748 0.0126953 0.0244141
0 0.107193 0.322266 0.413574 0.0195312 0.0263672
0 0.113876 0.304199 0.223145 0.0263672 0.0302734
0 0.114098 0.456543 0.473633 0.0126953 0.0253906
0 0.114443 0.078125 0.0249023 0.0410156 0.0478516
0 0.117132 0.379883 0.643066 0.03125 0.0341797
0 0.117853 0.258301 0.510742 0.0146484 0.0234375
0 0.119804 0.47168 0.746094 0.0195312 0.0175781
0 0.121043 0.189941 0.30957 0.0283203 0.0488281
0 0.122228 0.237793 0.220703 0.0419922 0.0566406
0 0.123159 0.343262 0.342773 0.0380859 0.0371094
0 0.12511 0.317383 0.504395 0.0195312 0.0380859
0 0.126076 0.456055 0.679199 0.015625 0.0224609
0 0.126661 0.144531 0.452637 0.0273438 0.0517578
0 0.127244 0.136719 0.406738 0.0332031 0.0439453
0 0.128575 0.29541 0.62793 0.0185547 0.03125
0 0.129648 0.728516 0.588379 0.0234375 0.0302734
0 0.129874 0.937012 0.821289 0.0439453 0.0429688
0 0.130333 0.623047 0.779785 0.0195312 0.0224609
0 0.131008 0.734375 0.779785 0.0253906 0.0244141
0 0.134562 0.612305 0.0561523 0.0371094 0.0595703
0 0.135328 0.452637 0.901367 0.0107422 0.0253906
0 0.140323 0.798828 0.905762 0.0292969 0.0341797
0 0.144088 0.439941 0.557617 0.0146484 0.0214844
0 0.146596 0.458984 0.398438 0.0214844 0.0351562
0 0.149475 0.818359 0.775391 0.03125 0.0371094
0 0.15057 0.368652 0.404785 0.0185547 0.0244141
0 0.150804 0.300781 0.489258 0.0292969 0.0410156
0 0.154481 0.13623 0.263672 0.0244141 0.0488281
0 0.156039 0.71875 0.45459 0.0175781 0.0341797
0 0.156752 0.280273 0.399902 0.0195312 0.0283203
0 0.157794 0.103027 0.433594 0.0478516 0.0410156
0 0.159156 0.469238 0.448242 0.0146484 0.0214844
0 0.160674 0.708496 0.809082 0.0146484 0.0263672
0 0.161653 0.418945 0.281738 0.0585938 0.0419922
0 0.164797 0.216797 0.488281 0.0273438 0.0449219
0 0.17164 0.483398 0.103516 0.0390625 0.0449219
0 0.174437 0.164062 0.583008 0.0351562 0.0410156
0 0.180328 0.560547 0.553711 0.0234375 0.03125
0 0.182032 0.473633 0.607422 0.0332031 0.0371094
0 0.182484 0.251465 0.106445 0.0556641 0.0488281
0 0.183085 0.172852 0.563965 0.0292969 0.0556641
0 0.190795 0.311523 0.515625 0.015625 0.0214844
0 0.194068 0.0986328 0.287598 0.0566406 0.0537109
0 0.20869 0.682617 0.791016 0.0253906 0.0214844
0 0.214669 0.330078 0.595703 0.0175781 0.0253906
0 0.222117 0.299805 0.564941 0.0234375 0.0263672
0 0.225583 0.768555 0.562012 0.0253906 0.0263672
0 0.239661 0.466309 0.751465 0.0283203 0.0263672
0 0.244646 0.185547 0.484375 0.0253906 0.0410156
0 0.254099 0.291992 0.455566 0.0175781 0.0244141
0 0.270986 0.177734 0.552246 0.0234375 0.0419922
0 0.279804 0.649902 0.958984 0.0224609 0.0253906
0 0.289326 0.79834 0.862305 0.0244141 0.0253906
0 0.308625 0.135254 0.545898 0.0263672 0.0410156
0 0.319333 0.26416 0.351074 0.0361328 0.0302734
0 0.376889 0.196289 0.230957 0.046875 0.0556641
0 0.398964 0.757812 0.626465 0.0214844 0.0283203
0 0.428002 0.810059 0.76709 0.0498047 0.0478516
0 0.434016 0.269531 0.219727 0.0273438 0.0429688
0 0.438071 0.255859 0.293457 0.0273438 0.0419922
