0 0.100345 0.736328 0.491699 0.0195312 0.0322266
0 0.102864 0.767578 0.462891 0.0175781 0.0292969
0 0.105104 0.687012 0.4375 0.0126953 0.0214844
0 0.106978 0.587402 0.616211 0.0263672 0.0332031
0 0.107956 0.567383 0.135742 0.0839844 0.105469
0 0.10922 0.70459 0.56543 0.0166016 0.03125
0 0.113773 0.932617 0.375488 0.0195312 0.0185547
0 0.117735 0.502441 0.378418 0.0244141 0.0419922
0 0.119187 0.500977 0.328613 0.015625 0.0146484
0 0.121207 0.609375 0.876953 0.0332031 0.0390625
0 0.122498 0.691406 0.338379 0.015625 0.0302734
0 0.124063 0.62793 0.137207 0.0234375 0.0419922
0 0.128839 0.796387 0.455078 0.0126953 0.0234375
0 0.13174 0.907715 0.658691 0.0341797 0.0380859
0 0.133849 0.744629 0.503906 0.0341797 0.046875
0 0.134074 0.737793 0.404297 0.0126953 0.0175781
0 0.143128 0.989258 0.502441 0.0214844 0.0517578
0 0.14438 0.625 0.314941 0.0292969 0.0478516
0 0.154561 0.894531 0.430176 0.0585938 0.0986328
0 0.154765 0.283203 0.733398 0.03125 0.0429688
0 0.160974 0.368164 0.625 0.03125 0.0644531
0 0.162893 0.883301 0.48877 0.0458984 0.0654297
0 0.166412 0.878906 0.504883 0.0390625 0.0429688
0 0.170446 0.888672 0.466797 0.0449219 0.0664062
0 0.172557 0.763184 0.492676 0.0205078 0.0244141
0 0.186685 0.27002 0.479492 0.0751953 0.0566406
0 0.186863 0.969238 0.444824 0.0419922 0.0400391
0 0.196137 0.924805 0.342285 0.0273438 0.0302734
0 0.200605 0.810547 0.491211 0.0332031 0.0429688
0 0.210899 0.735352 0.266602 0.0292969 0.0273438
0 0.223961 0.851074 0.431641 0.0205078 0.0253906
0 0.231878 0.525879 0.48291 0.0166016 0.0302734
0 0.256811 0.582031 0.611816 0.0195312 0.0244141
0 0.289292 0.657227 0.343262 0.0273438 0.0263672
0 0.345208 0.897949 0.400879 0.0556641 0.0576172
0 0.435954 0.713867 0.336426 0.0214844 0.0400391
0 0.485016 0.754395 0.34668 0.0322266 0.0488281
