0 0.100006 0.492188 0.608887 0.03125 0.0322266
0 0.100924 0.268066 0.0478516 0.0166016 0.0214844
0 0.105037 0.382812 0.180176 0.015625 0.0283203
0 0.105785 0.502441 0.261719 0.0224609 0.0253906
0 0.109234 0.596191 0.350098 0.0361328 0.0302734
0 0.112155 0.410645 0.0458984 0.0126953 0.0195312
0 0.114157 0.85791 0.179199 0.0322266 0.0322266
0 0.1147 0.143555 0.319824 0.0566406 0.0498047
0 0.117255 0.774902 0.498535 0.0244141 0.0439453
0 0.117475 0.401367 0.181641 0.0214844 0.0292969
0 0.131981 0.70166 0.182129 0.0205078 0.0283203
0 0.141677 0.435059 0.319336 0.0126953 0.0292969
0 0.147545 0.400879 0.141602 0.0302734 0.0390625
0 0.158736 0.520508 0.216309 0.0332031 0.0341797
0 0.188785 0.771973 0.208496 0.0244141 0.0400391
0 0.191252 0.656738 0.302734 0.0146484 0.0175781
0 0.191829 0.380371 0.354492 0.0322266 0.0214844
0 0.194435 0.12793 0.412109 0.0253906 0.0253906
0 0.23997 0.598633 0.348633 0.0234375 0.0195312
0 0.255488 0.195312 0.426758 0.0527344 0.0429688
0 0.281274 0.740234 0.487793 0.015625 0.0146484
0 0.296786 0.132324 0.365723 0.0263672 0.0244141
0 0.314131 0.773926 0.507324 0.0166016 0.0322266
0 0.367115 0.415527 0.23584 0.0185547 0.0341797
0 0.385088 0.70166 0.354492 0.0224609 0.0234375
0 0.387861 0.329102 0.0141602 0.0253906 0.0244141
