0 0.102578 0.192871 0.0708008 0.0322266 0.0439453
0 0.104249 0.324707 0.00878906 0.0185547 0.0175781
0 0.105902 0.116699 0.0268555 0.0830078 0.0498047
0 0.108893 0.255859 0.107422 0.0507812 0.0546875
0 0.110481 0.294922 0.0854492 0.015625 0.0224609
0 0.115108 0.32666 0.240234 0.0166016 0.0195312
0 0.117793 0.0854492 0.0229492 0.0947266 0.0458984
0 0.120273 0.326172 0.0976562 0.0214844 0.0351562
0 0.120772 0.362305 0.03125 0.0273438 0.0546875
0 0.121481 0.172852 0.205078 0.0253906 0.0273438
0 0.130537 0.275391 0.303223 0.0234375 0.0361328
0 0.13588 0.589844 0.00732422 0.0136719 0.0107422
0 0.14111 0.26416 0.0795898 0.0341797 0.0615234
0 0.14248 0.603516 0.419922 0.0175781 0.0253906
0 0.157705 0.625977 0.205566 0.0371094 0.0458984
0 0.173211 0.186523 0.12207 0.03125 0.0507812
0 0.183429 0.586426 0.129883 0.0244141 0.0449219
0 0.185671 0.348633 0.0742188 0.0117188 0.0234375
0 0.18673 0.0712891 0.177734 0.0449219 0.0351562
0 0.204371 0.137207 0.027832 0.0341797 0.0458984
0 0.249223 0.106934 0.372559 0.0322266 0.0283203
0 0.280665 0.231445 0.0600586 0.0234375 0.0458984
0 0.307463 0.323242 0.161133 0.0234375 0.0332031
0 0.313195 0.304199 0.179199 0.0205078 0.0341797
0 0.34017 0.768555 0.13623 0.0175781 0.0439453
0 0.340446 0.183594 0.0151367 0.0507812 0.0283203
0 0.346582 0.362305 0.154785 0.0332031 0.0439453
0 0.416744 0.265625 0.0180664 0.0253906 0.0322266
