0 0.100927 0.115723 0.674805 0.0478516 0.0566406
0 0.102095 0.230957 0.714844 0.0224609 0.0332031
0 0.104693 0.429688 0.0942383 0.0253906 0.0322266
0 0.105964 0.333496 0.0522461 0.0283203 0.0419922
0 0.106609 0.213379 0.35791 0.0205078 0.0322266
0 0.107155 0.796875 0.177734 0.0195312 0.0214844
0 0.108013 0.224609 0.583008 0.0136719 0.0273438
0 0.108406 0.335938 0.285645 0.0117188 0.0302734
0 0.111848 0.289062 0.554688 0.0253906 0.0292969
0 0.114114 0.0927734 0.438965 0.015625 0.0283203
0 0.115446 0.254883 0.432617 0.0175781 0.0410156
0 0.11559 0.171875 0.439941 0.0117188 0.0166016
0 0.118439 0.374023 0.456543 0.0117188 0.0283203
0 0.119292 0.208008 0.043457 0.0976562 0.0712891
0 0.120958 0.234375 0.534668 0.0234375 0.0244141
0 0.121424 0.251465 0.566895 0.0205078 0.0263672
0 0.121459 0.38623 0.540527 0.0263672 0.0478516
0 0.121579 0.859375 0.246582 0.0175781 0.0400391
0 0.124343 0.203613 0.61377 0.0166016 0.0302734
0 0.125559 0.847656 0.376465 0.0214844 0.0341797
0 0.12919 0.166992 0.701172 0.015625 0.0253906
0 0.132265 0.431641 0.027832 0.046875 0.0478516
0 0.133414 0.258301 0.353027 0.0185547 0.0283203
0 0.138866 0.158691 0.313477 0.0322266 0.0664062
0 0.138957 0.339844 0.40332 0.0195312 0.0292969
0 0.140407 0.214355 0.250488 0.0185547 0.0185547
0 0.141977 0.76416 0.368652 0.00878906 0.0107422
0 0.147513 0.199707 0.466309 0.0185547 0.0380859
0 0.148312 0.290039 0.605957 0.0292969 0.0400391
0 0.150177 0.356934 0.213867 0.00878906 0.0175781
0 0.151533 0.325195 0.21875 0.0214844 0.0332031
0 0.154633 0.168457 0.561035 0.0185547 0.0244141
0 0.154687 0.365723 0.0151367 0.0263672 0.0302734
0 0.155075 0.910645 0.353027 0.0322266 0.0498047
0 0.160502 0.228027 0.432129 0.0166016 0.0244141
0 0.171665 0.171875 0.546387 0.0253906 0.0380859
0 0.171788 0.316895 0.012207 0.0263672 0.0244141
0 0.172692 0.111816 0.60498 0.0224609 0.0341797
0 0.180086 0.249512 0.328125 0.0185547 0.0234375
0 0.181137 0.697754 0.400879 0.0205078 0.0205078
0 0.181399 0.315918 0.358398 0.0224609 0.0253906
0 0.185809 0.189453 0.375 0.0195312 0.0292969
0 0.187979 0.382812 0.323242 0.0195312 0.0195312
0 0.188583 0.244141 0.273926 0.03125 0.0380859
0 0.191878 0.376465 0.0366211 0.0322266 0.0595703
0 0.199391 0.285156 0.36084 0.0136719 0.0244141
0 0.199592 0.28418 0.11377 0.0546875 0.0927734
0 0.206797 0.254395 0.376465 0.0185547 0.0361328
0 0.219548 0.402832 0.425293 0.0244141 0.0400391
0 0.222447 0.116699 0.24707 0.0244141 0.0410156
0 0.233044 0.134277 0.682129 0.0458984 0.0517578
0 0.235239 0.165039 0.604004 0.0136719 0.0166016
0 0.246474 0.338379 0.494141 0.0224609 0.0214844
0 0.255349 0.79834 0.391602 0.0185547 0.0214844
0 0.267699 0.267578 0.421875 0.0234375 0.0429688
0 0.283495 0.103516 0.34082 0.0566406 0.0625
0 0.284569 0.443359 0.059082 0.0761719 0.108398
0 0.317677 0.1875 0.0581055 0.0625 0.0556641
0 0.338493 0.283203 0.467773 0.00976562 0.0253906
0 0.346013 0.327148 0.455566 0.015625 0.0322266
0 0.452455 0.307129 0.424805 0.0224609 0.046875
