0 0.100203 0.307129 0.330078 0.0185547 0.0195312
0 0.102689 0.193848 0.421387 0.0556641 0.0419922
0 0.10399 0.0996094 0.141113 0.046875 0.0458984
0 0.104564 0.57959 0.381836 0.0380859 0.0527344
0 0.106137 0.403809 0.227051 0.0126953 0.0185547
0 0.106784 0.197266 0.078125 0.015625 0.0234375
0 0.107901 0.40625 0.467773 0.0742188 0.0390625
0 0.109746 0.279297 0.0322266 0.046875 0.0566406
0 0.110657 0.309082 0.191406 0.0458984 0.0546875
0 0.110719 0.505859 0.111816 0.0214844 0.0302734
0 0.111386 0.408691 0.350586 0.0126953 0.0195312
0 0.112945 0.414551 0.15332 0.0205078 0.0253906
0 0.114058 0.395996 0.125 0.0166016 0.03125
0 0.122176 0.328613 0.200195 0.0263672 0.0332031
0 0.122763 0.382812 0.20459 0.0253906 0.0322266
0 0.122951 0.186523 0.16748 0.0234375 0.0283203
0 0.123219 0.402832 0.0961914 0.0146484 0.0224609
0 0.128778 0.382324 0.330566 0.0224609 0.0244141
0 0.129519 0.429199 0.0131836 0.0380859 0.0263672
0 0.131333 0.466309 0.218262 0.0185547 0.0205078
0 0.134323 0.415527 0.20459 0.0185547 0.0224609
0 0.135533 0.38623 0.263672 0.0107422 0.0234375
0 0.139269 0.297852 0.125 0.015625 0.0253906
0 0.143574 0.345215 0.278809 0.0263672 0.0302734
0 0.144413 0.711426 0.21582 0.0244141 0.0273438
0 0.148816 0.344727 0.0078125 0.0195312 0.015625
0 0.158082 0.147949 0.195312 0.0244141 0.0390625
0 0.17537 0.375488 0.281738 0.0185547 0.0263672
0 0.193141 0.572266 0.369629 0.0273438 0.0322266
0 0.197449 0.528809 0.296875 0.0244141 0.0410156
0 0.200545 0.244629 0.233887 0.0322266 0.0341797
0 0.200825 0.408203 0.261719 0.015625 0.0214844
0 0.205687 0.32373 0.305176 0.0146484 0.0244141
0 0.205734 0.37793 0.155762 0.0214844 0.0185547
0 0.209385 0.368652 0.38623 0.0224609 0.0244141
0 0.215118 0.258301 0.050293 0.0380859 0.0439453
0 0.217967 0.478516 0.0913086 0.015625 0.0322266
0 0.219345 0.641113 0.413574 0.0205078 0.0224609
0 0.222778 0.244141 0.0424805 0.0214844 0.0439453
0 0.222976 0.274414 0.329102 0.0175781 0.0253906
0 0.225813 0.337891 0.147461 0.0410156 0.046875
0 0.23276 0.0693359 0.236816 0.0371094 0.0341797
0 0.233625 0.366699 0.104004 0.0224609 0.0244141
0 0.279587 0.634766 0.304199 0.0195312 0.0224609
0 0.280334 0.260254 0.125 0.0322266 0.0390625
0 0.283038 0.443848 0.110352 0.0224609 0.03125
0 0.283076 0.415039 0.177246 0.015625 0.0224609
0 0.293973 0.368652 0.322266 0.0146484 0.0214844
0 0.298449 0.171875 0.0151367 0.0234375 0.0283203
0 0.305449 0.217773 0.17334 0.0234375 0.0244141
0 0.330488 0.282227 0.0107422 0.0429688 0.0214844
0 0.335364 0.469727 0.142578 0.0136719 0.0273438
0 0.371072 0.594238 0.400879 0.0166016 0.0185547
