0 0.100001 0.501953 0.687988 0.0253906 0.0224609
0 0.101711 0.313965 0.257812 0.0537109 0.0859375
0 0.101849 0.381836 0.137695 0.0136719 0.0292969
0 0.103976 0.472656 0.0146484 0.0234375 0.0292969
0 0.104197 0.507812 0.265137 0.0214844 0.0185547
0 0.104227 0.0566406 0.115234 0.0253906 0.0273438
0 0.104926 0.837891 0.331055 0.0683594 0.0605469
0 0.105503 0.556641 0.718262 0.0390625 0.0634766
0 0.105935 0.570312 0.027832 0.0507812 0.0498047
0 0.106099 0.240234 0.43457 0.0175781 0.0351562
0 0.106361 0.278809 0.348633 0.0263672 0.0390625
0 0.107136 0.105469 0.0141602 0.0703125 0.0244141
0 0.108469 0.817871 0.321289 0.0478516 0.0605469
0 0.111645 0.839355 0.613281 0.0693359 0.0761719
0 0.111804 0.322266 0.0957031 0.0390625 0.0449219
0 0.112319 0.355469 0.0825195 0.0195312 0.0322266
0 0.112901 0.443848 0.0366211 0.0126953 0.0224609
0 0.114513 0.315918 0.162109 0.0224609 0.0332031
0 0.118509 0.493164 0.0834961 0.015625 0.0224609
0 0.123993 0.148926 0.00732422 0.0205078 0.0146484
0 0.124157 0.383301 0.291504 0.0224609 0.0263672
0 0.125885 0.802734 0.541016 0.0195312 0.0390625
0 0.126721 0.138672 0.159668 0.0410156 0.0400391
0 0.128522 0.378906 0.252441 0.0214844 0.0380859
0 0.128857 0.396484 0.244141 0.0253906 0.0449219
0 0.135232 0.261719 0.599609 0.0371094 0.0390625
0 0.135609 0.266602 0.0273438 0.0371094 0.0371094
0 0.139641 0.241211 0.102051 0.0234375 0.0341797
0 0.139865 0.663574 0.484375 0.0283203 0.0253906
0 0.143908 0.513672 0.0795898 0.0117188 0.0244141
0 0.146008 0.205566 0.209961 0.0244141 0.0332031
0 0.152079 0.304688 0.102539 0.0566406 0.0371094
0 0.152756 0.412109 0.115723 0.0117188 0.0205078
0 0.156388 0.388184 0.23291 0.0185547 0.0517578
0 0.158675 0.227051 0.164551 0.0224609 0.0283203
0 0.161632 0.372559 0.242188 0.0263672 0.0449219
0 0.163187 0.419922 0.248535 0.015625 0.0224609
0 0.164253 0.580566 0.0185547 0.0458984 0.0351562
0 0.166505 0.244629 0.200684 0.0146484 0.0322266
0 0.168043 0.841309 0.463379 0.0146484 0.0185547
0 0.170873 0.789062 0.397949 0.0292969 0.0244141
0 0.178018 0.333984 0.100586 0.0371094 0.0351562
0 0.180228 0.431641 0.352051 0.0351562 0.0498047
0 0.181671 0.242676 0.80957 0.0166016 0.0253906
0 0.184738 0.537109 0.0966797 0.015625 0.0332031
0 0.185143 0.613281 0.841309 0.015625 0.0244141
0 0.186896 0.1875 0.034668 0.0253906 0.0302734
0 0.190095 0.445801 0.190918 0.0283203 0.0302734
0 0.199818 0.431152 0.189453 0.0380859 0.03125
0 0.199896 0.279785 0.394043 0.0263672 0.0419922
0 0.206429 0.196289 0.195801 0.03125 0.0263672
0 0.218381 0.430664 0.342285 0.0273438 0.0283203
0 0.219885 0.404297 0.247559 0.015625 0.0322266
0 0.221563 0.273438 0.157227 0.0175781 0.0332031
0 0.222005 0.0976562 0.163574 0.0351562 0.0439453
0 0.224311 0.36377 0.0585938 0.0263672 0.0605469
0 0.225316 0.280273 0.0117188 0.0351562 0.0175781
0 0.227705 0.383301 0.240723 0.0341797 0.0576172
0 0.256789 0.293457 0.101562 0.0263672 0.03125
0 0.263225 0.267578 0.433594 0.015625 0.0253906
0 0.279808 0.261719 0.0185547 0.0683594 0.0351562
0 0.285974 0.42041 0.186523 0.0166016 0.03125
0 0.2865 0.107422 0.790527 0.0371094 0.0439453
0 0.29517 0.115234 0.10791 0.0214844 0.0283203
0 0.336135 0.492676 0.401367 0.0341797 0.03125
0 0.36889 0.172852 0.157715 0.0292969 0.0322266
0 0.373835 0.227539 0.105957 0.0253906 0.0263672
0 0.402901 0.392578 0.339355 0.0292969 0.0458984
0 0.406349 0.446777 0.0708008 0.0185547 0.0244141
0 0.471774 0.34375 0.421387 0.03125 0.0419922
0 0.516472 0.409668 0.0600586 0.0283203 0.0478516
0 0.519405 0.254883 0.140625 0.0195312 0.0332031
