0 0.100211 0.0576172 0.644531 0.0488281 0.0527344
0 0.101967 0.666992 0.506348 0.0546875 0.0712891
0 0.105889 0.416992 0.293945 0.0566406 0.0664062
0 0.106558 0.731445 0.651855 0.0195312 0.0224609
0 0.107036 0.683594 0.79248 0.0175781 0.0244141
0 0.108734 0.745605 0.976562 0.0283203 0.0390625
0 0.110729 0.722656 0.311523 0.0136719 0.0273438
0 0.111036 0.511719 0.382812 0.046875 0.0644531
0 0.113983 0.709473 0.987305 0.0224609 0.0195312
0 0.114364 0.442871 0.330078 0.124023 0.101562
0 0.114574 0.634766 0.842285 0.0136719 0.0224609
0 0.120894 0.655273 0.276855 0.0527344 0.0634766
0 0.125217 0.736816 0.411621 0.0537109 0.0771484
0 0.131994 0.885254 0.677734 0.0185547 0.0214844
0 0.13637 0.521484 0.362793 0.0625 0.0947266
0 0.137806 0.732422 0.441406 0.0410156 0.0605469
0 0.138048 0.467285 0.446777 0.0380859 0.0458984
0 0.140625 0.314941 0.888672 0.0283203 0.0390625
0 0.164185 0.472656 0.326172 0.0703125 0.0839844
0 0.174551 0.541992 0.104004 0.0253906 0.0439453
0 0.181788 0.67627 0.442383 0.0224609 0.0292969
0 0.189081 0.642578 0.563477 0.0273438 0.03125
0 0.190869 0.630859 0.987305 0.0136719 0.0214844
0 0.221156 0.842773 0.676758 0.0234375 0.0390625
0 0.231435 0.787109 0.716797 0.0234375 0.03125
0 0.255506 0.627441 0.621094 0.0126953 0.0234375
0 0.266652 0.300781 0.344238 0.0234375 0.0380859
0 0.314351 0.676758 0.614258 0.0117188 0.0234375
0 0.314934 0.838867 0.426758 0.0371094 0.0410156
0 0.391508 0.397949 0.366211 0.0458984 0.0449219
