0 0.100392 0.357422 0.991211 0.0234375 0.0175781
0 0.101197 0.557617 0.825195 0.015625 0.0175781
0 0.105399 0.160645 0.375 0.0244141 0.0332031
0 0.105873 0.115234 0.327148 0.0625 0.0800781
0 0.1071 0.543457 0.95166 0.0439453 0.0791016
0 0.10848 0.371094 0.864258 0.015625 0.015625
0 0.110339 0.334473 0.875 0.0126953 0.03125
0 0.110659 0.237305 0.725586 0.0332031 0.0527344
0 0.111538 0.486328 0.733398 0.0253906 0.0292969
0 0.111705 0.294434 0.834961 0.0263672 0.0332031
0 0.112382 0.280762 0.922852 0.00878906 0.0195312
0 0.112777 0.729492 0.831543 0.0507812 0.0791016
0 0.114008 0.199219 0.217285 0.0292969 0.0341797
0 0.119963 0.643066 0.090332 0.0361328 0.0849609
0 0.120566 0.383789 0.259766 0.0234375 0.0292969
0 0.126446 0.54834 0.981445 0.0263672 0.0371094
0 0.131125 0.378418 0.901367 0.0126953 0.0195312
0 0.1352 0.316406 0.916504 0.0234375 0.0263672
0 0.135464 0.65332 0.488281 0.03125 0.0585938
0 0.136111 0.743164 0.182617 0.0683594 0.0507812
0 0.145166 0.791992 0.863281 0.0292969 0.0234375
0 0.145687 0.356445 0.877441 0.00976562 0.0185547
0 0.146324 0.39502 0.316406 0.0673828 0.0410156
0 0.156803 0.0683594 0.737793 0.0566406 0.0673828
0 0.160241 0.67334 0.747559 0.0166016 0.0205078
0 0.162391 0.246094 0.527344 0.0898438 0.078125
0 0.172613 0.630859 0.654297 0.0292969 0.0644531
0 0.189167 0.615723 0.477539 0.0302734 0.0761719
0 0.207339 0.677734 0.821777 0.0839844 0.102539
0 0.219788 0.822266 0.680664 0.0410156 0.0410156
0 0.219985 0.34375 0.961426 0.0136719 0.0224609
0 0.221913 0.23584 0.566895 0.0283203 0.0400391
0 0.23444 0.79248 0.90332 0.0458984 0.0585938
0 0.239909 0.591797 0.749023 0.0351562 0.0332031
0 0.294363 0.632812 0.57666 0.0371094 0.0302734
0 0.299678 0.461426 0.771484 0.0791016 0.0351562
0 0.30389 0.924316 0.772949 0.0283203 0.0361328
0 0.304298 0.186523 0.843262 0.0292969 0.0322266
0 0.31545 0.416016 0.328125 0.0390625 0.0429688
0 0.363668 0.14502 0.746094 0.0341797 0.0507812
0 0.373128 0.321777 0.845215 0.0224609 0.0361328
0 0.373927 0.544922 0.677246 0.0234375 0.0205078
0 0.374165 0.746094 0.918945 0.046875 0.0390625
0 0.380856 0.0844727 0.788574 0.0458984 0.0556641
0 0.382833 0.307617 0.777344 0.0253906 0.0371094
0 0.392832 0.541016 0.938477 0.0351562 0.0390625
0 0.42519 0.231445 0.706055 0.0253906 0.0449219
0 0.442491 0.537109 0.771973 0.0273438 0.0400391
0 0.450654 0.333984 0.922852 0.0234375 0.0273438
0 0.459252 0.30957 0.914062 0.015625 0.0253906
0 0.463126 0.781738 0.753906 0.0556641 0.0742188
0 0.513854 0.38623 0.694336 0.0478516 0.0410156
0 0.581552 0.44043 0.84668 0.0273438 0.0351562
