0 0.100945 0.461914 0.180664 0.03125 0.0410156
0 0.107827 0.499512 0.0351562 0.0244141 0.0292969
0 0.110207 0.487305 0.188965 0.0214844 0.0302734
0 0.111549 0.901367 0.216309 0.0488281 0.0673828
0 0.111702 0.363281 0.32959 0.0371094 0.0439453
0 0.115065 0.719727 0.394531 0.0136719 0.0253906
0 0.118055 0.69873 0.290039 0.0146484 0.0195312
0 0.121939 0.942871 0.285156 0.0283203 0.03125
0 0.124844 0.384277 0.340332 0.0146484 0.0205078
0 0.124893 0.374512 0.144043 0.0146484 0.0283203
0 0.131969 0.212891 0.407715 0.046875 0.0458984
0 0.134196 0.711914 0.25293 0.015625 0.0234375
0 0.150799 0.229004 0.270996 0.0185547 0.0224609
0 0.155707 0.72168 0.182129 0.0390625 0.0517578
0 0.158178 0.834473 0.115723 0.0615234 0.0458984
0 0.15902 0.418945 0.374023 0.0136719 0.0253906
0 0.190598 0.481934 0.376465 0.0126953 0.0283203
0 0.195332 0.351562 0.470215 0.0429688 0.0400391
0 0.221437 0.347656 0.131348 0.0253906 0.0302734
0 0.241614 0.882324 0.111328 0.0361328 0.046875
0 0.242557 0.10498 0.257324 0.0380859 0.0556641
0 0.26026 0.387695 0.205566 0.0410156 0.0380859
0 0.261613 0.478516 0.184082 0.0410156 0.0400391
0 0.288203 0.485352 0.0854492 0.0332031 0.0458984
0 0.319994 0.35498 0.195801 0.0283203 0.0322266
0 0.354601 0.417969 0.179688 0.0253906 0.0351562
0 0.385026 0.429688 0.0786133 0.0390625 0.0361328
0 0.435522 0.463379 0.246094 0.0283203 0.0410156
