0 0.109239 0.765625 0.693359 0.015625 0.0292969
0 0.110956 0.219238 0.391113 0.0126953 0.0166016
0 0.112844 0.882324 0.346191 0.0302734 0.0498047
0 0.115623 0.674805 0.12207 0.0117188 0.0273438
0 0.126849 0.736816 0.316895 0.0224609 0.0302734
0 0.134844 0.318848 0.691406 0.0400391 0.0429688
0 0.139963 0.739746 0.176758 0.0185547 0.0195312
0 0.149915 0.645996 0.168945 0.0146484 0.015625
0 0.151975 0.278809 0.0117188 0.0185547 0.0214844
0 0.153464 0.801758 0.322754 0.0195312 0.0380859
0 0.161026 0.654785 0.0820312 0.0302734 0.0332031
0 0.16492 0.666504 0.154297 0.0224609 0.0214844
0 0.173592 0.722168 0.269531 0.0205078 0.0253906
0 0.189872 0.175293 0.403809 0.0283203 0.0224609
0 0.197175 0.64502 0.0859375 0.0263672 0.0332031
0 0.206715 0.604004 0.140625 0.0185547 0.0214844
0 0.226443 0.625977 0.144043 0.0136719 0.0205078
0 0.266325 0.774902 0.0605469 0.0224609 0.0390625
0 0.336171 0.641602 0.229492 0.0664062 0.0527344
0 0.449737 0.379395 0.0219727 0.0322266 0.0419922
