0 0.101164 0.986816 0.203613 0.0244141 0.0283203
0 0.102312 0.370117 0.0405273 0.0371094 0.0537109
0 0.102505 0.281738 0.190918 0.0556641 0.0576172
0 0.10465 0.268066 0.283203 0.0654297 0.0683594
0 0.106309 0.376465 0.227051 0.0302734 0.0302734
0 0.108756 0.668945 0.408691 0.0292969 0.0244141
0 0.109084 0.177246 0.323242 0.0361328 0.0351562
0 0.114856 0.672852 0.318848 0.0234375 0.0263672
0 0.126454 0.625977 0.251953 0.0136719 0.0332031
0 0.132939 0.34375 0.123535 0.0292969 0.0302734
0 0.150639 0.304688 0.0141602 0.0390625 0.0283203
0 0.15109 0.349121 0.25293 0.0166016 0.0292969
0 0.151344 0.288574 0.30957 0.0634766 0.0527344
0 0.163579 0.622559 0.143555 0.0283203 0.0390625
0 0.172309 0.0678711 0.23291 0.0576172 0.0654297
0 0.220245 0.613281 0.190918 0.0351562 0.0380859
0 0.231521 0.808105 0.0986328 0.0205078 0.0292969
0 0.361188 0.803711 0.16748 0.0488281 0.0400391
0 0.466592 0.810547 0.326172 0.0585938 0.0371094
