0 0.100428 0.550293 0.339844 0.0361328 0.0488281
0 0.101521 0.516113 0.400879 0.0146484 0.0283203
0 0.101552 0.496582 0.695801 0.0185547 0.0283203
0 0.102495 0.543457 0.397949 0.0224609 0.0341797
0 0.102515 0.423828 0.938965 0.0136719 0.0263672
0 0.104036 0.757324 0.485352 0.0283203 0.0253906
0 0.104183 0.746094 0.836426 0.0371094 0.0478516
0 0.105028 0.447754 0.946289 0.0185547 0.0195312
0 0.107744 0.393555 0.936035 0.015625 0.0205078
0 0.109138 0.398438 0.875977 0.0214844 0.0234375
0 0.109192 0.729492 0.584473 0.0234375 0.0302734
0 0.109497 0.262207 0.990234 0.0244141 0.0175781
0 0.123307 0.222656 0.516113 0.0292969 0.0498047
0 0.125053 0.493652 0.135742 0.0302734 0.0390625
0 0.1278 0.447754 0.696777 0.0244141 0.0361328
0 0.131039 0.887695 0.59375 0.0449219 0.0410156
0 0.133229 0.489746 0.77832 0.0302734 0.0625
0 0.133235 0.736328 0.782227 0.0175781 0.0273438
0 0.134908 0.334961 0.961914 0.0175781 0.0253906
0 0.137019 0.858398 0.572754 0.0390625 0.0478516
0 0.138282 0.587891 0.716797 0.0195312 0.0234375
0 0.14369 0.772949 0.35498 0.0478516 0.0458984
0 0.146603 0.367188 0.623047 0.0273438 0.0488281
0 0.151048 0.433594 0.722656 0.0527344 0.0527344
0 0.151194 0.544434 0.758301 0.0576172 0.0458984
0 0.152628 0.485352 0.812988 0.0273438 0.0693359
0 0.153519 0.719727 0.807129 0.0214844 0.0283203
0 0.154537 0.217773 0.182617 0.0410156 0.0507812
0 0.164057 0.708008 0.875488 0.0332031 0.0400391
0 0.175958 0.78418 0.810547 0.0351562 0.0410156
0 0.183825 0.489258 0.824707 0.015625 0.0263672
0 0.188695 0.414551 0.731445 0.0400391 0.0332031
0 0.191264 0.373047 0.900391 0.0234375 0.0214844
0 0.200836 0.790527 0.94043 0.0458984 0.0507812
0 0.207008 0.643555 0.777344 0.0644531 0.0546875
0 0.210099 0.922852 0.507812 0.0253906 0.0214844
0 0.225801 0.719727 0.819824 0.0292969 0.0537109
0 0.227073 0.430176 0.900391 0.0302734 0.046875
0 0.232603 0.732422 0.82959 0.0527344 0.0537109
0 0.253414 0.796875 0.56543 0.0449219 0.0546875
0 0.28091 0.492188 0.703613 0.0253906 0.0400391
0 0.282124 0.654785 0.893555 0.0263672 0.0332031
0 0.28223 0.445312 0.711914 0.03125 0.0625
0 0.283738 0.494141 0.769531 0.0214844 0.0390625
0 0.299558 0.615723 0.900879 0.0224609 0.0322266
0 0.303321 0.628418 0.76416 0.0439453 0.0478516
0 0.303509 0.57373 0.986328 0.0380859 0.0273438
0 0.305662 0.87207 0.584473 0.0644531 0.0634766
0 0.318471 0.759277 0.407227 0.0341797 0.0371094
0 0.347486 0.722168 0.738281 0.0380859 0.0371094
0 0.364624 0.637207 0.842285 0.0205078 0.0400391
0 0.451589 0.555176 0.904785 0.0341797 0.0439453
0 0.461694 0.584473 0.857422 0.0263672 0.0351562
0 0.537739 0.508789 0.966797 0.0546875 0.0585938
0 0.540045 0.736816 0.929688 0.0419922 0.0605469
