0 0.100055 0.214844 0.441895 0.0214844 0.0244141
0 0.10006 0.385742 0.134766 0.0566406 0.0761719
0 0.10051 0.630371 0.634277 0.0263672 0.0283203
0 0.10111 0.283691 0.0239258 0.0419922 0.0478516
0 0.1015 0.298828 0.880371 0.0214844 0.0263672
0 0.101681 0.823242 0.743652 0.0390625 0.0458984
0 0.102552 0.507812 0.983887 0.0351562 0.0322266
0 0.102841 0.108398 0.365723 0.0664062 0.0458984
0 0.103117 0.532227 0.495605 0.0195312 0.0263672
0 0.103318 0.689453 0.258789 0.0292969 0.0292969
0 0.1035 0.580078 0.476074 0.03125 0.0380859
0 0.103704 0.578125 0.103027 0.0117188 0.0263672
0 0.103902 0.255859 0.845703 0.0292969 0.0429688
0 0.104084 0.265137 0.804199 0.0283203 0.0302734
0 0.104996 0.70459 0.781738 0.0361328 0.0283203
0 0.105734 0.285645 0.399414 0.0322266 0.0585938
0 0.105921 0.195801 0.842285 0.0595703 0.124023
0 0.106275 0.686035 0.046875 0.0830078 0.0839844
0 0.106335 0.219238 0.408691 0.00878906 0.0224609
0 0.106642 0.382324 0.804688 0.0361328 0.0566406
0 0.106879 0.475098 0.442383 0.0185547 0.0332031
0 0.107053 0.662109 0.544922 0.0175781 0.0214844
0 0.107246 0.740234 0.467773 0.0175781 0.0332031
0 0.107861 0.389648 0.29834 0.0332031 0.0244141
0 0.108894 0.370117 0.0195312 0.0234375 0.0390625
0 0.109376 0.669434 0.270996 0.0361328 0.0419922
0 0.109651 0.383789 0.829102 0.0332031 0.0292969
0 0.109797 0.275391 0.606934 0.0195312 0.0205078
0 0.110853 0.292969 0.442871 0.0214844 0.0263672
0 0.111974 0.55957 0.0297852 0.0585938 0.0517578
0 0.112625 0.159668 0.220703 0.0439453 0.0585938
0 0.112852 0.770996 0.506348 0.0458984 0.0498047
0 0.11364 0.193848 0.130371 0.0302734 0.0498047
0 0.114264 0.605469 0.742188 0.0214844 0.0234375
0 0.114394 0.525391 0.739746 0.015625 0.0283203
0 0.115648 0.105469 0.176758 0.0488281 0.0351562
0 0.115866 0.448242 0.758301 0.0234375 0.0380859
0 0.116844 0.478516 0.165039 0.0488281 0.0292969
0 0.118093 0.555664 0.241699 0.0234375 0.0439453
0 0.118221 0.255371 0.0507812 0.0244141 0.0351562
0 0.118234 0.619629 0.501953 0.0205078 0.0332031
0 0.120983 0.301758 0.783691 0.0371094 0.0361328
0 0.121196 0.189453 0.77832 0.0234375 0.0214844
0 0.122056 0.695312 0.0722656 0.0332031 0.0332031
0 0.122983 0.599121 0.779297 0.0146484 0.0332031
0 0.123022 0.246582 0.179199 0.0224609 0.0537109
0 0.123806 0.599121 0.733398 0.0283203 0.0273438
0 0.123864 0.161621 0.491211 0.0302734 0.0351562
0 0.123874 0.133301 0.355469 0.0458984 0.0507812
0 0.123989 0.759277 0.213867 0.0400391 0.0546875
0 0.124976 0.470703 0.238281 0.0273438 0.0351562
0 0.12501 0.364746 0.135254 0.0380859 0.0732422
0 0.125902 0.273926 0.57959 0.0146484 0.0185547
0 0.125929 0.711914 0.393555 0.0292969 0.0253906
0 0.126088 0.206543 0.180664 0.0283203 0.0371094
0 0.126904 0.241699 0.498047 0.0224609 0.0292969
0 0.128259 0.123535 0.547363 0.0400391 0.0537109
0 0.128391 0.488281 0.242676 0.046875 0.0556641
0 0.129667 0.373535 0.158691 0.0302734 0.0517578
0 0.129779 0.714355 0.444336 0.0224609 0.0214844
0 0.129787 0.21875 0.0209961 0.0527344 0.0419922
0 0.13043 0.330078 0.885254 0.0136719 0.0341797
0 0.130751 0.729492 0.0947266 0.0175781 0.0214844
0 0.131198 0.789551 0.237793 0.0458984 0.0361328
0 0.131519 0.304688 0.334473 0.0234375 0.0322266
0 0.131674 0.23291 0.504395 0.0400391 0.0361328
0 0.134132 0.599121 0.819824 0.0146484 0.0166016
0 0.134415 0.310547 0.549316 0.0332031 0.0341797
0 0.134874 0.120117 0.368652 0.0390625 0.0341797
0 0.135428 0.641113 0.112305 0.0380859 0.0390625
0 0.135794 0.568848 0.511719 0.0185547 0.0292969
0 0.137866 0.76709 0.354004 0.0400391 0.0810547
0 0.138783 0.501465 0.266602 0.0302734 0.03125
0 0.139217 0.614258 0.236816 0.0195312 0.0361328
0 0.13933 0.385742 0.252441 0.0175781 0.0283203
0 0.140102 0.485352 0.280762 0.0527344 0.0517578
0 0.140216 0.358887 0.376953 0.0244141 0.0351562
0 0.140583 0.583008 0.562988 0.0195312 0.0263672
0 0.140698 0.123535 0.831543 0.0224609 0.0224609
0 0.140912 0.260742 0.470215 0.0273438 0.0341797
0 0.141073 0.502441 0.508301 0.0126953 0.0205078
0 0.141476 0.483887 0.911133 0.0283203 0.0527344
0 0.142981 0.564453 0.541504 0.00976562 0.0185547
0 0.143342 0.145996 0.29834 0.0283203 0.0341797
0 0.143605 0.656738 0.0371094 0.0673828 0.0644531
0 0.145757 0.637695 0.715332 0.015625 0.0244141
0 0.146501 0.76709 0.0576172 0.0576172 0.0546875
0 0.14709 0.0498047 0.122559 0.0351562 0.0439453
0 0.148351 0.491699 0.401367 0.0166016 0.03125
0 0.148771 0.673828 0.149414 0.0742188 0.0683594
0 0.149265 0.428223 0.22998 0.0263672 0.0244141
0 0.149409 0.639648 0.0185547 0.0390625 0.03125
0 0.149871 0.63916 0.903809 0.0478516 0.0654297
0 0.151183 0.577637 0.180664 0.0283203 0.0410156
0 0.151362 0.137207 0.164551 0.0322266 0.0419922
0 0.152256 0.259277 0.753906 0.0126953 0.0214844
0 0.152299 0.390625 0.561523 0.0175781 0.0175781
0 0.152391 0.259766 0.444824 0.015625 0.0322266
0 0.152754 0.243164 0.331543 0.0195312 0.0322266
0 0.153563 0.221191 0.129883 0.0166016 0.0351562
0 0.153831 0.352051 0.0332031 0.0615234 0.0605469
0 0.153886 0.378906 0.467285 0.0332031 0.0302734
0 0.154644 0.366211 0.82959 0.0292969 0.0302734
0 0.155584 0.34082 0.845215 0.015625 0.0263672
0 0.155768 0.147949 0.241211 0.0263672 0.046875
0 0.156149 0.224609 0.494141 0.046875 0.0507812
0 0.157387 0.201172 0.864258 0.046875 0.0664062
0 0.160767 0.727539 0.930176 0.0175781 0.0341797
0 0.161415 0.368164 0.232422 0.0175781 0.0371094
0 0.16443 0.385254 0.307617 0.0498047 0.046875
0 0.167148 0.495117 0.241699 0.0273438 0.0419922
0 0.167441 0.210449 0.467773 0.0263672 0.0253906
0 0.167677 0.728027 0.338867 0.0595703 0.0722656
0 0.167855 0.453125 0.23584 0.0390625 0.0302734
0 0.167894 0.488281 0.546875 0.0273438 0.0449219
0 0.167944 0.25 0.832031 0.0292969 0.0527344
0 0.168104 0.343262 0.473633 0.0244141 0.0332031
0 0.168129 0.296875 0.952148 0.015625 0.0273438
0 0.169232 0.683105 0.266113 0.0439453 0.0439453
0 0.169433 0.634766 0.791016 0.0195312 0.0253906
0 0.169777 0.356934 0.329102 0.0537109 0.0488281
0 0.170275 0.711426 0.382324 0.0341797 0.0458984
0 0.175949 0.536621 0.500488 0.0166016 0.0205078
0 0.17802 0.70459 0.015625 0.0458984 0.03125
0 0.180378 0.810547 0.416992 0.0703125 0.0449219
0 0.180759 0.147461 0.314941 0.0351562 0.0634766
0 0.181768 0.385254 0.614746 0.0185547 0.0224609
0 0.182443 0.110352 0.102539 0.046875 0.0644531
0 0.185483 0.54248 0.241699 0.0419922 0.0419922
0 0.185601 0.68457 0.0688477 0.0566406 0.0478516
0 0.18937 0.53418 0.246094 0.0273438 0.0292969
0 0.189921 0.393555 0.61084 0.0332031 0.0322266
0 0.191125 0.448242 0.905762 0.0117188 0.0322266
0 0.191754 0.663574 0.0644531 0.0322266 0.046875
0 0.192184 0.467285 0.439941 0.0322266 0.0458984
0 0.192274 0.125977 0.458984 0.0292969 0.03125
0 0.193406 0.245605 0.193848 0.0185547 0.0263672
0 0.194678 0.703613 0.366211 0.0517578 0.0429688
0 0.194989 0.366699 0.0332031 0.0263672 0.0566406
0 0.195953 0.429688 0.0996094 0.0234375 0.03125
0 0.196128 0.313965 0.428711 0.0224609 0.0234375
0 0.196212 0.332031 0.356934 0.0253906 0.0302734
0 0.200114 0.724121 0.718262 0.0341797 0.0537109
0 0.201627 0.273438 0.671387 0.0253906 0.0302734
0 0.201653 0.478516 0.302734 0.0351562 0.0273438
0 0.20276 0.694824 0.36377 0.0361328 0.0283203
0 0.206323 0.3125 0.42041 0.0371094 0.0439453
0 0.208367 0.366699 0.467285 0.0498047 0.0380859
0 0.208553 0.667969 0.163574 0.0527344 0.0498047
0 0.209479 0.472168 0.229492 0.0224609 0.0214844
0 0.211308 0.197754 0.117188 0.0419922 0.0644531
0 0.212314 0.446777 0.533691 0.0185547 0.0146484
0 0.212383 0.605957 0.76709 0.0126953 0.0302734
0 0.212958 0.421387 0.105957 0.0341797 0.0341797
0 0.214956 0.736816 0.15332 0.0400391 0.0332031
0 0.215574 0.0859375 0.177246 0.0683594 0.0478516
0 0.215793 0.712402 0.728027 0.0224609 0.0341797
0 0.216243 0.272949 0.0395508 0.0517578 0.0615234
0 0.216375 0.428223 0.466309 0.0244141 0.0302734
0 0.21834 0.869141 0.503418 0.0546875 0.0615234
0 0.221478 0.228516 0.0253906 0.121094 0.0507812
0 0.221794 0.635254 0.0336914 0.0517578 0.0634766
0 0.22366 0.556152 0.229004 0.0166016 0.0361328
0 0.224426 0.770508 0.440918 0.03125 0.0244141
0 0.228365 0.191406 0.0317383 0.0527344 0.0537109
0 0.228709 0.515137 0.53125 0.0126953 0.0234375
0 0.228837 0.332031 0.562012 0.0175781 0.0283203
0 0.231893 0.333496 0.743164 0.00878906 0.015625
0 0.231945 0.192383 0.881836 0.046875 0.0527344
0 0.23324 0.245117 0.925781 0.0175781 0.0292969
0 0.234655 0.620117 0.249512 0.03125 0.0458984
0 0.236969 0.0761719 0.830566 0.0351562 0.0498047
0 0.238368 0.19873 0.19043 0.0322266 0.0390625
0 0.239862 0.496582 0.259277 0.0361328 0.0537109
0 0.241226 0.419922 0.231934 0.0214844 0.0302734
0 0.241261 0.456543 0.0688477 0.0322266 0.0361328
0 0.241288 0.345215 0.841797 0.0283203 0.0351562
0 0.247326 0.572754 0.464355 0.0419922 0.0537109
0 0.247518 0.282715 0.0419922 0.0283203 0.046875
0 0.252257 0.591797 0.729004 0.0234375 0.0283203
0 0.254106 0.216797 0.483887 0.0234375 0.0478516
0 0.254617 0.572754 0.164062 0.0361328 0.0703125
0 0.256192 0.30127 0.544434 0.0224609 0.0322266
0 0.257059 0.577148 0.258301 0.0214844 0.0283203
0 0.257599 0.19043 0.263672 0.0332031 0.0566406
0 0.257938 0.587402 0.0722656 0.0576172 0.0566406
0 0.26124 0.684082 0.776367 0.0595703 0.0410156
0 0.261487 0.469238 0.570312 0.0224609 0.0253906
0 0.263599 0.668945 0.766113 0.0332031 0.0439453
0 0.266296 0.254883 0.819824 0.0292969 0.0400391
0 0.26644 0.259277 0.458496 0.0224609 0.0380859
0 0.270624 0.618164 0.442871 0.03125 0.0341797
0 0.272087 0.455566 0.98291 0.0244141 0.0341797
0 0.274064 0.14209 0.57666 0.0400391 0.0380859
0 0.275612 0.279785 0.661621 0.0302734 0.0595703
0 0.277238 0.780762 0.135254 0.0400391 0.0576172
0 0.278519 0.456543 0.564453 0.0302734 0.0253906
0 0.298191 0.426758 0.85498 0.0195312 0.0205078
0 0.300635 0.557129 0.0898438 0.0302734 0.0390625
0 0.300954 0.474609 0.344238 0.0273438 0.0283203
0 0.30136 0.47998 0.760742 0.0283203 0.0351562
0 0.304765 0.43457 0.703125 0.0214844 0.0351562
0 0.30519 0.576172 0.571289 0.0273438 0.0371094
0 0.305415 0.148438 0.338867 0.03125 0.0371094
0 0.305886 0.219727 0.980469 0.0371094 0.0390625
0 0.306153 0.407227 0.82959 0.0449219 0.0283203
0 0.307016 0.0864258 0.542969 0.0283203 0.0351562
0 0.307471 0.208984 0.728027 0.0507812 0.0498047
0 0.311303 0.596191 0.787598 0.0185547 0.0224609
0 0.311566 0.366699 0.365234 0.0400391 0.0566406
0 0.312123 0.409668 0.759277 0.0224609 0.0380859
0 0.319394 0.112305 0.794434 0.03125 0.0419922
0 0.327414 0.348145 0.322266 0.0341797 0.0332031
0 0.327937 0.639648 0.125 0.0488281 0.0527344
0 0.332927 0.445801 0.233887 0.0185547 0.0263672
0 0.33434 0.697754 0.0209961 0.0791016 0.0361328
0 0.335068 0.537109 0.558105 0.0214844 0.0302734
0 0.342678 0.143555 0.0224609 0.0507812 0.0410156
0 0.346967 0.32666 0.46582 0.0263672 0.0332031
0 0.34711 0.231934 0.074707 0.0322266 0.0419922
0 0.352895 0.404785 0.11377 0.0361328 0.0322266
0 0.355579 0.293945 0.370117 0.0175781 0.0292969
0 0.364609 0.378418 0.787109 0.0263672 0.03125
0 0.3937 0.126953 0.538086 0.0273438 0.0332031
0 0.39425 0.482422 0.693848 0.0351562 0.0361328
0 0.397757 0.415039 0.380859 0.0253906 0.0332031
0 0.398084 0.652344 0.496582 0.0195312 0.0263672
0 0.404778 0.564453 0.0473633 0.0800781 0.0947266
0 0.407564 0.697266 0.130371 0.0429688 0.0400391
0 0.411634 0.353027 0.833984 0.0322266 0.0371094
0 0.420515 0.30127 0.845703 0.0205078 0.0234375
0 0.425779 0.697266 0.821777 0.0253906 0.0322266
0 0.427527 0.733887 0.69873 0.0244141 0.0419922
0 0.429773 0.282227 0.407227 0.0214844 0.0351562
0 0.436664 0.408203 0.172852 0.0332031 0.0625
0 0.437952 0.397461 0.679688 0.015625 0.0214844
0 0.44092 0.597656 0.0839844 0.0332031 0.0292969
0 0.463556 0.333496 0.0380859 0.0458984 0.0585938
0 0.47431 0.806641 0.283691 0.0449219 0.0439453
0 0.487615 0.0947266 0.0834961 0.0566406 0.0732422
0 0.525682 0.17041 0.483887 0.0439453 0.0498047
0 0.534318 0.154297 0.0917969 0.0273438 0.0527344
0 0.544158 0.60791 0.192871 0.0322266 0.0419922
0 0.55405 0.361816 0.901367 0.0283203 0.0449219
0 0.557195 0.284668 0.790527 0.0341797 0.0537109
0 0.55752 0.555664 0.789062 0.0175781 0.03125
0 0.575585 0.0874023 0.354004 0.0498047 0.0595703
0 0.608302 0.567383 0.72168 0.0234375 0.0488281
