0 0.102879 0.661621 0.416016 0.0244141 0.0273438
0 0.1183 0.447266 0.452637 0.0136719 0.0185547
0 0.122129 0.632324 0.0878906 0.0322266 0.03125
0 0.125214 0.394531 0.700195 0.0351562 0.03125
0 0.135996 0.585938 0.630371 0.0292969 0.0439453
0 0.137243 0.527344 0.491699 0.0488281 0.0654297
0 0.16176 0.258789 0.128418 0.0449219 0.0380859
0 0.162204 0.325684 0.461426 0.0146484 0.0283203
0 0.16963 0.453125 0.758301 0.0371094 0.0361328
0 0.171488 0.26123 0.387695 0.0439453 0.0371094
0 0.177611 0.324219 0.285645 0.0292969 0.0322266
0 0.178499 0.630859 0.348633 0.00976562 0.0214844
0 0.208483 0.646973 0.262207 0.0205078 0.0361328
0 0.332053 0.537598 0.506836 0.0458984 0.0644531
0 0.335958 0.459473 0.441406 0.0400391 0.0390625
