0 0.100544 0.39502 0.548828 0.0146484 0.0253906
0 0.100684 0.872559 0.633301 0.0400391 0.0595703
0 0.102585 0.84375 0.661621 0.0332031 0.0615234
0 0.103521 0.666504 0.564453 0.0126953 0.0214844
0 0.103642 0.598145 0.867188 0.0205078 0.0292969
0 0.104074 0.264648 0.642578 0.0351562 0.0488281
0 0.104511 0.504395 0.140137 0.0146484 0.0302734
0 0.104632 0.610352 0.714355 0.0117188 0.0224609
0 0.10551 0.197754 0.252441 0.0537109 0.0654297
0 0.106018 0.592773 0.57959 0.0214844 0.0322266
0 0.107728 0.712402 0.860352 0.0244141 0.0664062
0 0.111197 0.831543 0.770996 0.0478516 0.0615234
0 0.112661 0.422363 0.614258 0.0185547 0.0292969
0 0.118243 0.42334 0.225586 0.0146484 0.0214844
0 0.119788 0.234375 0.34082 0.0214844 0.0292969
0 0.121497 0.588867 0.416992 0.015625 0.0136719
0 0.12346 0.1875 0.245605 0.0351562 0.0458984
0 0.124415 0.987793 0.469727 0.0224609 0.0371094
0 0.127185 0.741699 0.675781 0.0224609 0.0214844
0 0.128055 0.800781 0.251465 0.0253906 0.0263672
0 0.13079 0.360352 0.416992 0.0175781 0.03125
0 0.131081 0.598633 0.536133 0.015625 0.0195312
0 0.133189 0.198242 0.335938 0.0292969 0.0449219
0 0.13321 0.604004 0.489258 0.0107422 0.0214844
0 0.134857 0.520996 0.105469 0.0107422 0.0214844
0 0.138099 0.366699 0.276367 0.0146484 0.0234375
0 0.141371 0.857422 0.189453 0.0214844 0.0410156
0 0.141665 0.348145 0.0161133 0.0693359 0.0283203
0 0.147084 0.432129 0.34082 0.0146484 0.0390625
0 0.153163 0.715332 0.486816 0.0166016 0.0146484
0 0.160118 0.789551 0.594727 0.0126953 0.0136719
0 0.175825 0.84082 0.583496 0.0175781 0.0185547
0 0.181998 0.799805 0.37793 0.0390625 0.0605469
0 0.182001 0.629395 0.65625 0.0146484 0.0234375
0 0.191748 0.744629 0.499023 0.0107422 0.015625
0 0.191836 0.536621 0.175781 0.0146484 0.0175781
0 0.19285 0.433594 0.293457 0.0351562 0.0439453
0 0.1997 0.646484 0.711914 0.0195312 0.0214844
0 0.20188 0.807129 0.365723 0.0283203 0.0419922
0 0.208289 0.709961 0.735352 0.0195312 0.0234375
0 0.210514 0.708984 0.599121 0.0117188 0.0146484
0 0.221803 0.771973 0.30127 0.0244141 0.0283203
0 0.223653 0.452148 0.668457 0.0117188 0.0283203
0 0.227427 0.320801 0.54541 0.0205078 0.0380859
0 0.23984 0.701172 0.450684 0.015625 0.0302734
0 0.248849 0.769043 0.421875 0.0283203 0.0351562
0 0.253833 0.880859 0.29248 0.0292969 0.0419922
0 0.254422 0.21582 0.254395 0.0371094 0.0439453
0 0.26429 0.974121 0.621582 0.0478516 0.0458984
0 0.297546 0.438477 0.200195 0.0253906 0.0371094
0 0.301371 0.680176 0.474609 0.0244141 0.0214844
0 0.312147 0.59668 0.148438 0.015625 0.0214844
0 0.388414 0.910645 0.334473 0.0244141 0.0380859
