0 0.102097 0.421387 0.943848 0.0361328 0.0498047
0 0.104116 0.212891 0.512207 0.0488281 0.0458984
0 0.104599 0.342285 0.609375 0.0439453 0.0664062
0 0.116031 0.640625 0.829102 0.0410156 0.0488281
0 0.116496 0.330078 0.959961 0.0898438 0.0800781
0 0.124548 0.547852 0.592773 0.0292969 0.0546875
0 0.12618 0.550293 0.93457 0.0537109 0.0703125
0 0.15945 0.366211 0.880859 0.015625 0.0332031
0 0.170339 0.39502 0.67627 0.0185547 0.0400391
0 0.181148 0.465332 0.622559 0.0341797 0.0576172
0 0.233538 0.553223 0.915527 0.0400391 0.0458984
0 0.297531 0.39209 0.819336 0.0419922 0.0859375
