0 0.101201 0.415527 0.0820312 0.0146484 0.0488281
0 0.102108 0.189941 0.101074 0.0302734 0.0400391
0 0.102374 0.210449 0.231445 0.0185547 0.0234375
0 0.102495 0.32666 0.32373 0.0107422 0.0244141
0 0.102597 0.342285 0.19873 0.0146484 0.0185547
0 0.102916 0.271973 0.114746 0.0107422 0.0166016
0 0.103362 0.458008 0.269531 0.0136719 0.0234375
0 0.103489 0.659668 0.17627 0.0263672 0.0322266
0 0.104155 0.407715 0.180176 0.0205078 0.0361328
0 0.104431 0.274414 0.313477 0.0117188 0.0195312
0 0.104527 0.546875 0.286133 0.0332031 0.0429688
0 0.107099 0.128418 0.189941 0.0458984 0.0830078
0 0.108125 0.256836 0.125488 0.0117188 0.0224609
0 0.108663 0.683105 0.897949 0.0166016 0.0263672
0 0.108776 0.450684 0.0078125 0.0205078 0.015625
0 0.11042 0.316406 0.23291 0.0175781 0.0283203
0 0.11351 0.20459 0.208008 0.0224609 0.0273438
0 0.114253 0.465332 0.19873 0.0205078 0.0244141
0 0.115705 0.883789 0.179688 0.0332031 0.0234375
0 0.11614 0.554199 0.797852 0.0146484 0.0273438
0 0.116405 0.469238 0.259277 0.0146484 0.0244141
0 0.116634 0.499023 0.207031 0.015625 0.0234375
0 0.117283 0.0756836 0.304688 0.0205078 0.0292969
0 0.119663 0.485352 0.131836 0.015625 0.0332031
0 0.125858 0.267578 0.116211 0.0175781 0.0234375
0 0.126039 0.541504 0.382812 0.0244141 0.0253906
0 0.127214 0.14502 0.0112305 0.0283203 0.0224609
0 0.129251 0.48584 0.14209 0.0224609 0.0439453
0 0.131992 0.463379 0.266113 0.0185547 0.0302734
0 0.132271 0.409668 0.87207 0.0341797 0.0507812
0 0.132531 0.385742 0.0078125 0.0195312 0.0117188
0 0.134888 0.53418 0.323242 0.0195312 0.0253906
0 0.136688 0.763184 0.232422 0.0185547 0.0214844
0 0.137436 0.492676 0.306152 0.0126953 0.0263672
0 0.137712 0.456543 0.340332 0.0126953 0.0283203
0 0.138696 0.399414 0.305176 0.0136719 0.0185547
0 0.143848 0.462402 0.134277 0.0185547 0.0478516
0 0.146332 0.484863 0.21875 0.0166016 0.015625
0 0.150814 0.444824 0.853516 0.0205078 0.0390625
0 0.150906 0.595215 0.368164 0.0166016 0.0234375
0 0.15547 0.532227 0.106445 0.0195312 0.0332031
0 0.155569 0.32373 0.102051 0.0166016 0.0205078
0 0.162708 0.478516 0.151367 0.0175781 0.0253906
0 0.164655 0.433105 0.274414 0.0205078 0.0253906
0 0.16759 0.21875 0.323242 0.00976562 0.0234375
0 0.167907 0.293457 0.0932617 0.0205078 0.0302734
0 0.172239 0.487793 0.272461 0.0126953 0.0175781
0 0.173361 0.422363 0.396484 0.0205078 0.0175781
0 0.176333 0.594238 0.290527 0.0205078 0.0322266
0 0.180357 0.343262 0.253418 0.0146484 0.0341797
0 0.180894 0.540039 0.277832 0.0273438 0.0302734
0 0.18127 0.309082 0.413086 0.0244141 0.0488281
0 0.190403 0.453125 0.201172 0.0351562 0.0253906
0 0.197352 0.781738 0.170898 0.0263672 0.0351562
0 0.200951 0.991699 0.0830078 0.0166016 0.03125
0 0.206795 0.22998 0.294434 0.0205078 0.0302734
0 0.20929 0.771973 0.328125 0.0322266 0.0449219
0 0.210904 0.394531 0.0693359 0.0214844 0.0351562
0 0.217025 0.321289 0.250977 0.0234375 0.0234375
0 0.219641 0.557129 0.368652 0.0146484 0.0205078
0 0.223405 0.357422 0.0131836 0.0175781 0.0263672
0 0.232014 0.297852 0.0351562 0.015625 0.0292969
0 0.233678 0.227051 0.379883 0.0302734 0.0390625
0 0.235673 0.453613 0.322266 0.0146484 0.0214844
0 0.239389 0.170898 0.211914 0.015625 0.0214844
0 0.243668 0.257812 0.185059 0.0136719 0.0244141
0 0.24498 0.117676 0.273438 0.0244141 0.0253906
0 0.245164 0.100098 0.239258 0.0224609 0.0234375
0 0.258027 0.499512 0.333496 0.0126953 0.0244141
0 0.259435 0.469238 0.361816 0.0107422 0.0166016
0 0.265164 0.129395 0.337402 0.0244141 0.0302734
0 0.268997 0.277832 0.297852 0.0224609 0.046875
0 0.274977 0.48877 0.783203 0.0244141 0.0527344
0 0.277619 0.530762 0.227539 0.0205078 0.0195312
0 0.297482 0.512207 0.15332 0.0205078 0.0273438
0 0.312015 0.527832 0.0917969 0.0244141 0.0507812
0 0.325001 0.192871 0.269531 0.0244141 0.0351562
0 0.338547 0.290039 0.174316 0.0234375 0.0400391
0 0.341053 0.439941 0.276367 0.0126953 0.0253906
0 0.35143 0.473633 0.138672 0.0371094 0.0527344
0 0.402208 0.426758 0.32373 0.0175781 0.0283203
0 0.529586 0.445801 0.0605469 0.0224609 0.0292969
