0 0.100549 0.209961 0.363281 0.0351562 0.0351562
0 0.104763 0.883301 0.445312 0.0361328 0.0351562
0 0.105411 0.155762 0.554199 0.0380859 0.0302734
0 0.11155 0.713379 0.0102539 0.0419922 0.0166016
0 0.112394 0.179199 0.14209 0.0283203 0.0302734
0 0.112913 0.765625 0.51123 0.0136719 0.0224609
0 0.117647 0.325684 0.32373 0.0146484 0.0205078
0 0.123895 0.755859 0.540527 0.0234375 0.0263672
0 0.133726 0.872559 0.0512695 0.0244141 0.0361328
0 0.135396 0.239258 0.0439453 0.115234 0.0820312
0 0.138187 0.190918 0.299316 0.0302734 0.0439453
0 0.138238 0.203125 0.372559 0.0292969 0.0263672
0 0.148206 0.219238 0.363281 0.0205078 0.0253906
0 0.150095 0.359375 0.209473 0.0175781 0.0283203
0 0.155828 0.200684 0.0615234 0.0224609 0.0273438
0 0.178464 0.430176 0.175781 0.0224609 0.0234375
0 0.18295 0.382324 0.26416 0.0224609 0.0302734
0 0.183359 0.428711 0.0229492 0.0273438 0.0458984
0 0.185335 0.263184 0.0649414 0.0166016 0.0244141
0 0.202552 0.454102 0.0258789 0.0683594 0.0458984
0 0.218378 0.304199 0.324219 0.0283203 0.0371094
0 0.230971 0.0561523 0.467285 0.0478516 0.0478516
0 0.26011 0.161621 0.147949 0.0419922 0.0341797
0 0.260806 0.342285 0.375 0.0146484 0.0273438
0 0.30733 0.39209 0.0224609 0.0341797 0.0371094
0 0.343472 0.448242 0.100098 0.0253906 0.0302734
0 0.353179 0.428223 0.464355 0.0185547 0.0244141
0 0.360673 0.776367 0.272949 0.0371094 0.0380859
0 0.393066 0.341797 0.0683594 0.0585938 0.0996094
