0 0.100538 0.765625 0.758789 0.0449219 0.0507812
0 0.102539 0.192871 0.15625 0.0439453 0.0488281
0 0.10556 0.643555 0.51709 0.0234375 0.0458984
0 0.11078 0.651855 0.450195 0.0302734 0.0292969
0 0.114264 0.20752 0.35498 0.0224609 0.0302734
0 0.114276 0.246094 0.181152 0.0507812 0.0732422
0 0.115616 0.720215 0.260254 0.0302734 0.0693359
0 0.116915 0.560059 0.618652 0.0400391 0.0302734
0 0.117147 0.728027 0.130859 0.110352 0.117188
0 0.118825 0.154297 0.210449 0.0292969 0.0419922
0 0.119343 0.164551 0.360352 0.0361328 0.0488281
0 0.120625 0.354004 0.442383 0.0556641 0.046875
0 0.122886 0.40332 0.438477 0.0253906 0.0292969
0 0.124825 0.154297 0.395508 0.0507812 0.0859375
0 0.12989 0.942383 0.550781 0.0664062 0.0488281
0 0.130529 0.717773 0.936035 0.0429688 0.0517578
0 0.131596 0.730957 0.368652 0.0341797 0.0419922
0 0.131813 0.79834 0.180664 0.0615234 0.0800781
0 0.133649 0.603027 0.930664 0.0400391 0.0664062
0 0.136406 0.074707 0.308105 0.0380859 0.0341797
0 0.138109 0.691895 0.990723 0.0185547 0.0185547
0 0.140096 0.320801 0.0712891 0.0986328 0.128906
0 0.142798 0.572266 0.405762 0.0507812 0.0908203
0 0.144406 0.0913086 0.182129 0.0400391 0.0537109
0 0.144903 0.0302734 0.32373 0.0449219 0.0498047
0 0.150585 0.132812 0.293945 0.0390625 0.0371094
0 0.150925 0.36084 0.733887 0.0146484 0.0185547
0 0.15335 0.269531 0.144531 0.0449219 0.0546875
0 0.154448 0.22998 0.270508 0.0419922 0.0488281
0 0.159304 0.182617 0.359863 0.0253906 0.0302734
0 0.160215 0.0478516 0.207031 0.0449219 0.0351562
0 0.164806 0.588379 0.0185547 0.0634766 0.0351562
0 0.164845 0.104492 0.794922 0.0449219 0.0449219
0 0.16497 0.580078 0.95459 0.0234375 0.0380859
0 0.165586 0.237305 0.0200195 0.0761719 0.0380859
0 0.166241 0.515625 0.55127 0.046875 0.0361328
0 0.168283 0.870605 0.902344 0.0283203 0.03125
0 0.169337 0.0932617 0.33252 0.0615234 0.0458984
0 0.169801 0.0712891 0.705566 0.0585938 0.0419922
0 0.173896 0.128418 0.76709 0.0732422 0.0888672
0 0.176617 0.766602 0.975098 0.0410156 0.0419922
0 0.178265 0.558105 0.72998 0.0263672 0.0419922
0 0.182308 0.484375 0.969238 0.0351562 0.0615234
0 0.185012 0.178711 0.706055 0.0332031 0.0429688
0 0.198683 0.397949 0.347656 0.0927734 0.0722656
0 0.206338 0.578613 0.0786133 0.0634766 0.0732422
0 0.20968 0.446777 0.98877 0.0146484 0.0205078
0 0.216333 0.728516 0.526367 0.0273438 0.0332031
0 0.2215 0.109375 0.337891 0.0273438 0.0332031
0 0.22442 0.516113 0.197266 0.0673828 0.0761719
0 0.225214 0.494629 0.772461 0.0361328 0.0273438
0 0.226117 0.631348 0.179688 0.108398 0.140625
0 0.226345 0.11377 0.295898 0.0458984 0.0449219
0 0.246676 0.130859 0.109375 0.0664062 0.0625
0 0.258684 0.168457 0.21875 0.0537109 0.0449219
0 0.259288 0.95459 0.923828 0.0400391 0.046875
0 0.262146 0.0874023 0.308105 0.0634766 0.0498047
0 0.274153 0.256348 0.157715 0.0576172 0.0751953
0 0.281806 0.0444336 0.26709 0.0283203 0.0419922
0 0.304212 0.595215 0.65332 0.0146484 0.0214844
0 0.311431 0.138184 0.412109 0.0771484 0.0605469
0 0.315662 0.765625 0.479004 0.0371094 0.0576172
0 0.355977 0.11377 0.78418 0.0654297 0.0683594
0 0.442883 0.711914 0.636719 0.0390625 0.0566406
0 0.446884 0.185547 0.288574 0.0390625 0.0751953
0 0.468147 0.15332 0.352539 0.0292969 0.0546875
0 0.4976 0.69043 0.459961 0.0273438 0.0566406
0 0.520391 0.371094 0.0830078 0.203125 0.154297
