0 0.103141 0.392578 0.257324 0.0273438 0.0419922
0 0.10527 0.403809 0.254395 0.0537109 0.0498047
0 0.106221 0.242188 0.550293 0.015625 0.0341797
0 0.108885 0.219238 0.820801 0.0322266 0.0771484
0 0.110162 0.263672 0.318848 0.0136719 0.0361328
0 0.110397 0.300293 0.744629 0.0263672 0.0341797
0 0.112679 0.276367 0.65625 0.0214844 0.03125
0 0.115272 0.736816 0.302734 0.0439453 0.0644531
0 0.118454 0.234375 0.314453 0.0292969 0.0253906
0 0.118743 0.287109 0.247559 0.0195312 0.0380859
0 0.118787 0.259277 0.208008 0.0322266 0.0625
0 0.127451 0.196289 0.697266 0.0136719 0.0175781
0 0.129791 0.324707 0.118652 0.0400391 0.0634766
0 0.137447 0.312988 0.660645 0.0380859 0.0537109
0 0.140874 0.460938 0.433594 0.0273438 0.0371094
0 0.147274 0.407227 0.234863 0.0605469 0.0712891
0 0.151179 0.395996 0.40918 0.0361328 0.0292969
0 0.155472 0.115234 0.399902 0.046875 0.0517578
0 0.160925 0.258301 0.573242 0.0205078 0.0292969
0 0.16484 0.106934 0.666992 0.0244141 0.0390625
0 0.165753 0.283203 0.583984 0.0332031 0.0371094
0 0.167733 0.54248 0.0976562 0.0400391 0.0429688
0 0.169868 0.266113 0.188477 0.0322266 0.0429688
0 0.170735 0.507812 0.155762 0.0292969 0.0322266
0 0.176478 0.607422 0.582031 0.0351562 0.0820312
0 0.181263 0.272949 0.580566 0.0185547 0.0283203
0 0.186016 0.125 0.240723 0.0410156 0.0458984
0 0.186067 0.342285 0.17627 0.0244141 0.0283203
0 0.188547 0.30127 0.498535 0.0244141 0.0380859
0 0.195035 0.36084 0.259277 0.0107422 0.0244141
0 0.199766 0.261719 0.575195 0.0390625 0.0371094
0 0.20547 0.442383 0.108887 0.0585938 0.0537109
0 0.21469 0.251953 0.229004 0.0175781 0.0400391
0 0.214941 0.220703 0.844238 0.0234375 0.0458984
0 0.229811 0.555664 0.370605 0.0234375 0.0322266
0 0.234496 0.226562 0.602539 0.0253906 0.0390625
0 0.24705 0.484863 0.475098 0.0185547 0.0205078
0 0.265764 0.208008 0.635254 0.0214844 0.0341797
0 0.274089 0.283203 0.84082 0.0488281 0.0644531
0 0.274354 0.32666 0.263672 0.0185547 0.03125
0 0.276411 0.27002 0.644531 0.0244141 0.0527344
0 0.290685 0.280762 0.749023 0.0185547 0.0351562
0 0.321846 0.620605 0.103516 0.0654297 0.0527344
0 0.334124 0.38623 0.314453 0.0146484 0.0273438
0 0.339451 0.248047 0.561523 0.0292969 0.0429688
0 0.381173 0.22998 0.73291 0.0341797 0.0458984
0 0.385891 0.289551 0.746094 0.0361328 0.0410156
0 0.492486 0.222656 0.516602 0.0195312 0.0273438
0 0.551866 0.371582 0.460449 0.0224609 0.0439453
