0 0.102171 0.185059 0.104004 0.0166016 0.0185547
0 0.110261 0.411133 0.108398 0.0332031 0.0273438
0 0.111192 0.281738 0.109375 0.0224609 0.0507812
0 0.141506 0.861816 0.119629 0.0341797 0.0439453
0 0.154359 0.757324 0.0551758 0.0419922 0.0537109
0 0.17753 0.429199 0.339844 0.0185547 0.015625
0 0.181072 0.502441 0.280762 0.0263672 0.0283203
0 0.205518 0.47998 0.371582 0.0380859 0.0263672
0 0.209776 0.330566 0.477539 0.0283203 0.0234375
0 0.29338 0.786621 0.229492 0.0205078 0.0351562
0 0.321335 0.765137 0.30127 0.0380859 0.0439453
