0 0.103983 0.256836 0.375488 0.0546875 0.0478516
0 0.10418 0.581543 0.354004 0.0126953 0.0166016
0 0.105047 0.944336 0.180664 0.0234375 0.0273438
0 0.11055 0.818359 0.012207 0.0253906 0.0244141
0 0.112226 0.649414 0.342285 0.0175781 0.0283203
0 0.11345 0.209961 0.813965 0.0546875 0.0439453
0 0.113969 0.869141 0.286621 0.0410156 0.0654297
0 0.12103 0.888672 0.0771484 0.0371094 0.0488281
0 0.12616 0.554199 0.62207 0.0166016 0.0214844
0 0.128209 0.144043 0.354004 0.0322266 0.0361328
0 0.130911 0.311035 0.85498 0.0224609 0.0341797
0 0.134991 0.0820312 0.638184 0.0253906 0.0205078
0 0.142111 0.899414 0.397949 0.0488281 0.0380859
0 0.142919 0.655762 0.0874023 0.0185547 0.0185547
0 0.16021 0.808594 0.931641 0.0371094 0.0683594
0 0.170222 0.672363 0.47998 0.0224609 0.0322266
0 0.178414 0.615723 0.66748 0.0361328 0.0380859
0 0.180573 0.365234 0.065918 0.0332031 0.0537109
0 0.182368 0.491211 0.410156 0.03125 0.0234375
0 0.182765 0.870605 0.45166 0.0361328 0.0361328
0 0.184344 0.538574 0.314453 0.0283203 0.0488281
0 0.195181 0.522461 0.555664 0.0625 0.0566406
0 0.201274 0.706543 0.626465 0.0146484 0.0224609
0 0.212596 0.814453 0.52002 0.0351562 0.0400391
0 0.235663 0.48877 0.460449 0.0224609 0.0244141
0 0.244505 0.867188 0.566406 0.0351562 0.0410156
0 0.251472 0.117676 0.58252 0.0947266 0.0556641
0 0.281975 0.86377 0.310059 0.0322266 0.0458984
0 0.320011 0.732422 0.243164 0.0292969 0.0253906
0 0.340529 0.593262 0.257812 0.0166016 0.0273438
0 0.579702 0.587891 0.506836 0.0429688 0.0332031
