0 0.112421 0.46875 0.130371 0.0117188 0.0185547
0 0.113166 0.474121 0.342285 0.0341797 0.0322266
0 0.113855 0.543457 0.219727 0.0361328 0.0644531
0 0.119369 0.437988 0.170898 0.0322266 0.0507812
0 0.122628 0.83252 0.13916 0.0517578 0.0634766
0 0.124765 0.549805 0.0361328 0.0371094 0.0722656
0 0.126285 0.682129 0.197266 0.0458984 0.0527344
0 0.126318 0.693848 0.254395 0.0322266 0.0263672
0 0.129269 0.34082 0.0385742 0.0332031 0.0380859
0 0.130646 0.753906 0.0185547 0.0507812 0.0351562
0 0.138695 0.763184 0.120117 0.0498047 0.0527344
0 0.139465 0.714844 0.349609 0.0507812 0.0566406
0 0.141389 0.358398 0.314941 0.0449219 0.0478516
0 0.143716 0.339355 0.352539 0.0185547 0.0214844
0 0.1441 0.268555 0.122559 0.0234375 0.0283203
0 0.146064 0.61084 0.0214844 0.0302734 0.0371094
0 0.147178 0.425781 0.104492 0.0175781 0.0332031
0 0.158289 0.383789 0.0908203 0.0136719 0.0214844
0 0.158812 0.782227 0.384277 0.0527344 0.0693359
0 0.160334 0.787598 0.40625 0.0302734 0.0351562
0 0.166022 0.109863 0.25293 0.0341797 0.03125
0 0.16635 0.115234 0.23291 0.0410156 0.0556641
0 0.167802 0.299316 0.245605 0.0263672 0.0244141
0 0.169857 0.799316 0.191406 0.0400391 0.0449219
0 0.172874 0.789551 0.496582 0.0166016 0.0205078
0 0.173807 0.906738 0.103516 0.0400391 0.0527344
0 0.177015 0.410156 0.0229492 0.0136719 0.0244141
0 0.182616 0.514648 0.131348 0.0175781 0.0283203
0 0.189061 0.508301 0.190918 0.0126953 0.0283203
0 0.190027 0.297852 0.494141 0.0234375 0.0214844
0 0.190088 0.546387 0.0268555 0.0224609 0.0498047
0 0.204774 0.401855 0.0766602 0.0224609 0.0380859
0 0.206851 0.342285 0.0913086 0.0322266 0.0302734
0 0.208163 0.984375 0.390137 0.0292969 0.0380859
0 0.216175 0.753906 0.295898 0.0429688 0.0507812
0 0.22127 0.489258 0.0385742 0.0703125 0.0751953
0 0.227975 0.123535 0.217773 0.0302734 0.0410156
0 0.233409 0.5625 0.131836 0.0527344 0.0722656
0 0.243824 0.145508 0.161133 0.015625 0.0292969
0 0.266447 0.310547 0.015625 0.0292969 0.0292969
0 0.277546 0.876953 0.169434 0.046875 0.0478516
0 0.278543 0.65918 0.03125 0.0332031 0.0507812
0 0.31173 0.819336 0.0688477 0.0644531 0.0673828
0 0.350656 0.34082 0.208496 0.0585938 0.0458984
0 0.412539 0.540527 0.313965 0.0634766 0.100586
0 0.417023 0.23291 0.120117 0.0263672 0.0292969
0 0.43803 0.20752 0.174316 0.0322266 0.0517578
0 0.491905 0.351074 0.0917969 0.0185547 0.0371094
0 0.529995 0.322754 0.0927734 0.0185547 0.0234375
