0 0.100337 0.265137 0.0693359 0.0185547 0.0429688
0 0.10118 0.341309 0.647461 0.0126953 0.0175781
0 0.104927 0.157715 0.0473633 0.0302734 0.0478516
0 0.105744 0.411621 0.17041 0.0576172 0.0361328
0 0.111085 0.383789 0.0869141 0.0742188 0.0527344
0 0.11168 0.015625 0.428711 0.03125 0.0527344
0 0.113133 0.651855 0.312988 0.0166016 0.0244141
0 0.113881 0.0893555 0.327637 0.0537109 0.0556641
0 0.117918 0.733887 0.197266 0.0263672 0.03125
0 0.119925 0.240234 0.507324 0.0332031 0.0615234
0 0.123484 0.42334 0.0571289 0.0458984 0.0849609
0 0.130311 0.373047 0.367188 0.046875 0.0644531
0 0.132681 0.378418 0.0546875 0.0771484 0.0917969
0 0.133627 0.0463867 0.390625 0.0322266 0.0410156
0 0.136522 0.472168 0.201172 0.0224609 0.0371094
0 0.141597 0.721191 0.616211 0.0283203 0.0214844
0 0.142165 0.63623 0.696777 0.0283203 0.0244141
0 0.159848 0.39209 0.990723 0.0107422 0.0185547
0 0.166227 0.171387 0.591309 0.0439453 0.0615234
0 0.173646 0.47168 0.347656 0.0292969 0.0292969
0 0.180086 0.299805 0.447266 0.0371094 0.0507812
0 0.182164 0.312012 0.0415039 0.0615234 0.0693359
0 0.184205 0.121094 0.668457 0.03125 0.0419922
0 0.187365 0.435547 0.163086 0.0683594 0.0429688
0 0.187597 0.391113 0.169434 0.0478516 0.0361328
0 0.20111 0.299805 0.139648 0.0292969 0.0566406
0 0.201478 0.268555 0.983887 0.0644531 0.0322266
0 0.202534 0.0947266 0.55957 0.0390625 0.0488281
0 0.207002 0.353516 0.0844727 0.03125 0.0341797
0 0.212407 0.456055 0.108887 0.0546875 0.0361328
0 0.214529 0.592773 0.405273 0.0253906 0.0292969
0 0.223664 0.358398 0.723633 0.0292969 0.0429688
0 0.235335 0.641113 0.152832 0.0302734 0.0302734
0 0.237617 0.366699 0.376953 0.0302734 0.0449219
0 0.247272 0.547852 0.0776367 0.0175781 0.0283203
0 0.254685 0.419922 0.360352 0.0292969 0.03125
0 0.259748 0.763672 0.70166 0.0878906 0.0751953
0 0.260418 0.768555 0.299316 0.0332031 0.0478516
0 0.271543 0.381836 0.0380859 0.0566406 0.0546875
0 0.289818 0.21875 0.0639648 0.0390625 0.0556641
0 0.337245 0.178711 0.0825195 0.0332031 0.0498047
0 0.339534 0.375 0.942383 0.0175781 0.0390625
0 0.350615 0.511719 0.0834961 0.0546875 0.0712891
