0 0.100813 0.506348 0.181152 0.0185547 0.0205078
0 0.10155 0.156738 0.0239258 0.0478516 0.0419922
0 0.10454 0.222168 0.793945 0.0400391 0.0449219
0 0.112094 0.449219 0.304199 0.0253906 0.0341797
0 0.118046 0.464355 0.30957 0.0166016 0.0234375
0 0.122832 0.605469 0.452148 0.0292969 0.0410156
0 0.123647 0.135254 0.0908203 0.0634766 0.0761719
0 0.127287 0.615723 0.231934 0.0263672 0.0361328
0 0.130294 0.240234 0.242188 0.0175781 0.0214844
0 0.132264 0.769531 0.166992 0.0507812 0.0546875
0 0.134738 0.686523 0.419434 0.0117188 0.0244141
0 0.138122 0.168457 0.0161133 0.0263672 0.0322266
0 0.139315 0.667969 0.190918 0.0292969 0.0400391
0 0.14335 0.550781 0.493652 0.0253906 0.0537109
0 0.145746 0.67627 0.1875 0.0517578 0.0507812
0 0.147653 0.42627 0.305664 0.0224609 0.0273438
0 0.152706 0.278809 0.168945 0.0224609 0.03125
0 0.161674 0.863281 0.23291 0.0722656 0.0693359
0 0.182185 0.712402 0.251953 0.0380859 0.0332031
0 0.189342 0.634766 0.109863 0.0390625 0.0732422
0 0.189899 0.73584 0.027832 0.0224609 0.0400391
0 0.190499 0.396484 0.0664062 0.00976562 0.0175781
0 0.192587 0.588867 0.117676 0.00976562 0.0185547
0 0.195117 0.703613 0.208008 0.0380859 0.0390625
0 0.201393 0.581543 0.28418 0.0185547 0.0195312
0 0.211373 0.456055 0.115723 0.0136719 0.0244141
0 0.220849 0.548828 0.172363 0.0136719 0.0322266
0 0.223424 0.380859 0.0898438 0.015625 0.0214844
0 0.231945 0.38916 0.313965 0.0146484 0.0263672
0 0.257895 0.665527 0.0717773 0.0263672 0.0283203
0 0.259516 0.768066 0.256348 0.0302734 0.0341797
0 0.268188 0.453125 0.229492 0.0214844 0.0273438
0 0.285758 0.757812 0.0444336 0.0585938 0.0673828
0 0.290849 0.702148 0.385742 0.0214844 0.0214844
0 0.299014 0.587402 0.400391 0.0439453 0.0253906
0 0.326273 0.664551 0.180176 0.0263672 0.0322266
0 0.333288 0.458496 0.305176 0.0302734 0.0283203
0 0.338754 0.697266 0.0444336 0.0234375 0.0478516
0 0.387435 0.855957 0.654297 0.0947266 0.0566406
0 0.395597 0.42041 0.293457 0.0205078 0.0400391
0 0.410918 0.427734 0.154785 0.0195312 0.0283203
0 0.446507 0.486816 0.189941 0.0263672 0.0361328
0 0.452903 0.608398 0.152344 0.0253906 0.0234375
0 0.454966 0.608398 0.545898 0.0351562 0.0546875
0 0.455473 0.654785 0.138672 0.0400391 0.046875
0 0.455692 0.623047 0.081543 0.0390625 0.0654297
0 0.544096 0.608887 0.0151367 0.0205078 0.0283203
0 0.573708 0.637695 0.0166016 0.0214844 0.0253906
