0 0.107079 0.458496 0.115234 0.0458984 0.0996094
0 0.10739 0.202637 0.347656 0.0263672 0.0585938
0 0.115737 0.546875 0.0532227 0.0234375 0.0439453
0 0.116562 0.0483398 0.710449 0.0205078 0.0224609
0 0.122021 0.480957 0.00830078 0.0263672 0.0146484
0 0.12404 0.500488 0.0883789 0.0263672 0.0400391
0 0.131211 0.354004 0.557129 0.0126953 0.0341797
0 0.139834 0.515137 0.154785 0.0517578 0.0849609
0 0.169515 0.172363 0.79248 0.0419922 0.0615234
0 0.172073 0.287598 0.611328 0.0673828 0.046875
0 0.19324 0.158691 0.153809 0.0341797 0.0537109
