0 0.100513 0.146973 0.165039 0.0322266 0.03125
0 0.100931 0.562988 0.755859 0.0185547 0.0214844
0 0.100945 0.501465 0.132324 0.0341797 0.0615234
0 0.101083 0.745605 0.152832 0.0341797 0.0380859
0 0.101397 0.519043 0.143555 0.0244141 0.0429688
0 0.101449 0.935547 0.342773 0.0546875 0.0585938
0 0.102258 0.316406 0.218262 0.0136719 0.0263672
0 0.102528 0.807129 0.309082 0.0146484 0.0205078
0 0.102802 0.782715 0.399902 0.0302734 0.0498047
0 0.102818 0.680664 0.167969 0.0292969 0.0429688
0 0.103303 0.126953 0.990234 0.0195312 0.0195312
0 0.103318 0.92334 0.283203 0.0361328 0.0351562
0 0.104153 0.237793 0.214355 0.0244141 0.0205078
0 0.104186 0.145508 0.322266 0.0390625 0.0410156
0 0.104866 0.300781 0.307617 0.015625 0.0351562
0 0.105003 0.154297 0.120605 0.0859375 0.0498047
0 0.105142 0.319336 0.0239258 0.0917969 0.0478516
0 0.105185 0.539551 0.262207 0.0595703 0.0732422
0 0.105388 0.458008 0.989258 0.0273438 0.0195312
0 0.10581 0.783203 0.280762 0.03125 0.0458984
0 0.105956 0.652832 0.0932617 0.0341797 0.0439453
0 0.10622 0.540527 0.204102 0.0244141 0.0390625
0 0.106337 0.626953 0.00927734 0.0273438 0.0166016
0 0.107782 0.766602 0.295898 0.0273438 0.0351562
0 0.108368 0.220215 0.15332 0.0166016 0.03125
0 0.109383 0.46582 0.0112305 0.015625 0.0224609
0 0.109563 0.372559 0.188965 0.0283203 0.0185547
0 0.109565 0.643555 0.327148 0.0195312 0.0273438
0 0.110269 0.663574 0.169434 0.0498047 0.0458984
0 0.110915 0.259277 0.581055 0.0634766 0.0566406
0 0.110928 0.858398 0.283203 0.0585938 0.0410156
0 0.111348 0.172852 0.165527 0.0859375 0.0615234
0 0.111524 0.687988 0.027832 0.0517578 0.0537109
0 0.111803 0.763184 0.80957 0.0458984 0.0585938
0 0.111886 0.0380859 0.480469 0.046875 0.0722656
0 0.11201 0.34668 0.182129 0.0273438 0.0302734
0 0.112855 0.106445 0.824219 0.0625 0.0507812
0 0.115723 0.667969 0.20459 0.0429688 0.0400391
0 0.116133 0.395508 0.963867 0.0507812 0.0527344
0 0.116222 0.64209 0.643555 0.0478516 0.0585938
0 0.116421 0.323242 0.263184 0.0136719 0.0322266
0 0.116685 0.809082 0.279297 0.0361328 0.0566406
0 0.117564 0.345703 0.277832 0.0292969 0.0283203
0 0.117583 0.494629 0.105469 0.0322266 0.0546875
0 0.117592 0.179199 0.155273 0.0400391 0.0390625
0 0.118643 0.310059 0.17041 0.0400391 0.0458984
0 0.119681 0.812012 0.794434 0.0361328 0.0517578
0 0.11992 0.596191 0.256836 0.0185547 0.0292969
0 0.120328 0.186523 0.133789 0.0488281 0.0546875
0 0.120804 0.195312 0.613281 0.0527344 0.0449219
0 0.121065 0.811523 0.344238 0.0625 0.0458984
0 0.121188 0.184082 0.757324 0.0283203 0.0439453
0 0.121208 0.349121 0.166504 0.0263672 0.0439453
0 0.121468 0.266602 0.933105 0.0332031 0.0263672
0 0.122132 0.59668 0.816895 0.0371094 0.0673828
0 0.122266 0.44043 0.430664 0.0234375 0.0371094
0 0.123691 0.756836 0.339355 0.0175781 0.0205078
0 0.124071 0.205566 0.112305 0.0263672 0.0390625
0 0.124234 0.927246 0.685059 0.0634766 0.106445
0 0.124425 0.231934 0.175781 0.0439453 0.0585938
0 0.125293 0.135742 0.447754 0.0273438 0.0341797
0 0.125472 0.570801 0.852539 0.0244141 0.0371094
0 0.125675 0.32959 0.0107422 0.0185547 0.0214844
0 0.125809 0.932617 0.441895 0.0527344 0.0615234
0 0.125934 0.116699 0.0136719 0.0556641 0.0253906
0 0.126986 0.709473 0.36084 0.0302734 0.0361328
0 0.127084 0.120605 0.0859375 0.0224609 0.0351562
0 0.127205 0.219727 0.558105 0.0117188 0.0302734
0 0.127307 0.333496 0.376465 0.0166016 0.0224609
0 0.127334 0.415039 0.259277 0.0332031 0.0615234
0 0.127443 0.597168 0.171387 0.0302734 0.0400391
0 0.127685 0.154297 0.552246 0.0371094 0.0322266
0 0.128078 0.466797 0.241699 0.0234375 0.0341797
0 0.128928 0.137695 0.819824 0.0488281 0.0341797
0 0.129684 0.35791 0.29541 0.0341797 0.0478516
0 0.130758 0.63916 0.0629883 0.0439453 0.0712891
0 0.130799 0.199707 0.559082 0.0166016 0.0400391
0 0.131149 0.585449 0.0893555 0.0439453 0.0615234
0 0.131772 0.345215 0.603516 0.0244141 0.0253906
0 0.131972 0.472168 0.193848 0.00878906 0.0146484
0 0.132453 0.675293 0.217285 0.0537109 0.0537109
0 0.132871 0.730469 0.787109 0.0410156 0.0546875
0 0.132908 0.584961 0.163574 0.0195312 0.0244141
0 0.133363 0.865234 0.381836 0.0488281 0.0625
0 0.134131 0.533691 0.423828 0.0224609 0.0292969
0 0.135383 0.239258 0.58252 0.0449219 0.0517578
0 0.136277 0.23877 0.20752 0.0302734 0.0400391
0 0.137066 0.91748 0.730469 0.0361328 0.0371094
0 0.137261 0.640625 0.420898 0.015625 0.0253906
0 0.138001 0.823242 0.214844 0.0566406 0.0625
0 0.138903 0.123047 0.666016 0.078125 0.0820312
0 0.138929 0.639648 0.46875 0.0175781 0.0195312
0 0.139677 0.197754 0.15625 0.0361328 0.0410156
0 0.139841 0.824219 0.0917969 0.03125 0.0273438
0 0.139928 0.515137 0.333008 0.0205078 0.0234375
0 0.140179 0.679199 0.241699 0.0244141 0.0302734
0 0.140355 0.327148 0.168945 0.0214844 0.0371094
0 0.142219 0.850098 0.245117 0.0263672 0.0253906
0 0.14285 0.401855 0.0913086 0.0224609 0.0537109
0 0.143358 0.281738 0.0664062 0.0419922 0.0410156
0 0.145342 0.789062 0.265625 0.0429688 0.0292969
0 0.145447 0.115723 0.197266 0.0283203 0.0332031
0 0.145511 0.774414 0.621094 0.0273438 0.0253906
0 0.145662 0.408691 0.0170898 0.0361328 0.0302734
0 0.145783 0.123047 0.48877 0.0273438 0.0224609
0 0.146437 0.710938 0.0219727 0.0722656 0.0439453
0 0.146703 0.745605 0.618164 0.00878906 0.0195312
0 0.147393 0.506348 0.109375 0.0205078 0.0351562
0 0.147478 0.782227 0.0922852 0.0332031 0.0380859
0 0.148085 0.331055 0.210449 0.0351562 0.0439453
0 0.148117 0.618652 0.0136719 0.0341797 0.0273438
0 0.14916 0.920898 0.713379 0.0546875 0.0712891
0 0.150433 0.239258 0.114746 0.0175781 0.0263672
0 0.150503 0.601074 0.027832 0.0166016 0.0302734
0 0.150665 0.260254 0.806641 0.0419922 0.0449219
0 0.150946 0.248047 0.394043 0.046875 0.0517578
0 0.15243 0.449707 0.224121 0.0146484 0.0244141
0 0.153402 0.50293 0.444336 0.0351562 0.0371094
0 0.153588 0.199707 0.213867 0.0263672 0.0351562
0 0.153738 0.875977 0.742188 0.0449219 0.046875
0 0.154974 0.833984 0.284668 0.0214844 0.0322266
0 0.155065 0.84375 0.177734 0.0234375 0.0195312
0 0.155207 0.512207 0.20459 0.0107422 0.0185547
0 0.155362 0.605469 0.0185547 0.03125 0.0371094
0 0.155979 0.0761719 0.379395 0.0175781 0.0244141
0 0.156107 0.131836 0.320312 0.0703125 0.0507812
0 0.156353 0.864746 0.324219 0.0283203 0.0273438
0 0.156439 0.284668 0.56543 0.0458984 0.0410156
0 0.156969 0.433105 0.61084 0.0283203 0.0380859
0 0.157229 0.328613 0.182129 0.0302734 0.0439453
0 0.157742 0.264648 0.00878906 0.0371094 0.015625
0 0.159228 0.510742 0.79248 0.0214844 0.0244141
0 0.15956 0.416992 0.119141 0.0292969 0.0351562
0 0.160024 0.380859 0.575684 0.0117188 0.0205078
0 0.161644 0.300293 0.430664 0.0126953 0.0136719
0 0.161887 0.241211 0.993164 0.0136719 0.0136719
0 0.164137 0.119629 0.57373 0.0126953 0.0185547
0 0.164236 0.316406 0.328613 0.0292969 0.0244141
0 0.165684 0.528809 0.134277 0.0419922 0.0498047
0 0.166663 0.437012 0.658691 0.0244141 0.0322266
0 0.166743 0.279297 0.393555 0.0234375 0.03125
0 0.166779 0.168945 0.901367 0.0449219 0.0585938
0 0.167669 0.253418 0.141602 0.0146484 0.0273438
0 0.168606 0.419434 0.0839844 0.0361328 0.0351562
0 0.16937 0.734375 0.0546875 0.0429688 0.0527344
0 0.169495 0.338379 0.272949 0.0283203 0.0263672
0 0.170642 0.82373 0.126953 0.0302734 0.0429688
0 0.171041 0.596191 0.0141602 0.0263672 0.0283203
0 0.171579 0.716309 0.0605469 0.0595703 0.0683594
0 0.17176 0.355957 0.307617 0.0224609 0.0410156
0 0.173656 0.490723 0.34668 0.0302734 0.0390625
0 0.174971 0.256836 0.292969 0.0175781 0.0195312
0 0.175154 0.119141 0.640137 0.046875 0.0498047
0 0.17536 0.635742 0.0893555 0.0449219 0.0439453
0 0.175539 0.433594 0.124023 0.0292969 0.0332031
0 0.175774 0.250488 0.18457 0.0283203 0.0332031
0 0.175875 0.806152 0.304688 0.0224609 0.0273438
0 0.177094 0.505371 0.220703 0.0146484 0.0332031
0 0.177422 0.286621 0.212891 0.0185547 0.046875
0 0.178616 0.532227 0.757812 0.0292969 0.0449219
0 0.179389 0.420898 0.192871 0.0175781 0.0361328
0 0.18008 0.784668 0.380371 0.0498047 0.0712891
0 0.180298 0.79541 0.347656 0.0322266 0.0371094
0 0.182492 0.864258 0.496094 0.0546875 0.0507812
0 0.184784 0.0717773 0.199219 0.0361328 0.0527344
0 0.185661 0.535645 0.735352 0.0361328 0.078125
0 0.187908 0.819824 0.243652 0.0419922 0.0341797
0 0.188708 0.304199 0.394531 0.0185547 0.0292969
0 0.188837 0.48877 0.405273 0.0166016 0.0214844
0 0.18929 0.280273 0.166992 0.0371094 0.0390625
0 0.189701 0.877441 0.51123 0.0751953 0.0791016
0 0.191418 0.680176 0.0131836 0.0322266 0.0263672
0 0.192635 0.405762 0.119141 0.0341797 0.0449219
0 0.192752 0.484863 0.0698242 0.0283203 0.0576172
0 0.196729 0.796387 0.292969 0.0205078 0.0273438
0 0.196782 0.283203 0.0375977 0.0566406 0.0576172
0 0.197619 0.546875 0.214844 0.0390625 0.0644531
0 0.197633 0.543457 0.43457 0.0205078 0.0234375
0 0.198316 0.672852 0.678223 0.0527344 0.0537109
0 0.198897 0.191895 0.206055 0.0244141 0.0371094
0 0.201735 0.484375 0.675293 0.0390625 0.0400391
0 0.202182 0.166992 0.505371 0.0292969 0.0498047
0 0.206692 0.397949 0.985352 0.0302734 0.0292969
0 0.209148 0.170898 0.469238 0.0332031 0.0556641
0 0.209298 0.624023 0.275391 0.0117188 0.0234375
0 0.209481 0.474609 0.282227 0.0273438 0.0332031
0 0.211061 0.819824 0.563477 0.0419922 0.0546875
0 0.211645 0.336426 0.0483398 0.0498047 0.0576172
0 0.211745 0.317871 0.18457 0.0400391 0.0546875
0 0.214807 0.184082 0.204102 0.0458984 0.0429688
0 0.214883 0.384766 0.128418 0.0273438 0.0419922
0 0.21504 0.863281 0.700684 0.0507812 0.0517578
0 0.218776 0.183105 0.914062 0.0322266 0.0390625
0 0.218865 0.236816 0.26416 0.0185547 0.0263672
0 0.219177 0.69873 0.719238 0.0244141 0.0341797
0 0.220793 0.713867 0.501953 0.0273438 0.0390625
0 0.221483 0.533691 0.713379 0.0283203 0.0517578
0 0.222282 0.183594 0.11377 0.0488281 0.0341797
0 0.222745 0.833984 0.333008 0.0273438 0.0292969
0 0.225049 0.163086 0.0458984 0.0429688 0.0429688
0 0.225939 0.205566 0.220215 0.0224609 0.0263672
0 0.229535 0.364258 0.0200195 0.0351562 0.0380859
0 0.230949 0.691895 0.706055 0.0341797 0.0488281
0 0.232326 0.287598 0.189941 0.0185547 0.0302734
0 0.233211 0.586426 0.333984 0.0361328 0.0429688
0 0.236301 0.157227 0.88916 0.0273438 0.0595703
0 0.24358 0.230957 0.259766 0.0361328 0.0390625
0 0.243823 0.0898438 0.694336 0.046875 0.0429688
0 0.244842 0.308594 0.590332 0.0429688 0.0400391
0 0.245004 0.881348 0.205566 0.0576172 0.0556641
0 0.248234 0.79541 0.362305 0.0537109 0.0664062
0 0.248425 0.210449 0.985352 0.0322266 0.0292969
0 0.255592 0.509277 0.121582 0.0322266 0.0537109
0 0.257796 0.764648 0.0498047 0.0449219 0.0585938
0 0.260038 0.347656 0.641113 0.015625 0.0361328
0 0.260764 0.587402 0.260742 0.0361328 0.0429688
0 0.260814 0.685547 0.694824 0.0332031 0.0400391
0 0.261197 0.543945 0.0834961 0.0332031 0.0458984
0 0.261479 0.333496 0.48584 0.0205078 0.0322266
0 0.267117 0.663086 0.23291 0.046875 0.0400391
0 0.267363 0.277344 0.134277 0.0488281 0.0654297
0 0.270178 0.308594 0.16748 0.0234375 0.0302734
0 0.275204 0.849609 0.794922 0.0332031 0.0410156
0 0.277308 0.703613 0.0883789 0.0263672 0.0400391
0 0.277863 0.382812 0.0317383 0.03125 0.0595703
0 0.27796 0.210938 0.618164 0.0292969 0.046875
0 0.277994 0.288574 0.180664 0.0283203 0.046875
0 0.279227 0.32373 0.197266 0.0263672 0.0351562
0 0.27943 0.841797 0.421875 0.0253906 0.0371094
0 0.283342 0.286621 0.224609 0.0166016 0.0253906
0 0.285536 0.809082 0.262695 0.0302734 0.0332031
0 0.286407 0.163574 0.253418 0.0224609 0.0283203
0 0.289646 0.376953 0.0605469 0.0351562 0.0410156
0 0.292571 0.0883789 0.821777 0.0380859 0.0556641
0 0.294339 0.67334 0.355469 0.0302734 0.0605469
0 0.296149 0.572754 0.0541992 0.0283203 0.0576172
0 0.29619 0.384277 0.019043 0.0244141 0.0341797
0 0.29654 0.311523 0.918457 0.0488281 0.0439453
0 0.297304 0.38623 0.335938 0.0302734 0.0273438
0 0.300451 0.620605 0.987305 0.0185547 0.0253906
0 0.304393 0.378418 0.505371 0.0302734 0.0439453
0 0.306274 0.529297 0.417969 0.0175781 0.0273438
0 0.311443 0.441406 0.132324 0.0214844 0.0380859
0 0.312998 0.428711 0.0810547 0.0214844 0.0292969
0 0.313687 0.679688 0.369629 0.0195312 0.0400391
0 0.314578 0.34668 0.230957 0.0273438 0.0263672
0 0.315845 0.32959 0.269531 0.0244141 0.0292969
0 0.316829 0.753418 0.865234 0.0302734 0.0332031
0 0.320323 0.362793 0.0336914 0.0439453 0.0576172
0 0.322651 0.396973 0.932617 0.0478516 0.0390625
0 0.32513 0.366699 0.234375 0.0517578 0.046875
0 0.326463 0.465332 0.0532227 0.0126953 0.0419922
0 0.330372 0.209473 0.260254 0.0537109 0.0478516
0 0.330403 0.750977 0.544922 0.0292969 0.0351562
0 0.33329 0.146973 0.547363 0.0224609 0.0244141
0 0.333545 0.321777 0.980957 0.0322266 0.0361328
0 0.33446 0.209961 0.164551 0.0351562 0.0478516
0 0.334636 0.778809 0.26709 0.0185547 0.0263672
0 0.335921 0.159668 0.15918 0.0556641 0.0390625
0 0.339029 0.141113 0.118164 0.0458984 0.0390625
0 0.340928 0.118164 0.395508 0.0429688 0.0488281
0 0.342197 0.504883 0.746582 0.0253906 0.0322266
0 0.343426 0.402344 0.852051 0.0273438 0.0458984
0 0.346922 0.932617 0.800781 0.0410156 0.0429688
0 0.348391 0.255859 0.0424805 0.0507812 0.0517578
0 0.348607 0.207031 0.307129 0.03125 0.0341797
0 0.349137 0.35791 0.0288086 0.0283203 0.0380859
0 0.352414 0.751465 0.305664 0.0439453 0.0585938
0 0.357229 0.833496 0.238281 0.0576172 0.0390625
0 0.358065 0.441895 0.896973 0.0224609 0.0400391
0 0.35855 0.666992 0.644043 0.03125 0.0263672
0 0.358967 0.393555 0.120605 0.0390625 0.0517578
0 0.363388 0.272949 0.155762 0.0537109 0.0517578
0 0.367068 0.706543 0.553223 0.0400391 0.0478516
0 0.37111 0.543945 0.474609 0.0195312 0.0292969
0 0.371993 0.445312 0.143066 0.0214844 0.0302734
0 0.372455 0.873047 0.754883 0.0332031 0.0332031
0 0.374651 0.814453 0.197266 0.0332031 0.0410156
0 0.376642 0.104004 0.310547 0.0634766 0.0644531
0 0.382363 0.581543 0.12207 0.0341797 0.0429688
0 0.38336 0.167969 0.383301 0.0292969 0.0478516
0 0.384566 0.491699 0.0458984 0.0185547 0.0273438
0 0.389917 0.269531 0.0517578 0.0390625 0.0527344
0 0.397512 0.75293 0.138184 0.0488281 0.0654297
0 0.402502 0.0566406 0.606934 0.0507812 0.0341797
0 0.402997 0.32666 0.0605469 0.0302734 0.0507812
0 0.403393 0.673828 0.336914 0.0253906 0.0371094
0 0.403806 0.242188 0.189941 0.0371094 0.0517578
0 0.405289 0.661133 0.655762 0.0410156 0.0537109
0 0.406878 0.304199 0.0214844 0.0419922 0.0390625
0 0.408138 0.851562 0.0332031 0.0566406 0.0566406
0 0.408623 0.0966797 0.564453 0.0410156 0.0390625
0 0.409529 0.162598 0.602539 0.0400391 0.046875
0 0.409713 0.772461 0.643066 0.0351562 0.0615234
0 0.41426 0.279785 0.110352 0.0380859 0.0449219
0 0.416325 0.712402 0.267578 0.0283203 0.0351562
0 0.42206 0.445801 0.387207 0.0322266 0.0322266
0 0.423705 0.64502 0.181152 0.0322266 0.0380859
0 0.424383 0.701172 0.144531 0.0371094 0.0742188
0 0.424918 0.101562 0.681641 0.0625 0.0625
0 0.425292 0.637695 0.335449 0.0292969 0.0380859
0 0.434597 0.210449 0.0688477 0.0322266 0.0556641
0 0.442022 0.441406 0.17627 0.0136719 0.0400391
0 0.44834 0.243164 0.401367 0.0292969 0.0410156
0 0.459242 0.256836 0.241211 0.0253906 0.0410156
0 0.459327 0.241699 0.0307617 0.0302734 0.0439453
0 0.46687 0.530762 0.0102539 0.0263672 0.0205078
0 0.477792 0.604004 0.178223 0.0263672 0.0380859
0 0.478722 0.474121 0.867676 0.0341797 0.0634766
0 0.499561 0.483887 0.090332 0.0322266 0.0595703
0 0.501648 0.264648 0.322754 0.0273438 0.0283203
0 0.514022 0.354492 0.157715 0.0253906 0.0341797
0 0.560261 0.358398 0.382324 0.0605469 0.0458984
0 0.577337 0.166016 0.196777 0.0332031 0.0419922
0 0.58069 0.756836 0.218262 0.03125 0.0615234
0 0.587943 0.533203 0.916016 0.0507812 0.0429688
0 0.638336 0.129395 0.248047 0.0341797 0.0507812
