0 0.100092 0.499023 0.303711 0.0214844 0.0292969
0 0.100632 0.372559 0.0708008 0.0869141 0.0927734
0 0.101214 0.621094 0.759277 0.0292969 0.0341797
0 0.101396 0.502441 0.83252 0.0224609 0.0361328
0 0.102217 0.685059 0.48584 0.0283203 0.0341797
0 0.102582 0.669922 0.503418 0.0273438 0.0380859
0 0.102947 0.79541 0.570312 0.0380859 0.046875
0 0.104781 0.785645 0.70166 0.0361328 0.0419922
0 0.105227 0.441895 0.657715 0.0380859 0.0283203
0 0.10594 0.220703 0.480957 0.0273438 0.0263672
0 0.105979 0.55127 0.0537109 0.0244141 0.03125
0 0.10651 0.224121 0.133301 0.0986328 0.112305
0 0.106618 0.40332 0.0322266 0.0546875 0.0644531
0 0.108224 0.570801 0.875977 0.0205078 0.03125
0 0.108683 0.111816 0.165527 0.0302734 0.0322266
0 0.109109 0.697754 0.0253906 0.0302734 0.0332031
0 0.109317 0.561035 0.0224609 0.0498047 0.0449219
0 0.109795 0.63623 0.0795898 0.0263672 0.0380859
0 0.110524 0.629883 0.531738 0.0390625 0.0439453
0 0.110602 0.463867 0.0561523 0.0332031 0.0458984
0 0.111795 0.479004 0.901855 0.0361328 0.0283203
0 0.112484 0.645996 0.868652 0.0244141 0.0517578
0 0.112616 0.209473 0.101562 0.0576172 0.0703125
0 0.113606 0.573242 0.898438 0.0449219 0.0605469
0 0.11374 0.272461 0.927734 0.0195312 0.0273438
0 0.114103 0.677246 0.650391 0.0166016 0.0253906
0 0.114582 0.611328 0.651855 0.0214844 0.0361328
0 0.114977 0.339355 0.118164 0.0419922 0.046875
0 0.115337 0.430664 0.0126953 0.0332031 0.0253906
0 0.115522 0.429199 0.651855 0.0205078 0.0224609
0 0.116399 0.704102 0.731934 0.0410156 0.0341797
0 0.117426 0.732422 0.0810547 0.0703125 0.0507812
0 0.11892 0.590332 0.132324 0.0322266 0.0556641
0 0.119347 0.657715 0.511719 0.0458984 0.046875
0 0.120008 0.355957 0.880371 0.0224609 0.0244141
0 0.120403 0.760742 0.0913086 0.0429688 0.0556641
0 0.12083 0.357422 0.0844727 0.0351562 0.0654297
0 0.124514 0.648438 0.719727 0.0175781 0.0332031
0 0.126726 0.273926 0.501465 0.0146484 0.0166016
0 0.127512 0.389648 0.14502 0.0390625 0.0634766
0 0.128122 0.676758 0.492188 0.0292969 0.0292969
0 0.128811 0.347168 0.165039 0.0107422 0.0214844
0 0.130909 0.844238 0.186035 0.0341797 0.0498047
0 0.132135 0.556152 0.0449219 0.0341797 0.0605469
0 0.132859 0.257324 0.0922852 0.0361328 0.0595703
0 0.132994 0.573242 0.239258 0.0410156 0.0644531
0 0.13891 0.401367 0.308594 0.0292969 0.0332031
0 0.138963 0.767578 0.60498 0.0429688 0.0419922
0 0.142264 0.371582 0.165039 0.0205078 0.0332031
0 0.14398 0.646973 0.88623 0.0322266 0.0654297
0 0.145147 0.271484 0.505859 0.0195312 0.0292969
0 0.145704 0.209961 0.370605 0.0195312 0.0224609
0 0.146199 0.884766 0.770996 0.046875 0.0380859
0 0.147564 0.656738 0.0615234 0.0419922 0.046875
0 0.150726 0.791992 0.581055 0.0605469 0.0527344
0 0.151771 0.413086 0.0170898 0.0566406 0.0322266
0 0.154081 0.529297 0.0917969 0.0527344 0.0566406
0 0.154613 0.588379 0.120117 0.0185547 0.0371094
0 0.155898 0.28418 0.358398 0.0195312 0.0253906
0 0.158374 0.605469 0.803223 0.0351562 0.0380859
0 0.158702 0.545898 0.956543 0.015625 0.0244141
0 0.159265 0.754883 0.588867 0.0585938 0.0585938
0 0.159541 0.174805 0.372559 0.0214844 0.0205078
0 0.160259 0.699219 0.133789 0.03125 0.0351562
0 0.161893 0.5 0.252441 0.0234375 0.0283203
0 0.166225 0.338379 0.0341797 0.0302734 0.0625
0 0.167942 0.263184 0.360352 0.0283203 0.03125
0 0.168463 0.262207 0.0229492 0.0185547 0.0361328
0 0.16889 0.689453 0.0400391 0.0546875 0.0546875
0 0.169023 0.208984 0.162109 0.0625 0.0625
0 0.170174 0.399414 0.370605 0.0332031 0.0380859
0 0.172931 0.645508 0.517578 0.03125 0.0371094
0 0.173213 0.447754 0.670898 0.0537109 0.0605469
0 0.17329 0.94043 0.619141 0.09375 0.0566406
0 0.173299 0.696777 0.0180664 0.0478516 0.0341797
0 0.173571 0.377441 0.158203 0.0400391 0.046875
0 0.174187 0.160156 0.460449 0.0527344 0.0400391
0 0.178067 0.746582 0.743164 0.0126953 0.0175781
0 0.178412 0.475586 0.806152 0.0136719 0.0439453
0 0.180052 0.621582 0.421387 0.0322266 0.0283203
0 0.183316 0.250488 0.446289 0.0283203 0.03125
0 0.184389 0.379883 0.0151367 0.0390625 0.0283203
0 0.184425 0.598145 0.15625 0.0302734 0.0390625
0 0.184562 0.402344 0.897949 0.0195312 0.0478516
0 0.188627 0.565918 0.171875 0.0576172 0.0507812
0 0.189015 0.672852 0.046875 0.0253906 0.0351562
0 0.190917 0.494141 0.144531 0.0273438 0.0371094
0 0.191312 0.466309 0.116211 0.0283203 0.0351562
0 0.192452 0.581543 0.918457 0.0302734 0.0380859
0 0.19713 0.539062 0.367676 0.0390625 0.0458984
0 0.197697 0.589844 0.164062 0.0488281 0.0488281
0 0.199269 0.622559 0.539551 0.0224609 0.0341797
0 0.204033 0.554199 0.179199 0.0341797 0.0341797
0 0.208917 0.771973 0.0283203 0.0712891 0.0527344
0 0.211874 0.477539 0.979004 0.0195312 0.0419922
0 0.213443 0.434082 0.810547 0.0322266 0.0351562
0 0.213959 0.245605 0.665039 0.0185547 0.0195312
0 0.216521 0.105957 0.36084 0.0712891 0.0927734
0 0.216573 0.70166 0.0527344 0.0224609 0.03125
0 0.223642 0.561035 0.782227 0.0166016 0.0273438
0 0.225834 0.490723 0.41748 0.0205078 0.0244141
0 0.226849 0.457031 0.118164 0.0507812 0.046875
0 0.227147 0.63916 0.76416 0.0126953 0.0283203
0 0.228583 0.209473 0.330566 0.0478516 0.0791016
0 0.229096 0.616699 0.17627 0.0205078 0.0263672
0 0.229171 0.739258 0.586914 0.0351562 0.0507812
0 0.22941 0.433594 0.981934 0.0175781 0.0361328
0 0.233318 0.786621 0.6875 0.0498047 0.0664062
0 0.233936 0.54834 0.106934 0.0458984 0.0478516
0 0.236812 0.826172 0.759277 0.0273438 0.0498047
0 0.237679 0.295898 0.117676 0.0585938 0.0595703
0 0.238706 0.78125 0.105469 0.0410156 0.0488281
0 0.245215 0.519043 0.0717773 0.0419922 0.0361328
0 0.246161 0.525391 0.0302734 0.0117188 0.0332031
0 0.247315 0.64209 0.72998 0.0263672 0.0302734
0 0.247503 0.71582 0.526855 0.0214844 0.0380859
0 0.247578 0.666992 0.785156 0.0234375 0.0234375
0 0.249221 0.518066 0.81543 0.0380859 0.0566406
0 0.253022 0.643555 0.0688477 0.03125 0.0458984
0 0.257712 0.419922 0.700195 0.0117188 0.0234375
0 0.258819 0.345215 0.0600586 0.0361328 0.0595703
0 0.265875 0.694824 0.598633 0.0224609 0.0332031
0 0.28042 0.849121 0.0834961 0.0419922 0.0458984
0 0.280596 0.872559 0.147949 0.0361328 0.0400391
0 0.281394 0.637207 0.11377 0.0322266 0.0517578
0 0.282944 0.668945 0.143066 0.0351562 0.0322266
0 0.288377 0.354004 0.779297 0.0322266 0.0390625
0 0.289137 0.723633 0.419922 0.0410156 0.0546875
0 0.297641 0.392578 0.689453 0.03125 0.0410156
0 0.302018 0.701172 0.804199 0.0410156 0.0576172
0 0.305125 0.349121 0.105469 0.0458984 0.0566406
0 0.305414 0.258301 0.318848 0.0224609 0.0439453
0 0.308016 0.686523 0.732422 0.0390625 0.0390625
0 0.310067 0.612793 0.755859 0.0205078 0.0332031
0 0.313123 0.519043 0.394043 0.0322266 0.0439453
0 0.320573 0.331055 0.0146484 0.0371094 0.0292969
0 0.329482 0.744629 0.855469 0.0400391 0.0371094
0 0.335324 0.104004 0.39502 0.0498047 0.0537109
0 0.339577 0.650879 0.806152 0.0166016 0.0224609
0 0.344141 0.460449 0.681152 0.0458984 0.0615234
0 0.34868 0.522461 0.98877 0.015625 0.0224609
0 0.357674 0.472656 0.169434 0.0332031 0.0458984
0 0.359383 0.582031 0.0444336 0.0703125 0.0751953
0 0.365352 0.567383 0.88623 0.03125 0.0458984
0 0.386332 0.643066 0.0288086 0.0283203 0.0419922
0 0.404929 0.708496 0.0839844 0.0556641 0.046875
0 0.40507 0.760254 0.786621 0.0263672 0.0458984
0 0.405249 0.410156 0.0561523 0.0488281 0.0634766
0 0.405281 0.439453 0.128906 0.0488281 0.0625
0 0.406378 0.526855 0.148926 0.0341797 0.0498047
0 0.415615 0.661133 0.612793 0.0371094 0.0576172
0 0.428336 0.721191 0.660156 0.0341797 0.046875
0 0.438876 0.303711 0.835449 0.0234375 0.0439453
0 0.439302 0.656738 0.914551 0.0341797 0.0478516
0 0.45212 0.479004 0.0449219 0.0595703 0.0664062
0 0.467606 0.469238 0.909668 0.0498047 0.0419922
0 0.478148 0.532715 0.739258 0.0419922 0.0566406
0 0.508268 0.608887 0.82373 0.0361328 0.0478516
0 0.552076 0.509766 0.82666 0.0332031 0.0458984
