0 0.101611 0.487305 0.915039 0.03125 0.0507812
0 0.101994 0.234863 0.227539 0.0361328 0.046875
0 0.104862 0.196289 0.241699 0.0273438 0.0419922
0 0.106751 0.255859 0.867676 0.0292969 0.0380859
0 0.106909 0.212891 0.952637 0.0371094 0.0478516
0 0.107071 0.15625 0.310059 0.0292969 0.0361328
0 0.107091 0.166016 0.630859 0.0234375 0.03125
0 0.107208 0.335938 0.268066 0.0566406 0.0576172
0 0.107779 0.745117 0.246582 0.0390625 0.0302734
0 0.107933 0.223145 0.54248 0.0244141 0.0283203
0 0.108367 0.334473 0.13623 0.0400391 0.0478516
0 0.10936 0.156738 0.929688 0.0361328 0.0585938
0 0.110159 0.555664 0.305176 0.03125 0.0380859
0 0.112314 0.369141 0.976074 0.0292969 0.0439453
0 0.11262 0.599121 0.828125 0.0400391 0.0507812
0 0.114473 0.123047 0.67334 0.015625 0.0205078
0 0.116483 0.126953 0.66748 0.0273438 0.0244141
0 0.116697 0.519043 0.813477 0.0263672 0.0253906
0 0.117692 0.263672 0.680176 0.0175781 0.0185547
0 0.126972 0.572754 0.403809 0.0205078 0.0263672
0 0.127687 0.306152 0.63623 0.0224609 0.0263672
0 0.128956 0.646973 0.98291 0.0341797 0.0302734
0 0.134504 0.541016 0.977051 0.015625 0.0283203
0 0.136696 0.141602 0.20459 0.0351562 0.0400391
0 0.137309 0.629395 0.777832 0.0947266 0.0712891
0 0.140363 0.563965 0.817383 0.0498047 0.0410156
0 0.140565 0.187988 0.791504 0.0126953 0.0205078
0 0.142327 0.184082 0.191895 0.0439453 0.0478516
0 0.142869 0.159668 0.608398 0.0205078 0.0234375
0 0.143494 0.166504 0.77002 0.00683594 0.0126953
0 0.14762 0.593262 0.81543 0.0615234 0.0703125
0 0.148771 0.292969 0.848633 0.0136719 0.0371094
0 0.150323 0.102539 0.716309 0.03125 0.0263672
0 0.15037 0.0380859 0.644531 0.0527344 0.0351562
0 0.15739 0.317871 0.928223 0.0205078 0.0419922
0 0.158332 0.533203 0.945312 0.0351562 0.0722656
0 0.159689 0.0444336 0.23291 0.0302734 0.0419922
0 0.16149 0.0878906 0.283203 0.0527344 0.0390625
0 0.16208 0.488281 0.641602 0.0234375 0.0273438
0 0.162098 0.447754 0.788086 0.0498047 0.078125
0 0.162557 0.149414 0.79248 0.0175781 0.0224609
0 0.163448 0.14209 0.313477 0.0576172 0.0507812
0 0.163751 0.240234 0.790527 0.0117188 0.0205078
0 0.163942 0.587402 0.963379 0.0419922 0.0634766
0 0.16974 0.499023 0.0830078 0.0214844 0.0292969
0 0.173192 0.0776367 0.805176 0.0322266 0.0400391
0 0.175333 0.276367 0.597656 0.0136719 0.0273438
0 0.175689 0.406738 0.225098 0.0478516 0.0361328
0 0.176074 0.442383 0.885254 0.0195312 0.0263672
0 0.180595 0.106934 0.525391 0.0439453 0.0429688
0 0.180813 0.20459 0.119629 0.0458984 0.0556641
0 0.185728 0.38916 0.140137 0.0400391 0.0810547
0 0.186534 0.597656 0.786133 0.0625 0.0976562
0 0.188784 0.378906 0.915527 0.0214844 0.0498047
0 0.191181 0.172852 0.800781 0.0175781 0.0234375
0 0.196495 0.234375 0.97168 0.046875 0.0507812
0 0.203231 0.0649414 0.525391 0.0205078 0.0292969
0 0.205054 0.808594 0.0888672 0.0332031 0.0371094
0 0.210553 0.202637 0.943359 0.0244141 0.03125
0 0.212348 0.20752 0.641602 0.0302734 0.0351562
0 0.223028 0.447754 0.194336 0.0458984 0.0644531
0 0.225959 0.250488 0.208984 0.0361328 0.0390625
0 0.228132 0.469727 0.0664062 0.0429688 0.0292969
0 0.23027 0.0180664 0.57666 0.0302734 0.0341797
0 0.230845 0.464844 0.222168 0.0351562 0.0439453
0 0.240847 0.459473 0.768555 0.0341797 0.0644531
0 0.241203 0.518555 0.297363 0.0351562 0.0458984
0 0.25446 0.0380859 0.530273 0.0195312 0.0292969
0 0.275981 0.422363 0.17041 0.0244141 0.0302734
0 0.283786 0.294922 0.631348 0.0332031 0.0302734
0 0.291417 0.153809 0.605469 0.0263672 0.0351562
0 0.295646 0.303223 0.722168 0.0185547 0.0322266
0 0.339126 0.137695 0.854004 0.0253906 0.0322266
0 0.362553 0.458984 0.208008 0.046875 0.0664062
0 0.366983 0.291992 0.976562 0.0195312 0.046875
0 0.3878 0.413086 0.678223 0.0253906 0.0400391
0 0.388003 0.66748 0.771484 0.0478516 0.0605469
0 0.426512 0.114746 0.644043 0.0263672 0.0458984
0 0.439281 0.204102 0.604004 0.0292969 0.0341797
0 0.48786 0.0644531 0.731445 0.0332031 0.0449219
0 0.570317 0.501465 0.194824 0.0322266 0.0380859
