0 0.100391 0.422363 0.393066 0.0126953 0.0166016
0 0.101919 0.109375 0.795898 0.0332031 0.0488281
0 0.102906 0.194336 0.700195 0.015625 0.0214844
0 0.103237 0.289551 0.569336 0.0126953 0.0234375
0 0.107949 0.852051 0.361328 0.0244141 0.0351562
0 0.109341 0.227539 0.906738 0.0332031 0.0458984
0 0.110354 0.164551 0.584473 0.0224609 0.0361328
0 0.110942 0.217285 0.679688 0.0224609 0.0292969
0 0.111523 0.817871 0.460938 0.0205078 0.0429688
0 0.112221 0.347656 0.645508 0.0351562 0.0488281
0 0.112998 0.261719 0.666016 0.046875 0.0507812
0 0.114248 0.830078 0.213379 0.0234375 0.0439453
0 0.121946 0.240234 0.833984 0.0253906 0.0273438
0 0.124259 0.873535 0.334473 0.0146484 0.0205078
0 0.126457 0.756348 0.259277 0.0166016 0.0185547
0 0.128729 0.329102 0.147461 0.0253906 0.046875
0 0.128807 0.258301 0.363281 0.0185547 0.0175781
0 0.129145 0.424805 0.0292969 0.0371094 0.0585938
0 0.129376 0.967773 0.272949 0.0546875 0.0576172
0 0.137172 0.77002 0.14502 0.0205078 0.0361328
0 0.146678 0.841309 0.0458984 0.0283203 0.0234375
0 0.149987 0.554688 0.241699 0.0195312 0.0185547
0 0.15708 0.369629 0.185059 0.0341797 0.0498047
0 0.171431 0.339844 0.43457 0.0214844 0.0195312
0 0.177824 0.661621 0.493652 0.0205078 0.0205078
0 0.185068 0.69043 0.269531 0.0136719 0.0175781
0 0.186126 0.820312 0.148926 0.0273438 0.0341797
0 0.186741 0.417969 0.191406 0.0332031 0.0429688
0 0.192592 0.365234 0.532227 0.03125 0.0449219
0 0.203499 0.303223 0.607422 0.0185547 0.0234375
0 0.205282 0.231934 0.540527 0.0283203 0.0400391
0 0.223037 0.27002 0.535645 0.0224609 0.0537109
0 0.260413 0.820312 0.327637 0.0214844 0.0380859
0 0.284001 0.780762 0.181641 0.0205078 0.0234375
0 0.31684 0.137207 0.671387 0.0341797 0.0400391
0 0.337702 0.875 0.286133 0.0332031 0.0332031
0 0.34076 0.384766 0.161621 0.0625 0.0947266
