0 0.102128 0.70459 0.221191 0.0146484 0.0146484
0 0.102182 0.570312 0.0249023 0.00976562 0.0185547
0 0.104592 0.850586 0.319336 0.015625 0.0214844
0 0.105922 0.156738 0.228027 0.0439453 0.0439453
0 0.11004 0.246582 0.00976562 0.0205078 0.0195312
0 0.113887 0.21582 0.0175781 0.0117188 0.0175781
0 0.122121 0.65625 0.476074 0.0273438 0.0224609
0 0.124029 0.0893555 0.141602 0.0205078 0.0234375
0 0.12667 0.169434 0.0791016 0.0302734 0.0351562
0 0.128312 0.700684 0.0532227 0.0302734 0.0302734
0 0.128419 0.191895 0.26123 0.0166016 0.0263672
0 0.148679 0.179688 0.046875 0.0117188 0.0273438
0 0.14873 0.812988 0.668457 0.0380859 0.0654297
0 0.158343 0.378906 0.952637 0.0234375 0.0419922
0 0.159359 0.861328 0.445312 0.0175781 0.0214844
0 0.160986 0.76123 0.114746 0.0263672 0.0439453
0 0.163231 0.232422 0.326172 0.0292969 0.0351562
0 0.176588 0.720703 0.102051 0.0292969 0.0224609
0 0.192479 0.242188 0.0727539 0.0136719 0.0205078
0 0.206882 0.349121 0.0800781 0.0224609 0.0292969
0 0.208701 0.254883 0.0107422 0.03125 0.015625
0 0.216928 0.26709 0.180664 0.0244141 0.0371094
0 0.21735 0.137207 0.081543 0.0185547 0.0283203
0 0.253988 0.42041 0.187988 0.0302734 0.0283203
0 0.279413 0.38916 0.0151367 0.0244141 0.0205078
0 0.31711 0.0859375 0.236816 0.0527344 0.0322266
0 0.344 0.862793 0.276367 0.0263672 0.0253906
