0 0.100318 0.408203 0.57666 0.0175781 0.0244141
0 0.101015 0.585449 0.388184 0.0322266 0.0439453
0 0.101119 0.301758 0.343262 0.0117188 0.0205078
0 0.101307 0.489258 0.538086 0.015625 0.0292969
0 0.102221 0.329102 0.0810547 0.0292969 0.0390625
0 0.102347 0.53418 0.409668 0.0253906 0.0439453
0 0.103027 0.524414 0.486816 0.0292969 0.0400391
0 0.103049 0.37793 0.230469 0.015625 0.0292969
0 0.104619 0.458496 0.467285 0.0458984 0.0380859
0 0.104924 0.675293 0.45752 0.0107422 0.0283203
0 0.105264 0.665039 0.481934 0.0488281 0.0498047
0 0.105432 0.213867 0.38623 0.00976562 0.0244141
0 0.106102 0.614746 0.0605469 0.0673828 0.0644531
0 0.106156 0.369629 0.0136719 0.0224609 0.0273438
0 0.107405 0.575684 0.556641 0.0283203 0.03125
0 0.107719 0.725586 0.333984 0.015625 0.0273438
0 0.10846 0.380371 0.0102539 0.0302734 0.0205078
0 0.109489 0.300781 0.387207 0.0175781 0.0224609
0 0.10981 0.151367 0.20752 0.0546875 0.0751953
0 0.109893 0.620117 0.28125 0.0332031 0.0410156
0 0.110594 0.477051 0.10498 0.0224609 0.0341797
0 0.112738 0.178223 0.980957 0.0224609 0.0322266
0 0.114331 0.211914 0.51709 0.0195312 0.0263672
0 0.114625 0.337891 0.164062 0.0273438 0.0292969
0 0.114876 0.594238 0.321289 0.0244141 0.0351562
0 0.114938 0.31543 0.241699 0.0292969 0.0302734
0 0.115194 0.432617 0.0253906 0.0585938 0.0507812
0 0.115529 0.330078 0.227539 0.0429688 0.0703125
0 0.115571 0.319336 0.128418 0.0273438 0.0478516
0 0.115591 0.23877 0.0791016 0.0361328 0.0449219
0 0.1163 0.35498 0.152344 0.0146484 0.0292969
0 0.116324 0.436523 0.429688 0.0214844 0.0195312
0 0.117069 0.439941 0.0102539 0.0400391 0.0146484
0 0.117945 0.564941 0.370117 0.0244141 0.0351562
0 0.118682 0.414062 0.586914 0.0175781 0.03125
0 0.119129 0.616211 0.600586 0.0292969 0.046875
0 0.119804 0.706543 0.0791016 0.0283203 0.0371094
0 0.121744 0.323242 0.118652 0.0195312 0.0263672
0 0.121831 0.344238 0.337891 0.0283203 0.0410156
0 0.122253 0.371582 0.236816 0.0185547 0.0302734
0 0.122612 0.768066 0.318359 0.0517578 0.0390625
0 0.123206 0.502441 0.169434 0.0283203 0.0673828
0 0.125242 0.607422 0.441406 0.0195312 0.0351562
0 0.125269 0.354004 0.811523 0.0146484 0.0234375
0 0.128787 0.154785 0.37793 0.0576172 0.0664062
0 0.128975 0.168945 0.614258 0.0488281 0.0722656
0 0.129709 0.803223 0.345215 0.0205078 0.0263672
0 0.13006 0.303223 0.843262 0.0263672 0.0537109
0 0.131505 0.453613 0.354004 0.0283203 0.0283203
0 0.132616 0.259277 0.222168 0.0263672 0.0322266
0 0.133022 0.617676 0.257324 0.0205078 0.0361328
0 0.133407 0.615234 0.441406 0.0195312 0.0273438
0 0.13399 0.242188 0.0297852 0.0527344 0.0595703
0 0.134171 0.51123 0.204102 0.0341797 0.0449219
0 0.134315 0.131348 0.303223 0.0400391 0.0517578
0 0.13467 0.541504 0.0585938 0.0673828 0.0898438
0 0.135221 0.490723 0.534668 0.0107422 0.0146484
0 0.136209 0.60498 0.257812 0.0205078 0.0351562
0 0.136347 0.447266 0.253418 0.0234375 0.0244141
0 0.136772 0.602539 0.418457 0.00976562 0.0341797
0 0.137135 0.614258 0.269043 0.0332031 0.0498047
0 0.137647 0.419434 0.541016 0.0126953 0.0253906
0 0.138951 0.371582 0.0766602 0.0146484 0.0263672
0 0.139255 0.59082 0.373535 0.0214844 0.0322266
0 0.13979 0.452637 0.105469 0.0322266 0.0429688
0 0.140935 0.256348 0.364746 0.0400391 0.0517578
0 0.141182 0.480957 0.263184 0.0126953 0.0419922
0 0.141513 0.249512 0.189941 0.0537109 0.0751953
0 0.14195 0.744629 0.317871 0.0283203 0.0263672
0 0.14327 0.484863 0.303223 0.0107422 0.0146484
0 0.143989 0.294922 0.258789 0.03125 0.046875
0 0.144508 0.497559 0.39209 0.0263672 0.0263672
0 0.144932 0.297852 0.242676 0.0351562 0.0556641
0 0.147053 0.352539 0.335449 0.0175781 0.0224609
0 0.148079 0.332031 0.182617 0.0351562 0.0585938
0 0.148522 0.581055 0.397461 0.0214844 0.0253906
0 0.148988 0.203613 0.378418 0.0185547 0.0302734
0 0.149703 0.477539 0.118652 0.03125 0.0517578
0 0.14971 0.0234375 0.164062 0.0449219 0.0703125
0 0.15025 0.44873 0.106445 0.0146484 0.0371094
0 0.150733 0.306152 0.931152 0.0322266 0.0498047
0 0.152977 0.396484 0.583984 0.03125 0.0273438
0 0.154961 0.637207 0.537598 0.0205078 0.0322266
0 0.155439 0.603516 0.430176 0.0117188 0.0341797
0 0.156188 0.337891 0.305176 0.0214844 0.0263672
0 0.15651 0.208008 0.372559 0.015625 0.0322266
0 0.157649 0.667969 0.356445 0.0253906 0.0351562
0 0.158382 0.44873 0.157715 0.0166016 0.0244141
0 0.158409 0.361328 0.348633 0.0292969 0.0429688
0 0.159385 0.432129 0.0200195 0.0361328 0.0341797
0 0.160776 0.744141 0.254883 0.0273438 0.0410156
0 0.160923 0.705078 0.197266 0.0625 0.0644531
0 0.161358 0.256836 0.270996 0.0429688 0.0498047
0 0.16209 0.356445 0.141602 0.015625 0.0390625
0 0.162379 0.459961 0.546387 0.015625 0.0244141
0 0.164813 0.320801 0.0224609 0.0458984 0.0449219
0 0.166886 0.172852 0.166504 0.0234375 0.0556641
0 0.16695 0.0898438 0.240723 0.0332031 0.0517578
0 0.167495 0.441895 0.602051 0.0126953 0.0185547
0 0.167502 0.390137 0.131836 0.0166016 0.0273438
0 0.167656 0.413086 0.0229492 0.0429688 0.0380859
0 0.169218 0.330566 0.208496 0.0224609 0.0458984
0 0.170238 0.639648 0.130371 0.0371094 0.0615234
0 0.171006 0.45459 0.474609 0.0263672 0.0273438
0 0.172356 0.391113 0.0961914 0.0107422 0.0244141
0 0.172493 0.156738 0.527832 0.0556641 0.0419922
0 0.174813 0.103027 0.304199 0.0673828 0.0478516
0 0.175799 0.399414 0.326172 0.0234375 0.03125
0 0.176425 0.334473 0.790527 0.0224609 0.0263672
0 0.179772 0.218262 0.20459 0.0380859 0.0517578
0 0.181417 0.24707 0.716309 0.0234375 0.0419922
0 0.181655 0.0664062 0.170898 0.0507812 0.0742188
0 0.185746 0.0698242 0.500488 0.0244141 0.0361328
0 0.186663 0.308105 0.0327148 0.0576172 0.0654297
0 0.188666 0.779785 0.313965 0.0263672 0.0341797
0 0.190422 0.566895 0.621094 0.0185547 0.0234375
0 0.191518 0.317871 0.218262 0.0263672 0.0400391
0 0.191602 0.0307617 0.0175781 0.0615234 0.0351562
0 0.191732 0.522461 0.33252 0.015625 0.0205078
0 0.192117 0.264648 0.224121 0.0175781 0.0224609
0 0.194775 0.565918 0.419922 0.0107422 0.0253906
0 0.194856 0.5 0.148438 0.0234375 0.0390625
0 0.195061 0.631836 0.0336914 0.0996094 0.0673828
0 0.200003 0.180664 0.304688 0.03125 0.0449219
0 0.203774 0.266113 0.373047 0.0283203 0.0351562
0 0.205256 0.383301 0.156738 0.0263672 0.0458984
0 0.208518 0.391602 0.914551 0.0371094 0.0654297
0 0.208637 0.41748 0.158691 0.0166016 0.0205078
0 0.209277 0.431641 0.434082 0.0332031 0.0283203
0 0.211055 0.601562 0.403809 0.0117188 0.0322266
0 0.215681 0.437012 0.396973 0.0166016 0.0244141
0 0.219208 0.432617 0.250488 0.015625 0.0244141
0 0.219603 0.387695 0.0561523 0.0136719 0.0205078
0 0.219844 0.406738 0.583008 0.0283203 0.0332031
0 0.220557 0.452148 0.302734 0.03125 0.0390625
0 0.2206 0.419434 0.43457 0.0498047 0.0390625
0 0.220715 0.470215 0.40918 0.0107422 0.0175781
0 0.224782 0.379395 0.141113 0.0205078 0.0400391
0 0.226892 0.3125 0.116699 0.0351562 0.0400391
0 0.229693 0.444336 0.475098 0.0410156 0.0400391
0 0.234166 0.54541 0.34082 0.0244141 0.0351562
0 0.235186 0.391113 0.358887 0.0185547 0.0224609
0 0.235868 0.535156 0.397461 0.015625 0.0234375
0 0.236116 0.182617 0.367188 0.0292969 0.03125
0 0.236857 0.541992 0.90332 0.0273438 0.0273438
0 0.241624 0.422363 0.97998 0.0244141 0.0380859
0 0.242457 0.305664 0.21582 0.0136719 0.03125
0 0.242478 0.32666 0.282227 0.0205078 0.0351562
0 0.243622 0.494141 0.187988 0.0507812 0.0400391
0 0.244024 0.480957 0.452637 0.0224609 0.0302734
0 0.245305 0.431152 0.243652 0.0224609 0.0361328
0 0.255095 0.311523 0.23291 0.0371094 0.0556641
0 0.255097 0.413574 0.124023 0.0146484 0.0214844
0 0.256144 0.30127 0.268555 0.0224609 0.0371094
0 0.256193 0.404785 0.0234375 0.0244141 0.0292969
0 0.258468 0.512695 0.981934 0.03125 0.0341797
0 0.258952 0.487305 0.927246 0.0507812 0.0498047
0 0.265617 0.336426 0.32666 0.0439453 0.0556641
0 0.269793 0.317871 0.078125 0.0224609 0.046875
0 0.270377 0.541016 0.0273438 0.0761719 0.0546875
0 0.279604 0.469238 0.0888672 0.0341797 0.0761719
0 0.28117 0.116211 0.869629 0.0605469 0.0791016
0 0.281338 0.422363 0.233887 0.0166016 0.0302734
0 0.282662 0.646973 0.36377 0.0380859 0.0595703
0 0.298181 0.0356445 0.267578 0.0537109 0.0761719
0 0.314432 0.394531 0.22998 0.0117188 0.0283203
0 0.315019 0.352051 0.0844727 0.0322266 0.0439453
0 0.318233 0.70459 0.34375 0.0107422 0.0175781
0 0.321015 0.46875 0.0205078 0.0507812 0.0410156
0 0.322842 0.20166 0.0581055 0.0419922 0.102539
0 0.323229 0.211914 0.288574 0.00976562 0.0263672
0 0.325366 0.491211 0.141602 0.0273438 0.046875
0 0.33042 0.496582 0.444824 0.0458984 0.0439453
0 0.3323 0.537109 0.0922852 0.0449219 0.0634766
0 0.333205 0.565918 0.25293 0.0185547 0.0449219
0 0.337518 0.0883789 0.301758 0.0400391 0.0332031
0 0.340544 0.372559 0.258301 0.0146484 0.0205078
0 0.341935 0.343262 0.990234 0.0380859 0.0195312
0 0.3454 0.456055 0.253906 0.015625 0.0195312
0 0.345658 0.266602 0.563965 0.03125 0.0302734
0 0.361128 0.150391 0.230957 0.0527344 0.0458984
0 0.362244 0.14502 0.365234 0.0380859 0.0410156
0 0.365696 0.231934 0.82959 0.0830078 0.0908203
0 0.374937 0.331055 0.159668 0.0371094 0.0439453
0 0.382671 0.666504 0.411133 0.0380859 0.0546875
0 0.385524 0.211914 0.338867 0.0136719 0.0273438
0 0.391528 0.518066 0.213379 0.0146484 0.0244141
0 0.395638 0.507324 0.244141 0.0166016 0.0429688
0 0.399663 0.292969 0.384277 0.0175781 0.0224609
0 0.40022 0.535645 0.489746 0.0478516 0.0576172
0 0.405854 0.587891 0.452148 0.0234375 0.0449219
0 0.405909 0.317383 0.337402 0.0351562 0.0478516
0 0.408792 0.348633 0.397949 0.0214844 0.0283203
0 0.412872 0.506836 0.192383 0.03125 0.0410156
0 0.42051 0.470703 0.180176 0.0214844 0.0419922
0 0.421648 0.237793 0.206055 0.0595703 0.0644531
0 0.423238 0.421875 0.0703125 0.0234375 0.0527344
0 0.440202 0.670898 0.262695 0.0351562 0.0488281
0 0.460231 0.246094 0.35791 0.0332031 0.0478516
0 0.46572 0.37793 0.29541 0.0234375 0.0283203
0 0.472302 0.37207 0.355469 0.015625 0.0351562
0 0.492476 0.330078 0.271484 0.0273438 0.046875
0 0.546725 0.245605 0.285645 0.0478516 0.0556641
0 0.549379 0.542969 0.273438 0.0136719 0.0253906
0 0.571493 0.353027 0.210449 0.0283203 0.0537109
0 0.590928 0.762695 0.354492 0.0488281 0.046875
