0 0.101169 0.256836 0.260254 0.0273438 0.0498047
0 0.102787 0.319336 0.193848 0.0292969 0.0517578
0 0.103609 0.549316 0.563965 0.0126953 0.0283203
0 0.112183 0.557129 0.0288086 0.0146484 0.0185547
0 0.115051 0.23877 0.175293 0.0185547 0.0185547
0 0.115729 0.0478516 0.106445 0.0273438 0.0429688
0 0.115807 0.276855 0.203125 0.00878906 0.0253906
0 0.119177 0.365234 0.413086 0.015625 0.0175781
0 0.120714 0.321289 0.175781 0.015625 0.0175781
0 0.12219 0.849609 0.779297 0.03125 0.0351562
0 0.123287 0.481445 0.327637 0.0117188 0.0166016
0 0.124626 0.744141 0.301758 0.00976562 0.0175781
0 0.126601 0.421875 0.154297 0.0234375 0.0351562
0 0.128387 0.640137 0.358398 0.0205078 0.0234375
0 0.139263 0.743652 0.517578 0.0146484 0.0292969
0 0.146526 0.654785 0.126953 0.0341797 0.03125
0 0.148559 0.515625 0.609863 0.0234375 0.0263672
0 0.150974 0.577637 0.652344 0.0341797 0.0546875
0 0.165885 0.587402 0.341797 0.0322266 0.0703125
0 0.171603 0.40332 0.106445 0.0195312 0.0234375
0 0.172521 0.545898 0.334961 0.0175781 0.0292969
0 0.173731 0.552246 0.558105 0.0185547 0.0361328
0 0.183142 0.632324 0.396484 0.0146484 0.0214844
0 0.189368 0.322266 0.0805664 0.0175781 0.0283203
0 0.195888 0.315918 0.236816 0.0146484 0.0166016
0 0.208915 0.378418 0.32373 0.0166016 0.0283203
0 0.209804 0.46582 0.383301 0.0117188 0.0166016
0 0.219852 0.396484 0.384277 0.0214844 0.0283203
0 0.236189 0.357422 0.0859375 0.0292969 0.0351562
0 0.288046 0.47998 0.651367 0.0380859 0.0527344
0 0.288915 0.257324 0.3125 0.0556641 0.0605469
0 0.312735 0.664551 0.116699 0.0458984 0.0537109
0 0.42275 0.391602 0.24707 0.0136719 0.0292969
