0 0.100284 0.76416 0.404785 0.0185547 0.0224609
0 0.101395 0.10791 0.686035 0.0361328 0.0634766
0 0.10407 0.178223 0.169922 0.0224609 0.0292969
0 0.104679 0.382324 0.250977 0.0126953 0.0195312
0 0.105646 0.797363 0.469238 0.0185547 0.0263672
0 0.108049 0.728516 0.258789 0.00976562 0.0175781
0 0.109202 0.137207 0.656738 0.0244141 0.0302734
0 0.109853 0.607422 0.375488 0.0136719 0.0185547
0 0.112826 0.535645 0.329102 0.0166016 0.0292969
0 0.113229 0.290039 0.239258 0.015625 0.0175781
0 0.114625 0.290527 0.154785 0.0224609 0.0283203
0 0.116071 0.323242 0.0908203 0.0429688 0.0449219
0 0.116077 0.109375 0.17334 0.0332031 0.0439453
0 0.118993 0.362793 0.224121 0.0380859 0.0419922
0 0.126851 0.283203 0.874023 0.0253906 0.0605469
0 0.128093 0.50293 0.453613 0.0136719 0.0205078
0 0.129778 0.427246 0.317871 0.0146484 0.0244141
0 0.130164 0.406738 0.761719 0.0244141 0.03125
0 0.131748 0.805176 0.424805 0.0185547 0.0234375
0 0.135847 0.384277 0.880859 0.0224609 0.03125
0 0.137909 0.169922 0.664551 0.0292969 0.0419922
0 0.138292 0.47168 0.412598 0.0078125 0.0185547
0 0.139493 0.440918 0.103516 0.0341797 0.0332031
0 0.142329 0.311523 0.151367 0.0351562 0.0390625
0 0.143788 0.224609 0.518555 0.0253906 0.0253906
0 0.145889 0.806152 0.762207 0.0400391 0.0498047
0 0.14668 0.862793 0.0454102 0.0185547 0.0361328
0 0.148343 0.325684 0.31543 0.0126953 0.015625
0 0.151921 0.367188 0.0112305 0.0214844 0.0224609
0 0.15358 0.817383 0.0585938 0.0253906 0.0351562
0 0.162234 0.268555 0.135742 0.0234375 0.0292969
0 0.164887 0.79248 0.465332 0.0166016 0.0185547
0 0.167357 0.854492 0.193848 0.0175781 0.0224609
0 0.170637 0.726562 0.444824 0.0136719 0.0166016
0 0.177302 0.521973 0.294922 0.0126953 0.0214844
0 0.18256 0.217285 0.179199 0.0361328 0.0341797
0 0.183211 0.859375 0.489258 0.0214844 0.0234375
0 0.186624 0.352539 0.21875 0.0351562 0.0371094
0 0.187393 0.306641 0.218262 0.0253906 0.0419922
0 0.190082 0.328125 0.00976562 0.03125 0.015625
0 0.195592 0.313477 0.0834961 0.0234375 0.0361328
0 0.210107 0.276367 0.20752 0.0273438 0.0341797
0 0.21181 0.228516 0.121094 0.0253906 0.0371094
0 0.221387 0.75293 0.11084 0.0253906 0.0322266
0 0.2221 0.727539 0.178711 0.0429688 0.0488281
0 0.225645 0.236328 0.0712891 0.0332031 0.0429688
0 0.229295 0.460449 0.15332 0.0263672 0.0273438
0 0.249989 0.298828 0.326172 0.0136719 0.0175781
0 0.272757 0.157715 0.699707 0.0283203 0.0283203
0 0.304174 0.418945 0.141602 0.015625 0.0214844
0 0.31254 0.472168 0.334961 0.0185547 0.0195312
0 0.32748 0.227539 0.371582 0.0332031 0.0322266
0 0.374544 0.378906 0.0698242 0.0273438 0.0419922
0 0.409909 0.265137 0.266602 0.0263672 0.0429688
0 0.409954 0.405273 0.00927734 0.0273438 0.0185547
