0 0.101515 0.364258 0.544922 0.0234375 0.0214844
0 0.103578 0.0908203 0.459473 0.0390625 0.0556641
0 0.10686 0.628418 0.703613 0.0400391 0.0361328
0 0.113263 0.820312 0.867188 0.0390625 0.0273438
0 0.115906 0.277832 0.305664 0.0302734 0.0371094
0 0.123013 0.619629 0.984863 0.0302734 0.0283203
0 0.124981 0.393555 0.263672 0.0234375 0.0292969
0 0.131828 0.419434 0.651367 0.0224609 0.0214844
0 0.137332 0.595703 0.655762 0.0214844 0.0283203
0 0.140202 0.630859 0.0170898 0.0644531 0.0322266
0 0.148322 0.374512 0.740723 0.0205078 0.0302734
0 0.157186 0.289551 0.428223 0.0595703 0.0478516
0 0.160673 0.374023 0.0761719 0.0820312 0.0917969
0 0.162433 0.679199 0.909668 0.0341797 0.0283203
0 0.16503 0.400391 0.75293 0.0117188 0.0234375
0 0.168668 0.416992 0.366699 0.0136719 0.0244141
0 0.174116 0.312012 0.0375977 0.0419922 0.0576172
0 0.174976 0.133789 0.344727 0.0273438 0.046875
0 0.175234 0.445801 0.270996 0.0244141 0.0302734
0 0.18774 0.519043 0.725098 0.0166016 0.0185547
0 0.1903 0.419922 0.245605 0.0253906 0.0244141
0 0.20031 0.418945 0.319336 0.0371094 0.0507812
0 0.228501 0.491211 0.0185547 0.0742188 0.0332031
0 0.248973 0.293457 0.353516 0.0400391 0.0410156
0 0.258345 0.647949 0.62793 0.0380859 0.03125
0 0.287725 0.449707 0.589355 0.0263672 0.0224609
0 0.361183 0.197754 0.191895 0.0380859 0.0439453
0 0.371477 0.580566 0.983887 0.0244141 0.0263672
0 0.400409 0.779297 0.906738 0.0390625 0.0322266
0 0.495604 0.561035 0.92627 0.0673828 0.0458984
