0 0.103237 0.367676 0.116211 0.0322266 0.0449219
0 0.106118 0.361816 0.105957 0.0205078 0.0263672
0 0.106769 0.814453 0.210449 0.00976562 0.0205078
0 0.106775 0.519043 0.019043 0.0263672 0.0322266
0 0.111541 0.903809 0.137207 0.0224609 0.0283203
0 0.113493 0.299805 0.321777 0.0195312 0.0166016
0 0.114253 0.121582 0.55957 0.0283203 0.0273438
0 0.115826 0.130371 0.260742 0.0126953 0.0253906
0 0.116106 0.121094 0.337891 0.046875 0.0507812
0 0.11995 0.797363 0.0454102 0.0322266 0.0498047
0 0.12419 0.49707 0.234375 0.0078125 0.0195312
0 0.12426 0.302734 0.681641 0.0546875 0.0488281
0 0.124967 0.486816 0.0761719 0.0263672 0.0351562
0 0.125248 0.40625 0.130859 0.0371094 0.0488281
0 0.132324 0.63916 0.631836 0.0283203 0.0332031
0 0.136975 0.377441 0.174316 0.0244141 0.0283203
0 0.140506 0.171875 0.0131836 0.0410156 0.0205078
0 0.144325 0.984863 0.291992 0.0283203 0.0429688
0 0.144753 0.476562 0.378418 0.0117188 0.0244141
0 0.150881 0.845703 0.210938 0.0175781 0.0292969
0 0.152697 0.411621 0.220703 0.0166016 0.0253906
0 0.15559 0.51416 0.176758 0.0146484 0.0273438
0 0.155615 0.262695 0.145996 0.03125 0.0498047
0 0.158082 0.496094 0.475586 0.0273438 0.0273438
0 0.158568 0.445801 0.241211 0.0166016 0.0234375
0 0.158769 0.163086 0.0180664 0.0664062 0.0341797
0 0.172648 0.430176 0.405762 0.0361328 0.0263672
0 0.186004 0.629883 0.189453 0.015625 0.0253906
0 0.187279 0.34082 0.019043 0.0488281 0.0361328
0 0.192676 0.394531 0.0244141 0.03125 0.0410156
0 0.225911 0.325684 0.118164 0.0224609 0.0390625
0 0.228785 0.375977 0.187012 0.03125 0.0498047
0 0.237843 0.510254 0.350586 0.0185547 0.0351562
0 0.243579 0.28418 0.141113 0.0566406 0.0341797
0 0.244708 0.295898 0.277832 0.0195312 0.0166016
0 0.249904 0.402344 0.617188 0.0273438 0.0273438
0 0.251321 0.503906 0.388184 0.015625 0.0224609
0 0.257493 0.300293 0.144043 0.0380859 0.0380859
0 0.259824 0.446777 0.349609 0.0126953 0.0175781
0 0.288658 0.393066 0.31543 0.0283203 0.0429688
0 0.339514 0.807617 0.842285 0.0683594 0.0458984
0 0.361923 0.464844 0.477539 0.0195312 0.0234375
0 0.363194 0.265137 0.135254 0.0244141 0.0302734
0 0.431062 0.266602 0.0698242 0.0449219 0.0419922
0 0.475258 0.265137 0.407715 0.0439453 0.0380859
