0 0.100226 0.644531 0.223145 0.0332031 0.0302734
0 0.101828 0.36084 0.509277 0.0595703 0.0576172
0 0.103169 0.413086 0.606445 0.0507812 0.0585938
0 0.103744 0.564453 0.479004 0.0117188 0.0146484
0 0.105678 0.493164 0.116211 0.0117188 0.0214844
0 0.110662 0.65625 0.214844 0.0253906 0.0351562
0 0.110864 0.591797 0.361328 0.0175781 0.0234375
0 0.121142 0.880859 0.21582 0.0390625 0.0371094
0 0.121906 0.372559 0.709961 0.0400391 0.0585938
0 0.124655 0.781738 0.407715 0.0283203 0.0341797
0 0.12566 0.416504 0.216309 0.0244141 0.0322266
0 0.126909 0.701172 0.45752 0.0273438 0.0322266
0 0.127231 0.45459 0.159668 0.0224609 0.0205078
0 0.129602 0.154297 0.197266 0.0214844 0.0234375
0 0.129897 0.679199 0.15918 0.0205078 0.0292969
0 0.130016 0.226074 0.583984 0.0517578 0.0761719
0 0.139474 0.366211 0.469727 0.0449219 0.0546875
0 0.140705 0.338867 0.0410156 0.03125 0.0722656
0 0.144594 0.0332031 0.185547 0.0664062 0.0390625
0 0.146957 0.392578 0.146484 0.0292969 0.0292969
0 0.150193 0.717773 0.439453 0.0195312 0.0195312
0 0.150828 0.713867 0.217285 0.0429688 0.0400391
0 0.158008 0.428711 0.272949 0.0136719 0.0263672
0 0.160998 0.312012 0.209961 0.0400391 0.0605469
0 0.166278 0.270508 0.205078 0.03125 0.0527344
0 0.167793 0.361816 0.312988 0.0283203 0.0419922
0 0.169984 0.477051 0.303223 0.0146484 0.0224609
0 0.170877 0.359375 0.474121 0.0214844 0.0283203
0 0.174516 0.314941 0.409668 0.0654297 0.0712891
0 0.17866 0.615234 0.171387 0.0175781 0.0341797
0 0.184805 0.731934 0.469238 0.0302734 0.0419922
0 0.189727 0.402832 0.404297 0.0419922 0.0664062
0 0.190625 0.0263672 0.0615234 0.0488281 0.0507812
0 0.198896 0.426758 0.207031 0.015625 0.0175781
0 0.20164 0.662598 0.206543 0.0380859 0.0498047
0 0.233819 0.432617 0.268555 0.0195312 0.0390625
0 0.237946 0.152344 0.13916 0.0664062 0.0478516
0 0.247839 0.630859 0.233398 0.0429688 0.0371094
0 0.257698 0.430664 0.52832 0.0273438 0.0273438
0 0.259684 0.184082 0.0917969 0.0166016 0.0292969
0 0.261858 0.192383 0.213379 0.0234375 0.0341797
0 0.271204 0.22168 0.0454102 0.03125 0.0400391
0 0.289197 0.386719 0.254883 0.0273438 0.0253906
0 0.290489 0.304688 0.606934 0.0332031 0.0439453
0 0.291972 0.621094 0.369629 0.0234375 0.0380859
0 0.301749 0.665527 0.391113 0.0126953 0.0185547
0 0.344577 0.439941 0.263184 0.0166016 0.0341797
0 0.364424 0.36377 0.190918 0.0341797 0.0556641
0 0.447459 0.166016 0.0239258 0.0390625 0.0439453
