0 0.100356 0.200684 0.0883789 0.0224609 0.0244141
0 0.108583 0.740234 0.312012 0.0195312 0.0224609
0 0.116959 0.138672 0.108887 0.0292969 0.0322266
0 0.11827 0.230957 0.197754 0.0498047 0.0537109
0 0.119384 0.19873 0.194824 0.0419922 0.0380859
0 0.12004 0.378418 0.515625 0.00878906 0.015625
0 0.123736 0.163086 0.0639648 0.0644531 0.0634766
0 0.126441 0.479492 0.143555 0.0332031 0.0273438
0 0.127665 0.760254 0.316406 0.0107422 0.0175781
0 0.147957 0.287598 0.0800781 0.0244141 0.0390625
0 0.153457 0.404297 0.162598 0.0136719 0.0380859
0 0.15379 0.403809 0.050293 0.0205078 0.0361328
0 0.159916 0.155762 0.0737305 0.0283203 0.0322266
0 0.17409 0.214844 0.19043 0.0449219 0.0351562
0 0.176867 0.175293 0.0458984 0.0986328 0.0898438
0 0.18853 0.265137 0.398438 0.0341797 0.0273438
0 0.198812 0.256836 0.0742188 0.0175781 0.0332031
0 0.2041 0.242676 0.211426 0.0380859 0.0478516
0 0.213984 0.777344 0.268555 0.0507812 0.0390625
0 0.309377 0.428223 0.673828 0.0166016 0.03125
