0 0.104875 0.774414 0.95459 0.03125 0.0439453
0 0.132571 0.76709 0.60498 0.0498047 0.0458984
0 0.164145 0.57666 0.881348 0.0400391 0.0595703
0 0.193179 0.774902 0.882812 0.0302734 0.046875
0 0.219912 0.51709 0.776367 0.0361328 0.0429688
0 0.249248 0.790039 0.216309 0.0332031 0.0322266
0 0.292366 0.629883 0.409668 0.0351562 0.0419922
0 0.294185 0.556641 0.816406 0.0253906 0.0390625
0 0.332596 0.419922 0.776367 0.0273438 0.0390625
0 0.345501 0.70752 0.92041 0.0224609 0.0419922
0 0.347658 0.573242 0.396484 0.046875 0.0507812
0 0.370794 0.867188 0.70752 0.0507812 0.0693359
0 0.407849 0.728516 0.813965 0.046875 0.0654297
0 0.418357 0.682617 0.388184 0.0253906 0.0400391
