0 0.100194 0.843262 0.10791 0.0693359 0.0693359
0 0.101927 0.460449 0.105957 0.0126953 0.0263672
0 0.104555 0.895996 0.276855 0.0244141 0.0478516
0 0.10683 0.54248 0.149902 0.0185547 0.0244141
0 0.10802 0.408691 0.652344 0.0205078 0.0234375
0 0.109779 0.302734 0.337402 0.0117188 0.0263672
0 0.113483 0.371582 0.133301 0.0263672 0.0361328
0 0.114156 0.96582 0.16748 0.0507812 0.0400391
0 0.118195 0.368164 0.0126953 0.0195312 0.0253906
0 0.118765 0.582031 0.230469 0.0253906 0.0253906
0 0.122091 0.492188 0.130371 0.0136719 0.0224609
0 0.122252 0.378906 0.12793 0.0253906 0.03125
0 0.12241 0.780762 0.304199 0.0263672 0.0283203
0 0.123041 0.268066 0.0507812 0.0205078 0.0292969
0 0.124899 0.344238 0.527344 0.0205078 0.0214844
0 0.12595 0.34082 0.0141602 0.015625 0.0263672
0 0.129902 0.285156 0.0141602 0.0273438 0.0263672
0 0.132151 0.262207 0.151367 0.0107422 0.0195312
0 0.132317 0.865723 0.271484 0.0380859 0.0722656
0 0.135296 0.308105 0.0917969 0.0146484 0.0292969
0 0.137789 0.472168 0.205566 0.0107422 0.0166016
0 0.138354 0.362305 0.282715 0.0273438 0.0224609
0 0.13848 0.922852 0.683594 0.0273438 0.0429688
0 0.143997 0.259766 0.00732422 0.0175781 0.0126953
0 0.146337 0.26416 0.45752 0.0185547 0.0224609
0 0.147463 0.89209 0.163574 0.0205078 0.0478516
0 0.149368 0.35498 0.0458984 0.0166016 0.0488281
0 0.159513 0.438477 0.0229492 0.0488281 0.0439453
0 0.161568 0.829102 0.336426 0.015625 0.0302734
0 0.162913 0.966797 0.260254 0.0625 0.0712891
0 0.166386 0.541992 0.0483398 0.0507812 0.0322266
0 0.166894 0.31543 0.129395 0.0175781 0.0185547
0 0.170301 0.318359 0.225098 0.00976562 0.0166016
0 0.173355 0.908203 0.0483398 0.046875 0.0419922
0 0.192434 0.617676 0.41748 0.0263672 0.0224609
0 0.19295 0.270996 0.337891 0.0146484 0.0234375
0 0.197084 0.234375 0.0322266 0.03125 0.0449219
0 0.198208 0.322754 0.338867 0.0126953 0.0292969
0 0.208816 0.740234 0.30127 0.0136719 0.0185547
0 0.214976 0.862305 0.238281 0.0546875 0.0390625
0 0.2261 0.302734 0.185059 0.0292969 0.0302734
0 0.227503 0.491211 0.0507812 0.0234375 0.0273438
0 0.231423 0.465332 0.043457 0.0205078 0.0263672
0 0.245442 0.319824 0.0161133 0.0322266 0.0302734
0 0.279701 0.522461 0.106445 0.0253906 0.046875
0 0.30239 0.599609 0.417969 0.0410156 0.0429688
0 0.311968 0.242188 0.109863 0.0175781 0.0283203
0 0.321096 0.306152 0.262207 0.0166016 0.0185547
0 0.32444 0.418945 0.157715 0.0175781 0.0224609
0 0.350242 0.866699 0.285156 0.0244141 0.0527344
0 0.402823 0.605957 0.0214844 0.0166016 0.0390625
0 0.406183 0.42041 0.124023 0.0146484 0.0253906
0 0.460234 0.456543 0.393066 0.0380859 0.0380859
