0 0.101177 0.23291 0.0517578 0.0302734 0.0488281
0 0.102522 0.583008 0.424316 0.0175781 0.0263672
0 0.105564 0.629395 0.439453 0.0166016 0.0371094
0 0.106237 0.589844 0.0126953 0.0292969 0.0234375
0 0.108653 0.453613 0.540527 0.0146484 0.0244141
0 0.108994 0.976074 0.196777 0.0380859 0.0751953
0 0.109763 0.416016 0.241699 0.015625 0.0322266
0 0.116806 0.21582 0.0673828 0.0136719 0.0253906
0 0.11985 0.848633 0.453125 0.0332031 0.0390625
0 0.12469 0.143066 0.259277 0.0322266 0.0322266
0 0.126355 0.546387 0.327148 0.0341797 0.0332031
0 0.128399 0.885742 0.370605 0.0234375 0.0283203
0 0.133534 0.550781 0.320801 0.0234375 0.0224609
0 0.134076 0.450195 0.163086 0.0234375 0.0507812
0 0.137644 0.520508 0.128418 0.0273438 0.0361328
0 0.145004 0.817383 0.224121 0.0332031 0.0400391
0 0.149903 0.486816 0.522949 0.0146484 0.0185547
0 0.15476 0.437012 0.58252 0.0458984 0.0419922
0 0.163369 0.630859 0.402832 0.0175781 0.0302734
0 0.181528 0.486816 0.178711 0.0107422 0.0175781
0 0.184555 0.844238 0.919434 0.0322266 0.0478516
0 0.189659 0.574219 0.416016 0.0214844 0.0292969
0 0.194023 0.858398 0.193359 0.0273438 0.0292969
0 0.196887 0.245117 0.0195312 0.0332031 0.03125
0 0.206548 0.576172 0.39502 0.0351562 0.0595703
0 0.217201 0.723145 0.47998 0.0224609 0.0400391
0 0.218432 0.821777 0.578125 0.0224609 0.0214844
0 0.224082 0.444824 0.277344 0.0166016 0.0175781
0 0.253497 0.239258 0.0341797 0.0371094 0.0585938
0 0.257045 0.379883 0.354004 0.0332031 0.0458984
0 0.27072 0.635742 0.21582 0.0371094 0.0449219
0 0.285787 0.539551 0.126465 0.0517578 0.0380859
0 0.30516 0.412598 0.0898438 0.0458984 0.0410156
0 0.326058 0.614258 0.129883 0.0273438 0.0371094
0 0.334799 0.57959 0.411133 0.0302734 0.046875
0 0.3606 0.437988 0.0366211 0.0341797 0.0517578
0 0.389689 0.348145 0.0795898 0.0322266 0.0478516
0 0.454954 0.566406 0.374512 0.0214844 0.0283203
0 0.461676 0.581543 0.129395 0.0244141 0.0400391
0 0.473682 0.308594 0.046875 0.0332031 0.0546875
0 0.484775 0.633789 0.416016 0.0292969 0.0488281
