0 0.10499 0.689941 0.400879 0.0224609 0.0263672
0 0.105005 0.39502 0.842285 0.0146484 0.0341797
0 0.107507 0.341797 0.0180664 0.0800781 0.0322266
0 0.108485 0.743164 0.38916 0.0175781 0.0302734
0 0.110439 0.302246 0.523438 0.0126953 0.0214844
0 0.115454 0.774414 0.678223 0.0195312 0.0166016
0 0.117557 0.464844 0.339844 0.0175781 0.0234375
0 0.119644 0.710938 0.66748 0.015625 0.0244141
0 0.12045 0.529297 0.75293 0.015625 0.0292969
0 0.124745 0.63623 0.615723 0.0205078 0.0205078
0 0.125317 0.987793 0.423828 0.0224609 0.0351562
0 0.134754 0.501465 0.618164 0.0244141 0.0234375
0 0.135259 0.813965 0.651855 0.0517578 0.0400391
0 0.135623 0.54541 0.816895 0.0380859 0.0615234
0 0.137641 0.344727 0.561035 0.0234375 0.0361328
0 0.137947 0.681152 0.677734 0.0302734 0.0234375
0 0.139129 0.470215 0.0307617 0.0673828 0.0595703
0 0.139687 0.0371094 0.257324 0.0546875 0.0537109
0 0.140017 0.826172 0.645508 0.0390625 0.0390625
0 0.144331 0.504883 0.428711 0.0136719 0.0332031
0 0.144561 0.127441 0.494629 0.0302734 0.0458984
0 0.149507 0.847168 0.542969 0.0166016 0.015625
0 0.151346 0.831543 0.568359 0.0458984 0.0292969
0 0.15493 0.531738 0.661133 0.0146484 0.0234375
0 0.154932 0.816406 0.570312 0.0292969 0.0253906
0 0.158474 0.622559 0.583008 0.0166016 0.015625
0 0.164824 0.658203 0.481445 0.015625 0.0214844
0 0.172247 0.492676 0.349609 0.0126953 0.0195312
0 0.175294 0.745117 0.228516 0.0371094 0.0371094
0 0.179587 0.833496 0.637207 0.0244141 0.0302734
0 0.182284 0.687988 0.493652 0.0185547 0.0400391
0 0.200923 0.592285 0.402344 0.0205078 0.0292969
0 0.21529 0.50293 0.245605 0.0429688 0.0498047
0 0.216549 0.741699 0.175293 0.0517578 0.0556641
0 0.21759 0.595215 0.87793 0.0107422 0.0195312
0 0.223369 0.90625 0.219238 0.0253906 0.0283203
0 0.240834 0.620117 0.657715 0.0117188 0.0224609
0 0.247841 0.59082 0.649902 0.0214844 0.0205078
0 0.250674 0.716797 0.57666 0.0253906 0.0341797
0 0.252245 0.641113 0.928223 0.0185547 0.0244141
0 0.263606 0.483398 0.524902 0.015625 0.0322266
0 0.265745 0.599609 0.692383 0.0175781 0.0136719
0 0.285667 0.594727 0.817383 0.0195312 0.0273438
0 0.301001 0.0673828 0.394531 0.0429688 0.0410156
0 0.324041 0.689941 0.577148 0.0205078 0.0351562
0 0.352432 0.627441 0.459473 0.0205078 0.0341797
0 0.353257 0.70459 0.350098 0.0107422 0.0205078
