0 0.108408 0.36377 0.0908203 0.0146484 0.0214844
0 0.110403 0.459961 0.158691 0.015625 0.0224609
0 0.112969 0.34082 0.0947266 0.0175781 0.0429688
0 0.119819 0.270508 0.0600586 0.0195312 0.0263672
0 0.131588 0.435059 0.09375 0.0224609 0.0371094
0 0.131722 0.135254 0.109375 0.0361328 0.0292969
0 0.131866 0.780273 0.0551758 0.0410156 0.0283203
0 0.134557 0.39502 0.202637 0.0244141 0.0400391
0 0.147374 0.311523 0.41748 0.0253906 0.0244141
0 0.149015 0.979004 0.643555 0.0380859 0.0371094
0 0.162411 0.289062 0.428711 0.0234375 0.0214844
0 0.162828 0.273926 0.355957 0.0224609 0.0244141
0 0.180625 0.166016 0.529785 0.0644531 0.0478516
0 0.184954 0.701172 0.412598 0.0117188 0.0166016
0 0.201176 0.279785 0.183594 0.0283203 0.0390625
0 0.229999 0.510742 0.333984 0.0195312 0.0234375
0 0.39789 0.240234 0.114746 0.03125 0.0673828
