0 0.100096 0.339844 0.331543 0.0136719 0.0263672
0 0.102046 0.536133 0.134277 0.0371094 0.0556641
0 0.102557 0.5625 0.269043 0.0429688 0.0576172
0 0.103264 0.519531 0.721191 0.0136719 0.0244141
0 0.103427 0.202637 0.104004 0.0126953 0.0224609
0 0.103522 0.638184 0.0986328 0.0556641 0.0644531
0 0.10918 0.367188 0.365234 0.0410156 0.0273438
0 0.109593 0.518555 0.771973 0.00976562 0.0146484
0 0.10961 0.529785 0.601562 0.00878906 0.015625
0 0.110527 0.583496 0.0224609 0.0615234 0.0390625
0 0.111383 0.517578 0.0258789 0.0195312 0.0517578
0 0.112998 0.531738 0.163574 0.0458984 0.0400391
0 0.114133 0.411133 0.193359 0.0410156 0.0429688
0 0.114501 0.206055 0.217285 0.0390625 0.0302734
0 0.115455 0.39209 0.0844727 0.0478516 0.0576172
0 0.115526 0.512695 0.148926 0.0390625 0.0556641
0 0.116048 0.169922 0.255859 0.0195312 0.0234375
0 0.116701 0.49707 0.369629 0.0175781 0.0361328
0 0.117563 0.277832 0.780762 0.0341797 0.0322266
0 0.119897 0.806152 0.4375 0.0224609 0.03125
0 0.121678 0.306641 0.688477 0.015625 0.0253906
0 0.126556 0.343262 0.439453 0.0146484 0.0214844
0 0.126697 0.276367 0.537109 0.015625 0.0273438
0 0.127554 0.567871 0.165039 0.0380859 0.0449219
0 0.128836 0.304688 0.16748 0.0292969 0.0380859
0 0.130635 0.570312 0.0908203 0.046875 0.0488281
0 0.13257 0.439453 0.950195 0.0214844 0.0703125
0 0.132885 0.666016 0.129395 0.0410156 0.0517578
0 0.134239 0.195312 0.220215 0.0292969 0.0283203
0 0.136057 0.55957 0.28418 0.015625 0.0351562
0 0.136612 0.251953 0.043457 0.0214844 0.0400391
0 0.136648 0.40332 0.0913086 0.0332031 0.0458984
0 0.137965 0.463379 0.851074 0.0322266 0.0517578
0 0.140221 0.362305 0.531738 0.0195312 0.0322266
0 0.140275 0.178711 0.552246 0.0273438 0.0458984
0 0.140303 0.543945 0.09375 0.0332031 0.0429688
0 0.140692 0.74707 0.043457 0.0234375 0.0419922
0 0.141096 0.274902 0.282715 0.0224609 0.0517578
0 0.141504 0.552246 0.10791 0.0322266 0.0478516
0 0.141923 0.433105 0.265625 0.0400391 0.0644531
0 0.144112 0.638672 0.0307617 0.046875 0.0517578
0 0.145492 0.36084 0.407715 0.0224609 0.0224609
0 0.145977 0.406738 0.394043 0.0244141 0.0380859
0 0.147785 0.229492 0.0180664 0.0644531 0.0341797
0 0.154596 0.540527 0.0307617 0.0283203 0.0478516
0 0.154681 0.139648 0.130371 0.0371094 0.0439453
0 0.155567 0.369629 0.149902 0.0419922 0.0322266
0 0.156225 0.419434 0.612793 0.0146484 0.0166016
0 0.157799 0.700684 0.211914 0.0302734 0.0371094
0 0.157849 0.558594 0.0947266 0.0175781 0.0429688
0 0.159143 0.618164 0.625488 0.0253906 0.0302734
0 0.159161 0.244141 0.0498047 0.0351562 0.046875
0 0.159175 0.554688 0.164551 0.0253906 0.0322266
0 0.160504 0.558105 0.369141 0.0244141 0.03125
0 0.16074 0.562012 0.192871 0.0185547 0.0244141
0 0.160946 0.476074 0.390137 0.0107422 0.0224609
0 0.161523 0.568848 0.0185547 0.0263672 0.0351562
0 0.164951 0.541992 0.165039 0.0234375 0.0292969
0 0.165763 0.269531 0.20459 0.0507812 0.0751953
0 0.167573 0.657715 0.118164 0.0361328 0.0546875
0 0.168259 0.478027 0.287598 0.0361328 0.0400391
0 0.170127 0.765625 0.641113 0.046875 0.0537109
0 0.178665 0.543945 0.118652 0.0273438 0.0341797
0 0.178975 0.464844 0.350098 0.0214844 0.0244141
0 0.182136 0.140137 0.0644531 0.0380859 0.0488281
0 0.182267 0.447266 0.0986328 0.0332031 0.0566406
0 0.184963 0.31543 0.5 0.0273438 0.0253906
0 0.184994 0.54248 0.368652 0.0107422 0.0224609
0 0.186699 0.786621 0.617676 0.0478516 0.0517578
0 0.186954 0.216309 0.213379 0.0224609 0.0263672
0 0.188366 0.543945 0.30957 0.0117188 0.0195312
0 0.196408 0.807617 0.761719 0.0371094 0.03125
0 0.198527 0.517578 0.126953 0.0292969 0.0292969
0 0.203991 0.54248 0.252441 0.0322266 0.0380859
0 0.20747 0.20752 0.286621 0.0458984 0.0634766
0 0.214785 0.515625 0.165039 0.0351562 0.0410156
0 0.218362 0.472168 0.835449 0.0283203 0.0322266
0 0.228267 0.385742 0.481445 0.0214844 0.0332031
0 0.228309 0.523438 0.269043 0.0292969 0.0361328
0 0.228687 0.320801 0.782715 0.0283203 0.0498047
0 0.229475 0.424316 0.133301 0.0302734 0.0498047
0 0.231853 0.577637 0.148926 0.0224609 0.0380859
0 0.236497 0.71875 0.692383 0.0214844 0.03125
0 0.236629 0.391602 0.191406 0.0195312 0.0449219
0 0.238998 0.0571289 0.694824 0.0263672 0.0498047
0 0.239802 0.689453 0.14502 0.0410156 0.0498047
0 0.241935 0.494141 0.0678711 0.0332031 0.0419922
0 0.245121 0.532715 0.162109 0.0224609 0.0292969
0 0.251766 0.170898 0.0415039 0.0644531 0.0732422
0 0.254492 0.293457 0.0810547 0.0361328 0.0488281
0 0.262544 0.417969 0.874512 0.0292969 0.0283203
0 0.263606 0.585938 0.0810547 0.0332031 0.0488281
0 0.266118 0.392578 0.951172 0.0332031 0.0410156
0 0.27708 0.53418 0.261719 0.0410156 0.0488281
0 0.28616 0.570312 0.277344 0.0253906 0.0410156
0 0.288997 0.491211 0.233398 0.0253906 0.0253906
0 0.302266 0.638184 0.187012 0.0322266 0.0478516
0 0.304824 0.0834961 0.0205078 0.0478516 0.0390625
0 0.30592 0.580566 0.157715 0.0458984 0.0498047
0 0.329991 0.355469 0.478516 0.015625 0.0273438
0 0.333633 0.472656 0.280273 0.0234375 0.0292969
0 0.366062 0.596191 0.0830078 0.0263672 0.0410156
0 0.405711 0.688477 0.0771484 0.0292969 0.0683594
0 0.417809 0.231445 0.128418 0.0449219 0.0576172
0 0.417998 0.458496 0.221191 0.0224609 0.0302734
0 0.424412 0.441406 0.921875 0.0195312 0.03125
0 0.45548 0.45752 0.109375 0.0498047 0.0527344
0 0.455711 0.608887 0.193359 0.0439453 0.0371094
0 0.46768 0.503418 0.166016 0.0283203 0.0429688
0 0.472906 0.427246 0.191406 0.0458984 0.0429688
0 0.480159 0.523438 0.197754 0.03125 0.0341797
0 0.514768 0.566895 0.661621 0.0205078 0.0439453
0 0.558079 0.500977 0.304688 0.0195312 0.0332031
0 0.571053 0.639648 0.0869141 0.0371094 0.0449219
