0 0.100059 0.720703 0.0605469 0.0273438 0.0429688
0 0.100618 0.691895 0.337402 0.0126953 0.0185547
0 0.104825 0.777832 0.260254 0.0419922 0.0498047
0 0.106514 0.723145 0.0629883 0.0166016 0.0244141
0 0.111988 0.423828 0.027832 0.0175781 0.0380859
0 0.112096 0.96875 0.566406 0.0390625 0.0351562
0 0.112177 0.28125 0.359375 0.0175781 0.0195312
0 0.113332 0.368164 0.15625 0.0214844 0.0195312
0 0.119315 0.385254 0.0102539 0.0185547 0.0166016
0 0.12101 0.146973 0.581543 0.0166016 0.0224609
0 0.121805 0.300293 0.347656 0.0302734 0.03125
0 0.128375 0.135742 0.0400391 0.0234375 0.0273438
0 0.12932 0.296387 0.210449 0.0302734 0.0419922
0 0.141277 0.969727 0.225098 0.03125 0.0419922
0 0.143953 0.929688 0.153809 0.0488281 0.0400391
0 0.147465 0.839355 0.131348 0.0283203 0.0419922
0 0.148362 0.169434 0.463379 0.0439453 0.0439453
0 0.159289 0.501953 0.262207 0.0195312 0.0244141
0 0.162656 0.38623 0.138672 0.0244141 0.0410156
0 0.172776 0.362793 0.325684 0.0166016 0.0283203
0 0.212739 0.271973 0.119141 0.0283203 0.0410156
0 0.217478 0.673828 0.121582 0.0214844 0.0283203
0 0.240224 0.267578 0.283203 0.0292969 0.0234375
0 0.339902 0.236328 0.0473633 0.0351562 0.0693359
