0 0.100473 0.286133 0.519531 0.0136719 0.0234375
0 0.101685 0.230957 0.97998 0.0830078 0.0322266
0 0.103636 0.405762 0.342285 0.0302734 0.0517578
0 0.103725 0.167969 0.403809 0.0175781 0.0185547
0 0.105256 0.235352 0.494629 0.0292969 0.0322266
0 0.107518 0.23877 0.51123 0.0322266 0.0498047
0 0.112917 0.442383 0.277344 0.015625 0.0351562
0 0.113302 0.293945 0.567871 0.0117188 0.0205078
0 0.114063 0.226562 0.362305 0.0136719 0.0214844
0 0.114635 0.124023 0.544922 0.0292969 0.0273438
0 0.118086 0.412109 0.0952148 0.0253906 0.0244141
0 0.119926 0.240723 0.501953 0.0205078 0.0273438
0 0.121326 0.440918 0.268555 0.00878906 0.0195312
0 0.122328 0.17041 0.96875 0.0458984 0.0585938
0 0.122611 0.415527 0.261719 0.0126953 0.0332031
0 0.1255 0.617188 0.419434 0.0195312 0.0224609
0 0.126564 0.448242 0.074707 0.00976562 0.0185547
0 0.132279 0.138672 0.668945 0.03125 0.0546875
0 0.135062 0.394531 0.264648 0.00976562 0.0214844
0 0.141681 0.0708008 0.303711 0.0224609 0.0234375
0 0.141758 0.00634766 0.584961 0.0126953 0.0410156
0 0.149763 0.211426 0.667969 0.0439453 0.0527344
0 0.151787 0.179199 0.673828 0.0302734 0.046875
0 0.156373 0.416992 0.349121 0.015625 0.0224609
0 0.15828 0.109863 0.146484 0.0244141 0.0273438
0 0.165405 0.275391 0.324707 0.015625 0.0166016
0 0.172297 0.203125 0.375977 0.0214844 0.0234375
0 0.17643 0.191406 0.442871 0.0351562 0.0263672
0 0.183013 0.169434 0.489746 0.0166016 0.0263672
0 0.185719 0.431641 0.437012 0.015625 0.0205078
0 0.191324 0.189941 0.507812 0.0205078 0.0332031
0 0.203261 0.505859 0.103027 0.0175781 0.0185547
0 0.214321 0.158203 0.503418 0.0175781 0.0205078
0 0.216856 0.0927734 0.337891 0.0234375 0.0214844
0 0.222034 0.227539 0.354004 0.0214844 0.0400391
0 0.228579 0.372559 0.00732422 0.0224609 0.0126953
0 0.230746 0.244141 0.633789 0.015625 0.0351562
0 0.248333 0.472656 0.313965 0.015625 0.0322266
0 0.251256 0.145996 0.255371 0.0205078 0.0341797
0 0.286787 0.397949 0.321777 0.0185547 0.0205078
0 0.347752 0.443848 0.310059 0.0146484 0.0244141
