0 0.100246 0.257324 0.700195 0.0126953 0.0195312
0 0.101467 0.220215 0.27832 0.0966797 0.0996094
0 0.102613 0.163086 0.212891 0.0429688 0.0820312
0 0.102851 0.740723 0.338379 0.0126953 0.0224609
0 0.103213 0.83252 0.640137 0.0205078 0.0224609
0 0.103462 0.479004 0.0249023 0.102539 0.0498047
0 0.103732 0.621094 0.334473 0.00976562 0.0205078
0 0.104757 0.807617 0.656738 0.0195312 0.0341797
0 0.105059 0.73877 0.759277 0.0146484 0.0341797
0 0.105354 0.645508 0.325195 0.00976562 0.0214844
0 0.105375 0.948242 0.40918 0.0332031 0.0292969
0 0.106209 0.864258 0.403809 0.015625 0.0380859
0 0.107271 0.101562 0.184082 0.0234375 0.0458984
0 0.107283 0.120605 0.153809 0.0458984 0.0615234
0 0.108008 0.283691 0.446289 0.0244141 0.0273438
0 0.109442 0.331055 0.106445 0.0371094 0.0292969
0 0.109477 0.706543 0.289062 0.0146484 0.0175781
0 0.10952 0.822266 0.253418 0.00585938 0.0146484
0 0.110246 0.0756836 0.156738 0.0166016 0.0205078
0 0.111187 0.501953 0.510254 0.0136719 0.0224609
0 0.111313 0.362305 0.329102 0.0175781 0.0214844
0 0.111898 0.425781 0.505371 0.0136719 0.0322266
0 0.111981 0.392578 0.285645 0.0410156 0.0439453
0 0.112701 0.207031 0.243164 0.0683594 0.0566406
0 0.113464 0.874023 0.317383 0.0136719 0.0371094
0 0.113619 0.662598 0.32959 0.0146484 0.0224609
0 0.115497 0.650391 0.129395 0.0117188 0.0185547
0 0.116052 0.703613 0.640137 0.0107422 0.0244141
0 0.116436 0.675293 0.679688 0.0126953 0.0175781
0 0.116912 0.833984 0.0688477 0.0410156 0.0576172
0 0.117424 0.87793 0.318848 0.0253906 0.0517578
0 0.117644 0.70459 0.0908203 0.0126953 0.0175781
0 0.120489 0.464355 0.144043 0.0224609 0.0263672
0 0.121101 0.748535 0.529297 0.0126953 0.0234375
0 0.121745 0.233398 0.575195 0.00976562 0.0234375
0 0.122378 0.587402 0.106934 0.0185547 0.0341797
0 0.122578 0.454102 0.502441 0.015625 0.0224609
0 0.12302 0.181641 0.230469 0.0332031 0.0351562
0 0.123568 0.285645 0.22168 0.0556641 0.0527344
0 0.123576 0.310059 0.369629 0.0126953 0.0283203
0 0.123651 0.915527 0.327148 0.0419922 0.046875
0 0.124193 0.62207 0.468262 0.0136719 0.0244141
0 0.12645 0.717285 0.371094 0.0166016 0.0214844
0 0.126451 0.219727 0.103516 0.0195312 0.0195312
0 0.128106 0.685547 0.249512 0.0078125 0.0205078
0 0.12846 0.672363 0.130371 0.0224609 0.0322266
0 0.128934 0.745605 0.561523 0.0107422 0.0214844
0 0.13078 0.325195 0.173828 0.00976562 0.0195312
0 0.131238 0.940918 0.206055 0.0126953 0.0214844
0 0.132911 0.303711 0.506836 0.0175781 0.0371094
0 0.133746 0.398438 0.83252 0.0273438 0.0478516
0 0.134163 0.741211 0.176758 0.0253906 0.0273438
0 0.134292 0.921875 0.388672 0.0273438 0.0546875
0 0.134913 0.572266 0.0908203 0.0136719 0.0234375
0 0.135029 0.373047 0.488281 0.015625 0.0214844
0 0.135741 0.900391 0.1875 0.0175781 0.0234375
0 0.13864 0.335938 0.611328 0.0117188 0.015625
0 0.138743 0.17627 0.27002 0.0751953 0.102539
0 0.138791 0.725098 0.319336 0.0166016 0.0214844
0 0.13958 0.712891 0.753418 0.015625 0.0341797
0 0.139759 0.977539 0.178711 0.0332031 0.0429688
0 0.140756 0.731934 0.0922852 0.0263672 0.0556641
0 0.141306 0.755859 0.0126953 0.0351562 0.0253906
0 0.141341 0.670898 0.237305 0.00976562 0.0214844
0 0.14446 0.764648 0.366211 0.0332031 0.0214844
0 0.14447 0.150879 0.104004 0.0341797 0.0537109
0 0.145055 0.369141 0.790527 0.0078125 0.0205078
0 0.146918 0.362793 0.13916 0.0380859 0.0517578
0 0.14876 0.22168 0.169922 0.0292969 0.03125
0 0.151026 0.608887 0.660156 0.0126953 0.0214844
0 0.151172 0.249023 0.312012 0.0371094 0.0576172
0 0.152754 0.833008 0.135742 0.0292969 0.0488281
0 0.153101 0.768066 0.520996 0.0166016 0.0205078
0 0.153135 0.703125 0.358887 0.0175781 0.0205078
0 0.154762 0.255371 0.337891 0.0302734 0.0390625
0 0.154827 0.702637 0.205078 0.0107422 0.0253906
0 0.155914 0.721191 0.374023 0.0126953 0.0234375
0 0.156568 0.691895 0.121582 0.0126953 0.0185547
0 0.157984 0.67334 0.161133 0.0126953 0.0253906
0 0.158501 0.801758 0.334473 0.0136719 0.0146484
0 0.158979 0.823242 0.0507812 0.0292969 0.0449219
0 0.161959 0.697754 0.35498 0.0146484 0.0244141
0 0.164707 0.575195 0.141113 0.0175781 0.0224609
0 0.164741 0.897461 0.0864258 0.0351562 0.0771484
0 0.165917 0.708496 0.362793 0.0205078 0.0224609
0 0.170188 0.649902 0.428711 0.0126953 0.0175781
0 0.172197 0.851074 0.0771484 0.0263672 0.0371094
0 0.172537 0.838867 0.115723 0.0292969 0.0498047
0 0.172649 0.729004 0.560547 0.0107422 0.0292969
0 0.172685 0.395996 0.332031 0.0205078 0.0332031
0 0.175447 0.655762 0.467285 0.0146484 0.0419922
0 0.176989 0.710938 0.290527 0.0136719 0.0126953
0 0.178376 0.230957 0.174316 0.0576172 0.0595703
0 0.17912 0.322266 0.249023 0.0410156 0.0332031
0 0.179612 0.318848 0.549805 0.0263672 0.0234375
0 0.181783 0.666504 0.525391 0.0361328 0.03125
0 0.184972 0.879395 0.40332 0.0400391 0.0371094
0 0.185248 0.899414 0.320312 0.0292969 0.0507812
0 0.188416 0.767578 0.287109 0.0136719 0.0175781
0 0.189572 0.353516 0.015625 0.0292969 0.03125
0 0.190494 0.0878906 0.0805664 0.0390625 0.0439453
0 0.192171 0.168457 0.300781 0.0380859 0.046875
0 0.19446 0.934082 0.24707 0.0361328 0.0332031
0 0.194956 0.452637 0.277832 0.0224609 0.0244141
0 0.195744 0.358887 0.588379 0.00878906 0.0185547
0 0.196309 0.892578 0.185059 0.0175781 0.0263672
0 0.197306 0.345215 0.353027 0.0166016 0.0205078
0 0.20077 0.830078 0.147461 0.0234375 0.0273438
0 0.200779 0.692871 0.341797 0.0146484 0.03125
0 0.201545 0.518555 0.0302734 0.0683594 0.0546875
0 0.201969 0.739746 0.229492 0.0166016 0.0273438
0 0.202136 0.773926 0.0717773 0.0302734 0.0576172
0 0.202593 0.242676 0.463867 0.0126953 0.03125
0 0.205962 0.796875 0.270996 0.00976562 0.0205078
0 0.208152 0.477539 0.32959 0.0175781 0.0205078
0 0.20984 0.930664 0.330078 0.0234375 0.0429688
0 0.210265 0.182617 0.0117188 0.0429688 0.0234375
0 0.211272 0.0766602 0.304688 0.0302734 0.0488281
0 0.212048 0.404297 0.0146484 0.0214844 0.0273438
0 0.213084 0.66748 0.0634766 0.0166016 0.0410156
0 0.220157 0.39502 0.379883 0.0361328 0.0390625
0 0.221795 0.348145 0.453125 0.0146484 0.0292969
0 0.222642 0.161621 0.18457 0.0302734 0.0351562
0 0.222794 0.621094 0.144043 0.0175781 0.0244141
0 0.223729 0.822266 0.374512 0.0136719 0.0205078
0 0.224614 0.296387 0.0317383 0.0166016 0.0380859
0 0.226836 0.729004 0.396484 0.0126953 0.0175781
0 0.228606 0.445312 0.53418 0.0117188 0.0136719
0 0.238595 0.353516 0.0996094 0.0234375 0.0449219
0 0.239241 0.464355 0.0205078 0.0498047 0.0390625
0 0.239448 0.602051 0.218262 0.0107422 0.0185547
0 0.241073 0.637207 0.090332 0.0341797 0.0380859
0 0.245406 0.236816 0.253418 0.0380859 0.0439453
0 0.251199 0.188477 0.0742188 0.0214844 0.0234375
0 0.252049 0.183105 0.293945 0.0439453 0.0566406
0 0.257931 0.718262 0.200684 0.0166016 0.0283203
0 0.25821 0.784668 0.248535 0.0126953 0.0166016
0 0.258631 0.629395 0.211914 0.0146484 0.0234375
0 0.263128 0.571777 0.379395 0.0185547 0.0224609
0 0.264618 0.298828 0.296875 0.0332031 0.0488281
0 0.26588 0.317383 0.257812 0.0488281 0.0625
0 0.265963 0.293457 0.598633 0.0146484 0.0175781
0 0.270568 0.668945 0.291016 0.015625 0.0175781
0 0.273845 0.689941 0.329102 0.0166016 0.0390625
0 0.284624 0.186035 0.240723 0.0439453 0.0615234
0 0.286554 0.134766 0.118164 0.0507812 0.0527344
0 0.293298 0.688965 0.317871 0.0146484 0.0224609
0 0.305659 0.321289 0.106934 0.0175781 0.0263672
0 0.30731 0.239746 0.29541 0.0419922 0.0537109
0 0.307875 0.152832 0.0854492 0.0283203 0.0576172
0 0.320136 0.279297 0.506836 0.0253906 0.0273438
0 0.326553 0.291992 0.0429688 0.0175781 0.0390625
0 0.331857 0.796875 0.385254 0.0195312 0.0341797
0 0.332972 0.766602 0.315918 0.015625 0.0166016
0 0.337645 0.801758 0.311523 0.0195312 0.03125
0 0.362708 0.305176 0.0175781 0.0185547 0.0253906
0 0.370997 0.802246 0.180176 0.0224609 0.0244141
0 0.37814 0.125977 0.131836 0.0449219 0.0527344
0 0.4098 0.0800781 0.0209961 0.0332031 0.0400391
0 0.439695 0.122559 0.253906 0.0419922 0.0507812
0 0.448382 0.838867 0.227051 0.00976562 0.0224609
0 0.473205 0.861816 0.254395 0.0244141 0.0341797
0 0.501426 0.816406 0.226562 0.0136719 0.03125
0 0.53242 0.860352 0.191895 0.0253906 0.0458984
0 0.538818 0.23584 0.154785 0.0439453 0.0556641
