0 0.102529 0.0981445 0.651855 0.0224609 0.0263672
0 0.103274 0.691895 0.0986328 0.0185547 0.0351562
0 0.10686 0.168457 0.72998 0.0595703 0.0478516
0 0.107112 0.72168 0.0449219 0.015625 0.0253906
0 0.107423 0.390625 0.214844 0.0273438 0.046875
0 0.112181 0.050293 0.63916 0.0244141 0.0263672
0 0.113505 0.0136719 0.0771484 0.0273438 0.046875
0 0.119057 0.422363 0.207031 0.0478516 0.0566406
0 0.120712 0.57666 0.16748 0.0126953 0.0244141
0 0.124232 0.126953 0.801758 0.0175781 0.0273438
0 0.129473 0.392578 0.288574 0.0371094 0.0244141
0 0.132355 0.0297852 0.487305 0.0478516 0.0390625
0 0.132687 0.300293 0.154785 0.0166016 0.0224609
0 0.133544 0.742188 0.0141602 0.0664062 0.0244141
0 0.134061 0.411621 0.15625 0.0166016 0.0214844
0 0.134571 0.203125 0.124023 0.0332031 0.03125
0 0.134886 0.698242 0.0454102 0.0253906 0.0380859
0 0.138026 0.0874023 0.0957031 0.0400391 0.0449219
0 0.138626 0.28125 0.103027 0.0273438 0.0283203
0 0.146693 0.337891 0.224609 0.03125 0.0371094
0 0.14887 0.332031 0.0141602 0.0585938 0.0244141
0 0.149021 0.16748 0.14209 0.0458984 0.0576172
0 0.151347 0.197754 0.0107422 0.0302734 0.0214844
0 0.154469 0.319824 0.0986328 0.0166016 0.0234375
0 0.157128 0.182617 0.133301 0.0683594 0.0556641
0 0.15881 0.159668 0.0219727 0.0791016 0.0419922
0 0.164322 0.433594 0.274902 0.0605469 0.0458984
0 0.171853 0.731934 0.115234 0.0302734 0.046875
0 0.17586 0.206543 0.770508 0.0439453 0.0527344
0 0.177854 0.422363 0.193359 0.0283203 0.0429688
0 0.179543 0.694824 0.0488281 0.0166016 0.0253906
0 0.181261 0.440918 0.226074 0.0302734 0.0244141
0 0.187071 0.0595703 0.456543 0.0273438 0.0400391
0 0.188508 0.40918 0.271484 0.0917969 0.0625
0 0.194478 0.379395 0.0166016 0.0283203 0.0332031
0 0.195401 0.390137 0.279785 0.0478516 0.0380859
0 0.214544 0.162109 0.783203 0.0449219 0.0429688
0 0.215236 0.078125 0.0595703 0.0390625 0.0390625
0 0.220365 0.435547 0.216797 0.0390625 0.046875
0 0.227923 0.0791016 0.690918 0.0546875 0.0615234
0 0.230377 0.449219 0.151855 0.015625 0.0439453
0 0.231439 0.46582 0.263184 0.03125 0.0556641
0 0.244864 0.0620117 0.141113 0.0341797 0.0419922
0 0.248416 0.150879 0.0800781 0.0458984 0.0371094
0 0.254989 0.428711 0.28125 0.0390625 0.03125
0 0.265425 0.347168 0.227539 0.0205078 0.0332031
0 0.29807 0.0791016 0.019043 0.0371094 0.0380859
0 0.314516 0.339844 0.120117 0.0273438 0.0292969
0 0.392835 0.386719 0.123535 0.015625 0.0224609
