0 0.109043 0.391602 0.00976562 0.015625 0.0175781
0 0.113502 0.233398 0.259766 0.0117188 0.0136719
0 0.11854 0.282227 0.220215 0.015625 0.0185547
0 0.119153 0.408691 0.345215 0.0126953 0.0166016
0 0.121421 0.316895 0.129883 0.0126953 0.0253906
0 0.134551 0.333984 0.0141602 0.0214844 0.0263672
0 0.136772 0.397949 0.114746 0.0283203 0.0537109
0 0.137965 0.430176 0.0493164 0.0126953 0.0244141
0 0.157096 0.515625 0.0185547 0.03125 0.0371094
0 0.17019 0.0693359 0.227051 0.0644531 0.0712891
0 0.175612 0.557617 0.567871 0.0292969 0.0419922
0 0.178468 0.302246 0.0209961 0.0107422 0.0302734
0 0.184704 0.383789 0.394531 0.015625 0.015625
0 0.195175 0.131348 0.097168 0.0283203 0.0419922
0 0.19739 0.437988 0.485352 0.0166016 0.0332031
0 0.201989 0.0458984 0.340332 0.0429688 0.0419922
0 0.203916 0.282715 0.170898 0.0205078 0.0371094
0 0.221052 0.543945 0.436523 0.0117188 0.0253906
0 0.224455 0.155762 0.16748 0.0146484 0.0419922
0 0.234652 0.442383 0.541016 0.0253906 0.0351562
0 0.278937 0.293457 0.415039 0.0205078 0.0214844
0 0.300955 0.646973 0.429199 0.0205078 0.0400391
0 0.336695 0.342773 0.185059 0.0253906 0.0400391
