0 0.1016 0.37793 0.329102 0.0175781 0.0214844
0 0.102125 0.677246 0.635254 0.00878906 0.0166016
0 0.10249 0.418457 0.244141 0.0126953 0.0214844
0 0.102592 0.703613 0.0820312 0.0400391 0.046875
0 0.103392 0.467285 0.0478516 0.0185547 0.0332031
0 0.103815 0.236328 0.182129 0.0390625 0.0634766
0 0.10807 0.466309 0.0136719 0.0244141 0.0273438
0 0.109622 0.918945 0.256348 0.015625 0.0224609
0 0.112641 0.47168 0.0439453 0.0136719 0.0234375
0 0.114265 0.730957 0.189453 0.0205078 0.0371094
0 0.114417 0.253418 0.078125 0.0263672 0.0273438
0 0.115402 0.369629 0.0219727 0.0595703 0.0400391
0 0.118821 0.643066 0.330078 0.0107422 0.015625
0 0.118861 0.560059 0.472656 0.0107422 0.015625
0 0.120962 0.161621 0.268066 0.0361328 0.0302734
0 0.122646 0.89209 0.118652 0.0244141 0.0283203
0 0.123579 0.563965 0.217285 0.0224609 0.0283203
0 0.124126 0.804688 0.260254 0.0136719 0.0224609
0 0.127909 0.709961 0.0571289 0.0175781 0.0205078
0 0.129227 0.9375 0.121094 0.0273438 0.0371094
0 0.132672 0.737793 0.602051 0.0126953 0.0185547
0 0.13284 0.453125 0.0556641 0.0234375 0.0507812
0 0.134549 0.749023 0.113281 0.0214844 0.0214844
0 0.135262 0.580078 0.0966797 0.0175781 0.0214844
0 0.139691 0.692383 0.181641 0.0214844 0.0273438
0 0.1442 0.841797 0.280273 0.0175781 0.0449219
0 0.149152 0.811523 0.350586 0.0214844 0.0195312
0 0.154628 0.682617 0.259277 0.0117188 0.0263672
0 0.155482 0.614258 0.218262 0.0117188 0.0205078
0 0.156768 0.547363 0.156738 0.0419922 0.0595703
0 0.16051 0.495117 0.255859 0.015625 0.0371094
0 0.1618 0.629395 0.271973 0.0126953 0.0185547
0 0.164271 0.422363 0.11084 0.0166016 0.0322266
0 0.168662 0.690918 0.322266 0.0126953 0.0136719
0 0.173437 0.104004 0.380859 0.0283203 0.0371094
0 0.173922 0.641602 0.0107422 0.0449219 0.0214844
0 0.180631 0.432617 0.0415039 0.078125 0.0751953
0 0.182208 0.270508 0.377441 0.0273438 0.0224609
0 0.182934 0.67334 0.124512 0.0205078 0.0244141
0 0.18792 0.561523 0.277832 0.015625 0.0224609
0 0.194138 0.55957 0.597656 0.0253906 0.0390625
0 0.195041 0.507812 0.0107422 0.0351562 0.0214844
0 0.204618 0.415527 0.0776367 0.0166016 0.0224609
0 0.210371 0.519043 0.259766 0.0224609 0.0371094
0 0.211403 0.824219 0.575195 0.0234375 0.03125
0 0.239286 0.600098 0.0571289 0.0146484 0.0205078
0 0.257536 0.661621 0.169922 0.0146484 0.03125
0 0.261878 0.656738 0.234375 0.0166016 0.0410156
0 0.262183 0.63916 0.0551758 0.0263672 0.0419922
0 0.274981 0.691895 0.213379 0.0166016 0.0224609
0 0.291276 0.268555 0.555664 0.0332031 0.0429688
0 0.293764 0.720215 0.0737305 0.0380859 0.0517578
0 0.295895 0.647949 0.117188 0.0146484 0.0351562
0 0.301686 0.784668 0.160645 0.0146484 0.0263672
0 0.306294 0.508301 0.106934 0.0361328 0.0634766
0 0.336879 0.173828 0.29834 0.03125 0.0458984
0 0.349619 0.11377 0.250488 0.0283203 0.0400391
0 0.364292 0.490723 0.0756836 0.0205078 0.0380859
0 0.375617 0.680664 0.124512 0.0371094 0.0322266
0 0.390651 0.523438 0.39502 0.00976562 0.0224609
