0 0.116879 0.065918 0.150391 0.0205078 0.0332031
0 0.120943 0.459473 0.339844 0.0185547 0.0234375
0 0.140289 0.571289 0.339844 0.0175781 0.0234375
0 0.141819 0.507324 0.335938 0.00878906 0.0175781
0 0.145203 0.559082 0.190918 0.0146484 0.0166016
0 0.151733 0.532227 0.251465 0.0195312 0.0341797
0 0.169531 0.374512 0.552734 0.0517578 0.0410156
0 0.180537 0.303711 0.0366211 0.0214844 0.0205078
0 0.196397 0.5625 0.382324 0.0195312 0.0205078
0 0.196665 0.66748 0.787598 0.0185547 0.0263672
0 0.198986 0.384277 0.0244141 0.0400391 0.0371094
0 0.201558 0.35498 0.359863 0.0205078 0.0224609
0 0.205019 0.379395 0.212891 0.0439453 0.0410156
0 0.209389 0.074707 0.0932617 0.0400391 0.0537109
0 0.272615 0.869141 0.572266 0.0546875 0.0546875
0 0.272973 0.256348 0.699219 0.0439453 0.0566406
0 0.280275 0.331543 0.0556641 0.0146484 0.0195312
0 0.31544 0.666016 0.327148 0.0136719 0.0195312
0 0.355863 0.327148 0.244141 0.0253906 0.0507812
0 0.374913 0.294434 0.0874023 0.0322266 0.0302734
0 0.45594 0.606445 0.381836 0.0292969 0.0527344
0 0.605679 0.715332 0.362305 0.0341797 0.0410156
