0 0.100429 0.426758 0.481445 0.0253906 0.0234375
0 0.102172 0.571289 0.22998 0.03125 0.0244141
0 0.102265 0.272949 0.137695 0.0244141 0.0214844
0 0.102439 0.112793 0.389648 0.0400391 0.0429688
0 0.121658 0.185547 0.193848 0.0292969 0.0419922
0 0.125912 0.438965 0.0581055 0.0634766 0.0712891
0 0.13026 0.313965 0.0102539 0.0380859 0.0146484
0 0.132509 0.166016 0.272461 0.0214844 0.0234375
0 0.136005 0.436035 0.408203 0.0146484 0.0214844
0 0.14141 0.541992 0.370117 0.0136719 0.0234375
0 0.155356 0.448242 0.277832 0.0175781 0.0244141
0 0.155514 0.548828 0.117676 0.0234375 0.0322266
0 0.158945 0.52832 0.14209 0.0273438 0.0283203
0 0.15998 0.44873 0.111328 0.0205078 0.0195312
0 0.162602 0.307617 0.678711 0.0664062 0.078125
0 0.163941 0.41748 0.481934 0.0205078 0.0244141
0 0.175324 0.333008 0.0566406 0.0292969 0.0488281
0 0.176891 0.390625 0.427246 0.00976562 0.0166016
0 0.180268 0.55957 0.380859 0.0234375 0.03125
0 0.208645 0.733887 0.275879 0.0458984 0.0419922
0 0.216829 0.391113 0.522461 0.0439453 0.03125
0 0.249236 0.292969 0.106445 0.0351562 0.0449219
0 0.257113 0.412598 0.611328 0.0498047 0.0429688
