0 0.100634 0.634766 0.0166016 0.015625 0.0332031
0 0.102623 0.709473 0.21582 0.0185547 0.0273438
0 0.113712 0.408203 0.175293 0.0195312 0.0263672
0 0.11523 0.591309 0.182129 0.0126953 0.0244141
0 0.116928 0.58252 0.349121 0.0107422 0.0224609
0 0.120463 0.671875 0.264648 0.015625 0.0253906
0 0.128987 0.308594 0.35498 0.015625 0.0244141
0 0.132723 0.656738 0.494141 0.0302734 0.0449219
0 0.158304 0.65332 0.0561523 0.0175781 0.0263672
0 0.175996 0.339355 0.331543 0.0341797 0.0380859
0 0.216202 0.568359 0.286133 0.0273438 0.0253906
0 0.269943 0.759766 0.269043 0.0449219 0.0380859
0 0.274021 0.762695 0.429688 0.0546875 0.0351562
0 0.297524 0.0869141 0.0561523 0.0253906 0.0400391
0 0.310621 0.854492 0.0668945 0.0351562 0.0615234
