0 0.105054 0.632812 0.143555 0.0429688 0.078125
0 0.109068 0.921387 0.290039 0.0322266 0.0527344
0 0.112012 0.335449 0.0458984 0.0322266 0.0371094
0 0.119132 0.0932617 0.106934 0.0498047 0.0302734
0 0.12047 0.273926 0.208496 0.0185547 0.0185547
0 0.122775 0.855469 0.179199 0.0449219 0.0556641
0 0.131995 0.241211 0.11084 0.00976562 0.0263672
0 0.132005 0.349609 0.246582 0.0351562 0.0400391
0 0.13975 0.196777 0.0688477 0.0400391 0.0341797
0 0.142457 0.263184 0.162109 0.0400391 0.0390625
0 0.145693 0.809082 0.0175781 0.0205078 0.0351562
0 0.146053 0.650391 0.444824 0.0351562 0.0576172
0 0.147385 0.711914 0.671387 0.046875 0.0419922
0 0.15312 0.306641 0.192871 0.0234375 0.0185547
0 0.158477 0.178223 0.175781 0.0263672 0.0371094
0 0.168128 0.655273 0.430176 0.0332031 0.0419922
0 0.180938 0.821289 0.632324 0.0585938 0.0361328
0 0.185687 0.216309 0.0209961 0.0478516 0.0341797
0 0.190575 0.493652 0.20459 0.0185547 0.0380859
0 0.198051 0.25 0.307617 0.0488281 0.0429688
0 0.204616 0.285156 0.163574 0.0371094 0.0537109
0 0.206762 0.106934 0.113281 0.0712891 0.046875
0 0.209072 0.376953 0.191406 0.0332031 0.0507812
0 0.211736 0.240723 0.157227 0.0341797 0.046875
0 0.212265 0.097168 0.254883 0.0595703 0.0644531
0 0.254357 0.204102 0.0551758 0.0527344 0.0576172
0 0.262412 0.23877 0.0214844 0.0810547 0.0429688
0 0.265422 0.212402 0.0371094 0.0498047 0.0664062
0 0.265523 0.337891 0.0605469 0.0410156 0.0703125
0 0.279372 0.119141 0.483887 0.0273438 0.0341797
0 0.281494 0.265625 0.164062 0.0195312 0.0273438
0 0.306878 0.763184 0.108398 0.0517578 0.0703125
0 0.351892 0.644043 0.465332 0.0263672 0.0283203
