0 0.102976 0.561035 0.73584 0.0224609 0.0263672
0 0.109578 0.523438 0.682129 0.0175781 0.0341797
0 0.133379 0.894531 0.588379 0.0449219 0.0556641
0 0.13432 0.438965 0.10498 0.0478516 0.0888672
0 0.143937 0.875488 0.458984 0.0419922 0.0683594
0 0.147687 0.256836 0.573242 0.0175781 0.0273438
0 0.160777 0.440918 0.0942383 0.0341797 0.0498047
0 0.172556 0.521973 0.338867 0.0322266 0.0234375
0 0.183906 0.701172 0.0175781 0.0351562 0.0292969
0 0.192274 0.46875 0.179688 0.0527344 0.0644531
0 0.204271 0.651855 0.514648 0.0439453 0.0625
0 0.238286 0.119141 0.298828 0.0234375 0.0273438
0 0.256304 0.22998 0.636719 0.0673828 0.109375
0 0.264273 0.748535 0.0898438 0.0263672 0.0410156
0 0.268556 0.42334 0.141113 0.12793 0.141602
0 0.323701 0.680664 0.202148 0.0351562 0.0488281
0 0.363153 0.740234 0.651367 0.0234375 0.0449219
0 0.410695 0.641113 0.32373 0.0322266 0.0419922
0 0.440017 0.116211 0.455566 0.0839844 0.100586
