0 0.100454 0.149902 0.388184 0.0283203 0.0341797
0 0.100783 0.470215 0.115723 0.0361328 0.0830078
0 0.103809 0.591797 0.787598 0.0410156 0.0615234
0 0.105185 0.339355 0.0478516 0.0615234 0.0644531
0 0.105743 0.752441 0.981934 0.0478516 0.0341797
0 0.108135 0.166504 0.200195 0.0224609 0.0371094
0 0.108299 0.633789 0.210938 0.0546875 0.0546875
0 0.109125 0.268066 0.410645 0.0458984 0.0576172
0 0.110597 0.197266 0.277832 0.0195312 0.0302734
0 0.114733 0.35498 0.152344 0.0244141 0.0351562
0 0.117067 0.461914 0.73291 0.0234375 0.0185547
0 0.121758 0.937988 0.51123 0.0361328 0.0341797
0 0.12182 0.42627 0.567871 0.0419922 0.0361328
0 0.129641 0.288086 0.21582 0.0566406 0.0527344
0 0.130085 0.361816 0.244629 0.0615234 0.0654297
0 0.141909 0.303711 0.378418 0.0488281 0.0791016
0 0.15028 0.544922 0.954102 0.0371094 0.0820312
0 0.153585 0.236816 0.357422 0.0361328 0.0703125
0 0.156785 0.496582 0.448242 0.0185547 0.0292969
0 0.15743 0.548828 0.216309 0.0488281 0.0693359
0 0.16388 0.80127 0.338867 0.0244141 0.0273438
0 0.174801 0.456055 0.961426 0.0742188 0.0712891
0 0.180734 0.358398 0.582031 0.125 0.0878906
0 0.201914 0.756348 0.368164 0.0263672 0.0449219
0 0.216442 0.65332 0.455078 0.0566406 0.0527344
0 0.217826 0.393555 0.613281 0.0488281 0.0390625
0 0.232133 0.786621 0.71875 0.0283203 0.0371094
0 0.238778 0.651367 0.830566 0.0546875 0.12793
0 0.24031 0.321289 0.28125 0.0292969 0.0410156
