0 0.100931 0.367188 0.186523 0.00976562 0.015625
0 0.101573 0.517578 0.327637 0.0273438 0.0322266
0 0.102155 0.467285 0.375488 0.0244141 0.0283203
0 0.10223 0.183594 0.307129 0.0273438 0.0439453
0 0.103305 0.498535 0.35498 0.0107422 0.0263672
0 0.108641 0.272461 0.265137 0.0195312 0.0341797
0 0.109872 0.289062 0.0922852 0.03125 0.0498047
0 0.111395 0.402344 0.18457 0.0136719 0.0214844
0 0.11207 0.41748 0.341309 0.0185547 0.0322266
0 0.112531 0.207031 0.317871 0.0332031 0.0419922
0 0.118231 0.215332 0.270508 0.0146484 0.0253906
0 0.124985 0.447754 0.202148 0.0107422 0.0195312
0 0.124999 0.895508 0.487793 0.0195312 0.0283203
0 0.126371 0.282227 0.278809 0.0195312 0.0302734
0 0.126783 0.250977 0.291016 0.0117188 0.0214844
0 0.129699 0.192871 0.314453 0.0458984 0.0507812
0 0.139223 0.458008 0.333984 0.0214844 0.0292969
0 0.140706 0.428711 0.285645 0.00976562 0.0263672
0 0.141253 0.809082 0.551758 0.0341797 0.0507812
0 0.153706 0.335938 0.145996 0.0214844 0.0205078
0 0.156165 0.328125 0.0981445 0.0195312 0.0263672
0 0.167848 0.447266 0.36084 0.015625 0.0224609
0 0.170713 0.709473 0.468262 0.0224609 0.0498047
0 0.17927 0.786133 0.0644531 0.0371094 0.0644531
0 0.194046 0.52832 0.321289 0.0390625 0.0273438
0 0.200724 0.407227 0.185059 0.0175781 0.0166016
0 0.202309 0.369141 0.114258 0.0136719 0.0195312
0 0.205581 0.44043 0.437012 0.0214844 0.0263672
0 0.213886 0.350586 0.178223 0.0136719 0.0205078
0 0.215467 0.395508 0.239258 0.0078125 0.015625
0 0.227263 0.465332 0.435547 0.0146484 0.0234375
0 0.235173 0.860352 0.537598 0.0527344 0.0439453
0 0.254412 0.312012 0.212402 0.0380859 0.0400391
0 0.265532 0.518066 0.273438 0.0263672 0.0253906
0 0.265961 0.871582 0.154297 0.0302734 0.0449219
0 0.279637 0.389648 0.317871 0.0136719 0.0283203
0 0.308807 0.419922 0.363281 0.0175781 0.0234375
0 0.341343 0.432617 0.139648 0.0175781 0.0253906
0 0.343967 0.370605 0.0571289 0.0322266 0.0439453
0 0.394335 0.428711 0.291504 0.015625 0.0263672
0 0.399971 0.489746 0.288574 0.0126953 0.0283203
0 0.454899 0.355957 0.271973 0.0224609 0.0205078
0 0.478331 0.385742 0.134766 0.0136719 0.0214844
