0 0.102592 0.509766 0.705078 0.046875 0.0546875
0 0.104568 0.0957031 0.324707 0.0527344 0.0556641
0 0.105432 0.47168 0.176758 0.109375 0.21875
0 0.108232 0.57666 0.756836 0.0458984 0.0527344
0 0.114892 0.505859 0.137695 0.185547 0.255859
0 0.116814 0.163574 0.341309 0.0419922 0.0400391
0 0.117873 0.560059 0.666992 0.0634766 0.0488281
0 0.120783 0.301758 0.791992 0.0351562 0.0703125
0 0.123321 0.418457 0.618164 0.0537109 0.0507812
0 0.12658 0.143066 0.271484 0.0458984 0.0527344
0 0.127496 0.0991211 0.529297 0.0244141 0.0410156
0 0.128958 0.231934 0.570312 0.0615234 0.0742188
0 0.130457 0.471191 0.708496 0.0615234 0.0693359
0 0.131246 0.429688 0.391602 0.0507812 0.0429688
0 0.142746 0.305664 0.258789 0.0878906 0.0878906
0 0.145945 0.61377 0.0327148 0.0810547 0.0615234
0 0.146729 0.321777 0.369141 0.0576172 0.0722656
0 0.150296 0.314941 0.67334 0.0712891 0.0810547
0 0.150621 0.378418 0.247559 0.0322266 0.0751953
0 0.160509 0.387695 0.385254 0.0742188 0.0576172
0 0.166777 0.458984 0.848145 0.0175781 0.0283203
0 0.167085 0.0419922 0.529785 0.0449219 0.0458984
0 0.167217 0.588379 0.414062 0.0419922 0.0546875
0 0.170604 0.287109 0.836914 0.0761719 0.158203
0 0.172852 0.680176 0.290527 0.106445 0.137695
0 0.177103 0.67041 0.792969 0.0419922 0.0585938
0 0.187397 0.304199 0.81543 0.0458984 0.103516
0 0.189136 0.245605 0.35791 0.0537109 0.0498047
0 0.192945 0.538574 0.777344 0.0419922 0.0820312
0 0.206054 0.625 0.693848 0.046875 0.0556641
0 0.208187 0.632324 0.495117 0.0283203 0.0429688
0 0.221525 0.76123 0.888672 0.0283203 0.0488281
0 0.22543 0.268066 0.868164 0.0634766 0.111328
0 0.230845 0.277832 0.272461 0.0673828 0.0820312
0 0.233626 0.355957 0.830078 0.0498047 0.0605469
0 0.251548 0.641602 0.881348 0.0390625 0.0654297
0 0.25448 0.33252 0.25293 0.0458984 0.0820312
0 0.263248 0.5625 0.761719 0.0683594 0.0761719
0 0.296944 0.478027 0.790527 0.0302734 0.0400391
0 0.302009 0.412109 0.702148 0.0839844 0.0742188
0 0.325032 0.156738 0.543945 0.0322266 0.0371094
0 0.350067 0.460938 0.231934 0.0703125 0.0888672
0 0.403034 0.399902 0.813965 0.0693359 0.0595703
0 0.536437 0.386719 0.262695 0.0546875 0.0898438
