0 0.107849 0.347168 0.307129 0.0185547 0.0380859
0 0.114848 0.379395 0.604004 0.0302734 0.0556641
0 0.125232 0.97168 0.632812 0.0449219 0.0351562
0 0.133099 0.796387 0.45459 0.0654297 0.0537109
0 0.138001 0.750977 0.800781 0.0136719 0.0195312
0 0.142837 0.935547 0.526855 0.078125 0.0576172
0 0.153225 0.811035 0.760254 0.0205078 0.0322266
0 0.157786 0.38623 0.295898 0.0380859 0.0371094
0 0.159335 0.953613 0.594727 0.0205078 0.0351562
0 0.169591 0.205078 0.0634766 0.0351562 0.0390625
0 0.18254 0.871582 0.334961 0.0634766 0.107422
0 0.183268 0.901855 0.501465 0.0263672 0.0439453
0 0.204159 0.526367 0.162598 0.0429688 0.0498047
0 0.215947 0.844727 0.507324 0.046875 0.0478516
0 0.228838 0.472168 0.147949 0.0517578 0.0537109
0 0.230437 0.651855 0.890137 0.0283203 0.0400391
0 0.239643 0.332031 0.0742188 0.0488281 0.0429688
0 0.253958 0.893555 0.567383 0.0566406 0.0507812
0 0.289721 0.826172 0.97168 0.0273438 0.046875
0 0.295942 0.568359 0.0610352 0.015625 0.0263672
0 0.331528 0.833008 0.855469 0.0546875 0.0722656
0 0.344214 0.415039 0.471191 0.0351562 0.0576172
0 0.347348 0.965332 0.714355 0.0517578 0.0712891
0 0.394255 0.631348 0.687012 0.0283203 0.0361328
