0 0.10015 0.783203 0.536133 0.0136719 0.0234375
0 0.111604 0.797363 0.38623 0.0341797 0.0439453
0 0.113746 0.945312 0.398926 0.046875 0.0595703
0 0.11463 0.893555 0.275879 0.0566406 0.0556641
0 0.119769 0.468262 0.456543 0.0537109 0.0439453
0 0.123606 0.694824 0.413574 0.0498047 0.0439453
0 0.123808 0.844727 0.380859 0.0957031 0.09375
0 0.127982 0.759277 0.681641 0.0361328 0.0507812
0 0.13776 0.258789 0.664062 0.015625 0.0214844
0 0.147725 0.625488 0.796875 0.0166016 0.0253906
0 0.149146 0.454102 0.611328 0.0371094 0.0527344
0 0.156729 0.585938 0.407715 0.0234375 0.0341797
0 0.160714 0.446289 0.549805 0.0136719 0.0195312
0 0.168094 0.400391 0.429688 0.0253906 0.0410156
0 0.170514 0.0737305 0.588379 0.0498047 0.0654297
0 0.17568 0.918457 0.422852 0.100586 0.103516
0 0.185511 0.09375 0.68457 0.0273438 0.0351562
0 0.190544 0.496582 0.510742 0.0361328 0.0546875
0 0.210166 0.672852 0.277832 0.0800781 0.0849609
0 0.228119 0.556641 0.438477 0.0351562 0.0371094
0 0.311196 0.806641 0.706543 0.0332031 0.0361328
0 0.412408 0.375 0.39502 0.0234375 0.0380859
0 0.456057 0.882324 0.704102 0.0732422 0.0976562
