0 0.10016 0.200684 0.254395 0.0341797 0.0263672
0 0.100231 0.359863 0.379395 0.0126953 0.0205078
0 0.100497 0.439941 0.502441 0.0205078 0.0224609
0 0.100815 0.367188 0.29834 0.0136719 0.0185547
0 0.101145 0.615723 0.135254 0.0166016 0.0322266
0 0.1019 0.251465 0.20166 0.0244141 0.0341797
0 0.102483 0.0766602 0.880371 0.0419922 0.0322266
0 0.102625 0.665039 0.0126953 0.0292969 0.0253906
0 0.102913 0.468262 0.012207 0.0400391 0.0244141
0 0.102922 0.65625 0.149902 0.0253906 0.0322266
0 0.103386 0.418457 0.633789 0.0205078 0.0253906
0 0.104414 0.317871 0.0512695 0.0224609 0.0263672
0 0.104616 0.241699 0.450684 0.0126953 0.0302734
0 0.104821 0.576172 0.11377 0.0703125 0.0869141
0 0.104984 0.241699 0.205078 0.0361328 0.0507812
0 0.10512 0.524414 0.972168 0.0292969 0.0478516
0 0.10529 0.150391 0.306641 0.015625 0.0273438
0 0.105634 0.475586 0.59668 0.0136719 0.0214844
0 0.106257 0.447266 0.381836 0.0117188 0.0214844
0 0.106271 0.178711 0.0541992 0.0449219 0.0693359
0 0.106388 0.51709 0.118652 0.0927734 0.0947266
0 0.106481 0.925293 0.887695 0.0439453 0.0351562
0 0.107257 0.282715 0.38623 0.0283203 0.0458984
0 0.108087 0.807129 0.0224609 0.0400391 0.0332031
0 0.10899 0.692383 0.17627 0.0410156 0.0517578
0 0.109518 0.347656 0.331055 0.0214844 0.03125
0 0.110487 0.309082 0.179688 0.0341797 0.0371094
0 0.110504 0.547852 0.851074 0.0195312 0.0400391
0 0.1116 0.687012 0.73291 0.0419922 0.0517578
0 0.111995 0.564453 0.555176 0.0195312 0.0224609
0 0.112826 0.38916 0.164062 0.0224609 0.0273438
0 0.11324 0.310547 0.0415039 0.0371094 0.0595703
0 0.113603 0.791992 0.553223 0.0292969 0.0380859
0 0.114746 0.428223 0.746094 0.0205078 0.0273438
0 0.114942 0.984375 0.591797 0.0273438 0.0722656
0 0.115286 0.220215 0.273438 0.0302734 0.0332031
0 0.115456 0.0576172 0.679199 0.046875 0.0458984
0 0.115824 0.717773 0.220703 0.113281 0.0546875
0 0.11603 0.295898 0.216309 0.0234375 0.0361328
0 0.116095 0.493164 0.432129 0.0136719 0.0263672
0 0.117284 0.657227 0.595703 0.0449219 0.0507812
0 0.117427 0.697754 0.0488281 0.0341797 0.0371094
0 0.117571 0.599609 0.630371 0.0234375 0.0263672
0 0.117982 0.472168 0.108887 0.0224609 0.0400391
0 0.118682 0.0634766 0.630859 0.0234375 0.0175781
0 0.119098 0.901367 0.724121 0.0546875 0.0537109
0 0.119131 0.455078 0.266602 0.117188 0.046875
0 0.120044 0.618652 0.555664 0.0166016 0.0351562
0 0.120311 0.880859 0.70459 0.0371094 0.0458984
0 0.121544 0.433105 0.0703125 0.0224609 0.0273438
0 0.121723 0.249023 0.308105 0.0449219 0.0517578
0 0.121758 0.153809 0.459473 0.0126953 0.0205078
0 0.12179 0.942871 0.56543 0.0380859 0.0410156
0 0.12214 0.351562 0.338867 0.0234375 0.0214844
0 0.12307 0.229492 0.522461 0.0292969 0.0410156
0 0.123509 0.609375 0.132812 0.0273438 0.0410156
0 0.124102 0.978516 0.610352 0.0390625 0.0644531
0 0.124125 0.325684 0.231934 0.0322266 0.0439453
0 0.124377 0.400391 0.0336914 0.0292969 0.0380859
0 0.124543 0.413086 0.745605 0.0253906 0.0263672
0 0.124674 0.542969 0.0585938 0.0136719 0.0292969
0 0.124989 0.52832 0.632324 0.0332031 0.0341797
0 0.125155 0.30127 0.975586 0.0283203 0.0410156
0 0.125622 0.436035 0.35498 0.0166016 0.0185547
0 0.125686 0.580566 0.334473 0.0263672 0.0732422
0 0.125753 0.623535 0.970703 0.0576172 0.0527344
0 0.126132 0.504395 0.65625 0.0126953 0.0234375
0 0.126142 0.65625 0.229492 0.0546875 0.0449219
0 0.126486 0.588867 0.0332031 0.0214844 0.0292969
0 0.126626 0.13916 0.309082 0.0439453 0.0361328
0 0.126745 0.442383 0.227539 0.0527344 0.046875
0 0.126984 0.707031 0.669434 0.0292969 0.0478516
0 0.127072 0.19043 0.324707 0.0234375 0.0380859
0 0.127254 0.74707 0.739258 0.03125 0.0488281
0 0.127562 0.640625 0.596191 0.0449219 0.0458984
0 0.128317 0.614746 0.759766 0.0166016 0.0234375
0 0.128571 0.691406 0.132812 0.0175781 0.0429688
0 0.128731 0.163086 0.707031 0.0253906 0.03125
0 0.128997 0.710449 0.426758 0.0166016 0.0253906
0 0.128998 0.267578 0.0200195 0.0371094 0.0341797
0 0.129205 0.390625 0.370117 0.0332031 0.0429688
0 0.129352 0.356934 0.0820312 0.0380859 0.046875
0 0.130109 0.34375 0.180664 0.0429688 0.0507812
0 0.130638 0.79248 0.452148 0.0126953 0.0253906
0 0.132132 0.48877 0.134766 0.0810547 0.0878906
0 0.132501 0.620117 0.547363 0.0136719 0.0263672
0 0.133571 0.658203 0.856445 0.0292969 0.03125
0 0.134002 0.00878906 0.820312 0.0175781 0.0390625
0 0.134568 0.464844 0.0927734 0.0625 0.0566406
0 0.135443 0.268066 0.218262 0.0341797 0.0498047
0 0.136059 0.194824 0.25 0.0185547 0.0175781
0 0.136449 0.427734 0.469238 0.0175781 0.0283203
0 0.1371 0.319824 0.59082 0.0322266 0.0292969
0 0.138238 0.158203 0.804199 0.0292969 0.0498047
0 0.138328 0.722656 0.508789 0.0527344 0.0390625
0 0.13858 0.33252 0.763672 0.0185547 0.0175781
0 0.138605 0.550781 0.56543 0.0214844 0.0253906
0 0.138635 0.654785 0.973145 0.0908203 0.0498047
0 0.138731 0.670898 0.609375 0.0371094 0.03125
0 0.14006 0.22168 0.193359 0.0332031 0.0625
0 0.140559 0.341309 0.970703 0.0126953 0.0195312
0 0.141487 0.215332 0.154785 0.0771484 0.0751953
0 0.141689 0.635254 0.50293 0.0126953 0.0273438
0 0.142211 0.150391 0.220703 0.0292969 0.0351562
0 0.143274 0.457031 0.423828 0.0273438 0.03125
0 0.143407 0.665039 0.5 0.0371094 0.0449219
0 0.143437 0.52002 0.0942383 0.0185547 0.0458984
0 0.144133 0.860352 0.869629 0.0605469 0.0517578
0 0.144745 0.570312 0.96875 0.0175781 0.03125
0 0.146597 0.256348 0.634766 0.0107422 0.0175781
0 0.146696 0.519531 0.10791 0.0371094 0.0654297
0 0.147814 0.344727 0.794434 0.0195312 0.0283203
0 0.149252 0.757812 0.227051 0.0488281 0.0556641
0 0.149418 0.199707 0.0195312 0.0458984 0.0390625
0 0.14952 0.367676 0.152344 0.0693359 0.0800781
0 0.150268 0.286133 0.0488281 0.0273438 0.03125
0 0.152048 0.399414 0.19043 0.0195312 0.0351562
0 0.152213 0.333496 0.395508 0.0126953 0.015625
0 0.15263 0.215332 0.121582 0.0361328 0.0478516
0 0.152755 0.256836 0.0966797 0.0429688 0.0488281
0 0.154014 0.546875 0.677734 0.015625 0.03125
0 0.154337 0.226562 0.277832 0.015625 0.0400391
0 0.155686 0.280273 0.22168 0.0390625 0.0410156
0 0.157396 0.335449 0.0205078 0.0224609 0.0371094
0 0.157472 0.507324 0.149414 0.0556641 0.046875
0 0.158918 0.595703 0.367676 0.0371094 0.0498047
0 0.160103 0.209961 0.278809 0.0234375 0.0283203
0 0.160333 0.326172 0.844238 0.0195312 0.0224609
0 0.16064 0.168945 0.630859 0.0273438 0.0351562
0 0.161197 0.616699 0.0395508 0.0126953 0.0244141
0 0.161478 0.535156 0.111816 0.046875 0.0654297
0 0.16195 0.678711 0.609375 0.0214844 0.0214844
0 0.162953 0.686523 0.015625 0.0605469 0.0253906
0 0.163164 0.305664 0.09375 0.0234375 0.0351562
0 0.16325 0.46582 0.505371 0.0136719 0.0166016
0 0.163754 0.657715 0.015625 0.0556641 0.0253906
0 0.164369 0.382324 0.0869141 0.0263672 0.0273438
0 0.164526 0.453613 0.108398 0.0458984 0.0585938
0 0.165016 0.104492 0.687012 0.0234375 0.0361328
0 0.165228 0.652832 0.959961 0.0283203 0.0390625
0 0.166747 0.290527 0.0380859 0.0341797 0.0566406
0 0.166969 0.594727 0.144043 0.0488281 0.0634766
0 0.167296 0.14209 0.647461 0.0283203 0.0390625
0 0.167722 0.160156 0.217285 0.0566406 0.0439453
0 0.167769 0.44873 0.0913086 0.0224609 0.0283203
0 0.167997 0.178711 0.209473 0.0449219 0.0439453
0 0.169751 0.612305 0.143066 0.0449219 0.0537109
0 0.169771 0.554688 0.317383 0.0292969 0.0234375
0 0.170658 0.526367 0.57959 0.0136719 0.0283203
0 0.170907 0.47998 0.600586 0.0244141 0.0253906
0 0.171919 0.515137 0.398438 0.0146484 0.0234375
0 0.173663 0.506348 0.0883789 0.0556641 0.0693359
0 0.174038 0.665039 0.157715 0.046875 0.0537109
0 0.174871 0.685059 0.979492 0.0693359 0.0332031
0 0.175864 0.493652 0.605469 0.0263672 0.0273438
0 0.17658 0.577148 0.175781 0.0410156 0.046875
0 0.177112 0.348145 0.019043 0.0380859 0.0341797
0 0.17712 0.333496 0.299805 0.0166016 0.0175781
0 0.178705 0.101562 0.347656 0.0195312 0.0410156
0 0.178731 0.841309 0.760742 0.0341797 0.0390625
0 0.17904 0.350586 0.263184 0.0410156 0.0400391
0 0.18045 0.260742 0.905762 0.015625 0.0380859
0 0.180725 0.242188 0.0878906 0.0292969 0.046875
0 0.181358 0.407227 0.74707 0.0136719 0.0214844
0 0.18259 0.20459 0.152832 0.0419922 0.0478516
0 0.183369 0.378418 0.0185547 0.0341797 0.0332031
0 0.184166 0.39209 0.886719 0.0146484 0.0175781
0 0.18426 0.801758 0.764648 0.0273438 0.0292969
0 0.186329 0.466309 0.218262 0.0458984 0.0576172
0 0.186412 0.53418 0.214355 0.0175781 0.0224609
0 0.188011 0.294922 0.722168 0.0273438 0.0380859
0 0.189156 0.558594 0.0288086 0.0351562 0.0361328
0 0.189285 0.0458984 0.177246 0.0917969 0.0986328
0 0.189623 0.15918 0.266602 0.0214844 0.03125
0 0.189739 0.467285 0.424805 0.0146484 0.0273438
0 0.191066 0.520508 0.243164 0.0976562 0.0664062
0 0.191705 0.385254 0.450684 0.0166016 0.0205078
0 0.191746 0.615723 0.580078 0.0263672 0.0507812
0 0.19289 0.769043 0.0507812 0.0205078 0.0273438
0 0.193027 0.481445 0.0996094 0.0410156 0.0546875
0 0.193115 0.759277 0.98877 0.0224609 0.0224609
0 0.193336 0.656738 0.0117188 0.0322266 0.0195312
0 0.194739 0.660645 0.568359 0.0185547 0.0195312
0 0.194762 0.541992 0.566406 0.0273438 0.0292969
0 0.196535 0.711914 0.16748 0.0507812 0.0439453
0 0.197079 0.689453 0.505371 0.0429688 0.0380859
0 0.197678 0.394043 0.179199 0.0263672 0.0498047
0 0.198055 0.342773 0.976074 0.0195312 0.0322266
0 0.198213 0.342773 0.572266 0.0351562 0.0292969
0 0.201682 0.379883 0.365723 0.0195312 0.0302734
0 0.203046 0.130371 0.303223 0.0283203 0.0302734
0 0.204021 0.375 0.53418 0.0273438 0.0273438
0 0.205701 0.205566 0.71875 0.0166016 0.0234375
0 0.205939 0.602539 0.0224609 0.0136719 0.0175781
0 0.206151 0.655762 0.763184 0.0419922 0.0517578
0 0.207029 0.237305 0.128906 0.046875 0.0390625
0 0.207418 0.532715 0.572754 0.0244141 0.0361328
0 0.208408 0.645996 0.143555 0.0361328 0.0371094
0 0.209095 0.695312 0.318848 0.0214844 0.0322266
0 0.209713 0.580566 0.0639648 0.0341797 0.0654297
0 0.211741 0.647461 0.602051 0.0273438 0.0322266
0 0.212074 0.790039 0.832031 0.0175781 0.0214844
0 0.212155 0.464844 0.550293 0.0234375 0.0498047
0 0.212175 0.638672 0.15332 0.0449219 0.0625
0 0.212688 0.253906 0.124512 0.0214844 0.0322266
0 0.217527 0.59375 0.844238 0.0351562 0.0341797
0 0.217578 0.0874023 0.065918 0.0751953 0.0869141
0 0.217834 0.18457 0.564941 0.0351562 0.0380859
0 0.22072 0.529297 0.98291 0.0332031 0.0322266
0 0.22089 0.685547 0.145996 0.0332031 0.0654297
0 0.221042 0.580566 0.967773 0.0322266 0.0332031
0 0.222368 0.816406 0.0283203 0.0722656 0.0488281
0 0.223404 0.299316 0.019043 0.0185547 0.0302734
0 0.225137 0.584473 0.160156 0.0537109 0.0625
0 0.226057 0.64209 0.0117188 0.0224609 0.0234375
0 0.226894 0.547852 0.835449 0.0253906 0.0595703
0 0.227528 0.536621 0.913086 0.0283203 0.0429688
0 0.229 0.389648 0.959473 0.0078125 0.0205078
0 0.229053 0.199219 0.430664 0.0195312 0.0332031
0 0.229518 0.611816 0.359863 0.0283203 0.0361328
0 0.229625 0.393555 0.116699 0.0136719 0.0126953
0 0.230049 0.74707 0.888184 0.03125 0.0322266
0 0.231533 0.296387 0.170898 0.0224609 0.0292969
0 0.233711 0.688965 0.226074 0.0576172 0.0478516
0 0.233777 0.280273 0.242188 0.03125 0.0625
0 0.234803 0.904785 0.591797 0.0478516 0.0644531
0 0.239341 0.361328 0.27002 0.0273438 0.0283203
0 0.239924 0.262695 0.17334 0.0195312 0.0341797
0 0.243153 0.586914 0.380859 0.0214844 0.0253906
0 0.244854 0.489746 0.0595703 0.0380859 0.0390625
0 0.245347 0.37793 0.75293 0.015625 0.0234375
0 0.245367 0.105469 0.638672 0.0214844 0.0351562
0 0.247871 0.673828 0.0859375 0.0273438 0.0351562
0 0.250747 0.719727 0.729004 0.0273438 0.0400391
0 0.253241 0.458496 0.234375 0.0341797 0.0410156
0 0.25804 0.25293 0.019043 0.0351562 0.0322266
0 0.261271 0.497559 0.697754 0.0205078 0.0322266
0 0.262083 0.85498 0.552246 0.0517578 0.0322266
0 0.262979 0.224609 0.516602 0.015625 0.0332031
0 0.263441 0.550293 0.811035 0.0302734 0.0439453
0 0.263821 0.671875 0.857422 0.0273438 0.03125
0 0.266857 0.564941 0.519531 0.0205078 0.0273438
0 0.270345 0.442871 0.0981445 0.0283203 0.0439453
0 0.271527 0.64209 0.967285 0.0478516 0.0517578
0 0.272169 0.247559 0.188477 0.0537109 0.0664062
0 0.273603 0.481445 0.195801 0.0332031 0.0380859
0 0.276089 0.334961 0.581543 0.0488281 0.0458984
0 0.276699 0.753418 0.0136719 0.0302734 0.0273438
0 0.277231 0.268066 0.442383 0.0166016 0.0410156
0 0.282592 0.848145 0.59375 0.0263672 0.0332031
0 0.283881 0.180664 0.0419922 0.0800781 0.0839844
0 0.28662 0.333008 0.108887 0.0253906 0.0400391
0 0.288579 0.347656 0.476074 0.0175781 0.0302734
0 0.290635 0.474609 0.569336 0.0195312 0.0273438
0 0.299074 0.455566 0.474121 0.0126953 0.0224609
0 0.300591 0.868652 0.560059 0.0615234 0.0419922
0 0.307967 0.233887 0.0810547 0.0224609 0.0351562
0 0.310315 0.422852 0.481934 0.0273438 0.0478516
0 0.310644 0.66748 0.0439453 0.0361328 0.0410156
0 0.311549 0.0537109 0.359863 0.03125 0.0380859
0 0.314148 0.47998 0.185059 0.0478516 0.0498047
0 0.319768 0.40918 0.0415039 0.03125 0.0478516
0 0.319837 0.739746 0.729004 0.0498047 0.0537109
0 0.320883 0.111328 0.0634766 0.0507812 0.0917969
0 0.323936 0.461426 0.431641 0.0166016 0.0273438
0 0.32426 0.214844 0.328613 0.03125 0.0380859
0 0.325717 0.70752 0.0556641 0.0498047 0.0449219
0 0.327398 0.599121 0.503906 0.0263672 0.0332031
0 0.328107 0.459473 0.541504 0.0224609 0.0361328
0 0.328196 0.478027 0.357422 0.0166016 0.0390625
0 0.328783 0.499023 0.321289 0.03125 0.0371094
0 0.332294 0.5 0.763184 0.0332031 0.0341797
0 0.339742 0.960449 0.598145 0.0751953 0.0830078
0 0.340178 0.493652 0.163086 0.0634766 0.0507812
0 0.341381 0.317871 0.065918 0.0185547 0.0419922
0 0.343299 0.688965 0.273438 0.0380859 0.0429688
0 0.346933 0.737305 0.504883 0.0332031 0.0488281
0 0.348708 0.20752 0.461914 0.0126953 0.0253906
0 0.350509 0.484375 0.386719 0.0214844 0.0195312
0 0.356357 0.0629883 0.0664062 0.0517578 0.0761719
0 0.358311 0.505371 0.257812 0.0654297 0.0449219
0 0.360271 0.891602 0.578125 0.0566406 0.0605469
0 0.362391 0.583496 0.0419922 0.0224609 0.03125
0 0.363595 0.442383 0.169434 0.0273438 0.0400391
0 0.364468 0.271484 0.225098 0.0214844 0.0283203
0 0.368021 0.441406 0.409668 0.015625 0.0263672
0 0.378076 0.593262 0.445801 0.0185547 0.0302734
0 0.38026 0.28418 0.258789 0.0253906 0.0351562
0 0.381189 0.339844 0.253418 0.0332031 0.0517578
0 0.387502 0.229492 0.208496 0.0292969 0.0498047
0 0.390963 0.626953 0.0507812 0.0234375 0.0351562
0 0.393794 0.30957 0.295898 0.0234375 0.0253906
0 0.412686 0.160156 0.327637 0.0273438 0.0322266
0 0.414251 0.381836 0.171875 0.0429688 0.046875
0 0.414793 0.257324 0.298828 0.0244141 0.0410156
0 0.425314 0.412109 0.372559 0.0195312 0.0380859
0 0.427289 0.322266 0.179199 0.0527344 0.0478516
0 0.429952 0.487793 0.0776367 0.0478516 0.0751953
0 0.431979 0.205078 0.985352 0.03125 0.0273438
0 0.438967 0.276855 0.105957 0.0244141 0.0517578
0 0.441867 0.20752 0.133789 0.0478516 0.0605469
0 0.444208 0.367188 0.170898 0.0507812 0.0566406
0 0.445753 0.348633 0.0961914 0.046875 0.0615234
0 0.448044 0.797363 0.716309 0.0478516 0.0517578
0 0.461478 0.421875 0.217285 0.0253906 0.0419922
0 0.462055 0.31543 0.225098 0.0273438 0.0419922
0 0.463888 0.857422 0.703613 0.046875 0.0595703
0 0.478671 0.218262 0.639648 0.0302734 0.0410156
0 0.480109 0.429199 0.279785 0.0537109 0.0400391
0 0.49434 0.361816 0.0200195 0.0361328 0.0380859
0 0.497337 0.256348 0.180664 0.0322266 0.0488281
0 0.501795 0.433105 0.106445 0.0244141 0.0390625
0 0.503521 0.730469 0.825195 0.0390625 0.0410156
0 0.523877 0.414551 0.0532227 0.0224609 0.0498047
0 0.527764 0.549316 0.0219727 0.0205078 0.0302734
0 0.561341 0.575684 0.0874023 0.0400391 0.0458984
0 0.563094 0.908203 0.719727 0.0351562 0.0390625
0 0.609052 0.139648 0.230469 0.0332031 0.0566406
0 0.633601 0.537109 0.493164 0.0390625 0.0332031
