0 0.10279 0.363281 0.838867 0.00976562 0.0195312
0 0.102874 0.557617 0.564453 0.0214844 0.0234375
0 0.105081 0.331055 0.687012 0.0253906 0.0244141
0 0.105528 0.136719 0.557129 0.0175781 0.0322266
0 0.10763 0.463379 0.0395508 0.0791016 0.0791016
0 0.108889 0.415527 0.541504 0.0166016 0.0224609
0 0.109086 0.641602 0.711426 0.046875 0.0498047
0 0.1116 0.684082 0.0400391 0.124023 0.078125
0 0.111791 0.267578 0.431152 0.0136719 0.0263672
0 0.113211 0.368164 0.627441 0.00976562 0.0244141
0 0.116212 0.364746 0.630859 0.0126953 0.0273438
0 0.116465 0.212891 0.423828 0.0488281 0.0527344
0 0.119099 0.282715 0.82666 0.0322266 0.0400391
0 0.119452 0.35791 0.633789 0.0166016 0.03125
0 0.120824 0.520996 0.286621 0.0283203 0.0341797
0 0.122836 0.540527 0.89502 0.0439453 0.0712891
0 0.122939 0.18457 0.558594 0.0351562 0.0527344
0 0.123688 0.297363 0.534668 0.0458984 0.0478516
0 0.124494 0.359863 0.21582 0.0693359 0.0839844
0 0.125736 0.562012 0.52002 0.0205078 0.0185547
0 0.127284 0.35791 0.712891 0.0166016 0.0214844
0 0.129203 0.219238 0.633789 0.0185547 0.0273438
0 0.129915 0.472656 0.509277 0.015625 0.0146484
0 0.132841 0.437988 0.30957 0.0498047 0.0527344
0 0.134171 0.654785 0.68457 0.0751953 0.105469
0 0.138116 0.773926 0.64209 0.0419922 0.0517578
0 0.138137 0.725098 0.0644531 0.0615234 0.0625
0 0.138575 0.23291 0.515625 0.0302734 0.0390625
0 0.139958 0.501953 0.56543 0.0292969 0.0449219
0 0.141068 0.494141 0.857422 0.0292969 0.0273438
0 0.143478 0.618652 0.916992 0.0517578 0.0742188
0 0.149121 0.207031 0.488281 0.0175781 0.03125
0 0.149501 0.383301 0.390137 0.00878906 0.0146484
0 0.156985 0.288574 0.654785 0.0302734 0.0361328
0 0.158403 0.523438 0.19043 0.0292969 0.046875
0 0.162234 0.672363 0.916016 0.0302734 0.0566406
0 0.171207 0.203125 0.431152 0.03125 0.0341797
0 0.172899 0.521973 0.453125 0.0283203 0.046875
0 0.173955 0.224609 0.520996 0.015625 0.0302734
0 0.17482 0.482422 0.401367 0.0449219 0.0332031
0 0.181979 0.567383 0.569336 0.0273438 0.0253906
0 0.186911 0.272461 0.530273 0.0214844 0.0351562
0 0.189079 0.43457 0.15918 0.0175781 0.0292969
0 0.191017 0.34082 0.97998 0.0722656 0.0380859
0 0.191724 0.381836 0.362793 0.0175781 0.0283203
0 0.198258 0.417969 0.236328 0.0488281 0.0820312
0 0.206273 0.303223 0.804688 0.0478516 0.0449219
0 0.223487 0.516602 0.27832 0.0410156 0.0527344
0 0.223853 0.230469 0.639648 0.03125 0.0371094
0 0.224889 0.56543 0.80127 0.0390625 0.0458984
0 0.22578 0.739258 0.706055 0.0585938 0.0859375
0 0.227381 0.705078 0.279785 0.0683594 0.0517578
0 0.228681 0.565918 0.0620117 0.0927734 0.116211
0 0.234375 0.28418 0.477051 0.0214844 0.0263672
0 0.234577 0.414062 0.367676 0.00976562 0.0224609
0 0.234922 0.458984 0.965332 0.0761719 0.0654297
0 0.237965 0.233398 0.564453 0.0273438 0.0410156
0 0.241729 0.491699 0.399902 0.0244141 0.0263672
0 0.258639 0.305664 0.530762 0.0234375 0.0458984
0 0.260835 0.323242 0.40625 0.0117188 0.0253906
0 0.268819 0.382812 0.786621 0.0117188 0.0185547
0 0.269281 0.366699 0.78418 0.0146484 0.0195312
0 0.277017 0.194824 0.836426 0.0419922 0.0732422
0 0.285635 0.358398 0.336426 0.0585938 0.0693359
0 0.302504 0.401855 0.578125 0.0341797 0.0390625
0 0.304255 0.619141 0.984863 0.0507812 0.0302734
0 0.31388 0.765625 0.154297 0.0898438 0.107422
0 0.321356 0.37207 0.55957 0.015625 0.0234375
0 0.32388 0.464844 0.397949 0.0214844 0.0322266
0 0.326428 0.266602 0.586426 0.0214844 0.0302734
0 0.340594 0.669922 0.124023 0.0722656 0.0917969
0 0.341489 0.621582 0.227539 0.0302734 0.046875
0 0.345888 0.401367 0.453125 0.0351562 0.0351562
0 0.346992 0.401855 0.847656 0.0341797 0.0488281
0 0.357272 0.557129 0.265137 0.0498047 0.0478516
0 0.363543 0.398926 0.800293 0.00878906 0.0205078
0 0.393777 0.245605 0.470703 0.0185547 0.0449219
0 0.400508 0.611328 0.774902 0.0371094 0.0517578
0 0.429003 0.60791 0.891113 0.0634766 0.100586
0 0.50791 0.711426 0.838867 0.0869141 0.0859375
0 0.626621 0.708008 0.212402 0.046875 0.0888672
