0 0.100684 0.334473 0.468262 0.0185547 0.0244141
0 0.108414 0.834961 0.355469 0.0644531 0.0664062
0 0.113559 0.501953 0.415039 0.015625 0.0273438
0 0.115592 0.305176 0.65918 0.0439453 0.0449219
0 0.126566 0.48877 0.455566 0.0283203 0.0263672
0 0.127171 0.553711 0.593262 0.015625 0.0263672
0 0.132655 0.189941 0.402344 0.0302734 0.0292969
0 0.135275 0.204102 0.346191 0.0390625 0.0439453
0 0.159087 0.566406 0.390625 0.0273438 0.0351562
0 0.17613 0.367188 0.530273 0.0175781 0.0195312
0 0.20542 0.404785 0.634766 0.0361328 0.0488281
0 0.224465 0.572266 0.470703 0.0253906 0.0390625
0 0.253771 0.0869141 0.126953 0.0488281 0.0566406
0 0.257777 0.539062 0.470703 0.0175781 0.0253906
0 0.27985 0.447754 0.59668 0.0439453 0.0410156
0 0.284615 0.375 0.605469 0.03125 0.0390625
