0 0.100038 0.356934 0.542969 0.0283203 0.0292969
0 0.100554 0.501465 0.25 0.0146484 0.0195312
0 0.101119 0.267578 0.466309 0.0273438 0.0517578
0 0.101215 0.265625 0.383301 0.0253906 0.0400391
0 0.101239 0.540039 0.817871 0.0195312 0.0322266
0 0.101828 0.554688 0.944336 0.0195312 0.0234375
0 0.101853 0.319336 0.629395 0.015625 0.0244141
0 0.102094 0.470215 0.015625 0.0341797 0.0273438
0 0.102473 0.666504 0.881348 0.102539 0.0869141
0 0.103041 0.455566 0.561035 0.0380859 0.0400391
0 0.103566 0.750977 0.586914 0.0410156 0.0410156
0 0.10417 0.608398 0.720215 0.078125 0.114258
0 0.104195 0.804688 0.0390625 0.0644531 0.0605469
0 0.105471 0.310547 0.366699 0.0566406 0.0595703
0 0.105897 0.538574 0.146973 0.0166016 0.0302734
0 0.105961 0.114258 0.732422 0.0566406 0.0644531
0 0.106241 0.603027 0.547852 0.0107422 0.0273438
0 0.106298 0.455566 0.0864258 0.0478516 0.0712891
0 0.106357 0.267578 0.254883 0.0351562 0.0585938
0 0.106541 0.594727 0.764648 0.0449219 0.0644531
0 0.107036 0.455078 0.354492 0.0136719 0.0214844
0 0.107156 0.337402 0.53418 0.0263672 0.03125
0 0.107412 0.513184 0.445801 0.0263672 0.0283203
0 0.107802 0.131348 0.345215 0.0517578 0.0478516
0 0.10913 0.48291 0.316406 0.00878906 0.0195312
0 0.109246 0.756836 0.0170898 0.0800781 0.0322266
0 0.109256 0.425293 0.671875 0.0107422 0.015625
0 0.109362 0.470703 0.469238 0.0292969 0.0341797
0 0.109398 0.631348 0.708496 0.0302734 0.0595703
0 0.109475 0.207031 0.380371 0.0292969 0.0380859
0 0.110047 0.34375 0.335449 0.0410156 0.0810547
0 0.110519 0.328613 0.306641 0.0283203 0.0429688
0 0.110666 0.835449 0.461426 0.0126953 0.0205078
0 0.111506 0.438965 0.0219727 0.0556641 0.0419922
0 0.112089 0.133789 0.731934 0.0449219 0.0654297
0 0.112178 0.21875 0.979004 0.0546875 0.0380859
0 0.112215 0.541016 0.272461 0.0234375 0.0292969
0 0.11229 0.160156 0.333008 0.0390625 0.0488281
0 0.113013 0.53418 0.0737305 0.0371094 0.0615234
0 0.11307 0.581055 0.495117 0.0175781 0.0273438
0 0.113077 0.428223 0.208984 0.0498047 0.0507812
0 0.113093 0.70459 0.0375977 0.0322266 0.0380859
0 0.113498 0.516113 0.0253906 0.0341797 0.0371094
0 0.11359 0.505859 0.484375 0.0253906 0.0234375
0 0.114544 0.339355 0.624512 0.0107422 0.0185547
0 0.115167 0.293945 0.35498 0.0292969 0.0400391
0 0.115454 0.6875 0.151367 0.0175781 0.0273438
0 0.116037 0.505371 0.451172 0.0263672 0.0390625
0 0.116054 0.366699 0.526855 0.0126953 0.0205078
0 0.116331 0.495117 0.46582 0.0527344 0.0507812
0 0.117096 0.406738 0.28125 0.0166016 0.0449219
0 0.117209 0.240234 0.134277 0.0527344 0.100586
0 0.117836 0.317871 0.305176 0.0244141 0.0341797
0 0.118079 0.292969 0.382812 0.0273438 0.03125
0 0.118154 0.0864258 0.694336 0.0517578 0.0625
0 0.118877 0.338867 0.108398 0.0332031 0.0644531
0 0.119298 0.627441 0.845215 0.0185547 0.0361328
0 0.119421 0.119141 0.876465 0.0410156 0.0439453
0 0.119842 0.657227 0.246582 0.0234375 0.0302734
0 0.120257 0.734863 0.452637 0.0244141 0.0361328
0 0.120305 0.211426 0.380371 0.0654297 0.0419922
0 0.12055 0.186035 0.137207 0.0517578 0.129883
0 0.120837 0.740723 0.152344 0.0263672 0.0371094
0 0.121077 0.584473 0.465332 0.0224609 0.0263672
0 0.121114 0.198242 0.741211 0.0761719 0.0761719
0 0.121633 0.740234 0.370605 0.0253906 0.0283203
0 0.122107 0.531738 0.399902 0.0400391 0.0224609
0 0.122108 0.537109 0.231445 0.0234375 0.0332031
0 0.122638 0.479004 0.739746 0.0458984 0.0634766
0 0.12315 0.527832 0.230469 0.0146484 0.0253906
0 0.123309 0.42627 0.417969 0.0205078 0.0273438
0 0.12376 0.658691 0.41748 0.0419922 0.0419922
0 0.124737 0.691895 0.874512 0.0556641 0.0654297
0 0.125298 0.463867 0.459961 0.0449219 0.0449219
0 0.125461 0.637695 0.978027 0.0644531 0.0361328
0 0.126967 0.519043 0.397461 0.0302734 0.0253906
0 0.127416 0.0859375 0.886719 0.0449219 0.0527344
0 0.127682 0.0625 0.247559 0.0527344 0.0478516
0 0.127989 0.290039 0.365234 0.0449219 0.0585938
0 0.128953 0.52002 0.685547 0.0283203 0.046875
0 0.12924 0.242676 0.309082 0.0400391 0.0537109
0 0.129361 0.452637 0.592285 0.0498047 0.0556641
0 0.13028 0.258301 0.379883 0.0205078 0.0488281
0 0.131203 0.629395 0.0146484 0.0380859 0.0273438
0 0.131412 0.195801 0.662109 0.0419922 0.0449219
0 0.131894 0.0966797 0.495605 0.0253906 0.0478516
0 0.131969 0.556152 0.484375 0.0185547 0.0214844
0 0.132793 0.166504 0.250977 0.0146484 0.0273438
0 0.133749 0.606445 0.0283203 0.115234 0.0566406
0 0.134923 0.394043 0.192383 0.0556641 0.0605469
0 0.134944 0.378418 0.615723 0.0322266 0.0361328
0 0.135832 0.305664 0.255859 0.0390625 0.0449219
0 0.136218 0.625977 0.36377 0.0175781 0.0185547
0 0.137978 0.531738 0.711426 0.0380859 0.0537109
0 0.138304 0.536133 0.882324 0.0703125 0.114258
0 0.138906 0.169922 0.700195 0.0136719 0.0175781
0 0.140771 0.413086 0.17627 0.0800781 0.100586
0 0.14084 0.413086 0.17041 0.0253906 0.0361328
0 0.141478 0.410645 0.0258789 0.106445 0.0517578
0 0.141979 0.536621 0.164062 0.0537109 0.0585938
0 0.142544 0.473633 0.915039 0.0664062 0.0800781
0 0.142884 0.76709 0.885742 0.0927734 0.113281
0 0.14496 0.571289 0.0913086 0.0234375 0.0263672
0 0.145094 0.0151367 0.220703 0.0283203 0.0332031
0 0.145482 0.130371 0.228516 0.0302734 0.0429688
0 0.147042 0.34668 0.359375 0.0234375 0.0292969
0 0.147455 0.713379 0.144043 0.0185547 0.0244141
0 0.147516 0.803711 0.187012 0.03125 0.0361328
0 0.147653 0.205078 0.310547 0.0605469 0.0625
0 0.148356 0.533203 0.566895 0.0332031 0.0419922
0 0.148586 0.599121 0.364746 0.0244141 0.0498047
0 0.149163 0.613281 0.927734 0.0449219 0.0664062
0 0.149705 0.325684 0.145996 0.0380859 0.0537109
0 0.151076 0.290039 0.0410156 0.0332031 0.0585938
0 0.151766 0.477539 0.233398 0.0273438 0.0234375
0 0.15203 0.673828 0.520508 0.0117188 0.0175781
0 0.152202 0.15625 0.857422 0.0371094 0.0566406
0 0.152538 0.0913086 0.233398 0.0791016 0.0664062
0 0.152978 0.558594 0.914062 0.09375 0.0898438
0 0.153258 0.37793 0.72998 0.015625 0.0224609
0 0.153746 0.639648 0.0400391 0.0488281 0.0644531
0 0.153973 0.540527 0.15625 0.0244141 0.0488281
0 0.15508 0.283691 0.86084 0.0419922 0.0517578
0 0.155983 0.644043 0.322754 0.0185547 0.0263672
0 0.157575 0.479004 0.159668 0.0283203 0.0439453
0 0.157952 0.436035 0.0839844 0.0556641 0.0761719
0 0.160124 0.758301 0.591309 0.0224609 0.0302734
0 0.160806 0.476562 0.754395 0.03125 0.0439453
0 0.160839 0.283691 0.671875 0.0380859 0.0390625
0 0.161454 0.241699 0.369141 0.0458984 0.0527344
0 0.161899 0.289062 0.281738 0.0234375 0.0380859
0 0.162118 0.478516 0.709961 0.0507812 0.0449219
0 0.163098 0.738281 0.0361328 0.0761719 0.0683594
0 0.163468 0.501953 0.190918 0.0234375 0.0341797
0 0.164722 0.84082 0.0942383 0.0292969 0.0244141
0 0.166964 0.560059 0.315918 0.0283203 0.0244141
0 0.167388 0.609863 0.291504 0.0302734 0.0439453
0 0.168538 0.47998 0.458496 0.0205078 0.0283203
0 0.169597 0.57373 0.62793 0.0166016 0.0195312
0 0.172806 0.290527 0.681152 0.0224609 0.0263672
0 0.172838 0.546387 0.666504 0.0107422 0.0166016
0 0.173814 0.466309 0.629883 0.0283203 0.0292969
0 0.173898 0.489746 0.019043 0.0634766 0.0380859
0 0.174467 0.48877 0.593262 0.0341797 0.0380859
0 0.175081 0.410156 0.206543 0.0625 0.0634766
0 0.175151 0.212402 0.755859 0.0673828 0.0585938
0 0.175334 0.634277 0.0205078 0.0615234 0.0390625
0 0.176905 0.115723 0.816406 0.0283203 0.0488281
0 0.177533 0.771484 0.163574 0.0195312 0.0185547
0 0.178314 0.466797 0.20459 0.0195312 0.0185547
0 0.18005 0.381836 0.538574 0.0292969 0.0283203
0 0.18185 0.342285 0.310547 0.0439453 0.0527344
0 0.182938 0.616211 0.508301 0.0253906 0.0263672
0 0.183451 0.567871 0.700195 0.0244141 0.0332031
0 0.183739 0.560059 0.161621 0.0537109 0.0615234
0 0.184756 0.518555 0.849609 0.0449219 0.0546875
0 0.18481 0.186523 0.383789 0.0410156 0.0429688
0 0.185683 0.183105 0.168945 0.0419922 0.0722656
0 0.185731 0.577148 0.329102 0.0195312 0.0214844
0 0.18669 0.505371 0.445312 0.0166016 0.0234375
0 0.186838 0.54248 0.395508 0.0302734 0.0292969
0 0.187562 0.704102 0.863281 0.0410156 0.0566406
0 0.189646 0.503906 0.214844 0.0175781 0.0214844
0 0.191389 0.327637 0.379883 0.0322266 0.03125
0 0.191489 0.53418 0.337891 0.0234375 0.0195312
0 0.192857 0.532715 0.630371 0.0205078 0.0302734
0 0.193053 0.0893555 0.713379 0.0712891 0.0693359
0 0.194258 0.609375 0.187988 0.0292969 0.0419922
0 0.1945 0.123535 0.75293 0.0205078 0.0234375
0 0.19469 0.555664 0.181152 0.0332031 0.0341797
0 0.195643 0.337891 0.368164 0.0429688 0.0488281
0 0.199349 0.431152 0.294922 0.0302734 0.0449219
0 0.200358 0.825684 0.412109 0.0283203 0.0429688
0 0.201464 0.196289 0.435547 0.0761719 0.0820312
0 0.201921 0.306152 0.72998 0.0400391 0.0556641
0 0.205742 0.464844 0.250488 0.0507812 0.0556641
0 0.20642 0.462891 0.616211 0.0449219 0.0625
0 0.208159 0.253906 0.243164 0.0214844 0.0488281
0 0.208546 0.430176 0.155762 0.0283203 0.0341797
0 0.209165 0.367676 0.533203 0.0205078 0.03125
0 0.210354 0.260254 0.370117 0.0361328 0.0625
0 0.211396 0.544434 0.777344 0.0185547 0.0332031
0 0.212214 0.544434 0.975098 0.0419922 0.0419922
0 0.215 0.515625 0.168945 0.0253906 0.0351562
0 0.215625 0.228027 0.651855 0.0361328 0.0458984
0 0.217924 0.597168 0.325195 0.0126953 0.0234375
0 0.219265 0.287109 0.917969 0.0429688 0.0742188
0 0.219461 0.565918 0.39502 0.0224609 0.0205078
0 0.22094 0.505859 0.0297852 0.0546875 0.0537109
0 0.221619 0.412109 0.18457 0.0507812 0.0644531
0 0.222495 0.232422 0.374023 0.0273438 0.03125
0 0.224528 0.559082 0.263672 0.0185547 0.0253906
0 0.224796 0.75 0.186035 0.015625 0.0361328
0 0.22618 0.67041 0.424316 0.0263672 0.0283203
0 0.228153 0.21875 0.967773 0.0761719 0.0605469
0 0.228855 0.121582 0.349609 0.0244141 0.0371094
0 0.229299 0.410156 0.468262 0.0253906 0.0458984
0 0.230177 0.129395 0.870117 0.0341797 0.0429688
0 0.231753 0.755859 0.0908203 0.046875 0.0429688
0 0.232543 0.40918 0.133301 0.0507812 0.0732422
0 0.237638 0.624023 0.905273 0.0878906 0.105469
0 0.23785 0.584473 0.568359 0.0283203 0.0351562
0 0.240574 0.541504 0.0932617 0.0205078 0.0439453
0 0.246245 0.230957 0.753906 0.0361328 0.0527344
0 0.246267 0.444824 0.541016 0.0126953 0.0175781
0 0.248002 0.510254 0.178223 0.0341797 0.0478516
0 0.250619 0.632324 0.135742 0.0400391 0.0429688
0 0.252983 0.216797 0.242676 0.0410156 0.0458984
0 0.254716 0.597656 0.382324 0.0195312 0.0205078
0 0.256379 0.375 0.45459 0.0292969 0.0361328
0 0.256898 0.467285 0.164551 0.0361328 0.0458984
0 0.258189 0.418457 0.163574 0.0419922 0.0498047
0 0.258605 0.501465 0.130371 0.0400391 0.0615234
0 0.259233 0.849121 0.992188 0.0263672 0.0136719
0 0.259276 0.600098 0.355957 0.0185547 0.0302734
0 0.260906 0.644043 0.0444336 0.0322266 0.0419922
0 0.261408 0.513672 0.263672 0.0136719 0.0234375
0 0.261497 0.305176 0.23877 0.0595703 0.0654297
0 0.264982 0.340332 0.572754 0.0146484 0.0185547
0 0.266595 0.189453 0.290039 0.0488281 0.0507812
0 0.267297 0.5625 0.479004 0.0234375 0.0263672
0 0.269665 0.868652 0.188477 0.0361328 0.0351562
0 0.270203 0.464355 0.977051 0.0498047 0.0361328
0 0.270853 0.439941 0.594727 0.0224609 0.03125
0 0.275619 0.59668 0.48584 0.0175781 0.0224609
0 0.276191 0.355957 0.198242 0.0458984 0.0507812
0 0.281074 0.578125 0.146484 0.0332031 0.0410156
0 0.282877 0.354492 0.719727 0.0429688 0.0410156
0 0.287213 0.442871 0.447266 0.0263672 0.0351562
0 0.288566 0.291016 0.265625 0.0429688 0.0527344
0 0.290948 0.488281 0.665527 0.0117188 0.0244141
0 0.293287 0.309082 0.152344 0.0556641 0.0527344
0 0.297414 0.638672 0.40332 0.0253906 0.0351562
0 0.30014 0.531738 0.224609 0.0205078 0.0292969
0 0.300762 0.23291 0.192383 0.0400391 0.0410156
0 0.300908 0.692383 0.0410156 0.0585938 0.0507812
0 0.301387 0.13916 0.863281 0.0576172 0.0566406
0 0.303517 0.491699 0.401855 0.0205078 0.0244141
0 0.304682 0.328125 0.534668 0.0234375 0.0283203
0 0.306288 0.473633 0.964844 0.0566406 0.0566406
0 0.307722 0.585449 0.419922 0.0263672 0.0273438
0 0.30779 0.141113 0.521484 0.0439453 0.0664062
0 0.322386 0.292969 0.149902 0.0332031 0.0556641
0 0.326532 0.543457 0.913574 0.0478516 0.0732422
0 0.336658 0.382324 0.566895 0.0224609 0.0224609
0 0.365725 0.570801 0.0273438 0.0537109 0.0507812
0 0.369596 0.307617 0.100586 0.0195312 0.03125
0 0.384252 0.487793 0.34668 0.0166016 0.0292969
0 0.408424 0.516113 0.67627 0.0185547 0.0380859
0 0.409792 0.433105 0.271484 0.0283203 0.0605469
0 0.419485 0.469238 0.868164 0.0615234 0.0664062
0 0.426274 0.442383 0.388672 0.0175781 0.0234375
0 0.434788 0.512207 0.476074 0.0380859 0.0322266
0 0.43596 0.485352 0.952637 0.0351562 0.0576172
0 0.447909 0.187012 0.755859 0.0439453 0.0605469
0 0.486733 0.261719 0.484375 0.0351562 0.078125
0 0.504454 0.526855 0.526855 0.0205078 0.0224609
0 0.531258 0.325195 0.916016 0.0996094 0.0859375
0 0.587477 0.40332 0.790527 0.0722656 0.124023
