0 0.100287 0.428711 0.26123 0.0195312 0.0224609
0 0.100963 0.226562 0.0927734 0.0546875 0.0644531
0 0.103089 0.0405273 0.0180664 0.0439453 0.0341797
0 0.104944 0.168945 0.0263672 0.0410156 0.046875
0 0.108333 0.587402 0.745117 0.0400391 0.0488281
0 0.110654 0.525879 0.367188 0.0126953 0.0175781
0 0.112656 0.52832 0.289551 0.0136719 0.0283203
0 0.113869 0.442383 0.0541992 0.0585938 0.0517578
0 0.117677 0.843262 0.598145 0.0244141 0.0263672
0 0.118509 0.557617 0.250488 0.0214844 0.0244141
0 0.11896 0.216309 0.104004 0.0224609 0.0302734
0 0.121586 0.443359 0.879883 0.0175781 0.0234375
0 0.125866 0.251953 0.027832 0.0839844 0.0537109
0 0.126788 0.469238 0.277344 0.0146484 0.0253906
0 0.1281 0.216309 0.101074 0.0361328 0.0458984
0 0.131189 0.789062 0.643555 0.015625 0.0234375
0 0.134308 0.530273 0.03125 0.0371094 0.0449219
0 0.135721 0.517578 0.222656 0.0292969 0.0292969
0 0.136687 0.796387 0.319824 0.0263672 0.0224609
0 0.148194 0.494629 0.0239258 0.0283203 0.0419922
0 0.150134 0.477051 0.382324 0.0166016 0.0322266
0 0.150335 0.44043 0.146973 0.0175781 0.0205078
0 0.167002 0.522461 0.140625 0.015625 0.0214844
0 0.177802 0.171875 0.0966797 0.0410156 0.0507812
0 0.179532 0.510742 0.407227 0.015625 0.0214844
0 0.184373 0.286133 0.113281 0.0488281 0.0507812
0 0.185805 0.293945 0.432129 0.0371094 0.0400391
0 0.193036 0.354004 0.0366211 0.0537109 0.0712891
0 0.195324 0.459473 0.0581055 0.0263672 0.0400391
0 0.20653 0.564453 0.0371094 0.105469 0.0703125
0 0.233431 0.0219727 0.20459 0.0419922 0.0498047
0 0.245066 0.316895 0.118164 0.0185547 0.0332031
0 0.252849 0.425293 0.342773 0.0205078 0.0273438
0 0.32209 0.419922 0.0400391 0.0429688 0.0527344
0 0.322611 0.466797 0.5 0.0273438 0.0273438
0 0.378068 0.598633 0.393555 0.03125 0.0292969
