0 0.100099 0.771484 0.166016 0.0195312 0.0234375
0 0.10019 0.0991211 0.367188 0.0283203 0.0292969
0 0.100964 0.822754 0.11084 0.0322266 0.0185547
0 0.104262 0.0864258 0.550781 0.0322266 0.0253906
0 0.106098 0.67041 0.0336914 0.0146484 0.0205078
0 0.1073 0.745605 0.253906 0.0107422 0.0234375
0 0.10731 0.885254 0.32959 0.0361328 0.0400391
0 0.108157 0.759277 0.367676 0.0146484 0.0400391
0 0.110581 0.286133 0.300293 0.0136719 0.0205078
0 0.110677 0.749512 0.246582 0.0146484 0.0263672
0 0.111807 0.727051 0.372559 0.0185547 0.0224609
0 0.11306 0.647461 0.0620117 0.0292969 0.0380859
0 0.114248 0.987793 0.369141 0.0205078 0.0351562
0 0.114548 0.703613 0.183105 0.0166016 0.0224609
0 0.114856 0.693359 0.163574 0.0195312 0.0263672
0 0.115693 0.684082 0.557129 0.0126953 0.0205078
0 0.115744 0.903809 0.261719 0.0146484 0.0332031
0 0.115907 0.278809 0.450195 0.0146484 0.0214844
0 0.116542 0.714844 0.0263672 0.0292969 0.0429688
0 0.116843 0.144531 0.568359 0.03125 0.0292969
0 0.117354 0.14209 0.303711 0.0185547 0.0253906
0 0.118544 0.280762 0.384766 0.0146484 0.0292969
0 0.119477 0.840332 0.050293 0.0400391 0.0439453
0 0.119856 0.87207 0.0957031 0.0273438 0.0410156
0 0.12029 0.330078 0.379883 0.015625 0.0195312
0 0.120741 0.117676 0.557617 0.0283203 0.03125
0 0.123062 0.802734 0.141113 0.0234375 0.0224609
0 0.126574 0.308105 0.283691 0.0107422 0.0166016
0 0.127038 0.858398 0.239746 0.0332031 0.0302734
0 0.127612 0.352539 0.281738 0.0234375 0.0302734
0 0.129083 0.948242 0.431152 0.0292969 0.0361328
0 0.130161 0.134277 0.566406 0.0517578 0.0390625
0 0.131231 0.762695 0.234863 0.0117188 0.0244141
0 0.13225 0.745605 0.212891 0.0146484 0.0175781
0 0.132728 0.239258 0.279785 0.0214844 0.0302734
0 0.133595 0.71582 0.231934 0.03125 0.0244141
0 0.135937 0.85791 0.492188 0.0224609 0.0234375
0 0.137457 0.349121 0.0317383 0.0205078 0.0556641
0 0.137995 0.855957 0.232422 0.0185547 0.03125
0 0.139319 0.697754 0.236816 0.0166016 0.0205078
0 0.140422 0.39209 0.214844 0.0126953 0.0234375
0 0.141656 0.210938 0.271973 0.0195312 0.0283203
0 0.141779 0.725098 0.229492 0.0146484 0.0195312
0 0.14464 0.250977 0.208008 0.0175781 0.0410156
0 0.149862 0.291504 0.0664062 0.0166016 0.015625
0 0.151897 0.788086 0.34375 0.0214844 0.0273438
0 0.152393 0.206543 0.0283203 0.0341797 0.0488281
0 0.152484 0.734863 0.0917969 0.0341797 0.0371094
0 0.15266 0.570801 0.213379 0.0126953 0.0224609
0 0.152977 0.616699 0.230957 0.0361328 0.0341797
0 0.156911 0.854492 0.0576172 0.0253906 0.0449219
0 0.159882 0.62793 0.379395 0.00976562 0.0166016
0 0.160076 0.665039 0.455566 0.0175781 0.0244141
0 0.168001 0.57666 0.588867 0.0146484 0.0234375
0 0.169546 0.653809 0.0688477 0.0224609 0.0302734
0 0.172696 0.728516 0.182129 0.015625 0.0146484
0 0.177656 0.674805 0.115723 0.0175781 0.0283203
0 0.178654 0.184082 0.262695 0.00878906 0.0234375
0 0.179452 0.638672 0.0361328 0.0195312 0.0507812
0 0.185057 0.717773 0.369629 0.0175781 0.0224609
0 0.185263 0.179688 0.609863 0.0546875 0.0439453
0 0.187191 0.758301 0.238281 0.0146484 0.0253906
0 0.188756 0.70459 0.233887 0.0302734 0.0263672
0 0.188953 0.688477 0.313477 0.0136719 0.0253906
0 0.19171 0.787109 0.255371 0.0136719 0.0166016
0 0.194197 0.722656 0.0874023 0.0371094 0.0400391
0 0.199646 0.830566 0.118652 0.0419922 0.0341797
0 0.201393 0.245117 0.540527 0.0234375 0.0322266
0 0.203221 0.594238 0.131348 0.0185547 0.0302734
0 0.218711 0.867676 0.447266 0.0283203 0.0273438
0 0.218927 0.818359 0.242188 0.0292969 0.0332031
0 0.21956 0.775879 0.0957031 0.0146484 0.0273438
0 0.220187 0.243164 0.285156 0.0117188 0.015625
0 0.227677 0.681152 0.27002 0.0126953 0.0283203
0 0.229719 0.643555 0.371582 0.00976562 0.0224609
0 0.23452 0.870605 0.241211 0.0341797 0.0253906
0 0.242061 0.810059 0.174805 0.0205078 0.0234375
0 0.243402 0.697266 0.268066 0.015625 0.0146484
0 0.251597 0.760254 0.303711 0.0224609 0.0292969
0 0.255359 0.266113 0.39502 0.0224609 0.0283203
0 0.255569 0.0961914 0.556152 0.0498047 0.0341797
0 0.279139 0.717773 0.00927734 0.0292969 0.0166016
0 0.305011 0.785156 0.074707 0.0175781 0.0205078
0 0.32879 0.269043 0.213867 0.0126953 0.0214844
0 0.337554 0.22998 0.197266 0.0361328 0.0214844
0 0.348182 0.745117 0.101074 0.0273438 0.0419922
0 0.355165 0.720703 0.283691 0.0273438 0.0205078
0 0.365556 0.618164 0.00927734 0.0195312 0.0166016
0 0.382198 0.715332 0.0332031 0.0185547 0.0273438
0 0.394421 0.764648 0.275879 0.00976562 0.0302734
0 0.406501 0.904785 0.193848 0.0302734 0.0419922
0 0.530827 0.753418 0.0332031 0.0263672 0.046875
