0 0.100087 0.230957 0.200195 0.0146484 0.0253906
0 0.101822 0.391602 0.329102 0.0117188 0.0195312
0 0.102263 0.407715 0.303223 0.0283203 0.0322266
0 0.102677 0.238281 0.29541 0.0175781 0.0244141
0 0.104468 0.234863 0.507812 0.0185547 0.0292969
0 0.105526 0.217285 0.377441 0.0185547 0.0302734
0 0.1069 0.32666 0.216797 0.0185547 0.0273438
0 0.107764 0.463379 0.143066 0.0126953 0.0380859
0 0.107925 0.349121 0.458496 0.0126953 0.0283203
0 0.108695 0.241699 0.225098 0.0224609 0.0302734
0 0.111576 0.42041 0.134277 0.0166016 0.0302734
0 0.112124 0.763672 0.249023 0.0117188 0.0234375
0 0.113467 0.432617 0.0537109 0.03125 0.0332031
0 0.113681 0.359863 0.132812 0.0263672 0.0234375
0 0.114321 0.423828 0.162109 0.0371094 0.0507812
0 0.115371 0.292969 0.324219 0.0195312 0.0234375
0 0.118363 0.458984 0.18457 0.00976562 0.0175781
0 0.118406 0.131348 0.0976562 0.0302734 0.0273438
0 0.118777 0.397949 0.0214844 0.0166016 0.0234375
0 0.11893 0.181152 0.54541 0.0205078 0.0302734
0 0.120819 0.410156 0.211426 0.0195312 0.0263672
0 0.125028 0.473633 0.0878906 0.0136719 0.0214844
0 0.125129 0.298828 0.255371 0.0195312 0.0341797
0 0.125683 0.27002 0.306152 0.0166016 0.0244141
0 0.126308 0.747559 0.112793 0.0283203 0.0419922
0 0.130556 0.341309 0.408691 0.0224609 0.0283203
0 0.132418 0.187988 0.325684 0.0361328 0.0419922
0 0.133496 0.334473 0.413086 0.0185547 0.0253906
0 0.134824 0.265625 0.019043 0.03125 0.0341797
0 0.13493 0.209961 0.19873 0.0117188 0.0205078
0 0.136156 0.305664 0.316895 0.0195312 0.0205078
0 0.138443 0.135254 0.237793 0.0439453 0.0439453
0 0.141822 0.486816 0.16748 0.0263672 0.0244141
0 0.14354 0.418457 0.146973 0.0341797 0.0439453
0 0.146324 0.404785 0.143066 0.0166016 0.0322266
0 0.147467 0.225586 0.207031 0.0292969 0.0332031
0 0.15102 0.193848 0.015625 0.0439453 0.0292969
0 0.153848 0.390625 0.624023 0.0527344 0.0664062
0 0.154984 0.135254 0.176758 0.0224609 0.0234375
0 0.157465 0.48291 0.170898 0.0126953 0.0175781
0 0.160868 0.40625 0.369141 0.0117188 0.0253906
0 0.163142 0.447754 0.0942383 0.0205078 0.0400391
0 0.168554 0.469238 0.142578 0.0205078 0.0410156
0 0.16868 0.29248 0.355957 0.0166016 0.0283203
0 0.169608 0.325684 0.10498 0.0185547 0.0361328
0 0.176056 0.109863 0.043457 0.0146484 0.0302734
0 0.177153 0.332031 0.140137 0.0234375 0.0380859
0 0.178941 0.904785 0.0327148 0.0322266 0.0400391
0 0.179833 0.230957 0.299805 0.0205078 0.0214844
0 0.18002 0.41748 0.211426 0.0302734 0.0361328
0 0.182269 0.432617 0.152344 0.0253906 0.0292969
0 0.183442 0.407227 0.288574 0.046875 0.0498047
0 0.186678 0.32959 0.0922852 0.0205078 0.0361328
0 0.186682 0.158203 0.191406 0.0195312 0.0253906
0 0.190457 0.206055 0.549316 0.0195312 0.0244141
0 0.196704 0.243164 0.495117 0.0332031 0.0546875
0 0.20697 0.13916 0.220215 0.0224609 0.0205078
0 0.209814 0.198242 0.501953 0.0273438 0.0371094
0 0.216786 0.518066 0.17041 0.0224609 0.0244141
0 0.217851 0.290527 0.220703 0.0283203 0.0371094
0 0.218023 0.352539 0.341797 0.0136719 0.015625
0 0.222524 0.134766 0.543457 0.0332031 0.0302734
0 0.239541 0.324707 0.340332 0.0126953 0.0283203
0 0.242609 0.449219 0.0615234 0.0351562 0.0429688
0 0.243551 0.743164 0.0415039 0.015625 0.0263672
0 0.24602 0.253418 0.0849609 0.0185547 0.0273438
0 0.249109 0.850586 0.0415039 0.0292969 0.0400391
0 0.252225 0.160645 0.494141 0.0263672 0.0273438
0 0.253588 0.293457 0.117676 0.0263672 0.0302734
0 0.253669 0.447754 0.0356445 0.0595703 0.0634766
0 0.25449 0.428711 0.213867 0.0253906 0.0390625
0 0.258485 0.266602 0.034668 0.0371094 0.0439453
0 0.26468 0.300293 0.318848 0.0244141 0.0283203
0 0.266179 0.163086 0.287598 0.0371094 0.0498047
0 0.271547 0.317383 0.462891 0.00976562 0.0214844
0 0.283864 0.334961 0.186035 0.0371094 0.0634766
0 0.289253 0.296875 0.45752 0.015625 0.0263672
0 0.292266 0.337891 0.165039 0.0410156 0.0410156
0 0.301301 0.360352 0.148438 0.0332031 0.0488281
0 0.301416 0.231445 0.216797 0.0292969 0.0429688
0 0.304588 0.287109 0.382812 0.0292969 0.046875
0 0.317553 0.256348 0.335938 0.0224609 0.0175781
0 0.320397 0.453125 0.0195312 0.0585938 0.0390625
0 0.325927 0.27002 0.285156 0.0205078 0.0351562
0 0.331291 0.421875 0.17041 0.0214844 0.0380859
0 0.332231 0.249512 0.0639648 0.0205078 0.0419922
0 0.348757 0.277344 0.140137 0.0273438 0.0302734
0 0.365917 0.328613 0.0732422 0.0185547 0.0429688
0 0.370573 0.332031 0.210938 0.03125 0.0371094
0 0.392254 0.555664 0.239746 0.015625 0.0185547
0 0.451872 0.29248 0.171387 0.0263672 0.0283203
0 0.487231 0.418457 0.0805664 0.0166016 0.0341797
0 0.512286 0.219238 0.145508 0.0322266 0.0449219
0 0.590955 0.391602 0.027832 0.0273438 0.0302734
0 0.621135 0.313965 0.0371094 0.0361328 0.0507812
0 0.624241 0.382812 0.0991211 0.0292969 0.0576172
0 0.700763 0.358887 0.0356445 0.0302734 0.0654297
