0 0.101933 0.147461 0.0551758 0.0136719 0.0361328
0 0.103546 0.16748 0.11377 0.0458984 0.0400391
0 0.105304 0.683594 0.0229492 0.0605469 0.0458984
0 0.119413 0.570312 0.388184 0.0332031 0.0615234
0 0.121826 0.130859 0.678711 0.0273438 0.0566406
0 0.123274 0.566895 0.403809 0.0283203 0.0302734
0 0.1273 0.185547 0.118164 0.0488281 0.0507812
0 0.129638 0.286133 0.140137 0.0332031 0.0478516
0 0.13091 0.822754 0.109375 0.0283203 0.0253906
0 0.133551 0.854492 0.214844 0.0351562 0.0605469
0 0.138607 0.162109 0.256348 0.0546875 0.0517578
0 0.141124 0.246094 0.0366211 0.0351562 0.0712891
0 0.145688 0.227539 0.52002 0.0507812 0.0439453
0 0.164012 0.711914 0.153809 0.046875 0.100586
0 0.167152 0.409668 0.144043 0.0185547 0.0322266
0 0.168226 0.183594 0.158691 0.0253906 0.0205078
0 0.190314 0.787598 0.103516 0.0517578 0.0566406
0 0.190829 0.242188 0.012207 0.0273438 0.0244141
0 0.205912 0.218262 0.527344 0.0302734 0.0351562
0 0.21574 0.329102 0.436035 0.0332031 0.0322266
0 0.221297 0.219238 0.138184 0.0341797 0.0263672
0 0.306392 0.64209 0.132812 0.0126953 0.03125
0 0.331471 0.753418 0.571289 0.0517578 0.0351562
0 0.420315 0.0795898 0.129395 0.0283203 0.0361328
