0 0.105099 0.509277 0.0126953 0.0654297 0.0195312
0 0.108341 0.908691 0.79541 0.0302734 0.0380859
0 0.108791 0.691895 0.482422 0.0498047 0.046875
0 0.11717 0.230957 0.331543 0.0283203 0.0185547
0 0.123148 0.493164 0.0722656 0.0761719 0.0898438
0 0.12581 0.361816 0.22168 0.0537109 0.0605469
0 0.128262 0.431152 0.240234 0.0322266 0.0527344
0 0.134702 0.494629 0.0864258 0.0556641 0.0556641
0 0.138276 0.558594 0.0161133 0.0507812 0.0302734
0 0.138583 0.491699 0.012207 0.0400391 0.0244141
0 0.151324 0.387695 0.0380859 0.126953 0.0761719
0 0.158331 0.499512 0.0922852 0.0400391 0.0302734
0 0.159983 0.342285 0.984375 0.0185547 0.0234375
0 0.162892 0.430176 0.373535 0.0244141 0.0302734
0 0.164705 0.251953 0.381348 0.0214844 0.0556641
0 0.167117 0.0683594 0.251953 0.0371094 0.0429688
0 0.168715 0.521484 0.00976562 0.0332031 0.0175781
0 0.179948 0.483398 0.0107422 0.0429688 0.0175781
0 0.212801 0.458984 0.111328 0.0214844 0.0292969
0 0.22365 0.753418 0.730469 0.0283203 0.0429688
0 0.23629 0.574219 0.467285 0.0234375 0.0302734
0 0.417905 0.518066 0.928223 0.0322266 0.0341797
0 0.473952 0.358887 0.530273 0.0283203 0.0273438
