0 0.100579 0.0214844 0.0229492 0.0429688 0.0439453
0 0.101138 0.101562 0.291016 0.046875 0.0585938
0 0.101166 0.387207 0.117188 0.0107422 0.015625
0 0.102815 0.595215 0.0532227 0.0146484 0.0283203
0 0.103621 0.72168 0.189941 0.0175781 0.0322266
0 0.105203 0.341797 0.228027 0.0136719 0.0498047
0 0.105639 0.727539 0.180176 0.03125 0.0498047
0 0.106201 0.188965 0.74707 0.0341797 0.0585938
0 0.106655 0.101562 0.263184 0.0449219 0.0380859
0 0.108242 0.550293 0.203613 0.0166016 0.0126953
0 0.112678 0.470703 0.0214844 0.0117188 0.0175781
0 0.113333 0.20752 0.383301 0.0302734 0.0302734
0 0.115358 0.390137 0.456543 0.0302734 0.0322266
0 0.115763 0.141602 0.121094 0.0332031 0.0273438
0 0.116351 0.865234 0.194336 0.0390625 0.0488281
0 0.116458 0.438965 0.107422 0.0205078 0.0429688
0 0.11836 0.110352 0.816406 0.0546875 0.0566406
0 0.120371 0.306641 0.214355 0.0195312 0.0224609
0 0.120478 0.785645 0.175781 0.0849609 0.0996094
0 0.12346 0.83252 0.341309 0.0205078 0.0302734
0 0.125662 0.49707 0.236816 0.0136719 0.0185547
0 0.128969 0.766113 0.334961 0.0224609 0.0292969
0 0.129435 0.483398 0.0981445 0.0214844 0.0224609
0 0.130269 0.273438 0.32959 0.0117188 0.0283203
0 0.131532 0.331543 0.498047 0.0166016 0.0390625
0 0.13579 0.494141 0.0625 0.03125 0.0488281
0 0.137034 0.381836 0.280762 0.0175781 0.0224609
0 0.13814 0.34668 0.186035 0.0234375 0.0322266
0 0.139003 0.362793 0.00927734 0.0185547 0.0185547
0 0.141538 0.302734 0.281738 0.0214844 0.0263672
0 0.141902 0.486328 0.0830078 0.0253906 0.0507812
0 0.1429 0.573242 0.0742188 0.0136719 0.0292969
0 0.143177 0.541504 0.0693359 0.0185547 0.0195312
0 0.145203 0.354004 0.353516 0.0185547 0.03125
0 0.146136 0.327637 0.248535 0.0166016 0.0185547
0 0.146838 0.472656 0.257324 0.0117188 0.0263672
0 0.147707 0.439941 0.496094 0.0322266 0.0253906
0 0.149152 0.723633 0.333984 0.015625 0.0195312
0 0.151569 0.473633 0.130371 0.00976562 0.0205078
0 0.153825 0.375977 0.248047 0.0214844 0.0214844
0 0.154366 0.441406 0.417969 0.015625 0.0351562
0 0.156658 0.47168 0.354492 0.0136719 0.0332031
0 0.158455 0.577637 0.1875 0.0185547 0.0175781
0 0.163553 0.428711 0.266113 0.0195312 0.0341797
0 0.167168 0.134766 0.354492 0.0214844 0.0292969
0 0.175339 0.486816 0.0698242 0.0205078 0.0283203
0 0.178402 0.130859 0.119629 0.0507812 0.0361328
0 0.178498 0.217285 0.305176 0.0205078 0.0244141
0 0.18606 0.31543 0.347168 0.0195312 0.0205078
0 0.189285 0.254395 0.357422 0.0146484 0.0332031
0 0.211142 0.640137 0.144531 0.0166016 0.0214844
0 0.214373 0.367188 0.0742188 0.0273438 0.0390625
0 0.214988 0.794434 0.231445 0.0283203 0.0234375
0 0.217869 0.337402 0.283691 0.0146484 0.0263672
0 0.220214 0.475586 0.454102 0.0234375 0.0273438
0 0.225381 0.167969 0.244629 0.0410156 0.0283203
0 0.228435 0.407715 0.412109 0.0205078 0.0351562
0 0.229086 0.759766 0.342285 0.03125 0.0439453
0 0.238831 0.444336 0.0986328 0.0292969 0.0625
0 0.271008 0.299316 0.151367 0.0263672 0.0234375
0 0.271616 0.505371 0.0473633 0.0283203 0.0302734
0 0.275564 0.360352 0.425781 0.0175781 0.0332031
0 0.281695 0.434082 0.299316 0.0244141 0.0224609
0 0.285708 0.806152 0.0791016 0.0185547 0.0234375
0 0.307367 0.359863 0.305176 0.0205078 0.0302734
0 0.31318 0.0820312 0.309082 0.0449219 0.0498047
0 0.335584 0.359863 0.183594 0.0283203 0.0292969
0 0.355352 0.190918 0.0649414 0.0205078 0.0302734
0 0.369823 0.685547 0.193848 0.0234375 0.0302734
0 0.381584 0.0981445 0.230957 0.0361328 0.0322266
0 0.394468 0.395996 0.0664062 0.0185547 0.0390625
0 0.395527 0.104492 0.185059 0.0273438 0.0302734
0 0.411488 0.0332031 0.243164 0.0273438 0.0429688
0 0.439198 0.414062 0.152344 0.0195312 0.0292969
0 0.504508 0.408691 0.317871 0.0166016 0.0205078
0 0.525682 0.394043 0.15332 0.0146484 0.0332031
