0 0.101548 0.589355 0.00976562 0.0146484 0.0136719
0 0.102036 0.520996 0.259277 0.0107422 0.0166016
0 0.103106 0.321289 0.251465 0.0195312 0.0244141
0 0.103613 0.52002 0.0195312 0.0322266 0.0332031
0 0.114174 0.533691 0.0541992 0.0400391 0.0419922
0 0.119708 0.413086 0.117188 0.0175781 0.0292969
0 0.123488 0.381348 0.325684 0.0380859 0.0302734
0 0.125324 0.528809 0.344238 0.0185547 0.0224609
0 0.130421 0.168457 0.342285 0.0205078 0.0302734
0 0.134406 0.310059 0.0551758 0.0322266 0.0439453
0 0.134903 0.291016 0.241699 0.0253906 0.0380859
0 0.139337 0.483887 0.0668945 0.0283203 0.0439453
0 0.145396 0.518066 0.180176 0.0185547 0.0380859
0 0.149757 0.564453 0.140137 0.0253906 0.0419922
0 0.171584 0.523926 0.00878906 0.0341797 0.015625
0 0.203924 0.458496 0.00976562 0.0400391 0.0195312
0 0.206893 0.382324 0.321777 0.0244141 0.0205078
0 0.208536 0.45459 0.27832 0.0361328 0.0429688
0 0.259739 0.49707 0.0830078 0.0351562 0.0449219
0 0.264124 0.401855 0.15918 0.0478516 0.0585938
0 0.280801 0.356934 0.244141 0.0244141 0.0410156
0 0.291247 0.462891 0.171387 0.0390625 0.0556641
0 0.310512 0.455078 0.090332 0.0175781 0.0419922
0 0.32597 0.482422 0.225586 0.0410156 0.0429688
0 0.445707 0.398438 0.0576172 0.0332031 0.0566406
