0 0.105608 0.319824 0.0859375 0.0205078 0.0429688
0 0.106532 0.791992 0.30127 0.0449219 0.0400391
0 0.11098 0.64502 0.11377 0.0302734 0.0458984
0 0.111011 0.698242 0.356934 0.0292969 0.0439453
0 0.112719 0.438477 0.0424805 0.046875 0.0556641
0 0.116695 0.581543 0.0297852 0.0400391 0.0380859
0 0.120874 0.722656 0.27832 0.0136719 0.0214844
0 0.121293 0.677734 0.342773 0.0253906 0.0449219
0 0.131552 0.664062 0.132324 0.0625 0.0830078
0 0.142416 0.55957 0.144531 0.0214844 0.0429688
0 0.144827 0.783691 0.412109 0.108398 0.103516
0 0.157386 0.70459 0.116699 0.0185547 0.0458984
0 0.17854 0.702637 0.366699 0.0185547 0.0283203
0 0.31783 0.76709 0.668457 0.0439453 0.0732422
