0 0.102403 0.209473 0.427246 0.0537109 0.0615234
0 0.102434 0.507324 0.65332 0.0146484 0.0234375
0 0.103103 0.616699 0.730957 0.0185547 0.0244141
0 0.104199 0.807617 0.811523 0.0234375 0.0253906
0 0.104926 0.739746 0.399902 0.0302734 0.0458984
0 0.112346 0.582031 0.585938 0.0117188 0.0273438
0 0.115993 0.575684 0.406738 0.0205078 0.0224609
0 0.118305 0.789551 0.589844 0.0224609 0.0488281
0 0.120462 0.748535 0.681641 0.0322266 0.03125
0 0.125392 0.679688 0.810547 0.0175781 0.0234375
0 0.125624 0.320312 0.482422 0.0253906 0.0292969
0 0.12736 0.591309 0.166504 0.0615234 0.0576172
0 0.13252 0.665039 0.961426 0.0136719 0.0322266
0 0.132657 0.384766 0.529297 0.0214844 0.03125
0 0.133395 0.356934 0.987305 0.0146484 0.0234375
0 0.142674 0.181152 0.55127 0.0205078 0.0322266
0 0.14611 0.404297 0.55957 0.00976562 0.0175781
0 0.14901 0.542969 0.152832 0.126953 0.100586
0 0.151007 0.70752 0.734863 0.0146484 0.0224609
0 0.152688 0.470215 0.883789 0.0166016 0.0332031
0 0.153085 0.944824 0.765625 0.0283203 0.0351562
0 0.158166 0.246582 0.497559 0.0185547 0.0283203
0 0.159811 0.495605 0.0571289 0.0537109 0.0888672
0 0.164653 0.429688 0.966309 0.0253906 0.0283203
0 0.171805 0.503906 0.727051 0.0214844 0.0302734
0 0.189885 0.677246 0.728516 0.0224609 0.0195312
0 0.203632 0.800293 0.771973 0.0185547 0.0224609
0 0.211857 0.641113 0.759277 0.0126953 0.0166016
0 0.218784 0.720215 0.422363 0.0244141 0.0263672
0 0.220479 0.0527344 0.583984 0.0625 0.0605469
0 0.221016 0.120605 0.303711 0.0419922 0.0527344
0 0.23092 0.671387 0.899414 0.0205078 0.0253906
0 0.254629 0.456543 0.742188 0.0283203 0.0292969
0 0.263674 0.744141 0.390625 0.0234375 0.0292969
0 0.285765 0.729004 0.55127 0.0224609 0.0244141
0 0.341309 0.205078 0.405762 0.0410156 0.0380859
