0 0.100045 0.574707 0.18457 0.0263672 0.0253906
0 0.100167 0.293945 0.12793 0.0449219 0.0410156
0 0.100451 0.610352 0.971191 0.0253906 0.0478516
0 0.100542 0.75 0.59375 0.0195312 0.0292969
0 0.101202 0.536133 0.429688 0.0214844 0.0253906
0 0.101303 0.441406 0.384277 0.0117188 0.0224609
0 0.10153 0.0966797 0.441406 0.03125 0.0429688
0 0.101798 0.218262 0.537598 0.0458984 0.0341797
0 0.102263 0.388184 0.291992 0.0126953 0.0273438
0 0.102276 0.177734 0.319824 0.015625 0.0302734
0 0.102386 0.541016 0.775879 0.0175781 0.0244141
0 0.103447 0.327148 0.442871 0.0136719 0.0283203
0 0.103853 0.620117 0.524414 0.0117188 0.0234375
0 0.104014 0.694336 0.516602 0.0175781 0.0234375
0 0.104335 0.560059 0.545898 0.0185547 0.0234375
0 0.105054 0.796387 0.955078 0.0224609 0.0273438
0 0.105975 0.349121 0.49707 0.0126953 0.0136719
0 0.106323 0.136719 0.539551 0.0371094 0.0595703
0 0.106562 0.727539 0.603027 0.0234375 0.0224609
0 0.107352 0.695801 0.848633 0.0439453 0.0449219
0 0.107802 0.428223 0.313965 0.0205078 0.0341797
0 0.107861 0.222656 0.0668945 0.0390625 0.0693359
0 0.108322 0.158203 0.285156 0.0351562 0.0410156
0 0.108541 0.49707 0.472168 0.0351562 0.0302734
0 0.109072 0.236328 0.288086 0.00976562 0.0234375
0 0.109127 0.604492 0.205566 0.03125 0.0283203
0 0.109973 0.546387 0.221191 0.0732422 0.0908203
0 0.110085 0.790527 0.458008 0.0380859 0.0644531
0 0.110529 0.276855 0.318848 0.0205078 0.0263672
0 0.111204 0.677246 0.935059 0.0341797 0.0419922
0 0.111754 0.581543 0.911621 0.0146484 0.0244141
0 0.111779 0.772461 0.606934 0.0253906 0.0224609
0 0.112314 0.376465 0.501953 0.0107422 0.0195312
0 0.112382 0.48584 0.535156 0.0244141 0.0234375
0 0.112961 0.853027 0.58252 0.0185547 0.0205078
0 0.113842 0.11084 0.0229492 0.0517578 0.0458984
0 0.11471 0.72998 0.330078 0.0361328 0.0488281
0 0.115105 0.369629 0.105469 0.0302734 0.0332031
0 0.115145 0.835449 0.87207 0.0283203 0.0390625
0 0.115386 0.282715 0.0288086 0.0322266 0.0361328
0 0.1156 0.193359 0.517578 0.015625 0.0390625
0 0.115662 0.90918 0.19873 0.0234375 0.0283203
0 0.115902 0.265625 0.314453 0.0292969 0.0234375
0 0.116709 0.593262 0.0229492 0.0341797 0.0361328
0 0.117159 0.693848 0.185547 0.0205078 0.0292969
0 0.118328 0.464844 0.311523 0.0195312 0.0292969
0 0.118765 0.0439453 0.333496 0.0351562 0.0615234
0 0.120569 0.255371 0.0258789 0.0205078 0.0322266
0 0.1209 0.604004 0.149902 0.0361328 0.0419922
0 0.121283 0.38916 0.543945 0.0146484 0.0253906
0 0.121422 0.32959 0.294434 0.0185547 0.0224609
0 0.121457 0.65625 0.49707 0.03125 0.0429688
0 0.121921 0.407227 0.527344 0.0175781 0.0273438
0 0.121967 0.655762 0.019043 0.0341797 0.0322266
0 0.122125 0.59668 0.46582 0.0273438 0.0273438
0 0.12261 0.343262 0.52832 0.0146484 0.0292969
0 0.122873 0.744629 0.0527344 0.0771484 0.0761719
0 0.122915 0.30957 0.560547 0.0195312 0.0234375
0 0.123368 0.427246 0.345703 0.0263672 0.03125
0 0.12488 0.475586 0.540527 0.0273438 0.0283203
0 0.125738 0.613281 0.320801 0.0214844 0.0322266
0 0.12587 0.19873 0.320312 0.0107422 0.0195312
0 0.126332 0.102051 0.287109 0.0322266 0.0449219
0 0.127657 0.229004 0.352539 0.0244141 0.0351562
0 0.12783 0.122559 0.294922 0.0244141 0.0429688
0 0.128161 0.491699 0.0424805 0.0595703 0.0849609
0 0.128578 0.65332 0.250977 0.0410156 0.0390625
0 0.128802 0.261719 0.370605 0.0175781 0.0263672
0 0.12915 0.80127 0.339355 0.0166016 0.0224609
0 0.129286 0.417969 0.351074 0.0214844 0.0263672
0 0.129988 0.386719 0.381836 0.0292969 0.0371094
0 0.130227 0.335938 0.386719 0.0175781 0.0253906
0 0.130672 0.368652 0.13916 0.0244141 0.0341797
0 0.132581 0.126953 0.399902 0.0253906 0.0244141
0 0.134854 0.188965 0.321777 0.0244141 0.0302734
0 0.135855 0.171875 0.0219727 0.0507812 0.0419922
0 0.13622 0.403809 0.339355 0.0380859 0.0400391
0 0.136512 0.744629 0.31543 0.0283203 0.03125
0 0.136888 0.333008 0.958496 0.0332031 0.0458984
0 0.137293 0.746582 0.456055 0.0302734 0.0410156
0 0.139196 0.318359 0.123535 0.0429688 0.0439453
0 0.139556 0.387695 0.331055 0.00976562 0.03125
0 0.140172 0.228516 0.182129 0.046875 0.0556641
0 0.141012 0.640625 0.496094 0.0195312 0.03125
0 0.141482 0.255859 0.957031 0.0410156 0.0625
0 0.141633 0.565918 0.183594 0.0478516 0.0390625
0 0.142119 0.472168 0.239746 0.0224609 0.0263672
0 0.142323 0.494141 0.76709 0.0351562 0.0302734
0 0.142468 0.902344 0.672363 0.00976562 0.0205078
0 0.14299 0.697754 0.854492 0.0302734 0.0273438
0 0.143433 0.431641 0.460938 0.0292969 0.0292969
0 0.144333 0.478027 0.377441 0.0126953 0.0205078
0 0.14544 0.754883 0.312988 0.03125 0.0244141
0 0.145474 0.870605 0.347168 0.0244141 0.0322266
0 0.145574 0.357422 0.360352 0.0195312 0.0195312
0 0.149491 0.388672 0.491211 0.0117188 0.0253906
0 0.149809 0.731934 0.253906 0.0400391 0.0429688
0 0.151067 0.883789 0.263184 0.0390625 0.0419922
0 0.151955 0.432129 0.643555 0.0322266 0.0332031
0 0.152113 0.211914 0.0175781 0.0585938 0.0332031
0 0.152584 0.245117 0.0834961 0.0273438 0.0419922
0 0.153351 0.633789 0.774902 0.0175781 0.0244141
0 0.153824 0.705566 0.249023 0.0615234 0.0390625
0 0.153894 0.447266 0.260254 0.046875 0.0439453
0 0.153996 0.671875 0.0551758 0.0488281 0.0654297
0 0.155186 0.29248 0.0307617 0.0537109 0.0537109
0 0.155484 0.929688 0.259766 0.0195312 0.0214844
0 0.15709 0.425781 0.308105 0.0117188 0.0244141
0 0.160429 0.191406 0.381348 0.0292969 0.0302734
0 0.16307 0.621582 0.369629 0.0126953 0.0244141
0 0.16316 0.186523 0.181641 0.0175781 0.0273438
0 0.165318 0.586914 0.227539 0.0351562 0.0527344
0 0.165369 0.533691 0.839355 0.0244141 0.0224609
0 0.166266 0.117676 0.799316 0.0302734 0.0283203
0 0.167256 0.297852 0.428223 0.015625 0.0224609
0 0.168731 0.370605 0.45459 0.0302734 0.0322266
0 0.169171 0.313965 0.744141 0.0146484 0.0214844
0 0.170238 0.307617 0.130859 0.0273438 0.0429688
0 0.170286 0.336426 0.429199 0.0146484 0.0224609
0 0.17132 0.0454102 0.353027 0.0283203 0.0361328
0 0.172023 0.729492 0.246094 0.0292969 0.0253906
0 0.172055 0.529785 0.536621 0.0263672 0.0302734
0 0.174824 0.0844727 0.300781 0.0263672 0.03125
0 0.17613 0.352051 0.365234 0.0263672 0.0273438
0 0.176267 0.0678711 0.24707 0.0205078 0.03125
0 0.177408 0.26123 0.433105 0.0283203 0.0537109
0 0.178288 0.167969 0.287109 0.0175781 0.0332031
0 0.179076 0.48291 0.450684 0.0322266 0.0263672
0 0.17913 0.731934 0.317871 0.0517578 0.0419922
0 0.180784 0.343262 0.207031 0.0166016 0.0527344
0 0.182558 0.260742 0.312988 0.0136719 0.0244141
0 0.183131 0.476074 0.900391 0.0224609 0.03125
0 0.184148 0.781738 0.60498 0.0341797 0.0244141
0 0.18459 0.384766 0.555664 0.015625 0.0234375
0 0.185538 0.440918 0.408691 0.0224609 0.0322266
0 0.186136 0.786133 0.37207 0.0214844 0.0214844
0 0.188186 0.14502 0.102051 0.0322266 0.0634766
0 0.190774 0.617188 0.790039 0.0390625 0.0449219
0 0.191451 0.241699 0.409668 0.0126953 0.0263672
0 0.191672 0.443848 0.39209 0.0205078 0.0322266
0 0.191943 0.837402 0.784668 0.0263672 0.0380859
0 0.195505 0.776855 0.544434 0.0205078 0.0322266
0 0.197318 0.470215 0.540039 0.0146484 0.0214844
0 0.198355 0.697754 0.491699 0.0244141 0.0341797
0 0.198683 0.596191 0.14209 0.0244141 0.0244141
0 0.203437 0.296875 0.336914 0.0195312 0.0253906
0 0.209517 0.133301 0.293457 0.0283203 0.0400391
0 0.21018 0.228027 0.537109 0.0244141 0.0273438
0 0.212363 0.721191 0.314941 0.0263672 0.0341797
0 0.215029 0.211426 0.26709 0.0341797 0.0419922
0 0.216129 0.777832 0.279785 0.0458984 0.0498047
0 0.216211 0.71875 0.0336914 0.0527344 0.0634766
0 0.216594 0.333496 0.117188 0.0224609 0.0292969
0 0.217173 0.39502 0.333496 0.0224609 0.0322266
0 0.217639 0.23584 0.0839844 0.0478516 0.0585938
0 0.221626 0.0727539 0.378906 0.0205078 0.0273438
0 0.223242 0.396973 0.368652 0.0205078 0.0439453
0 0.226526 0.223633 0.168457 0.0429688 0.0322266
0 0.233602 0.296387 0.365234 0.0166016 0.0195312
0 0.233777 0.662598 0.192383 0.0205078 0.0410156
0 0.237392 0.525879 0.632324 0.0302734 0.0263672
0 0.243292 0.812988 0.264648 0.0498047 0.0488281
0 0.243506 0.41748 0.225098 0.0205078 0.0244141
0 0.244558 0.82959 0.244629 0.0302734 0.0380859
0 0.24471 0.876953 0.352051 0.0214844 0.0224609
0 0.245673 0.493164 0.534668 0.015625 0.0166016
0 0.246939 0.76709 0.39502 0.0556641 0.0634766
0 0.250495 0.410645 0.521484 0.0126953 0.0195312
0 0.254629 0.324707 0.489258 0.0126953 0.0175781
0 0.254673 0.238281 0.342773 0.0273438 0.0390625
0 0.256083 0.244629 0.503418 0.0185547 0.0380859
0 0.262296 0.17041 0.541016 0.0302734 0.0625
0 0.263506 0.614746 0.600586 0.0205078 0.0234375
0 0.265819 0.442871 0.263184 0.0283203 0.0302734
0 0.266175 0.323242 0.337402 0.0117188 0.0302734
0 0.267055 0.392578 0.535645 0.0136719 0.0244141
0 0.267254 0.618164 0.257324 0.0371094 0.0576172
0 0.269828 0.0947266 0.29541 0.0332031 0.0361328
0 0.270799 0.310547 0.398926 0.0195312 0.0302734
0 0.270824 0.339355 0.37793 0.0224609 0.0273438
0 0.271196 0.0224609 0.235352 0.0390625 0.0644531
0 0.271736 0.497559 0.572266 0.0205078 0.0292969
0 0.273687 0.56543 0.721191 0.0234375 0.0380859
0 0.275329 0.78418 0.716309 0.0429688 0.0380859
0 0.276283 0.433105 0.413086 0.0166016 0.0273438
0 0.28215 0.330566 0.428711 0.0166016 0.0332031
0 0.282984 0.642578 0.831543 0.0195312 0.0205078
0 0.283357 0.38916 0.584961 0.0185547 0.0214844
0 0.283858 0.128418 0.790039 0.0517578 0.0410156
0 0.289025 0.561035 0.448242 0.0146484 0.0371094
0 0.289836 0.373047 0.441406 0.0175781 0.0195312
0 0.291257 0.392578 0.377441 0.015625 0.0322266
0 0.292003 0.134766 0.429688 0.0332031 0.0371094
0 0.292427 0.32666 0.422852 0.0126953 0.0273438
0 0.296148 0.544922 0.0400391 0.0605469 0.0761719
0 0.296881 0.466797 0.904785 0.0195312 0.0322266
0 0.298785 0.0400391 0.310059 0.0332031 0.0419922
0 0.303476 0.435547 0.549316 0.0234375 0.0244141
0 0.305917 0.27832 0.126953 0.0253906 0.0410156
0 0.309949 0.524902 0.499512 0.0146484 0.0205078
0 0.315174 0.58252 0.353027 0.0185547 0.0361328
0 0.317294 0.210938 0.281738 0.0234375 0.0322266
0 0.317385 0.420898 0.463379 0.0214844 0.0283203
0 0.320054 0.370117 0.394531 0.0234375 0.0234375
0 0.321247 0.0942383 0.230957 0.0302734 0.0244141
0 0.336538 0.444336 0.464355 0.0273438 0.0322266
0 0.337411 0.123047 0.210938 0.0292969 0.0527344
0 0.342917 0.204102 0.237793 0.0585938 0.0478516
0 0.35394 0.262207 0.282715 0.0224609 0.0283203
0 0.375588 0.244141 0.222168 0.0273438 0.0537109
0 0.378384 0.695801 0.254395 0.0302734 0.0498047
0 0.378853 0.208496 0.489258 0.0283203 0.0390625
0 0.381394 0.260254 0.419434 0.0224609 0.0341797
0 0.385309 0.291992 0.285156 0.0214844 0.0410156
0 0.385433 0.183594 0.331055 0.0253906 0.0488281
0 0.385554 0.356445 0.274414 0.0234375 0.0292969
0 0.38811 0.64209 0.258301 0.0673828 0.0556641
0 0.406535 0.261719 0.446777 0.0214844 0.0361328
0 0.410515 0.297852 0.465332 0.0273438 0.0283203
0 0.416871 0.665527 0.32373 0.0400391 0.0361328
0 0.424555 0.388184 0.0932617 0.0498047 0.0419922
0 0.425817 0.407227 0.405762 0.015625 0.0263672
0 0.427003 0.359863 0.548828 0.0185547 0.0175781
0 0.431336 0.171875 0.430664 0.0351562 0.046875
0 0.440192 0.13916 0.354004 0.0302734 0.0439453
0 0.454876 0.294922 0.405273 0.0292969 0.0332031
0 0.455022 0.371094 0.471191 0.0253906 0.0341797
0 0.466627 0.35498 0.335449 0.0341797 0.0302734
0 0.497049 0.0810547 0.190918 0.0273438 0.0439453
0 0.500155 0.37793 0.208008 0.0332031 0.0410156
0 0.521929 0.619141 0.0556641 0.0390625 0.046875
0 0.604513 0.30957 0.203613 0.0449219 0.0556641
