0 0.106355 0.860352 0.168945 0.0449219 0.0644531
0 0.112543 0.23877 0.762695 0.0478516 0.0371094
0 0.115569 0.518066 0.00976562 0.0283203 0.0195312
0 0.11762 0.362793 0.249023 0.0205078 0.0214844
0 0.122495 0.860352 0.181152 0.0214844 0.0322266
0 0.126137 0.864746 0.132324 0.0322266 0.0341797
0 0.12925 0.470703 0.385254 0.0585938 0.0673828
0 0.131274 0.442871 0.410645 0.0146484 0.0244141
0 0.135234 0.439941 0.39209 0.0283203 0.0478516
0 0.13606 0.473145 0.405273 0.0224609 0.0273438
0 0.142933 0.319824 0.634277 0.0361328 0.0654297
0 0.149758 0.317383 0.384277 0.0332031 0.0380859
0 0.168943 0.291504 0.271973 0.0166016 0.0244141
0 0.203252 0.753906 0.160645 0.0566406 0.0673828
0 0.240333 0.518555 0.263672 0.0253906 0.0292969
0 0.2535 0.391113 0.291016 0.0263672 0.0429688
0 0.287474 0.481934 0.368164 0.0458984 0.0507812
