0 0.101666 0.730469 0.151855 0.0429688 0.0517578
0 0.102428 0.352539 0.743652 0.0234375 0.0341797
0 0.107679 0.090332 0.356934 0.0361328 0.0185547
0 0.108182 0.855469 0.659668 0.0527344 0.0615234
0 0.109974 0.338379 0.3125 0.0322266 0.0566406
0 0.110446 0.433594 0.463379 0.015625 0.0224609
0 0.111729 0.518066 0.787598 0.0224609 0.0185547
0 0.112044 0.455078 0.709473 0.0195312 0.0263672
0 0.113905 0.547363 0.0400391 0.0185547 0.0195312
0 0.114424 0.453125 0.852051 0.015625 0.0185547
0 0.114687 0.428223 0.51709 0.0478516 0.0478516
0 0.11692 0.0976562 0.662109 0.0214844 0.0214844
0 0.119599 0.384277 0.344238 0.0146484 0.0205078
0 0.121554 0.435059 0.768066 0.0244141 0.0283203
0 0.121849 0.509766 0.0185547 0.0527344 0.03125
0 0.123656 0.338379 0.544434 0.0107422 0.0185547
0 0.124529 0.575684 0.478027 0.0224609 0.0283203
0 0.124982 0.635254 0.933594 0.0400391 0.0703125
0 0.134328 0.532227 0.544434 0.0410156 0.0419922
0 0.136898 0.417969 0.632324 0.03125 0.0263672
0 0.140302 0.42627 0.710938 0.0205078 0.0175781
0 0.141013 0.34082 0.67627 0.0371094 0.0419922
0 0.145615 0.370117 0.513672 0.0175781 0.0234375
0 0.150799 0.492188 0.468262 0.0332031 0.0361328
0 0.153455 0.464844 0.624512 0.015625 0.0185547
0 0.160814 0.537598 0.916504 0.0263672 0.0361328
0 0.162126 0.301758 0.641113 0.0136719 0.0224609
0 0.163591 0.322754 0.111328 0.0439453 0.078125
0 0.167771 0.496582 0.930664 0.0302734 0.0390625
0 0.170076 0.0297852 0.319824 0.0537109 0.0615234
0 0.174275 0.277344 0.09375 0.0429688 0.0390625
0 0.175712 0.727051 0.828125 0.0380859 0.0585938
0 0.180874 0.417969 0.730469 0.0214844 0.0351562
0 0.181202 0.23291 0.462891 0.0224609 0.0429688
0 0.184653 0.604004 0.84375 0.0361328 0.0390625
0 0.19124 0.432129 0.628906 0.0244141 0.0273438
0 0.198748 0.20459 0.525391 0.0166016 0.0234375
0 0.200919 0.408203 0.63623 0.0175781 0.0263672
0 0.211213 0.409668 0.321777 0.0166016 0.0244141
0 0.216941 0.640625 0.496582 0.0214844 0.0263672
0 0.217732 0.466309 0.587891 0.0205078 0.0214844
0 0.218104 0.375 0.709473 0.00976562 0.0185547
0 0.224975 0.559082 0.836914 0.0380859 0.0390625
0 0.23447 0.421875 0.716797 0.0214844 0.0332031
0 0.254615 0.160156 0.527344 0.03125 0.046875
0 0.265824 0.678711 0.149414 0.0332031 0.03125
0 0.291319 0.476562 0.519043 0.0234375 0.0302734
0 0.293255 0.16748 0.431152 0.0380859 0.0322266
0 0.310199 0.469727 0.874512 0.0234375 0.0224609
0 0.324019 0.384766 0.783691 0.015625 0.0322266
0 0.337106 0.42041 0.563965 0.0146484 0.0224609
0 0.374916 0.443359 0.773438 0.0175781 0.0371094
0 0.389188 0.123047 0.525391 0.0429688 0.0527344
0 0.395342 0.398926 0.357422 0.0283203 0.0234375
0 0.437369 0.358887 0.804199 0.0302734 0.0322266
