0 0.100257 0.794434 0.736328 0.0400391 0.0585938
0 0.100421 0.467285 0.109863 0.0556641 0.0654297
0 0.101393 0.442383 0.282715 0.0332031 0.0751953
0 0.101907 0.239746 0.137207 0.0380859 0.0634766
0 0.10261 0.372559 0.179199 0.0537109 0.0615234
0 0.102658 0.441406 0.260742 0.0527344 0.0917969
0 0.103827 0.363281 0.24707 0.0488281 0.0605469
0 0.104461 0.445801 0.15918 0.0419922 0.0644531
0 0.10587 0.806641 0.980957 0.0234375 0.0361328
0 0.106793 0.466309 0.362305 0.0185547 0.0410156
0 0.107238 0.489746 0.174316 0.0517578 0.0517578
0 0.107443 0.325195 0.304199 0.0253906 0.0419922
0 0.109131 0.726074 0.0546875 0.0888672 0.0878906
0 0.110226 0.493652 0.0395508 0.0810547 0.0634766
0 0.11283 0.591309 0.158203 0.0419922 0.0605469
0 0.113499 0.12207 0.12793 0.0976562 0.144531
0 0.116203 0.366699 0.376953 0.0361328 0.0371094
0 0.116557 0.704102 0.753418 0.0214844 0.0224609
0 0.128112 0.66748 0.0356445 0.0361328 0.0458984
0 0.130086 0.432129 0.0239258 0.0498047 0.0458984
0 0.134772 0.508789 0.169434 0.0644531 0.0712891
0 0.137588 0.5625 0.0214844 0.078125 0.0410156
0 0.138029 0.802246 0.967773 0.0302734 0.0546875
0 0.140671 0.290039 0.110352 0.0625 0.0839844
0 0.144941 0.866211 0.713867 0.0507812 0.0527344
0 0.145904 0.448242 0.985352 0.0195312 0.0292969
0 0.146452 0.232422 0.0395508 0.078125 0.0751953
0 0.146462 0.333008 0.0605469 0.109375 0.121094
0 0.148705 0.461914 0.348633 0.0273438 0.0546875
0 0.154724 0.70459 0.046875 0.0517578 0.0722656
0 0.162917 0.310547 0.0385742 0.0644531 0.0771484
0 0.165712 0.385742 0.224121 0.0996094 0.0751953
0 0.168049 0.479492 0.0712891 0.0820312 0.126953
0 0.170647 0.495117 0.964844 0.0214844 0.0410156
0 0.181727 0.510742 0.0527344 0.134766 0.105469
0 0.184896 0.562012 0.0991211 0.0439453 0.0458984
0 0.189788 0.646484 0.349609 0.0292969 0.03125
0 0.192814 0.29248 0.180664 0.0634766 0.0605469
0 0.196698 0.533203 0.370117 0.0820312 0.0644531
0 0.215056 0.339844 0.240234 0.0585938 0.0625
0 0.230574 0.614746 0.0556641 0.0615234 0.0507812
0 0.237233 0.534668 0.0297852 0.12793 0.0595703
0 0.267377 0.644043 0.0419922 0.0732422 0.0566406
0 0.313236 0.547363 0.98877 0.0263672 0.0205078
0 0.323879 0.407227 0.219238 0.0507812 0.0576172
0 0.345333 0.382324 0.0654297 0.0712891 0.130859
0 0.345486 0.347656 0.381348 0.0742188 0.0537109
0 0.40301 0.415527 0.380371 0.0380859 0.0634766
