0 0.104336 0.394531 0.489258 0.0195312 0.0175781
0 0.104998 0.512695 0.0688477 0.0449219 0.0498047
0 0.10504 0.81543 0.65332 0.0507812 0.046875
0 0.105933 0.83252 0.113281 0.0166016 0.0234375
0 0.110158 0.53125 0.0527344 0.03125 0.0410156
0 0.111419 0.208008 0.374023 0.0273438 0.0410156
0 0.111627 0.123047 0.392578 0.0410156 0.0253906
0 0.11233 0.081543 0.396973 0.0419922 0.0283203
0 0.119417 0.344727 0.872559 0.0273438 0.0361328
0 0.119759 0.428223 0.0244141 0.0322266 0.0234375
0 0.120926 0.777344 0.575684 0.0117188 0.0224609
0 0.122935 0.460449 0.0410156 0.0224609 0.0371094
0 0.123402 0.357422 0.209473 0.0195312 0.0244141
0 0.126155 0.744141 0.415527 0.0449219 0.0615234
0 0.129843 0.24707 0.131836 0.0253906 0.0273438
0 0.130353 0.845703 0.0810547 0.0585938 0.0742188
0 0.134637 0.405273 0.585449 0.0273438 0.0322266
0 0.137731 0.792969 0.361816 0.0195312 0.0419922
0 0.138091 0.84375 0.339355 0.03125 0.0576172
0 0.161485 0.809082 0.046875 0.0166016 0.0234375
0 0.165503 0.504395 0.0737305 0.0205078 0.0302734
0 0.170417 0.371582 0.0849609 0.0341797 0.0429688
0 0.184901 0.464844 0.106934 0.0253906 0.0224609
0 0.193693 0.484375 0.15625 0.00976562 0.03125
0 0.20122 0.42334 0.271484 0.0263672 0.0488281
0 0.205302 0.147949 0.256836 0.0380859 0.03125
0 0.215827 0.306152 0.334961 0.0263672 0.0273438
0 0.229797 0.394043 0.147949 0.0146484 0.0322266
0 0.245737 0.375488 0.277344 0.0224609 0.0234375
0 0.251359 0.748047 0.107422 0.0449219 0.0566406
0 0.292375 0.152832 0.161621 0.0244141 0.0380859
0 0.3071 0.339355 0.0317383 0.0185547 0.0283203
0 0.344427 0.232422 0.046875 0.0273438 0.0429688
0 0.36836 0.663574 0.387207 0.0283203 0.0263672
0 0.39646 0.105469 0.172852 0.0449219 0.0273438
0 0.423158 0.130859 0.303711 0.0527344 0.0371094
0 0.425142 0.811523 0.21582 0.0351562 0.0429688
0 0.533114 0.447754 0.339844 0.0263672 0.0527344
