0 0.100924 0.175293 0.308105 0.0205078 0.0302734
0 0.101047 0.553223 0.0375977 0.0576172 0.0556641
0 0.101902 0.145996 0.243164 0.0400391 0.0585938
0 0.102049 0.19873 0.306152 0.0166016 0.0263672
0 0.103824 0.0844727 0.162109 0.0419922 0.0390625
0 0.103966 0.277344 0.308594 0.03125 0.0488281
0 0.1048 0.179199 0.333984 0.0361328 0.0488281
0 0.105028 0.193359 0.327637 0.0175781 0.0400391
0 0.105533 0.444824 0.636719 0.0107422 0.015625
0 0.106058 0.210938 0.323242 0.046875 0.0566406
0 0.106248 0.823242 0.96875 0.0546875 0.0546875
0 0.106499 0.414551 0.140625 0.0380859 0.0722656
0 0.106811 0.42041 0.0317383 0.0322266 0.0615234
0 0.10703 0.257324 0.262695 0.0224609 0.046875
0 0.107056 0.488281 0.933105 0.0136719 0.0244141
0 0.10725 0.00732422 0.269531 0.0146484 0.0371094
0 0.107899 0.229004 0.286621 0.0322266 0.0419922
0 0.107942 0.0913086 0.212402 0.0205078 0.0283203
0 0.108472 0.232422 0.222168 0.0195312 0.0263672
0 0.108897 0.117188 0.351562 0.0214844 0.0332031
0 0.111459 0.424805 0.324219 0.0175781 0.03125
0 0.11147 0.535645 0.283203 0.0302734 0.0371094
0 0.111865 0.654297 0.48584 0.0332031 0.0283203
0 0.112658 0.531738 0.460938 0.0166016 0.0234375
0 0.112923 0.186523 0.170898 0.0117188 0.0351562
0 0.113619 0.589355 0.77002 0.0146484 0.0205078
0 0.113937 0.428223 0.938965 0.0166016 0.0283203
0 0.114172 0.335449 0.191895 0.0224609 0.0439453
0 0.114911 0.0380859 0.0917969 0.015625 0.0253906
0 0.116221 0.457031 0.94043 0.015625 0.0253906
0 0.116392 0.249512 0.479492 0.0185547 0.0273438
0 0.117897 0.108398 0.364258 0.0292969 0.0507812
0 0.120588 0.165039 0.255859 0.0292969 0.046875
0 0.120777 0.514648 0.255371 0.0234375 0.0380859
0 0.121219 0.691406 0.905273 0.0214844 0.03125
0 0.123064 0.107422 0.276855 0.015625 0.0205078
0 0.12354 0.413574 0.191895 0.0146484 0.0263672
0 0.124659 0.245605 0.455566 0.0283203 0.0244141
0 0.12748 0.604004 0.880859 0.0302734 0.0292969
0 0.127684 0.328613 0.245605 0.0126953 0.0283203
0 0.129071 0.460938 0.128906 0.0332031 0.0410156
0 0.13009 0.663086 0.930664 0.0117188 0.0175781
0 0.131818 0.354492 0.250977 0.0117188 0.0273438
0 0.13263 0.250977 0.192871 0.0136719 0.0302734
0 0.134782 0.418945 0.181641 0.0175781 0.0390625
0 0.135477 0.186035 0.166016 0.0205078 0.046875
0 0.136099 0.157715 0.338379 0.0361328 0.0478516
0 0.137283 0.316895 0.376465 0.0185547 0.0126953
0 0.138609 0.581055 0.638184 0.00976562 0.0244141
0 0.142603 0.394043 0.155273 0.0283203 0.0332031
0 0.143705 0.454102 0.124023 0.0136719 0.0292969
0 0.144642 0.541016 0.034668 0.0214844 0.0458984
0 0.14674 0.163574 0.616699 0.0302734 0.0576172
0 0.147562 0.659668 0.885254 0.0166016 0.0283203
0 0.148022 0.234375 0.230469 0.0292969 0.0371094
0 0.148953 0.827637 0.791504 0.0322266 0.0498047
0 0.150044 0.17041 0.181152 0.0439453 0.0341797
0 0.150528 0.275879 0.246094 0.0166016 0.0253906
0 0.150914 0.653809 0.263672 0.0361328 0.0429688
0 0.151537 0.102539 0.375977 0.0214844 0.046875
0 0.151765 0.195801 0.163574 0.0224609 0.0380859
0 0.151988 0.645508 0.481445 0.0488281 0.0429688
0 0.154607 0.584961 0.0302734 0.0585938 0.0546875
0 0.154902 0.572266 0.892578 0.0078125 0.0136719
0 0.161362 0.643066 0.963867 0.0224609 0.0351562
0 0.161435 0.588867 0.373047 0.0117188 0.015625
0 0.161751 0.46875 0.933105 0.0117188 0.0244141
0 0.162109 0.328125 0.0795898 0.109375 0.15332
0 0.165501 0.533203 0.0375977 0.0390625 0.0576172
0 0.167111 0.240723 0.274902 0.00878906 0.0283203
0 0.167444 0.760742 0.791016 0.0253906 0.0253906
0 0.168399 0.175293 0.45459 0.0224609 0.0283203
0 0.169448 0.373535 0.199707 0.0107422 0.0166016
0 0.172296 0.097168 0.222656 0.0302734 0.0449219
0 0.172737 0.605957 0.208008 0.0458984 0.0625
0 0.179086 0.188477 0.311035 0.0371094 0.0439453
0 0.180111 0.514648 0.0336914 0.0449219 0.0634766
0 0.181349 0.241699 0.164551 0.0458984 0.0673828
0 0.182738 0.432129 0.034668 0.0693359 0.0634766
0 0.184178 0.22998 0.314453 0.0146484 0.0253906
0 0.184586 0.359863 0.201172 0.0166016 0.0234375
0 0.185787 0.48584 0.134277 0.0439453 0.0517578
0 0.187131 0.595703 0.189941 0.0585938 0.0634766
0 0.191666 0.388184 0.249023 0.00878906 0.0175781
0 0.192978 0.59375 0.455078 0.0332031 0.0429688
0 0.193608 0.245605 0.233887 0.0302734 0.0361328
0 0.195932 0.723145 0.76416 0.0341797 0.0634766
0 0.196937 0.456055 0.26416 0.0292969 0.0263672
0 0.197785 0.459961 0.0585938 0.0390625 0.0507812
0 0.199624 0.034668 0.400879 0.0517578 0.0458984
0 0.199988 0.222656 0.424316 0.015625 0.0263672
0 0.202909 0.20166 0.162598 0.0146484 0.0302734
0 0.207324 0.229004 0.178223 0.0185547 0.0439453
0 0.209049 0.255371 0.152832 0.0537109 0.0908203
0 0.209557 0.187012 0.15918 0.0126953 0.0273438
0 0.209782 0.221191 0.284668 0.0185547 0.0244141
0 0.214553 0.421387 0.152344 0.0244141 0.0371094
0 0.215137 0.54834 0.231934 0.0205078 0.0224609
0 0.218527 0.489746 0.369141 0.0205078 0.0351562
0 0.220424 0.369629 0.200195 0.0205078 0.0214844
0 0.221063 0.0532227 0.0629883 0.0166016 0.0400391
0 0.228321 0.452148 0.944824 0.015625 0.0224609
0 0.228732 0.464844 0.458008 0.0214844 0.0332031
0 0.238455 0.259277 0.272949 0.0126953 0.0322266
0 0.241437 0.568848 0.117676 0.0224609 0.0302734
0 0.246103 0.197754 0.420898 0.0205078 0.0253906
0 0.254152 0.787109 0.862305 0.0566406 0.0625
0 0.256499 0.218262 0.334961 0.0322266 0.0410156
0 0.257674 0.168945 0.908203 0.0332031 0.0390625
0 0.257704 0.55957 0.382812 0.0175781 0.0214844
0 0.258674 0.520508 0.159668 0.0214844 0.0498047
0 0.260868 0.412109 0.290039 0.015625 0.0214844
0 0.262526 0.683594 0.848633 0.0292969 0.0234375
0 0.263659 0.462402 0.391602 0.0439453 0.0292969
0 0.268792 0.475586 0.139648 0.0214844 0.0390625
0 0.269853 0.803223 0.57959 0.0263672 0.0517578
0 0.273496 0.172363 0.819336 0.0224609 0.0292969
0 0.275124 0.37793 0.290039 0.0195312 0.03125
0 0.280985 0.0761719 0.15918 0.0214844 0.03125
0 0.286621 0.320801 0.885254 0.0146484 0.0205078
0 0.318754 0.209473 0.239746 0.0341797 0.0341797
0 0.319744 0.131836 0.128418 0.046875 0.0341797
0 0.322744 0.40625 0.981445 0.03125 0.0371094
0 0.326835 0.251953 0.240234 0.0214844 0.0273438
0 0.334573 0.157227 0.265137 0.0371094 0.0361328
0 0.357274 0.168457 0.347656 0.0205078 0.0253906
0 0.357949 0.280273 0.195312 0.0175781 0.03125
0 0.363307 0.526855 0.330566 0.0224609 0.0322266
0 0.368651 0.272949 0.499512 0.0166016 0.0205078
0 0.382228 0.0649414 0.352051 0.0341797 0.0361328
0 0.393039 0.0961914 0.243652 0.0302734 0.0498047
0 0.393565 0.0708008 0.138672 0.0302734 0.0449219
0 0.40671 0.460938 0.990234 0.0117188 0.0195312
0 0.409411 0.183594 0.183594 0.0234375 0.0273438
0 0.414176 0.0908203 0.027832 0.0449219 0.0517578
0 0.419565 0.512207 0.130371 0.0302734 0.0537109
0 0.438034 0.159668 0.133301 0.0283203 0.0439453
0 0.469273 0.171387 0.0517578 0.0302734 0.0585938
0 0.523713 0.0761719 0.306152 0.0214844 0.0361328
0 0.576804 0.141113 0.171875 0.0224609 0.0488281
0 0.590274 0.0976562 0.172852 0.0253906 0.0292969
0 0.606153 0.115723 0.126465 0.0341797 0.0341797
0 0.671481 0.144043 0.320801 0.0322266 0.0400391
