0 0.100289 0.314941 0.294922 0.0185547 0.0292969
0 0.100573 0.155273 0.294434 0.0351562 0.0380859
0 0.100996 0.243652 0.269531 0.0166016 0.0351562
0 0.101162 0.572266 0.0205078 0.0292969 0.0332031
0 0.102214 0.395996 0.117676 0.0146484 0.0302734
0 0.103065 0.838867 0.197754 0.0175781 0.0224609
0 0.10499 0.92334 0.535645 0.0302734 0.0361328
0 0.106031 0.210449 0.31543 0.0224609 0.0292969
0 0.107107 0.313477 0.208984 0.0195312 0.0292969
0 0.107923 0.858887 0.132324 0.0224609 0.0322266
0 0.108823 0.261719 0.0390625 0.0429688 0.0527344
0 0.10945 0.270508 0.196289 0.0429688 0.0605469
0 0.110341 0.902832 0.183594 0.0107422 0.0253906
0 0.111107 0.848633 0.140625 0.015625 0.0253906
0 0.111169 0.45459 0.0625 0.0322266 0.0351562
0 0.112193 0.377441 0.405762 0.0185547 0.0283203
0 0.112324 0.396973 0.130371 0.0146484 0.0439453
0 0.112663 0.29541 0.299316 0.0263672 0.0302734
0 0.11434 0.841309 0.205078 0.0244141 0.0429688
0 0.114698 0.728027 0.288574 0.0185547 0.0322266
0 0.114907 0.21582 0.304688 0.0390625 0.0449219
0 0.115978 0.205566 0.280762 0.0283203 0.0263672
0 0.118291 0.281738 0.195312 0.0341797 0.0429688
0 0.118449 0.87793 0.455566 0.0253906 0.0419922
0 0.118797 0.854492 0.499023 0.015625 0.0175781
0 0.119888 0.380859 0.0200195 0.0351562 0.0361328
0 0.121779 0.277832 0.143066 0.0283203 0.0322266
0 0.123021 0.267578 0.0639648 0.046875 0.0693359
0 0.123941 0.38623 0.101074 0.0322266 0.0419922
0 0.123952 0.783691 0.0161133 0.0400391 0.0263672
0 0.124375 0.20166 0.184082 0.0244141 0.0341797
0 0.125211 0.375488 0.159668 0.0283203 0.0341797
0 0.12653 0.355957 0.217773 0.0224609 0.0507812
0 0.1272 0.203125 0.206055 0.0488281 0.0429688
0 0.127212 0.323242 0.353516 0.0195312 0.0292969
0 0.128791 0.766113 0.169434 0.0283203 0.0361328
0 0.129445 0.82959 0.427734 0.0185547 0.0175781
0 0.129478 0.435547 0.236328 0.0136719 0.0253906
0 0.129665 0.506836 0.295898 0.0175781 0.0195312
0 0.130029 0.356445 0.078125 0.0078125 0.0195312
0 0.131647 0.439453 0.322754 0.0371094 0.0302734
0 0.131722 0.870117 0.0600586 0.0332031 0.0322266
0 0.137115 0.115234 0.240234 0.0234375 0.0332031
0 0.137308 0.109863 0.324219 0.0458984 0.0449219
0 0.138133 0.253906 0.109375 0.046875 0.046875
0 0.139242 0.445312 0.0117188 0.0390625 0.0234375
0 0.139631 0.505859 0.338379 0.015625 0.0205078
0 0.140725 0.286133 0.0742188 0.0527344 0.0585938
0 0.141057 0.779785 0.139648 0.0166016 0.0273438
0 0.144859 0.222656 0.137695 0.015625 0.0410156
0 0.145714 0.679688 0.246582 0.0253906 0.0205078
0 0.146451 0.261719 0.352539 0.0195312 0.03125
0 0.151006 0.338379 0.157715 0.0283203 0.0322266
0 0.154087 0.516113 0.0107422 0.0517578 0.0175781
0 0.154347 0.141602 0.12207 0.0273438 0.0488281
0 0.158356 0.299805 0.00830078 0.0195312 0.0146484
0 0.158724 0.214355 0.117676 0.0498047 0.0654297
0 0.161117 0.19873 0.192383 0.0361328 0.0507812
0 0.166145 0.533203 0.0693359 0.0214844 0.0429688
0 0.171482 0.218262 0.291016 0.0517578 0.0488281
0 0.172355 0.219238 0.129883 0.0302734 0.046875
0 0.177806 0.274414 0.100586 0.0273438 0.0390625
0 0.182688 0.338867 0.308105 0.0136719 0.0419922
0 0.18443 0.393555 0.32373 0.015625 0.0205078
0 0.184874 0.304688 0.305176 0.0351562 0.0400391
0 0.185796 0.228516 0.295898 0.0273438 0.03125
0 0.1894 0.36377 0.35791 0.0205078 0.0302734
0 0.19159 0.57666 0.0756836 0.0244141 0.0341797
0 0.201373 0.817383 0.142578 0.0273438 0.0332031
0 0.201999 0.371582 0.0146484 0.0166016 0.0292969
0 0.209312 0.847656 0.219727 0.0234375 0.0351562
0 0.211646 0.771973 0.230469 0.0517578 0.0449219
0 0.218006 0.386719 0.0927734 0.0175781 0.0371094
0 0.223067 0.500977 0.0566406 0.0117188 0.0136719
0 0.228553 0.328613 0.226074 0.00878906 0.0166016
0 0.236368 0.271484 0.210938 0.0332031 0.0390625
0 0.239535 0.240723 0.117676 0.0361328 0.0595703
0 0.249106 0.824219 0.0571289 0.0195312 0.0361328
0 0.262077 0.358398 0.203125 0.0214844 0.03125
0 0.269797 0.290527 0.347656 0.00878906 0.0234375
0 0.271343 0.455078 0.0107422 0.0253906 0.0214844
0 0.271918 0.327637 0.155762 0.0400391 0.0380859
0 0.277277 0.682617 0.306152 0.0546875 0.0712891
0 0.284066 0.471191 0.148926 0.0283203 0.0361328
0 0.294848 0.278809 0.0913086 0.0400391 0.0517578
0 0.295186 0.226074 0.202637 0.0166016 0.0283203
0 0.300904 0.502441 0.10791 0.0126953 0.0302734
0 0.308927 0.152344 0.0219727 0.0566406 0.0439453
0 0.322093 0.352539 0.235352 0.0214844 0.03125
0 0.322115 0.370605 0.0664062 0.0126953 0.0292969
0 0.334659 0.318359 0.0776367 0.0429688 0.0419922
0 0.349458 0.215332 0.0419922 0.0283203 0.0351562
0 0.350439 0.188477 0.206055 0.0351562 0.046875
0 0.36263 0.311035 0.22168 0.0146484 0.0292969
0 0.365338 0.371094 0.109863 0.0136719 0.0263672
0 0.368161 0.318848 0.146973 0.0341797 0.0537109
0 0.374154 0.275879 0.243164 0.0205078 0.0292969
0 0.378941 0.365234 0.155762 0.0273438 0.0341797
0 0.383582 0.381348 0.395996 0.0244141 0.0458984
0 0.438898 0.29541 0.180664 0.0283203 0.0351562
0 0.542499 0.418945 0.0668945 0.0273438 0.0595703
0 0.629914 0.463867 0.0537109 0.0410156 0.0527344
