0 0.102407 0.158691 0.339355 0.0146484 0.0244141
0 0.103021 0.723633 0.374023 0.015625 0.0273438
0 0.1052 0.358398 0.318848 0.0117188 0.0166016
0 0.105911 0.380859 0.209961 0.015625 0.0351562
0 0.106189 0.189453 0.353027 0.0214844 0.0361328
0 0.106382 0.276855 0.0991211 0.0205078 0.0244141
0 0.106722 0.26416 0.466797 0.0107422 0.0253906
0 0.106797 0.0351562 0.015625 0.0644531 0.0292969
0 0.10856 0.0981445 0.158691 0.0185547 0.0439453
0 0.108739 0.207031 0.208496 0.0273438 0.0576172
0 0.111277 0.790039 0.26709 0.0136719 0.0146484
0 0.111588 0.324219 0.605469 0.0195312 0.0273438
0 0.112136 0.474121 0.141602 0.0205078 0.0273438
0 0.113094 0.507324 0.209961 0.0185547 0.0214844
0 0.114596 0.773438 0.345215 0.0234375 0.0263672
0 0.115345 0.0351562 0.324219 0.0175781 0.0195312
0 0.115658 0.159668 0.283203 0.0302734 0.03125
0 0.11566 0.185547 0.0263672 0.0214844 0.0234375
0 0.115714 0.147949 0.376465 0.0126953 0.0205078
0 0.116435 0.350586 0.0771484 0.0234375 0.0332031
0 0.116612 0.241699 0.130859 0.0322266 0.0253906
0 0.117738 0.104492 0.337891 0.0175781 0.0253906
0 0.117953 0.192871 0.150879 0.0302734 0.0400391
0 0.121346 0.0581055 0.331055 0.0185547 0.0390625
0 0.121854 0.717285 0.0556641 0.0185547 0.0332031
0 0.122577 0.385254 0.285645 0.0576172 0.0498047
0 0.123697 0.830566 0.265625 0.0205078 0.0195312
0 0.124602 0.178223 0.158203 0.0361328 0.0429688
0 0.124984 0.429688 0.143066 0.0117188 0.0205078
0 0.127405 0.25293 0.213379 0.046875 0.0517578
0 0.128025 0.421387 0.376953 0.0205078 0.0234375
0 0.132039 0.285156 0.186035 0.0390625 0.0498047
0 0.135184 0.211426 0.325684 0.0361328 0.0419922
0 0.136337 0.685547 0.975098 0.0117188 0.0244141
0 0.137002 0.345215 0.0786133 0.0146484 0.0263672
0 0.13978 0.214355 0.203613 0.0166016 0.0556641
0 0.140816 0.121094 0.0444336 0.0175781 0.0224609
0 0.141546 0.161621 0.198242 0.0107422 0.0214844
0 0.142127 0.618164 0.171875 0.015625 0.0195312
0 0.142479 0.332031 0.119629 0.0253906 0.0283203
0 0.143471 0.314453 0.106934 0.0390625 0.0693359
0 0.145476 0.584473 0.105469 0.0146484 0.0214844
0 0.147678 0.0820312 0.348633 0.015625 0.0214844
0 0.14989 0.15918 0.015625 0.0351562 0.0253906
0 0.150277 0.210449 0.103516 0.0146484 0.0214844
0 0.153479 0.822754 0.327148 0.0166016 0.0195312
0 0.153929 0.601074 0.440918 0.0146484 0.0185547
0 0.155533 0.432617 0.383301 0.0410156 0.0361328
0 0.155739 0.10791 0.226074 0.0244141 0.0302734
0 0.155935 0.239746 0.0297852 0.0263672 0.0478516
0 0.156395 0.428711 0.0126953 0.0175781 0.0253906
0 0.156706 0.238281 0.220215 0.0410156 0.0478516
0 0.158419 0.306152 0.474121 0.0244141 0.0361328
0 0.159239 0.366699 0.283691 0.0302734 0.0556641
0 0.160459 0.472656 0.183594 0.0253906 0.03125
0 0.160603 0.208984 0.138184 0.046875 0.0517578
0 0.162225 0.269043 0.395996 0.0361328 0.0341797
0 0.164437 0.460449 0.191895 0.0498047 0.0498047
0 0.165178 0.244629 0.424316 0.0302734 0.0400391
0 0.165807 0.740723 0.342773 0.0185547 0.0234375
0 0.167551 0.404785 0.225098 0.0146484 0.0205078
0 0.167578 0.0424805 0.215332 0.0146484 0.0322266
0 0.167987 0.171387 0.538574 0.0556641 0.0439453
0 0.169176 0.786133 0.315918 0.015625 0.0302734
0 0.169876 0.921387 0.13623 0.0322266 0.0302734
0 0.172645 0.384277 0.0668945 0.0166016 0.0322266
0 0.178413 0.223145 0.143066 0.0244141 0.0322266
0 0.180931 0.229004 0.454102 0.0439453 0.0429688
0 0.183355 0.464355 0.207031 0.0400391 0.0507812
0 0.188247 0.239746 0.438477 0.0361328 0.0527344
0 0.19264 0.363281 0.101074 0.015625 0.0244141
0 0.19391 0.443359 0.183105 0.0292969 0.0341797
0 0.197531 0.64502 0.115234 0.0146484 0.0195312
0 0.20724 0.140137 0.475098 0.0341797 0.0478516
0 0.209899 0.129395 0.210938 0.0322266 0.0351562
0 0.210531 0.88916 0.254883 0.0146484 0.0332031
0 0.212443 0.132812 0.181152 0.0253906 0.0615234
0 0.215985 0.0688477 0.212891 0.0244141 0.0273438
0 0.219701 0.187988 0.536133 0.0400391 0.0429688
0 0.220269 0.318359 0.393066 0.0195312 0.0302734
0 0.222049 0.269531 0.308105 0.0273438 0.0263672
0 0.23277 0.256348 0.130371 0.0224609 0.0224609
0 0.245432 0.21582 0.191895 0.0117188 0.0341797
0 0.247577 0.195312 0.134277 0.0234375 0.0556641
0 0.248353 0.479004 0.303223 0.0166016 0.0185547
0 0.2502 0.453613 0.380859 0.0263672 0.0390625
0 0.258737 0.22998 0.131836 0.0205078 0.03125
0 0.26156 0.243164 0.046875 0.0214844 0.0292969
0 0.265405 0.42627 0.382812 0.0224609 0.0292969
0 0.27996 0.232422 0.231934 0.0253906 0.0263672
0 0.284747 0.228027 0.492676 0.0224609 0.0341797
0 0.285621 0.408203 0.278809 0.0390625 0.0478516
0 0.286824 0.528809 0.227051 0.0185547 0.0263672
0 0.299483 0.366699 0.133301 0.0244141 0.0263672
0 0.307063 0.455078 0.0351562 0.0234375 0.0371094
0 0.310192 0.778809 0.193359 0.0244141 0.0234375
0 0.312203 0.136719 0.166504 0.0371094 0.0361328
0 0.316055 0.15625 0.0839844 0.0371094 0.046875
0 0.326654 0.32666 0.135742 0.0361328 0.0605469
0 0.328313 0.189941 0.217773 0.0439453 0.0488281
0 0.331796 0.233398 0.0131836 0.0292969 0.0263672
0 0.341698 0.195801 0.119141 0.0205078 0.03125
0 0.345127 0.351074 0.0141602 0.0263672 0.0263672
0 0.348184 0.319336 0.0195312 0.0175781 0.03125
0 0.357108 0.455566 0.337402 0.0166016 0.0302734
0 0.363088 0.399902 0.103027 0.0224609 0.0361328
0 0.369519 0.134766 0.205566 0.0175781 0.0322266
0 0.37379 0.400391 0.148926 0.0214844 0.0224609
0 0.374272 0.165039 0.162109 0.0410156 0.0410156
0 0.375906 0.090332 0.164062 0.0341797 0.046875
0 0.403901 0.309082 0.0942383 0.0205078 0.0478516
0 0.406133 0.290527 0.154297 0.0341797 0.0390625
0 0.472223 0.090332 0.275879 0.0556641 0.0478516
0 0.472758 0.840332 0.135742 0.0263672 0.03125
0 0.478159 0.245605 0.0927734 0.0244141 0.0390625
0 0.495451 0.274902 0.027832 0.0224609 0.0263672
0 0.519689 0.118164 0.0957031 0.0371094 0.0546875
