0 0.10065 0.0834961 0.257812 0.0654297 0.0527344
0 0.101612 0.65625 0.256348 0.0371094 0.0341797
0 0.101703 0.306152 0.939453 0.00683594 0.0253906
0 0.10207 0.530273 0.973633 0.0273438 0.0253906
0 0.102474 0.634277 0.437988 0.0185547 0.0263672
0 0.10293 0.181641 0.330566 0.0273438 0.0341797
0 0.106189 0.66748 0.442871 0.0185547 0.0439453
0 0.106211 0.57373 0.109375 0.0556641 0.0625
0 0.109369 0.106934 0.386719 0.0283203 0.0527344
0 0.111345 0.756348 0.765625 0.0224609 0.0136719
0 0.112499 0.551758 0.322754 0.0273438 0.0400391
0 0.114733 0.0913086 0.951172 0.0302734 0.0292969
0 0.117775 0.334961 0.383301 0.0273438 0.0361328
0 0.121423 0.514648 0.0683594 0.0253906 0.0351562
0 0.12244 0.584961 0.050293 0.0917969 0.0888672
0 0.124373 0.411621 0.108887 0.0244141 0.0380859
0 0.129826 0.481934 0.0473633 0.0244141 0.0439453
0 0.130369 0.370605 0.126953 0.0419922 0.0566406
0 0.131539 0.489746 0.115234 0.0185547 0.0332031
0 0.13452 0.529785 0.121582 0.0380859 0.0419922
0 0.140514 0.130859 0.901367 0.0214844 0.0410156
0 0.141808 0.439941 0.0522461 0.0185547 0.0341797
0 0.142869 0.341309 0.209473 0.0322266 0.0341797
0 0.145408 0.155762 0.043457 0.0439453 0.0634766
0 0.146749 0.618652 0.104004 0.0302734 0.0341797
0 0.148987 0.503418 0.0693359 0.0244141 0.03125
0 0.1492 0.435547 0.0610352 0.03125 0.0556641
0 0.150819 0.345215 0.947266 0.0283203 0.0390625
0 0.152705 0.240234 0.0195312 0.0253906 0.0390625
0 0.156492 0.124023 0.404785 0.015625 0.0224609
0 0.162637 0.488281 0.059082 0.0292969 0.0439453
0 0.163813 0.581055 0.0844727 0.0546875 0.0498047
0 0.171821 0.206543 0.76123 0.0185547 0.0244141
0 0.173625 0.623047 0.335938 0.0234375 0.0253906
0 0.196356 0.33252 0.0634766 0.0869141 0.107422
0 0.224764 0.277832 0.963867 0.0263672 0.0390625
0 0.226217 0.605469 0.0307617 0.0800781 0.0576172
0 0.238681 0.519531 0.128418 0.0351562 0.0458984
0 0.239461 0.581055 0.308594 0.0507812 0.0410156
0 0.247015 0.670898 0.0224609 0.046875 0.0449219
0 0.258737 0.528809 0.012207 0.0380859 0.0205078
0 0.262194 0.462402 0.0205078 0.0341797 0.0390625
0 0.268218 0.410156 0.226074 0.0214844 0.0185547
0 0.271189 0.0239258 0.0878906 0.0361328 0.046875
0 0.272029 0.565918 0.128906 0.0322266 0.0332031
0 0.272538 0.429688 0.178223 0.0234375 0.0244141
0 0.282622 0.398926 0.0595703 0.0498047 0.111328
0 0.297481 0.240723 0.914551 0.0224609 0.0341797
0 0.298343 0.492676 0.770508 0.0400391 0.0644531
0 0.33262 0.290039 0.120117 0.0292969 0.0351562
0 0.349841 0.654297 0.0849609 0.015625 0.0234375
0 0.356233 0.461426 0.13916 0.0146484 0.0205078
0 0.365891 0.520996 0.0639648 0.0166016 0.0263672
0 0.376389 0.67041 0.0136719 0.0361328 0.0273438
0 0.381855 0.666016 0.348145 0.0371094 0.0400391
0 0.395864 0.70752 0.395996 0.0283203 0.0263672
0 0.47135 0.470215 0.100098 0.0283203 0.0302734
