0 0.101421 0.151367 0.323242 0.0175781 0.0195312
0 0.103343 0.154785 0.292969 0.0361328 0.0390625
0 0.103694 0.442871 0.133301 0.0361328 0.0537109
0 0.1037 0.250488 0.467773 0.0126953 0.0234375
0 0.104173 0.312988 0.191406 0.0166016 0.0273438
0 0.105136 0.115234 0.317871 0.0214844 0.0224609
0 0.106477 0.213867 0.20459 0.0332031 0.0322266
0 0.106795 0.286621 0.123535 0.0283203 0.0478516
0 0.106852 0.299316 0.355469 0.0146484 0.0292969
0 0.110271 0.287598 0.244141 0.0361328 0.0410156
0 0.110277 0.0693359 0.358398 0.0292969 0.0292969
0 0.110579 0.437988 0.592285 0.0205078 0.0361328
0 0.112128 0.707031 0.150879 0.015625 0.0224609
0 0.117397 0.376953 0.205566 0.00976562 0.0224609
0 0.118292 0.104492 0.0927734 0.0195312 0.0253906
0 0.11889 0.09375 0.0688477 0.0195312 0.0283203
0 0.119814 0.0214844 0.0166016 0.0429688 0.03125
0 0.121116 0.225586 0.241211 0.0195312 0.0292969
0 0.121221 0.141602 0.352539 0.0214844 0.0175781
0 0.123308 0.285156 0.307617 0.0410156 0.0390625
0 0.130052 0.311523 0.0688477 0.0253906 0.0478516
0 0.130434 0.304688 0.193359 0.0273438 0.03125
0 0.130579 0.38916 0.131836 0.0322266 0.0410156
0 0.134719 0.555176 0.239746 0.0205078 0.0224609
0 0.135448 0.844238 0.325684 0.0205078 0.0283203
0 0.136176 0.405762 0.630859 0.0341797 0.0390625
0 0.136962 0.28125 0.318848 0.03125 0.0283203
0 0.141711 0.30127 0.027832 0.0439453 0.0498047
0 0.141719 0.712891 0.0620117 0.0371094 0.0498047
0 0.142692 0.341309 0.112793 0.0263672 0.0498047
0 0.144998 0.0625 0.532715 0.03125 0.0283203
0 0.145639 0.106934 0.244141 0.0263672 0.0253906
0 0.14911 0.228027 0.493652 0.0107422 0.0185547
0 0.156355 0.647949 0.168945 0.0361328 0.0371094
0 0.165228 0.154785 0.178711 0.0283203 0.03125
0 0.165635 0.178711 0.406738 0.03125 0.0458984
0 0.166502 0.326172 0.287598 0.0195312 0.0283203
0 0.16895 0.810547 0.0893555 0.0585938 0.0712891
0 0.176883 0.353027 0.181152 0.0107422 0.0400391
0 0.181228 0.293457 0.144043 0.0283203 0.0498047
0 0.182735 0.176758 0.26709 0.0292969 0.0400391
0 0.184637 0.302734 0.283203 0.0605469 0.046875
0 0.186236 0.848145 0.0439453 0.0283203 0.0410156
0 0.186633 0.271484 0.130859 0.0136719 0.0273438
0 0.190945 0.148926 0.182617 0.0146484 0.0332031
0 0.191846 0.291016 0.195801 0.03125 0.0322266
0 0.195934 0.244629 0.340332 0.0224609 0.0205078
0 0.201504 0.183105 0.0761719 0.0224609 0.046875
0 0.203862 0.214355 0.34668 0.0166016 0.0390625
0 0.205821 0.11084 0.0258789 0.0400391 0.0458984
0 0.210313 0.614258 0.135742 0.015625 0.0253906
0 0.217292 0.195312 0.135742 0.03125 0.0332031
0 0.220372 0.0766602 0.162109 0.0341797 0.0488281
0 0.227065 0.276367 0.0576172 0.0195312 0.0371094
0 0.227758 0.205078 0.185059 0.0332031 0.0595703
0 0.239267 0.146484 0.300293 0.0214844 0.0263672
0 0.243459 0.138672 0.147461 0.0253906 0.0351562
0 0.245258 0.205078 0.166992 0.0390625 0.0410156
0 0.256119 0.162109 0.03125 0.0351562 0.0527344
0 0.270672 0.187988 0.329102 0.0244141 0.0292969
0 0.293774 0.229004 0.144531 0.0302734 0.0488281
0 0.312775 0.205566 0.211914 0.0302734 0.0371094
0 0.332747 0.20752 0.0263672 0.0302734 0.0488281
0 0.345208 0.290039 0.269531 0.046875 0.0429688
0 0.443299 0.244629 0.0898438 0.0283203 0.0429688
0 0.454766 0.43457 0.196777 0.0195312 0.0205078
0 0.518308 0.242188 0.0136719 0.0292969 0.0273438
