0 0.10094 0.476074 0.0805664 0.0263672 0.0341797
0 0.103342 0.739258 0.282227 0.0234375 0.0390625
0 0.10359 0.535156 0.34668 0.0214844 0.0332031
0 0.111524 0.544922 0.0395508 0.0234375 0.0478516
0 0.117826 0.539062 0.20459 0.0117188 0.0224609
0 0.121046 0.561523 0.546387 0.03125 0.0498047
0 0.123406 0.531738 0.355957 0.0302734 0.0458984
0 0.131267 0.179688 0.0205078 0.0566406 0.0390625
0 0.132641 0.40625 0.337402 0.03125 0.0244141
0 0.136807 0.456055 0.366699 0.046875 0.0439453
0 0.140453 0.931641 0.45459 0.0527344 0.0595703
0 0.149258 0.503418 0.0161133 0.0498047 0.0322266
0 0.16113 0.823242 0.130371 0.0546875 0.0439453
0 0.164685 0.564453 0.552246 0.0527344 0.0673828
0 0.178137 0.467285 0.0698242 0.0419922 0.0556641
0 0.181225 0.42041 0.337402 0.0634766 0.0322266
0 0.18643 0.149414 0.720215 0.0332031 0.0380859
0 0.194451 0.680664 0.0126953 0.0605469 0.0253906
0 0.23557 0.442383 0.0161133 0.0488281 0.0322266
0 0.240811 0.508301 0.268066 0.0478516 0.0361328
0 0.249341 0.37207 0.228516 0.03125 0.0546875
0 0.275803 0.373535 0.310547 0.0302734 0.0292969
0 0.278849 0.612305 0.0292969 0.0546875 0.0527344
0 0.335934 0.48291 0.304688 0.0224609 0.0332031
