0 0.100982 0.255371 0.95459 0.0361328 0.0478516
0 0.101088 0.964355 0.0527344 0.0380859 0.0546875
0 0.103136 0.26709 0.307617 0.0126953 0.0253906
0 0.10745 0.425293 0.256836 0.0126953 0.0175781
0 0.1106 0.738281 0.381836 0.0214844 0.0253906
0 0.112355 0.33252 0.38916 0.0244141 0.0263672
0 0.113326 0.354004 0.163086 0.0185547 0.0253906
0 0.115604 0.394043 0.241211 0.0126953 0.0195312
0 0.115885 0.316406 0.081543 0.0214844 0.0283203
0 0.121276 0.748535 0.435547 0.0205078 0.0410156
0 0.123751 0.466797 0.438477 0.0175781 0.0292969
0 0.124344 0.355957 0.431641 0.0244141 0.0351562
0 0.12445 0.209961 0.0478516 0.0273438 0.0488281
0 0.124811 0.285645 0.208008 0.0107422 0.0214844
0 0.126752 0.724609 0.19043 0.0175781 0.0175781
0 0.127109 0.433594 0.0561523 0.0253906 0.0322266
0 0.127731 0.152344 0.282715 0.0351562 0.0341797
0 0.128229 0.437012 0.33252 0.0166016 0.0185547
0 0.13422 0.398438 0.130371 0.0234375 0.0419922
0 0.134233 0.391113 0.308594 0.0302734 0.0683594
0 0.135426 0.479492 0.515137 0.0117188 0.0205078
0 0.138079 0.883301 0.168945 0.0361328 0.0507812
0 0.139254 0.433594 0.255859 0.0117188 0.015625
0 0.143671 0.819824 0.155273 0.0380859 0.0605469
0 0.145965 0.270508 0.15918 0.0273438 0.0429688
0 0.148362 0.302734 0.183594 0.015625 0.0175781
0 0.168768 0.441895 0.284668 0.0146484 0.0224609
0 0.177106 0.294922 0.282715 0.0175781 0.0224609
0 0.182902 0.329102 0.350098 0.0117188 0.0146484
0 0.190143 0.416016 0.30957 0.0117188 0.0214844
0 0.204318 0.333008 0.282715 0.0390625 0.0419922
0 0.214213 0.37207 0.249023 0.0117188 0.0175781
0 0.223474 0.244141 0.140625 0.0253906 0.0390625
0 0.226523 0.53418 0.351562 0.0253906 0.0234375
0 0.230337 0.754395 0.0620117 0.0341797 0.0419922
0 0.235246 0.472656 0.409668 0.015625 0.0185547
0 0.238865 0.895996 0.205566 0.0166016 0.0263672
0 0.239705 0.287598 0.0175781 0.0205078 0.0351562
0 0.249343 0.411133 0.397949 0.0117188 0.0146484
0 0.278202 0.311035 0.209473 0.0185547 0.0263672
0 0.314671 0.376465 0.345215 0.0205078 0.0185547
0 0.361685 0.458008 0.211426 0.0175781 0.0205078
0 0.364257 0.412109 0.205566 0.015625 0.0224609
0 0.37345 0.358398 0.209961 0.0195312 0.0214844
0 0.422426 0.510254 0.367188 0.0146484 0.0273438
0 0.432917 0.449219 0.367188 0.0136719 0.0253906
