0 0.100604 0.396973 0.141602 0.0498047 0.0683594
0 0.100682 0.367676 0.499512 0.0283203 0.0322266
0 0.10175 0.31543 0.0888672 0.0273438 0.0332031
0 0.102497 0.346191 0.342285 0.0283203 0.0361328
0 0.102678 0.312988 0.383301 0.0341797 0.0439453
0 0.103169 0.291504 0.292969 0.0263672 0.0332031
0 0.103209 0.379395 0.177734 0.0322266 0.0527344
0 0.105782 0.395508 0.157227 0.0351562 0.0390625
0 0.106341 0.446777 0.0332031 0.0244141 0.0644531
0 0.106775 0.450684 0.0195312 0.0224609 0.0351562
0 0.106815 0.560059 0.0771484 0.0400391 0.0546875
0 0.106977 0.244629 0.0566406 0.0224609 0.0332031
0 0.107223 0.374512 0.183105 0.0205078 0.0322266
0 0.107345 0.422363 0.10791 0.0244141 0.0302734
0 0.107673 0.400391 0.230957 0.0253906 0.0341797
0 0.10851 0.441406 0.214844 0.0410156 0.0546875
0 0.109407 0.254883 0.259277 0.0410156 0.0576172
0 0.111545 0.313477 0.354004 0.0175781 0.0361328
0 0.114427 0.744629 0.710449 0.0419922 0.0361328
0 0.114566 0.583984 0.0478516 0.0488281 0.0644531
0 0.115027 0.311523 0.243164 0.015625 0.03125
0 0.115863 0.960449 0.539551 0.0537109 0.0439453
0 0.116757 0.369629 0.0415039 0.0771484 0.0693359
0 0.116906 0.461426 0.82373 0.0361328 0.0458984
0 0.116992 0.258789 0.20166 0.0253906 0.0361328
0 0.119603 0.227539 0.346191 0.0332031 0.0322266
0 0.120924 0.487793 0.202637 0.0419922 0.0556641
0 0.123017 0.0981445 0.371582 0.0185547 0.0263672
0 0.126862 0.671387 0.0419922 0.0537109 0.0703125
0 0.127331 0.445312 0.110352 0.0507812 0.0410156
0 0.128697 0.477539 0.263184 0.03125 0.0361328
0 0.131419 0.283203 0.0610352 0.0136719 0.0263672
0 0.131666 0.676758 0.402344 0.0273438 0.0253906
0 0.131755 0.769043 0.879883 0.0361328 0.0449219
0 0.133859 0.542969 0.0566406 0.0644531 0.0839844
0 0.134137 0.708496 0.268555 0.0771484 0.0839844
0 0.136371 0.61377 0.349121 0.0185547 0.0205078
0 0.138083 0.355469 0.108398 0.0371094 0.0332031
0 0.142734 0.501953 0.842773 0.0332031 0.0605469
0 0.142984 0.210938 0.216309 0.0273438 0.0244141
0 0.143917 0.464844 0.884766 0.0488281 0.0449219
0 0.144513 0.427246 0.835449 0.0166016 0.0224609
0 0.145861 0.608398 0.078125 0.09375 0.0917969
0 0.147287 0.20752 0.366211 0.0478516 0.0664062
0 0.147672 0.634277 0.0185547 0.0673828 0.0351562
0 0.148871 0.205566 0.335938 0.0458984 0.0449219
0 0.14931 0.314453 0.202637 0.0175781 0.0419922
0 0.151512 0.111816 0.242188 0.0380859 0.0390625
0 0.153219 0.400391 0.0595703 0.0195312 0.03125
0 0.156032 0.402832 0.804688 0.0244141 0.0253906
0 0.161785 0.630371 0.502441 0.0224609 0.0341797
0 0.162375 0.17627 0.258789 0.0556641 0.0761719
0 0.16912 0.405273 0.00927734 0.0292969 0.0185547
0 0.17025 0.467285 0.254883 0.0537109 0.0507812
0 0.173387 0.541504 0.412598 0.0205078 0.0244141
0 0.182173 0.778809 0.970215 0.0244141 0.0283203
0 0.185102 0.416016 0.111328 0.0429688 0.0488281
0 0.185922 0.441895 0.743164 0.0302734 0.0273438
0 0.18797 0.239746 0.162109 0.0556641 0.046875
0 0.190791 0.207031 0.381836 0.0351562 0.0488281
0 0.192524 0.382812 0.111328 0.0507812 0.0527344
0 0.202089 0.518555 0.962891 0.0292969 0.0527344
0 0.20308 0.229492 0.643066 0.0527344 0.0576172
0 0.203105 0.658691 0.120117 0.0537109 0.0488281
0 0.208147 0.355469 0.360352 0.03125 0.0507812
0 0.219283 0.525391 0.742676 0.0292969 0.0263672
0 0.22541 0.231445 0.348145 0.0214844 0.0224609
0 0.225852 0.631348 0.0947266 0.0556641 0.0742188
0 0.228673 0.608398 0.416504 0.0351562 0.0400391
0 0.232323 0.209961 0.330566 0.03125 0.0302734
0 0.23679 0.459473 0.10498 0.0263672 0.0361328
0 0.239287 0.41748 0.254883 0.0498047 0.0625
0 0.240762 0.311035 0.381836 0.0224609 0.0273438
0 0.247102 0.435547 0.244141 0.0664062 0.0742188
0 0.25079 0.281738 0.120605 0.0400391 0.0556641
0 0.254225 0.269531 0.334961 0.03125 0.0371094
0 0.254404 0.368652 0.0571289 0.0439453 0.0458984
0 0.282284 0.686523 0.050293 0.0527344 0.0537109
0 0.287507 0.439941 0.0517578 0.0380859 0.0566406
0 0.309539 0.530762 0.034668 0.0576172 0.0634766
0 0.31593 0.371582 0.256836 0.0556641 0.0546875
0 0.324013 0.483398 0.0429688 0.0488281 0.078125
0 0.332992 0.57959 0.835449 0.0283203 0.0556641
0 0.361523 0.738281 0.751465 0.0429688 0.0380859
0 0.37581 0.571289 0.897461 0.0429688 0.0410156
0 0.395965 0.716797 0.117676 0.0429688 0.0478516
0 0.403463 0.536621 0.349609 0.0283203 0.0371094
0 0.418634 0.571777 0.0629883 0.0673828 0.0810547
0 0.434387 0.487793 0.734375 0.0380859 0.0664062
0 0.439023 0.414551 0.158691 0.0654297 0.0556641
0 0.477274 0.497559 0.132812 0.0400391 0.0566406
