0 0.100495 0.379883 0.280762 0.113281 0.114258
0 0.100504 0.188477 0.305176 0.0234375 0.0322266
0 0.100733 0.363281 0.0610352 0.193359 0.12207
0 0.101111 0.683105 0.328613 0.0185547 0.0400391
0 0.101499 0.611328 0.348145 0.046875 0.0478516
0 0.10151 0.321289 0.292969 0.0917969 0.0996094
0 0.101778 0.439453 0.166016 0.0546875 0.0585938
0 0.102323 0.434082 0.185059 0.0400391 0.0693359
0 0.102514 0.308105 0.221191 0.0341797 0.0537109
0 0.10274 0.457031 0.447266 0.015625 0.0214844
0 0.102875 0.577148 0.185059 0.128906 0.139648
0 0.103698 0.605469 0.212891 0.0898438 0.0917969
0 0.104704 0.0922852 0.737793 0.0517578 0.0498047
0 0.104713 0.580078 0.917969 0.0273438 0.0292969
0 0.10609 0.436035 0.196777 0.0224609 0.0302734
0 0.106489 0.431152 0.209961 0.0361328 0.0800781
0 0.108449 0.120117 0.199219 0.0175781 0.0332031
0 0.108838 0.575195 0.351074 0.0175781 0.0341797
0 0.10984 0.425781 0.39209 0.0214844 0.0283203
0 0.1099 0.316895 0.597168 0.0244141 0.0341797
0 0.110773 0.625 0.657227 0.0175781 0.0292969
0 0.111769 0.0566406 0.681152 0.0507812 0.0537109
0 0.111771 0.367188 0.858887 0.0234375 0.0361328
0 0.114401 0.345703 0.27002 0.0488281 0.0751953
0 0.114985 0.376465 0.323242 0.0888672 0.09375
0 0.115007 0.565918 0.447266 0.0537109 0.0527344
0 0.118735 0.15332 0.596191 0.00976562 0.0224609
0 0.120812 0.616699 0.538086 0.0302734 0.0292969
0 0.125219 0.0234375 0.218262 0.0371094 0.0458984
0 0.125574 0.705078 0.458496 0.0585938 0.0654297
0 0.125946 0.140137 0.397461 0.0283203 0.0449219
0 0.126926 0.314941 0.136719 0.0537109 0.138672
0 0.127314 0.216309 0.122559 0.0380859 0.0576172
0 0.127846 0.469238 0.0629883 0.0791016 0.118164
0 0.131333 0.463867 0.986816 0.0292969 0.0263672
0 0.133744 0.274414 0.19043 0.046875 0.046875
0 0.135041 0.614746 0.483398 0.0185547 0.0253906
0 0.136244 0.791016 0.447266 0.0507812 0.0410156
0 0.137447 0.432129 0.243652 0.0361328 0.0771484
0 0.137906 0.409668 0.287598 0.0537109 0.0888672
0 0.138098 0.392578 0.561523 0.015625 0.0234375
0 0.138153 0.495605 0.0253906 0.0361328 0.0488281
0 0.138726 0.644043 0.430664 0.0263672 0.0371094
0 0.141004 0.384766 0.429199 0.03125 0.0771484
0 0.142607 0.583496 0.0581055 0.163086 0.116211
0 0.143412 0.143555 0.679199 0.0488281 0.0556641
0 0.151027 0.129883 0.609863 0.0449219 0.0361328
0 0.152703 0.520996 0.185059 0.0517578 0.100586
0 0.153409 0.62793 0.331543 0.0292969 0.0341797
0 0.156053 0.097168 0.600586 0.0419922 0.046875
0 0.163056 0.378418 0.339355 0.0576172 0.0615234
0 0.165796 0.53125 0.322266 0.0351562 0.046875
0 0.177818 0.621094 0.32959 0.0234375 0.0263672
0 0.181859 0.532715 0.212891 0.0419922 0.078125
0 0.184626 0.119629 0.207031 0.0263672 0.046875
0 0.188741 0.304199 0.311523 0.0615234 0.0664062
0 0.190897 0.328125 0.604004 0.0351562 0.0283203
0 0.191761 0.0351562 0.67041 0.0625 0.0595703
0 0.193327 0.685059 0.344238 0.0283203 0.0654297
0 0.195722 0.0820312 0.676758 0.0703125 0.0546875
0 0.19683 0.51416 0.428711 0.0205078 0.0371094
0 0.198322 0.0556641 0.289062 0.0371094 0.0332031
0 0.200357 0.45752 0.75293 0.0146484 0.0234375
0 0.201718 0.115234 0.251953 0.0136719 0.0214844
0 0.203349 0.114746 0.606445 0.0693359 0.0488281
0 0.205962 0.583984 0.353027 0.03125 0.0322266
0 0.218681 0.27002 0.253906 0.0361328 0.0429688
0 0.221831 0.168945 0.266113 0.0234375 0.0439453
0 0.222411 0.257324 0.314941 0.0283203 0.0478516
0 0.226132 0.282227 0.192383 0.0292969 0.03125
0 0.22758 0.461426 0.345215 0.0498047 0.0517578
0 0.228402 0.143555 0.413086 0.0371094 0.0761719
0 0.240324 0.662598 0.274414 0.0400391 0.0449219
0 0.241165 0.0551758 0.117188 0.0302734 0.0410156
0 0.243665 0.175781 0.178223 0.0488281 0.0712891
0 0.247984 0.608887 0.592285 0.0205078 0.0419922
0 0.274103 0.655273 0.335449 0.0332031 0.0419922
0 0.293361 0.228027 0.278809 0.0185547 0.0244141
0 0.293768 0.199707 0.570312 0.0400391 0.0488281
0 0.30595 0.231934 0.787109 0.0244141 0.0585938
0 0.337732 0.687988 0.789062 0.0478516 0.0507812
0 0.345646 0.353516 0.84668 0.0253906 0.0585938
0 0.384096 0.68457 0.369141 0.03125 0.0351562
0 0.405037 0.445312 0.673828 0.0136719 0.0273438
0 0.432765 0.597656 0.358398 0.046875 0.0351562
0 0.47728 0.62207 0.296875 0.0234375 0.0273438
