0 0.103647 0.776367 0.32666 0.0195312 0.0263672
0 0.104177 0.531738 0.238281 0.0146484 0.0234375
0 0.107603 0.253906 0.0463867 0.0234375 0.0283203
0 0.109652 0.396484 0.362305 0.0175781 0.0253906
0 0.113189 0.311523 0.0200195 0.0429688 0.0302734
0 0.113227 0.231934 0.229004 0.0263672 0.0380859
0 0.113565 0.366699 0.224121 0.0126953 0.0166016
0 0.115218 0.433105 0.0927734 0.0107422 0.0195312
0 0.116313 0.065918 0.306641 0.0341797 0.03125
0 0.117354 0.174805 0.194336 0.0175781 0.0214844
0 0.120307 0.370117 0.280273 0.00976562 0.015625
0 0.120738 0.921875 0.392578 0.0175781 0.0253906
0 0.120905 0.421875 0.383789 0.0117188 0.0175781
0 0.122431 0.442871 0.228027 0.0126953 0.0185547
0 0.125583 0.341797 0.16748 0.0214844 0.0458984
0 0.125797 0.710449 0.647461 0.0185547 0.0566406
0 0.126422 0.349609 0.0371094 0.0214844 0.0292969
0 0.128261 0.39502 0.0786133 0.0146484 0.0224609
0 0.132239 0.482422 0.109863 0.0136719 0.0224609
0 0.133899 0.243164 0.171875 0.015625 0.0273438
0 0.134124 0.392578 0.24707 0.0195312 0.0195312
0 0.136826 0.273926 0.196777 0.0126953 0.0185547
0 0.13959 0.904297 0.431152 0.015625 0.0302734
0 0.140373 0.471191 0.407227 0.0185547 0.0253906
0 0.143849 0.438965 0.241211 0.0185547 0.0351562
0 0.156328 0.250488 0.287109 0.0283203 0.0195312
0 0.159097 0.417969 0.146484 0.015625 0.0253906
0 0.160765 0.260742 0.0126953 0.0507812 0.0214844
0 0.163266 0.490723 0.27832 0.0205078 0.0292969
0 0.164269 0.441895 0.118164 0.0126953 0.015625
0 0.179636 0.335938 0.228027 0.0136719 0.0185547
0 0.17982 0.806641 0.123047 0.0390625 0.0546875
0 0.181442 0.535156 0.181152 0.0273438 0.0244141
0 0.19302 0.210938 0.193359 0.0234375 0.0449219
0 0.198885 0.468262 0.109863 0.0107422 0.0205078
0 0.199915 0.436035 0.166992 0.0166016 0.0195312
0 0.201763 0.548828 0.220215 0.0136719 0.0224609
0 0.202961 0.472168 0.334961 0.0380859 0.0332031
0 0.203756 0.518066 0.266602 0.00878906 0.0195312
0 0.20852 0.519531 0.345215 0.0273438 0.0322266
0 0.224359 0.475586 0.238281 0.0195312 0.03125
0 0.228861 0.356934 0.0439453 0.0205078 0.0390625
0 0.228872 0.240723 0.469238 0.0224609 0.0263672
0 0.233814 0.383789 0.163086 0.03125 0.046875
0 0.236619 0.373047 0.0888672 0.0136719 0.0214844
0 0.243037 0.353516 0.00976562 0.0253906 0.0195312
0 0.243954 0.454102 0.0483398 0.015625 0.0244141
0 0.245709 0.438477 0.265625 0.0195312 0.0253906
0 0.249671 0.414551 0.145996 0.0126953 0.0185547
0 0.267898 0.42627 0.0927734 0.0185547 0.0234375
0 0.283335 0.410645 0.223145 0.0146484 0.0263672
0 0.287961 0.310547 0.0527344 0.0253906 0.0332031
0 0.298705 0.48291 0.335938 0.0224609 0.0214844
0 0.310936 0.390625 0.14502 0.03125 0.0556641
0 0.317765 0.452637 0.133789 0.0107422 0.0195312
0 0.320816 0.408691 0.0405273 0.0166016 0.0302734
0 0.339147 0.466797 0.26123 0.015625 0.0185547
0 0.347064 0.400879 0.0307617 0.0283203 0.0341797
0 0.359539 0.452148 0.193359 0.015625 0.0390625
0 0.362354 0.360352 0.0551758 0.0175781 0.0205078
0 0.388992 0.510254 0.193359 0.0166016 0.0253906
0 0.43203 0.377441 0.175293 0.0263672 0.0224609
