0 0.100287 0.782715 0.227539 0.0458984 0.0625
0 0.102184 0.745117 0.0839844 0.015625 0.0175781
0 0.103387 0.445312 0.0859375 0.0390625 0.0390625
0 0.106162 0.896484 0.232422 0.0566406 0.0742188
0 0.108472 0.976074 0.341309 0.0458984 0.0556641
0 0.110342 0.808105 0.0703125 0.0263672 0.03125
0 0.110713 0.734863 0.269531 0.0380859 0.0429688
0 0.112586 0.248535 0.436035 0.0263672 0.0341797
0 0.114945 0.803223 0.156738 0.0146484 0.0224609
0 0.115698 0.584473 0.11377 0.0126953 0.0205078
0 0.116615 0.883301 0.150879 0.0537109 0.0400391
0 0.116624 0.181641 0.0219727 0.0527344 0.0419922
0 0.122478 0.71875 0.137695 0.03125 0.0273438
0 0.124893 0.709961 0.224121 0.0214844 0.0205078
0 0.128579 0.849121 0.0175781 0.0263672 0.0332031
0 0.130002 0.232422 0.15918 0.0390625 0.0390625
0 0.145545 0.0952148 0.34375 0.0322266 0.0351562
0 0.14912 0.348145 0.435059 0.0302734 0.0361328
0 0.158217 0.838867 0.158203 0.0605469 0.0585938
0 0.192654 0.823242 0.0419922 0.0253906 0.0253906
0 0.192961 0.272949 0.00976562 0.0185547 0.0195312
0 0.199693 0.783691 0.0629883 0.0166016 0.0244141
0 0.20844 0.474609 0.20752 0.0273438 0.0322266
0 0.214324 0.779785 0.207031 0.0341797 0.0507812
0 0.214727 0.248047 0.170898 0.0136719 0.0253906
0 0.217196 0.379395 0.0820312 0.0166016 0.0390625
0 0.219097 0.240723 0.0825195 0.0478516 0.0400391
0 0.230724 0.382812 0.378906 0.0332031 0.0273438
0 0.231331 0.101074 0.0239258 0.0400391 0.0419922
0 0.250755 0.166504 0.186035 0.0595703 0.0341797
0 0.255496 0.819824 0.0751953 0.0478516 0.03125
0 0.26083 0.93457 0.0932617 0.0351562 0.0595703
0 0.270893 0.0551758 0.131348 0.0224609 0.0283203
0 0.283016 0.358398 0.176758 0.0292969 0.0371094
0 0.286579 0.972656 0.229492 0.0527344 0.0546875
0 0.359971 0.77002 0.0112305 0.0263672 0.0205078
0 0.400796 0.736328 0.189453 0.0332031 0.0253906
0 0.41119 0.430176 0.285645 0.0302734 0.0263672
