0 0.103784 0.447266 0.303711 0.0234375 0.0390625
0 0.104078 0.481934 0.263184 0.0380859 0.0556641
0 0.104322 0.465332 0.266602 0.0517578 0.0605469
0 0.105117 0.583008 0.306152 0.0371094 0.0439453
0 0.105232 0.508301 0.263672 0.0166016 0.0351562
0 0.110497 0.406738 0.0649414 0.0302734 0.0380859
0 0.113293 0.385254 0.743164 0.0263672 0.03125
0 0.118211 0.495117 0.293457 0.0214844 0.0302734
0 0.119445 0.605957 0.193359 0.0302734 0.0332031
0 0.124806 0.348633 0.0463867 0.03125 0.0361328
0 0.128077 0.443848 0.115234 0.0283203 0.0273438
0 0.135809 0.477051 0.245117 0.0263672 0.0273438
0 0.136657 0.391113 0.059082 0.0185547 0.0498047
0 0.139797 0.518066 0.37793 0.0263672 0.0195312
0 0.139974 0.29248 0.224609 0.0166016 0.0214844
0 0.140817 0.282715 0.0214844 0.0341797 0.0371094
0 0.141979 0.0742188 0.304688 0.0332031 0.0371094
0 0.142286 0.460938 0.352539 0.0332031 0.0410156
0 0.144299 0.486816 0.28418 0.0439453 0.0507812
0 0.147337 0.367676 0.00927734 0.0380859 0.0166016
0 0.151632 0.378906 0.17627 0.0234375 0.0224609
0 0.154229 0.165039 0.312012 0.0214844 0.0244141
0 0.161722 0.267578 0.152344 0.0332031 0.0332031
0 0.163728 0.338867 0.03125 0.0644531 0.0488281
0 0.167166 0.268555 0.0141602 0.0332031 0.0263672
0 0.178453 0.508301 0.257324 0.0107422 0.0146484
0 0.179449 0.342285 0.244629 0.0126953 0.0185547
0 0.179799 0.419434 0.0112305 0.0380859 0.0224609
0 0.18197 0.463379 0.288574 0.0400391 0.0595703
0 0.182617 0.540527 0.334473 0.0244141 0.0283203
0 0.193675 0.212891 0.283203 0.0214844 0.0234375
0 0.201375 0.590332 0.29248 0.0498047 0.0693359
0 0.218085 0.36084 0.0136719 0.0576172 0.0273438
0 0.226189 0.463867 0.0151367 0.0195312 0.0302734
0 0.231284 0.416016 0.0649414 0.015625 0.0302734
0 0.236357 0.43457 0.0141602 0.0664062 0.0244141
0 0.25451 0.446777 0.308594 0.0126953 0.0292969
0 0.262009 0.222168 0.0166016 0.0654297 0.0332031
0 0.266547 0.364258 0.210449 0.0195312 0.0361328
0 0.282207 0.480957 0.344238 0.0224609 0.0322266
0 0.302049 0.45459 0.160156 0.0263672 0.0273438
0 0.3474 0.307129 0.0234375 0.0556641 0.0449219
0 0.356896 0.332031 0.130859 0.0273438 0.0390625
0 0.373819 0.473633 0.0810547 0.0195312 0.0273438
0 0.401674 0.540527 0.273438 0.0224609 0.0234375
0 0.411835 0.47168 0.19873 0.0195312 0.0244141
0 0.436597 0.45166 0.360352 0.0185547 0.0390625
0 0.683044 0.490234 0.42041 0.0449219 0.0693359
