0 0.100734 0.165527 0.393555 0.0205078 0.0214844
0 0.10198 0.320312 0.25293 0.0234375 0.0332031
0 0.103045 0.266602 0.516602 0.0175781 0.03125
0 0.103347 0.0966797 0.560059 0.0332031 0.0439453
0 0.104872 0.48877 0.178711 0.0224609 0.0273438
0 0.104959 0.36377 0.333008 0.0439453 0.0566406
0 0.106872 0.0532227 0.174316 0.0263672 0.0244141
0 0.107242 0.49707 0.294922 0.0136719 0.015625
0 0.109595 0.294922 0.355957 0.03125 0.0361328
0 0.111909 0.177734 0.692383 0.046875 0.0390625
0 0.115296 0.393066 0.216797 0.0322266 0.0332031
0 0.115371 0.195801 0.703125 0.0244141 0.0371094
0 0.115551 0.3125 0.114746 0.0449219 0.0634766
0 0.11589 0.255371 0.100098 0.0224609 0.0263672
0 0.115967 0.394531 0.0249023 0.0292969 0.0361328
0 0.116935 0.365723 0.104004 0.0498047 0.0498047
0 0.116958 0.358398 0.0913086 0.0351562 0.0341797
0 0.117973 0.416992 0.059082 0.0214844 0.0322266
0 0.118195 0.400391 0.428223 0.0117188 0.0146484
0 0.119619 0.202637 0.695312 0.0322266 0.0292969
0 0.121662 0.305176 0.353027 0.0498047 0.0478516
0 0.127137 0.37793 0.109863 0.0273438 0.0302734
0 0.128366 0.697754 0.501953 0.0224609 0.0253906
0 0.142318 0.097168 0.281738 0.0322266 0.0380859
0 0.14676 0.341309 0.604004 0.0166016 0.0439453
0 0.157252 0.3125 0.236328 0.0410156 0.0703125
0 0.161199 0.251465 0.697754 0.0107422 0.0283203
0 0.164408 0.429199 0.299805 0.0146484 0.03125
0 0.17516 0.369629 0.250977 0.0146484 0.0273438
0 0.175251 0.355469 0.317871 0.0195312 0.0205078
0 0.17818 0.38623 0.0649414 0.0107422 0.0185547
0 0.181884 0.352539 0.52832 0.015625 0.0214844
0 0.190233 0.128418 0.688477 0.0322266 0.0585938
0 0.202789 0.297363 0.480957 0.0107422 0.0224609
0 0.21396 0.850098 0.805176 0.0185547 0.0302734
0 0.21848 0.0522461 0.369141 0.0244141 0.0214844
0 0.221509 0.272949 0.568359 0.0107422 0.0253906
0 0.224911 0.518555 0.243652 0.0253906 0.0283203
0 0.225479 0.305664 0.00732422 0.0214844 0.0126953
0 0.235765 0.161133 0.625977 0.03125 0.0371094
0 0.238144 0.400391 0.299316 0.0136719 0.0224609
0 0.257043 0.16748 0.69043 0.0244141 0.03125
0 0.261541 0.164551 0.525391 0.0205078 0.0332031
0 0.287948 0.394531 0.257324 0.00976562 0.0185547
0 0.367339 0.446289 0.0839844 0.015625 0.0214844
