0 0.104135 0.286621 0.0239258 0.0537109 0.0419922
0 0.11848 0.619141 0.483398 0.0351562 0.0429688
0 0.124952 0.303223 0.250488 0.0185547 0.0244141
0 0.125273 0.269043 0.358398 0.0419922 0.0546875
0 0.126421 0.115234 0.742188 0.0332031 0.0429688
0 0.129504 0.681641 0.319824 0.0585938 0.0830078
0 0.1314 0.347656 0.0537109 0.0253906 0.0332031
0 0.134092 0.625977 0.581543 0.0234375 0.0341797
0 0.137206 0.205078 0.245117 0.0136719 0.0214844
0 0.137397 0.380859 0.258789 0.0332031 0.0410156
0 0.145556 0.357422 0.135742 0.0351562 0.0351562
0 0.147117 0.38623 0.617676 0.0224609 0.0283203
0 0.147821 0.320801 0.241211 0.0244141 0.0253906
0 0.152777 0.347656 0.217773 0.0117188 0.0253906
0 0.154451 0.358887 0.272461 0.0263672 0.03125
0 0.156547 0.139648 0.358887 0.0253906 0.0478516
0 0.161282 0.311035 0.346191 0.0244141 0.0322266
0 0.164778 0.260254 0.257812 0.0205078 0.0253906
0 0.180275 0.223145 0.341797 0.0205078 0.03125
0 0.180996 0.367676 0.138672 0.0576172 0.0527344
0 0.197132 0.613281 0.160156 0.0332031 0.0410156
0 0.219706 0.156738 0.571289 0.0283203 0.0253906
0 0.234699 0.322266 0.178711 0.0625 0.0449219
0 0.240004 0.385742 0.137695 0.0507812 0.0605469
0 0.243257 0.282227 0.369629 0.078125 0.0830078
0 0.341863 0.365234 0.265137 0.0410156 0.0458984
