0 0.100481 0.503418 0.0136719 0.0205078 0.0253906
0 0.100583 0.134277 0.0439453 0.0283203 0.0429688
0 0.10178 0.732422 0.0322266 0.0234375 0.0332031
0 0.104975 0.615723 0.0107422 0.0322266 0.0195312
0 0.106673 0.588379 0.257324 0.0302734 0.0283203
0 0.106972 0.0566406 0.0283203 0.0429688 0.0527344
0 0.10775 0.485352 0.133301 0.0136719 0.0224609
0 0.108854 0.572754 0.268066 0.0185547 0.0224609
0 0.112476 0.844238 0.0488281 0.0673828 0.0898438
0 0.113524 0.477051 0.19043 0.0185547 0.03125
0 0.11391 0.209961 0.320801 0.0273438 0.0380859
0 0.114126 0.40918 0.0297852 0.0078125 0.0166016
0 0.117677 0.480957 0.0532227 0.0146484 0.0283203
0 0.123173 0.639648 0.0078125 0.0214844 0.0117188
0 0.123531 0.492188 0.256836 0.0136719 0.0214844
0 0.124791 0.652344 0.078125 0.0273438 0.046875
0 0.124835 0.213867 0.637695 0.015625 0.0214844
0 0.12649 0.807617 0.151367 0.0273438 0.0371094
0 0.129128 0.815918 0.543457 0.0302734 0.0498047
0 0.130772 0.609863 0.0180664 0.0224609 0.0361328
0 0.131397 0.371094 0.0273438 0.0195312 0.0351562
0 0.131832 0.529297 0.383301 0.00976562 0.0126953
0 0.131939 0.46582 0.375977 0.0214844 0.0410156
0 0.13361 0.317383 0.474121 0.0195312 0.0185547
0 0.133697 0.855957 0.081543 0.0302734 0.0439453
0 0.133982 0.56543 0.33252 0.0234375 0.0341797
0 0.135669 0.243652 0.155762 0.0185547 0.0322266
0 0.13623 0.476074 0.355957 0.0283203 0.0341797
0 0.138404 0.870605 0.334961 0.0185547 0.0273438
0 0.141355 0.597656 0.0405273 0.0292969 0.0361328
0 0.143611 0.472168 0.342773 0.0302734 0.0546875
0 0.143965 0.619141 0.0634766 0.03125 0.0546875
0 0.147549 0.411621 0.372559 0.0205078 0.0244141
0 0.148973 0.261719 0.0224609 0.0351562 0.0429688
0 0.151425 0.636719 0.0722656 0.046875 0.0429688
0 0.153523 0.84668 0.362793 0.0214844 0.0224609
0 0.159168 0.439453 0.0957031 0.0292969 0.0449219
0 0.163673 0.567383 0.271484 0.0195312 0.0234375
0 0.163972 0.243652 0.211426 0.0205078 0.0322266
0 0.164006 0.46582 0.17627 0.0351562 0.0458984
0 0.164047 0.37793 0.0913086 0.0195312 0.0322266
0 0.166036 0.68457 0.132324 0.0234375 0.0322266
0 0.166058 0.416016 0.337402 0.0371094 0.0400391
0 0.166132 0.695801 0.0170898 0.0439453 0.0341797
0 0.166639 0.422363 0.617188 0.0185547 0.0253906
0 0.170977 0.73291 0.0449219 0.0283203 0.0644531
0 0.174353 0.820801 0.0639648 0.100586 0.0947266
0 0.177862 0.724121 0.870605 0.0341797 0.0419922
0 0.179946 0.404785 0.0981445 0.0185547 0.0458984
0 0.18535 0.523438 0.259766 0.0195312 0.0390625
0 0.185751 0.452148 0.0625 0.015625 0.0234375
0 0.188636 0.401367 0.00878906 0.0273438 0.0175781
0 0.195332 0.395508 0.326172 0.0195312 0.0292969
0 0.200667 0.555176 0.0253906 0.0302734 0.0429688
0 0.207756 0.442871 0.0112305 0.0205078 0.0224609
0 0.211583 0.623535 0.0771484 0.0244141 0.0332031
0 0.211865 0.425293 0.330566 0.0224609 0.0302734
0 0.21571 0.405762 0.367188 0.0263672 0.0273438
0 0.217645 0.40625 0.358887 0.0351562 0.0478516
0 0.219154 0.458496 0.165527 0.0263672 0.0283203
0 0.223287 0.174316 0.0620117 0.0361328 0.0400391
0 0.24396 0.800293 0.13916 0.0361328 0.0537109
0 0.245229 0.53125 0.169434 0.0175781 0.0380859
0 0.246141 0.607422 0.0356445 0.0351562 0.0498047
0 0.248727 0.855469 0.0654297 0.0390625 0.078125
0 0.251886 0.44043 0.427246 0.015625 0.0224609
0 0.269583 0.498047 0.0185547 0.0234375 0.0371094
0 0.295421 0.47168 0.074707 0.0175781 0.0302734
0 0.324552 0.428711 0.0947266 0.0449219 0.0585938
0 0.32736 0.780762 0.081543 0.0478516 0.0712891
0 0.360892 0.546387 0.0302734 0.0185547 0.0390625
0 0.37101 0.503906 0.0732422 0.0214844 0.0332031
0 0.374792 0.405762 0.332031 0.0361328 0.0390625
0 0.396264 0.520996 0.11084 0.0185547 0.0263672
0 0.407696 0.413574 0.0917969 0.0380859 0.0605469
0 0.460493 0.467773 0.36084 0.03125 0.0517578
