0 0.105438 0.0825195 0.608398 0.0556641 0.0703125
0 0.10598 0.513184 0.789551 0.0185547 0.0419922
0 0.106268 0.510254 0.0185547 0.0224609 0.0332031
0 0.109934 0.168945 0.232422 0.0253906 0.0234375
0 0.113342 0.468262 0.0400391 0.0107422 0.0234375
0 0.115952 0.466309 0.0722656 0.0185547 0.015625
0 0.116901 0.216309 0.719727 0.0478516 0.046875
0 0.12457 0.532227 0.962891 0.0214844 0.0234375
0 0.12598 0.378906 0.0102539 0.0273438 0.0185547
0 0.126041 0.899902 0.686035 0.0498047 0.0595703
0 0.127961 0.552734 0.839844 0.0253906 0.0332031
0 0.139234 0.82959 0.183105 0.0224609 0.0302734
0 0.144096 0.0732422 0.550293 0.0371094 0.0634766
0 0.148993 0.551758 0.682617 0.0253906 0.0234375
0 0.152641 0.876465 0.564453 0.0400391 0.0507812
0 0.172158 0.521484 0.228516 0.0117188 0.0214844
0 0.176047 0.244141 0.679688 0.015625 0.0292969
0 0.188459 0.44873 0.147461 0.0205078 0.0429688
0 0.199171 0.102051 0.40625 0.0244141 0.0332031
0 0.218217 0.51123 0.443359 0.0283203 0.0214844
0 0.24454 0.0844727 0.557129 0.0634766 0.0927734
0 0.259268 0.666992 0.502441 0.0410156 0.0517578
0 0.275619 0.734375 0.755859 0.0234375 0.0429688
0 0.285994 0.369141 0.0170898 0.046875 0.0322266
0 0.29385 0.28125 0.0288086 0.0488281 0.0517578
0 0.337371 0.374023 0.229004 0.0507812 0.0498047
0 0.360471 0.449707 0.290527 0.0341797 0.0517578
0 0.395875 0.6875 0.108398 0.0253906 0.0351562
0 0.40055 0.428223 0.191406 0.0263672 0.0449219
0 0.486328 0.632812 0.429688 0.0273438 0.0449219
0 0.558829 0.671875 0.303711 0.0390625 0.0488281
