0 0.100819 0.219238 0.177246 0.0419922 0.0556641
0 0.105336 0.279785 0.258301 0.0693359 0.0478516
0 0.114297 0.209473 0.460938 0.0322266 0.0449219
0 0.115245 0.668945 0.224609 0.0117188 0.0214844
0 0.120577 0.114746 0.507812 0.0361328 0.0253906
0 0.136326 0.382324 0.307617 0.0576172 0.0507812
0 0.136597 0.386719 0.0742188 0.0449219 0.0527344
0 0.141285 0.801758 0.271973 0.0507812 0.0634766
0 0.145511 0.171387 0.0151367 0.0302734 0.0302734
0 0.1461 0.234863 0.395996 0.0322266 0.0361328
0 0.146964 0.188965 0.405273 0.0615234 0.0351562
0 0.148288 0.883301 0.270996 0.0751953 0.0712891
0 0.151505 0.864746 0.282715 0.0380859 0.0634766
0 0.157832 0.363281 0.316406 0.046875 0.0546875
0 0.209777 0.412598 0.151855 0.0146484 0.0224609
0 0.217772 0.388672 0.13916 0.0195312 0.0341797
0 0.233337 0.631836 0.348145 0.0371094 0.0478516
