0 0.101835 0.990723 0.291504 0.0185547 0.0341797
0 0.102872 0.848145 0.495117 0.0224609 0.0351562
0 0.10424 0.0566406 0.48584 0.0507812 0.0517578
0 0.104308 0.737305 0.378418 0.015625 0.0361328
0 0.105016 0.792969 0.249512 0.0136719 0.0283203
0 0.106924 0.859375 0.13916 0.046875 0.0361328
0 0.106969 0.80127 0.481934 0.0107422 0.0205078
0 0.107612 0.162109 0.135254 0.101562 0.0966797
0 0.10785 0.812988 0.14209 0.0244141 0.0302734
0 0.108667 0.816895 0.395508 0.0205078 0.0273438
0 0.110862 0.963379 0.0756836 0.0419922 0.0361328
0 0.112347 0.296875 0.649902 0.0273438 0.0517578
0 0.114413 0.870605 0.160156 0.0341797 0.0449219
0 0.114893 0.797852 0.378906 0.015625 0.0175781
0 0.115586 0.758301 0.254883 0.0166016 0.0175781
0 0.116343 0.823242 0.337891 0.0175781 0.0175781
0 0.116679 0.78418 0.178711 0.015625 0.0253906
0 0.118601 0.518555 0.824707 0.0195312 0.0263672
0 0.121309 0.855957 0.23291 0.0400391 0.0283203
0 0.121831 0.552246 0.336914 0.0166016 0.0214844
0 0.125806 0.585938 0.539062 0.0117188 0.015625
0 0.132272 0.509766 0.654297 0.0136719 0.015625
0 0.132452 0.782715 0.288574 0.0146484 0.0185547
0 0.133625 0.586914 0.275391 0.0195312 0.0390625
0 0.138843 0.688477 0.412109 0.015625 0.0175781
0 0.139598 0.357422 0.150391 0.015625 0.0292969
0 0.140562 0.494141 0.237793 0.0175781 0.0341797
0 0.140756 0.726562 0.496094 0.0136719 0.0175781
0 0.14301 0.869141 0.0473633 0.0449219 0.0439453
0 0.146539 0.874023 0.172363 0.0273438 0.0302734
0 0.14837 0.745117 0.234375 0.00976562 0.0195312
0 0.148634 0.678223 0.233398 0.0224609 0.03125
0 0.150519 0.851074 0.330078 0.0126953 0.015625
0 0.153986 0.361328 0.101074 0.0292969 0.0654297
0 0.155233 0.893555 0.0537109 0.0605469 0.0527344
0 0.15585 0.761719 0.481934 0.0214844 0.0400391
0 0.161824 0.752441 0.310547 0.0146484 0.0214844
0 0.166719 0.309082 0.532715 0.0166016 0.0263672
0 0.166792 0.419434 0.156738 0.0205078 0.0380859
0 0.168326 0.780273 0.526855 0.0195312 0.0400391
0 0.17719 0.80127 0.371094 0.0185547 0.0332031
0 0.179155 0.855957 0.685547 0.0224609 0.0253906
0 0.181627 0.816895 0.314453 0.0205078 0.0351562
0 0.182193 0.974609 0.0234375 0.0371094 0.0410156
0 0.184803 0.615234 0.399414 0.0214844 0.0351562
0 0.188049 0.711914 0.182617 0.0136719 0.0253906
0 0.188161 0.612793 0.19043 0.0166016 0.0214844
0 0.190302 0.438965 0.400879 0.0166016 0.0244141
0 0.192383 0.601074 0.378418 0.0302734 0.0458984
0 0.193953 0.71875 0.234863 0.0136719 0.0244141
0 0.22688 0.785156 0.888672 0.0234375 0.03125
0 0.228969 0.580566 0.0180664 0.0341797 0.0361328
0 0.261781 0.957031 0.332031 0.0292969 0.0390625
0 0.262297 0.949219 0.0541992 0.0253906 0.0341797
0 0.262303 0.666504 0.462402 0.0185547 0.0205078
0 0.27424 0.698242 0.848633 0.0195312 0.0234375
0 0.292471 0.679688 0.0141602 0.0273438 0.0283203
0 0.308319 0.741699 0.368164 0.0244141 0.0410156
0 0.321656 0.805664 0.206055 0.015625 0.0195312
0 0.359225 0.734863 0.440918 0.0185547 0.0205078
0 0.374256 0.955078 0.135742 0.0605469 0.0546875
0 0.394992 0.79248 0.431641 0.0166016 0.03125
0 0.558889 0.85791 0.199219 0.0283203 0.03125
0 0.584396 0.833984 0.271973 0.0429688 0.0458984
