0 0.10479 0.273926 0.279785 0.0224609 0.0458984
0 0.108934 0.234375 0.98877 0.0273438 0.0205078
0 0.111065 0.317871 0.518066 0.0380859 0.0400391
0 0.118335 0.918457 0.655273 0.0576172 0.0839844
0 0.121323 0.171387 0.579102 0.0126953 0.0234375
0 0.122804 0.412598 0.695801 0.0419922 0.0361328
0 0.125667 0.240234 0.51709 0.0371094 0.0595703
0 0.139925 0.233887 0.027832 0.0712891 0.0537109
0 0.148489 0.338867 0.27832 0.0175781 0.0234375
0 0.159045 0.112305 0.821289 0.0292969 0.0371094
0 0.171379 0.418945 0.828125 0.0527344 0.0410156
0 0.213452 0.241699 0.529297 0.0283203 0.0332031
0 0.234603 0.717285 0.786133 0.0849609 0.115234
0 0.236012 0.309082 0.209473 0.0244141 0.0322266
0 0.257925 0.309082 0.271484 0.0302734 0.0429688
0 0.387007 0.367676 0.503906 0.0576172 0.0449219
