0 0.102719 0.695801 0.536133 0.0556641 0.0449219
0 0.111494 0.30957 0.912598 0.0488281 0.0693359
0 0.114891 0.541016 0.643066 0.0390625 0.0654297
0 0.119812 0.271484 0.85498 0.0722656 0.0712891
0 0.13094 0.298828 0.940918 0.0273438 0.0302734
0 0.138988 0.771973 0.661133 0.0263672 0.0507812
0 0.145066 0.773438 0.654785 0.0195312 0.0283203
0 0.159712 0.77002 0.687988 0.0341797 0.0947266
0 0.205419 0.611328 0.520996 0.0820312 0.100586
0 0.24403 0.730469 0.763184 0.0351562 0.0380859
0 0.271432 0.647949 0.955078 0.0517578 0.0488281
0 0.297515 0.286133 0.845703 0.0410156 0.0449219
