0 0.105688 0.733398 0.156738 0.0351562 0.0517578
0 0.113458 0.719727 0.210449 0.0390625 0.0478516
0 0.116442 0.111328 0.172363 0.0429688 0.0576172
0 0.118676 0.293457 0.276367 0.0458984 0.0507812
0 0.120808 0.737305 0.0537109 0.015625 0.0195312
0 0.122848 0.779297 0.14209 0.0332031 0.0517578
0 0.14805 0.769043 0.369141 0.0380859 0.0585938
0 0.183036 0.722168 0.164551 0.0556641 0.0791016
0 0.201549 0.375488 0.229492 0.0302734 0.0566406
0 0.224198 0.631348 0.0976562 0.0380859 0.0390625
0 0.254656 0.580566 0.111816 0.0263672 0.0615234
