0 0.100237 0.86377 0.444824 0.0126953 0.0185547
0 0.100481 0.731934 0.121094 0.0263672 0.0371094
0 0.101853 0.208984 0.258789 0.0429688 0.0644531
0 0.10243 0.833008 0.339355 0.0175781 0.0244141
0 0.104222 0.79541 0.108398 0.0205078 0.0507812
0 0.105439 0.619141 0.197754 0.0117188 0.0263672
0 0.107014 0.685059 0.307617 0.0146484 0.0195312
0 0.107162 0.58252 0.55127 0.0107422 0.0224609
0 0.107647 0.821289 0.401855 0.0117188 0.0166016
0 0.111486 0.442871 0.572754 0.0126953 0.0185547
0 0.112249 0.696289 0.081543 0.015625 0.0244141
0 0.11248 0.889648 0.592285 0.0175781 0.0224609
0 0.11539 0.535645 0.462402 0.00878906 0.0146484
0 0.116915 0.27832 0.260742 0.0546875 0.0664062
0 0.118659 0.581543 0.750488 0.0283203 0.0283203
0 0.118955 0.955078 0.331543 0.0429688 0.0380859
0 0.119134 0.39502 0.107422 0.0478516 0.0664062
0 0.119855 0.791992 0.301758 0.0214844 0.0273438
0 0.121055 0.152344 0.545898 0.0253906 0.0546875
0 0.121374 0.515625 0.516113 0.0117188 0.0302734
0 0.125535 0.749023 0.320801 0.0136719 0.0205078
0 0.126125 0.828125 0.577637 0.0253906 0.0400391
0 0.132065 0.594727 0.32373 0.015625 0.0244141
0 0.13294 0.854492 0.0185547 0.03125 0.03125
0 0.136619 0.470703 0.0991211 0.0136719 0.0263672
0 0.138672 0.117676 0.097168 0.0400391 0.0400391
0 0.138788 0.933105 0.267578 0.0283203 0.0351562
0 0.141753 0.849609 0.218262 0.015625 0.0302734
0 0.141965 0.544434 0.0795898 0.0263672 0.0419922
0 0.148488 0.590332 0.41748 0.0185547 0.0302734
0 0.14937 0.585938 0.508789 0.0136719 0.0234375
0 0.149595 0.421875 0.133301 0.0214844 0.0283203
0 0.151274 0.430664 0.0541992 0.015625 0.0498047
0 0.152393 0.59375 0.14502 0.0234375 0.0400391
0 0.153873 0.555176 0.351074 0.0166016 0.0361328
0 0.157358 0.618652 0.0703125 0.0244141 0.0449219
0 0.159652 0.629883 0.147949 0.0253906 0.0224609
0 0.163062 0.817871 0.326172 0.0126953 0.0253906
0 0.164026 0.46582 0.306641 0.0234375 0.0644531
0 0.166135 0.461426 0.296875 0.0166016 0.0449219
0 0.180236 0.54248 0.0703125 0.0185547 0.0273438
0 0.191078 0.476562 0.338867 0.0253906 0.0546875
0 0.20697 0.808594 0.990723 0.0175781 0.0146484
0 0.207714 0.884766 0.286133 0.015625 0.0175781
0 0.207972 0.583984 0.376465 0.0136719 0.0205078
0 0.21126 0.900879 0.489746 0.0166016 0.0224609
0 0.229844 0.29248 0.467773 0.0244141 0.0664062
0 0.245129 0.509277 0.147461 0.0244141 0.03125
0 0.247276 0.854004 0.300781 0.0205078 0.0234375
0 0.256609 0.625488 0.0664062 0.0126953 0.0292969
0 0.267758 0.89502 0.589844 0.0302734 0.03125
0 0.27147 0.660645 0.164551 0.0205078 0.0302734
0 0.31152 0.792969 0.36084 0.0117188 0.0244141
0 0.337527 0.695801 0.539062 0.0126953 0.0273438
0 0.37298 0.768555 0.283203 0.0175781 0.0195312
0 0.50343 0.502441 0.0405273 0.0185547 0.0478516
0 0.605287 0.671387 0.124023 0.0283203 0.0410156
