0 0.100552 0.257812 0.407227 0.0195312 0.0351562
0 0.100903 0.395508 0.385254 0.0195312 0.0205078
0 0.101607 0.352539 0.161133 0.0273438 0.0273438
0 0.103067 0.253418 0.32373 0.0107422 0.0185547
0 0.10325 0.205566 0.134277 0.0322266 0.0380859
0 0.103764 0.35791 0.191895 0.0322266 0.0224609
0 0.11041 0.297363 0.382324 0.0185547 0.0244141
0 0.113328 0.256836 0.555176 0.0214844 0.0263672
0 0.114127 0.371582 0.346191 0.0302734 0.0283203
0 0.118988 0.351074 0.0302734 0.0244141 0.03125
0 0.123001 0.28125 0.213379 0.015625 0.0205078
0 0.125469 0.123535 0.184082 0.0419922 0.0517578
0 0.126018 0.258301 0.266113 0.0205078 0.0185547
0 0.126226 0.0766602 0.195801 0.0400391 0.0458984
0 0.127826 0.785156 0.0209961 0.0625 0.0419922
0 0.130201 0.172363 0.222168 0.0146484 0.0244141
0 0.132789 0.589355 0.0673828 0.0244141 0.0390625
0 0.139524 0.0400391 0.187988 0.0429688 0.0498047
0 0.151249 0.38916 0.401367 0.0224609 0.0234375
0 0.151431 0.201172 0.268066 0.0136719 0.0244141
0 0.152635 0.567383 0.00976562 0.046875 0.0195312
0 0.157482 0.183594 0.237793 0.0195312 0.0185547
0 0.15885 0.678711 0.249023 0.0214844 0.0214844
0 0.161705 0.381836 0.510254 0.0175781 0.0205078
0 0.162845 0.0717773 0.243164 0.0224609 0.0253906
0 0.165799 0.773926 0.534668 0.0205078 0.0302734
0 0.169116 0.554688 0.132324 0.0195312 0.0185547
0 0.169139 0.716797 0.185547 0.0195312 0.0390625
0 0.171636 0.622559 0.147949 0.0576172 0.0361328
0 0.172905 0.382812 0.135742 0.0195312 0.0351562
0 0.177878 0.293457 0.374023 0.0126953 0.0234375
0 0.213145 0.335449 0.521484 0.0322266 0.0371094
0 0.218461 0.35791 0.0898438 0.0283203 0.046875
0 0.258753 0.733398 0.109863 0.0214844 0.0322266
0 0.267049 0.322266 0.525391 0.0332031 0.0371094
0 0.274642 0.656738 0.00878906 0.0205078 0.0175781
0 0.279806 0.222168 0.333008 0.0361328 0.0761719
0 0.280616 0.380859 0.343262 0.0253906 0.0224609
0 0.281327 0.416992 0.135742 0.0234375 0.0253906
0 0.306515 0.230957 0.220215 0.0126953 0.0205078
0 0.32262 0.746582 0.154785 0.0263672 0.0400391
0 0.337674 0.343262 0.51709 0.0166016 0.0205078
0 0.360012 0.646973 0.0688477 0.0595703 0.0498047
0 0.393393 0.355469 0.361328 0.0136719 0.0292969
