0 0.100525 0.229004 0.228516 0.0263672 0.03125
0 0.100999 0.666992 0.616211 0.0214844 0.0214844
0 0.102302 0.390625 0.202148 0.03125 0.0488281
0 0.102306 0.705566 0.456543 0.0146484 0.0263672
0 0.102306 0.482422 0.402344 0.015625 0.0234375
0 0.102382 0.29834 0.17041 0.0263672 0.0322266
0 0.102472 0.695801 0.188477 0.0439453 0.0546875
0 0.10302 0.358887 0.505859 0.0107422 0.0253906
0 0.103523 0.334961 0.234863 0.0175781 0.0244141
0 0.104074 0.259766 0.616699 0.0234375 0.0205078
0 0.104585 0.808105 0.143066 0.0205078 0.0341797
0 0.106216 0.878906 0.529297 0.015625 0.0292969
0 0.107144 0.485352 0.656738 0.0585938 0.0498047
0 0.107818 0.808594 0.155273 0.0175781 0.0351562
0 0.112971 0.753418 0.132324 0.0126953 0.0185547
0 0.113942 0.308105 0.185547 0.0458984 0.0527344
0 0.114466 0.527344 0.603516 0.0175781 0.0234375
0 0.11485 0.220703 0.227539 0.0449219 0.0429688
0 0.11571 0.548828 0.158691 0.0332031 0.0283203
0 0.116183 0.428223 0.203613 0.0224609 0.0361328
0 0.118406 0.383301 0.331055 0.0107422 0.0195312
0 0.118409 0.414551 0.29834 0.0185547 0.0205078
0 0.118799 0.493652 0.237793 0.0126953 0.0341797
0 0.119252 0.571289 0.208984 0.015625 0.0273438
0 0.119455 0.314941 0.306152 0.0185547 0.0244141
0 0.120495 0.341309 0.423828 0.0107422 0.0175781
0 0.120888 0.425293 0.239746 0.0146484 0.0166016
0 0.121312 0.302246 0.208984 0.0263672 0.046875
0 0.122001 0.188965 0.204102 0.0205078 0.0292969
0 0.12228 0.320801 0.0209961 0.0302734 0.0322266
0 0.122866 0.734863 0.0380859 0.0244141 0.0429688
0 0.123392 0.67041 0.0390625 0.0322266 0.046875
0 0.125166 0.605469 0.662598 0.0234375 0.0283203
0 0.12555 0.560059 0.620605 0.0263672 0.0185547
0 0.126614 0.698242 0.596191 0.0273438 0.0341797
0 0.126984 0.764648 0.242188 0.0390625 0.0605469
0 0.1279 0.379883 0.146973 0.0292969 0.0244141
0 0.128121 0.47998 0.544922 0.0205078 0.0195312
0 0.128236 0.270508 0.275879 0.0234375 0.0400391
0 0.129554 0.371582 0.0449219 0.0302734 0.0292969
0 0.130278 0.316895 0.145508 0.0205078 0.0292969
0 0.130584 0.35498 0.178223 0.0205078 0.0400391
0 0.133233 0.655762 0.0117188 0.0185547 0.0234375
0 0.134983 0.707031 0.0776367 0.0429688 0.0771484
0 0.135796 0.509766 0.27832 0.0332031 0.0390625
0 0.137095 0.464844 0.507324 0.0175781 0.0224609
0 0.138192 0.337891 0.0249023 0.0664062 0.0419922
0 0.139199 0.35498 0.61084 0.0107422 0.0166016
0 0.139542 0.380859 0.326172 0.015625 0.0214844
0 0.139851 0.09375 0.164551 0.0566406 0.0498047
0 0.142188 0.367676 0.14502 0.0458984 0.0361328
0 0.14265 0.369141 0.0332031 0.0507812 0.0488281
0 0.142745 0.303711 0.0668945 0.0175781 0.0263672
0 0.14553 0.497559 0.705078 0.0166016 0.0234375
0 0.145993 0.79248 0.718262 0.0419922 0.0361328
0 0.146712 0.335449 0.187988 0.0322266 0.0458984
0 0.147926 0.45752 0.655762 0.0263672 0.0341797
0 0.148358 0.376953 0.194824 0.0117188 0.0302734
0 0.15216 0.683594 0.0424805 0.0253906 0.0341797
0 0.15655 0.192871 0.0981445 0.0498047 0.0615234
0 0.156982 0.273438 0.53418 0.0214844 0.0292969
0 0.157741 0.36377 0.163086 0.0400391 0.0566406
0 0.160222 0.875 0.163086 0.0371094 0.0429688
0 0.162263 0.108398 0.0859375 0.0585938 0.0527344
0 0.16365 0.366211 0.47998 0.0136719 0.0185547
0 0.165979 0.29541 0.187012 0.0283203 0.0439453
0 0.16765 0.373047 0.248047 0.015625 0.0214844
0 0.168885 0.374023 0.580566 0.00976562 0.0185547
0 0.170703 0.624023 0.613281 0.0273438 0.0390625
0 0.170879 0.697754 0.103027 0.0205078 0.0341797
0 0.172135 0.888184 0.309082 0.0556641 0.0498047
0 0.176424 0.903809 0.657715 0.0439453 0.0419922
0 0.178639 0.478027 0.305176 0.0146484 0.0205078
0 0.181474 0.097168 0.252441 0.0322266 0.0380859
0 0.181509 0.100586 0.58252 0.0332031 0.0263672
0 0.18396 0.114746 0.327148 0.0244141 0.0371094
0 0.185106 0.306152 0.158203 0.0283203 0.0351562
0 0.187006 0.427246 0.190918 0.0205078 0.0341797
0 0.191053 0.779297 0.148438 0.0195312 0.0175781
0 0.193074 0.758789 0.0327148 0.03125 0.0322266
0 0.194297 0.155273 0.201172 0.0273438 0.0273438
0 0.194455 0.731445 0.0444336 0.015625 0.0283203
0 0.194652 0.404785 0.29834 0.0166016 0.0166016
0 0.197591 0.328125 0.183105 0.015625 0.0322266
0 0.202163 0.454102 0.114258 0.046875 0.046875
0 0.202805 0.240234 0.115723 0.0136719 0.0205078
0 0.204481 0.304688 0.589844 0.015625 0.0488281
0 0.211638 0.42334 0.366211 0.0146484 0.015625
0 0.213189 0.789551 0.28418 0.0400391 0.0449219
0 0.214839 0.744629 0.0239258 0.0439453 0.0478516
0 0.221078 0.515625 0.275391 0.0175781 0.0292969
0 0.222904 0.866211 0.0673828 0.0253906 0.0371094
0 0.227078 0.928223 0.0576172 0.0322266 0.03125
0 0.232567 0.415527 0.417969 0.0244141 0.0507812
0 0.233018 0.655273 0.227539 0.0175781 0.0214844
0 0.238063 0.413086 0.430664 0.0214844 0.0273438
0 0.239022 0.30957 0.519531 0.015625 0.0292969
0 0.241431 0.271484 0.265625 0.0351562 0.0527344
0 0.244429 0.730469 0.353516 0.0273438 0.0332031
0 0.255924 0.447754 0.316406 0.0146484 0.0234375
0 0.263987 0.553223 0.257324 0.0146484 0.0302734
0 0.266924 0.842773 0.197754 0.0292969 0.0283203
0 0.278727 0.308105 0.215332 0.0185547 0.0263672
0 0.281577 0.108887 0.185059 0.0302734 0.0400391
0 0.285602 0.472168 0.720215 0.0185547 0.0322266
0 0.306129 0.498047 0.285156 0.0214844 0.0429688
0 0.306552 0.233398 0.523926 0.0234375 0.0302734
0 0.31986 0.561523 0.153809 0.0527344 0.0400391
0 0.321354 0.564453 0.0668945 0.0488281 0.0458984
0 0.335551 0.479004 0.425781 0.0146484 0.015625
0 0.340469 0.292969 0.0292969 0.0214844 0.0488281
0 0.348137 0.693359 0.285156 0.0234375 0.0195312
0 0.355412 0.125 0.61084 0.03125 0.0341797
0 0.361152 0.453125 0.279785 0.015625 0.0244141
0 0.366303 0.646484 0.0786133 0.0332031 0.0498047
0 0.376219 0.39502 0.209961 0.0185547 0.0371094
0 0.403604 0.172363 0.59375 0.0263672 0.0390625
0 0.403625 0.333984 0.494629 0.0273438 0.0380859
0 0.40447 0.351074 0.213379 0.0205078 0.0224609
0 0.446892 0.922852 0.118652 0.0488281 0.0478516
0 0.46347 0.704102 0.0913086 0.0292969 0.0517578
0 0.570467 0.514648 0.78125 0.0332031 0.0625
