0 0.100365 0.777832 0.213379 0.0224609 0.0205078
0 0.101725 0.450195 0.0585938 0.0722656 0.0800781
0 0.102214 0.895996 0.753906 0.0146484 0.0273438
0 0.102532 0.253418 0.355469 0.0302734 0.0351562
0 0.109704 0.412109 0.462402 0.0117188 0.0166016
0 0.111229 0.803711 0.29834 0.0429688 0.0439453
0 0.114328 0.476074 0.657715 0.0166016 0.0224609
0 0.115284 0.415039 0.14209 0.03125 0.0419922
0 0.120879 0.505859 0.518555 0.0117188 0.0332031
0 0.123725 0.38916 0.400879 0.0107422 0.0146484
0 0.125478 0.533691 0.110352 0.0146484 0.0234375
0 0.128463 0.354004 0.35791 0.0224609 0.0283203
0 0.133264 0.395508 0.290039 0.0273438 0.0390625
0 0.139191 0.748047 0.147461 0.0234375 0.0449219
0 0.143362 0.365723 0.0292969 0.0712891 0.0546875
0 0.144981 0.453613 0.0429688 0.0146484 0.0527344
0 0.150293 0.533203 0.272949 0.015625 0.0224609
0 0.151752 0.381836 0.144043 0.03125 0.0263672
0 0.153233 0.717773 0.100098 0.0195312 0.0400391
0 0.153463 0.0839844 0.254395 0.0273438 0.0361328
0 0.16338 0.820312 0.170898 0.0292969 0.0292969
0 0.169509 0.282715 0.0458984 0.0595703 0.0664062
0 0.172684 0.867188 0.302734 0.0351562 0.046875
0 0.182219 0.799316 0.216309 0.0224609 0.0224609
0 0.186338 0.478027 0.149902 0.0302734 0.0439453
0 0.187618 0.369629 0.401855 0.0146484 0.0185547
0 0.193638 0.303223 0.239258 0.0302734 0.0371094
0 0.196302 0.37207 0.502441 0.0175781 0.0146484
0 0.199427 0.432617 0.236328 0.046875 0.0585938
0 0.216535 0.355469 0.370117 0.0195312 0.0195312
0 0.220053 0.440918 0.046875 0.0439453 0.0585938
0 0.234151 0.736328 0.212402 0.0390625 0.0400391
0 0.256305 0.444824 0.516113 0.0146484 0.0244141
0 0.257892 0.341309 0.102539 0.0185547 0.0292969
0 0.26675 0.517578 0.0380859 0.0644531 0.0644531
0 0.27534 0.405762 0.363281 0.0107422 0.015625
0 0.296955 0.585449 0.0751953 0.0322266 0.0390625
0 0.32706 0.370117 0.0454102 0.0332031 0.0302734
