0 0.100434 0.600098 0.573242 0.0205078 0.0351562
0 0.100529 0.0625 0.259277 0.0800781 0.0478516
0 0.100565 0.713379 0.0410156 0.0341797 0.0605469
0 0.100681 0.0625 0.0961914 0.0585938 0.0439453
0 0.101015 0.812988 0.802246 0.0458984 0.0439453
0 0.101396 0.678223 0.567383 0.0244141 0.0332031
0 0.102531 0.241211 0.233887 0.0644531 0.0634766
0 0.102555 0.390137 0.445801 0.0224609 0.0302734
0 0.1031 0.291504 0.0537109 0.0322266 0.0351562
0 0.103363 0.257324 0.382812 0.0224609 0.0371094
0 0.103582 0.626953 0.331543 0.0195312 0.0244141
0 0.103921 0.514648 0.538574 0.00976562 0.0224609
0 0.104091 0.671875 0.98877 0.03125 0.0224609
0 0.106567 0.30957 0.255859 0.0371094 0.0527344
0 0.106667 0.294922 0.617676 0.0351562 0.0498047
0 0.106727 0.833008 0.274414 0.046875 0.0390625
0 0.107408 0.375 0.418945 0.0175781 0.0292969
0 0.108838 0.347656 0.518066 0.0371094 0.0361328
0 0.109418 0.452637 0.108887 0.0615234 0.0654297
0 0.110009 0.407715 0.468262 0.0205078 0.0283203
0 0.111521 0.437988 0.160645 0.0556641 0.0576172
0 0.112734 0.494629 0.930176 0.0146484 0.0166016
0 0.113539 0.498535 0.605957 0.0126953 0.0244141
0 0.113779 0.38916 0.391113 0.0361328 0.0380859
0 0.113949 0.623047 0.169922 0.0390625 0.046875
0 0.114828 0.491699 0.672852 0.0263672 0.0390625
0 0.116138 0.747559 0.530762 0.0263672 0.0302734
0 0.116218 0.349121 0.757812 0.0224609 0.0253906
0 0.116333 0.432129 0.180664 0.104492 0.107422
0 0.11826 0.196777 0.327637 0.0244141 0.0322266
0 0.118673 0.601562 0.487305 0.0273438 0.0371094
0 0.119118 0.554688 0.617188 0.0195312 0.0234375
0 0.11955 0.152344 0.898438 0.0136719 0.0234375
0 0.122513 0.228027 0.212891 0.0830078 0.0976562
0 0.12287 0.505859 0.812988 0.0253906 0.0400391
0 0.125264 0.192871 0.530762 0.0283203 0.0439453
0 0.125629 0.0883789 0.260254 0.0732422 0.0556641
0 0.126247 0.683594 0.461426 0.015625 0.0224609
0 0.126392 0.0673828 0.114258 0.0644531 0.0664062
0 0.129398 0.368652 0.0668945 0.0166016 0.0556641
0 0.129764 0.720215 0.157227 0.0556641 0.0527344
0 0.130424 0.435547 0.541992 0.0410156 0.0449219
0 0.130495 0.446289 0.866699 0.03125 0.0478516
0 0.133909 0.508301 0.757812 0.0537109 0.0585938
0 0.135304 0.898926 0.727051 0.0302734 0.0400391
0 0.135462 0.554688 0.879395 0.0253906 0.0361328
0 0.135805 0.549316 0.889648 0.0302734 0.046875
0 0.14241 0.305176 0.983887 0.0341797 0.0283203
0 0.143321 0.588867 0.907715 0.0410156 0.0732422
0 0.144343 0.220215 0.869141 0.0361328 0.0527344
0 0.151263 0.405762 0.59375 0.0205078 0.0214844
0 0.151389 0.466797 0.54541 0.015625 0.0263672
0 0.152624 0.310547 0.499512 0.0117188 0.0341797
0 0.153107 0.171875 0.616699 0.0234375 0.0400391
0 0.160196 0.208984 0.162598 0.0585938 0.0615234
0 0.161103 0.384277 0.390625 0.0205078 0.0253906
0 0.162073 0.799316 0.692871 0.0380859 0.0380859
0 0.162566 0.231934 0.0888672 0.0556641 0.0625
0 0.163998 0.513672 0.958496 0.0117188 0.0205078
0 0.16511 0.384766 0.288086 0.0449219 0.0820312
0 0.166464 0.186523 0.217773 0.0214844 0.0292969
0 0.16739 0.202637 0.277832 0.0400391 0.0419922
0 0.167734 0.546387 0.722168 0.0224609 0.0205078
0 0.168553 0.526855 0.399902 0.0322266 0.0283203
0 0.169957 0.169922 0.0297852 0.138672 0.0595703
0 0.176493 0.179688 0.179199 0.0253906 0.0302734
0 0.176956 0.0830078 0.132812 0.0488281 0.0410156
0 0.177119 0.316406 0.932129 0.0332031 0.0380859
0 0.17975 0.210938 0.243164 0.046875 0.0605469
0 0.185853 0.283203 0.879883 0.0292969 0.0488281
0 0.188061 0.714844 0.867188 0.0527344 0.0722656
0 0.18884 0.817871 0.291016 0.0341797 0.03125
0 0.189658 0.149902 0.293457 0.0283203 0.0537109
0 0.191177 0.262695 0.237305 0.0371094 0.0566406
0 0.194493 0.736816 0.864746 0.110352 0.0810547
0 0.195735 0.371094 0.213867 0.0449219 0.046875
0 0.196374 0.680664 0.509277 0.0273438 0.0361328
0 0.198102 0.318848 0.0439453 0.0341797 0.03125
0 0.200114 0.770996 0.865234 0.0517578 0.0742188
0 0.200711 0.390625 0.309082 0.0410156 0.0556641
0 0.200889 0.466309 0.274414 0.0478516 0.0410156
0 0.201852 0.396484 0.985352 0.03125 0.0273438
0 0.213231 0.408691 0.882324 0.0615234 0.0458984
0 0.221553 0.845215 0.26416 0.0361328 0.0380859
0 0.221798 0.23291 0.192871 0.0537109 0.0634766
0 0.240852 0.204102 0.260742 0.0449219 0.0566406
0 0.24883 0.454102 0.390625 0.0253906 0.0351562
0 0.250149 0.097168 0.361816 0.0458984 0.0634766
0 0.251513 0.52832 0.607422 0.0292969 0.0292969
0 0.253271 0.339844 0.514648 0.0175781 0.0351562
0 0.260247 0.508301 0.868652 0.0380859 0.0556641
0 0.263912 0.139648 0.225586 0.015625 0.0253906
0 0.278698 0.527344 0.516602 0.015625 0.0234375
0 0.283223 0.14502 0.57959 0.0458984 0.0419922
0 0.287332 0.108887 0.193848 0.0361328 0.0419922
0 0.332136 0.207031 0.652344 0.0566406 0.0742188
0 0.353811 0.119629 0.628418 0.0498047 0.0361328
0 0.356914 0.145508 0.140137 0.0449219 0.0498047
0 0.366478 0.3125 0.191406 0.0488281 0.0644531
0 0.419752 0.341309 0.293457 0.0595703 0.0810547
0 0.462265 0.439453 0.637207 0.0195312 0.0302734
0 0.477171 0.133789 0.293457 0.0644531 0.0595703
