0 0.101876 0.727539 0.618164 0.015625 0.0507812
0 0.10485 0.432617 0.946777 0.0253906 0.0458984
0 0.10724 0.480469 0.442383 0.0683594 0.0703125
0 0.112492 0.380371 0.0673828 0.155273 0.115234
0 0.117637 0.714844 0.790527 0.0273438 0.0400391
0 0.12613 0.410645 0.251953 0.0595703 0.0703125
0 0.176742 0.835449 0.479492 0.0263672 0.0234375
0 0.230035 0.407227 0.730469 0.0625 0.0507812
0 0.236998 0.373047 0.0180664 0.0585938 0.0341797
0 0.255307 0.823242 0.597656 0.0390625 0.0488281
0 0.278682 0.687012 0.581543 0.0595703 0.0634766
0 0.320405 0.46875 0.421387 0.0449219 0.0498047
0 0.338341 0.501465 0.464355 0.0517578 0.0419922
0 0.467856 0.523926 0.737793 0.0361328 0.0419922
0 0.500111 0.569336 0.456055 0.046875 0.0644531
