0 0.101725 0.214355 0.168945 0.0712891 0.0566406
0 0.103971 0.680664 0.378906 0.03125 0.0390625
0 0.107275 0.285645 0.0454102 0.0458984 0.0712891
0 0.159611 0.277832 0.127441 0.0517578 0.0498047
0 0.160486 0.233398 0.171875 0.0449219 0.0449219
0 0.164483 0.187988 0.167969 0.0458984 0.0605469
0 0.175034 0.369141 0.0922852 0.0273438 0.0380859
0 0.24773 0.450684 0.0820312 0.0283203 0.03125
0 0.289062 0.215332 0.0170898 0.0302734 0.0302734
0 0.299001 0.428711 0.191895 0.0761719 0.0849609
0 0.329351 0.477051 0.26123 0.0576172 0.0732422
0 0.364041 0.335449 0.172852 0.0791016 0.0761719
