0 0.10122 0.372559 0.0693359 0.0166016 0.0214844
0 0.102448 0.338867 0.362305 0.0175781 0.0195312
0 0.103308 0.819824 0.0151367 0.0185547 0.0302734
0 0.106999 0.711426 0.0561523 0.0166016 0.0263672
0 0.108387 0.0395508 0.0170898 0.0771484 0.0322266
0 0.109331 0.191406 0.00927734 0.0273438 0.0166016
0 0.110842 0.334961 0.291992 0.0742188 0.046875
0 0.119739 0.446777 0.508301 0.0322266 0.0419922
0 0.120242 0.400391 0.0493164 0.00976562 0.0205078
0 0.120786 0.874512 0.301758 0.0126953 0.015625
0 0.122299 0.752441 0.0756836 0.0146484 0.0205078
0 0.122507 0.206543 0.106445 0.0322266 0.0507812
0 0.124553 0.502441 0.183594 0.0126953 0.0292969
0 0.125873 0.381836 0.0395508 0.0214844 0.0458984
0 0.129783 0.42041 0.341797 0.0224609 0.0234375
0 0.13383 0.708984 0.304688 0.0292969 0.0332031
0 0.13456 0.503418 0.0498047 0.0126953 0.0195312
0 0.135688 0.765137 0.120117 0.0302734 0.0390625
0 0.13796 0.429688 0.0620117 0.0234375 0.0400391
0 0.1412 0.0634766 0.0141602 0.078125 0.0224609
0 0.145176 0.358887 0.0986328 0.0166016 0.0273438
0 0.149593 0.569336 0.0444336 0.015625 0.0244141
0 0.158648 0.503906 0.126465 0.0195312 0.0302734
0 0.16141 0.208496 0.415039 0.0419922 0.0253906
0 0.172677 0.162598 0.0361328 0.0380859 0.03125
0 0.174779 0.779785 0.0341797 0.0263672 0.0351562
0 0.191959 0.0224609 0.0297852 0.0449219 0.0576172
0 0.19214 0.59668 0.0488281 0.0234375 0.03125
0 0.195008 0.307617 0.411621 0.03125 0.0537109
0 0.195512 0.462891 0.0107422 0.0292969 0.0175781
0 0.196791 0.540039 0.0195312 0.0253906 0.0292969
0 0.20339 0.479004 0.137207 0.0146484 0.0244141
0 0.206868 0.423828 0.0551758 0.0175781 0.0341797
0 0.20852 0.405273 0.0844727 0.0136719 0.0185547
0 0.211189 0.452637 0.0683594 0.0205078 0.0234375
0 0.212249 0.081543 0.0776367 0.0595703 0.0712891
0 0.222533 0.360352 0.578613 0.0292969 0.0478516
0 0.225125 0.69873 0.218262 0.0185547 0.0302734
0 0.227689 0.243164 0.0844727 0.015625 0.0380859
0 0.239213 0.535156 0.103027 0.0273438 0.0322266
0 0.251906 0.439941 0.155273 0.0244141 0.0351562
0 0.25844 0.651855 0.200195 0.0205078 0.03125
0 0.280643 0.490723 0.109375 0.0166016 0.0175781
0 0.286037 0.485352 0.0478516 0.015625 0.0234375
0 0.31992 0.452148 0.105957 0.0292969 0.0361328
0 0.539545 0.59668 0.102051 0.03125 0.0400391
