0 0.101048 0.420898 0.480469 0.0234375 0.0273438
0 0.101243 0.66748 0.700684 0.0498047 0.0673828
0 0.103232 0.550293 0.929199 0.0283203 0.0322266
0 0.107729 0.484863 0.912598 0.12207 0.0947266
0 0.110093 0.361816 0.559082 0.0380859 0.0439453
0 0.110993 0.635254 0.0703125 0.0732422 0.0566406
0 0.112038 0.589844 0.0805664 0.0507812 0.0791016
0 0.11396 0.524414 0.291504 0.0175781 0.0341797
0 0.114485 0.792969 0.160645 0.0644531 0.0693359
0 0.120019 0.546875 0.258301 0.0507812 0.0673828
0 0.120635 0.745117 0.0854492 0.123047 0.0810547
0 0.120903 0.390625 0.0673828 0.0859375 0.128906
0 0.121098 0.469727 0.325195 0.0253906 0.0371094
0 0.126324 0.872559 0.980957 0.0478516 0.0341797
0 0.131196 0.437012 0.321289 0.0166016 0.0273438
0 0.131735 0.354492 0.208984 0.03125 0.0800781
0 0.131875 0.506348 0.0146484 0.0419922 0.0292969
0 0.135429 0.676758 0.6875 0.0292969 0.0449219
0 0.142379 0.641113 0.160645 0.0634766 0.0732422
0 0.14351 0.494141 0.93457 0.046875 0.0546875
0 0.145054 0.448242 0.251465 0.0136719 0.0283203
0 0.146268 0.711914 0.530762 0.0195312 0.0244141
0 0.147867 0.179688 0.62207 0.0332031 0.03125
0 0.147951 0.44043 0.0620117 0.0429688 0.0908203
0 0.151858 0.692871 0.990723 0.0185547 0.0185547
0 0.160612 0.654297 0.0146484 0.0957031 0.0253906
0 0.168948 0.662598 0.0571289 0.120117 0.0810547
0 0.178918 0.514648 0.298828 0.03125 0.0449219
0 0.189883 0.384277 0.097168 0.0654297 0.0732422
0 0.220709 0.434082 0.234863 0.0263672 0.0322266
0 0.24099 0.43457 0.328613 0.0234375 0.0361328
0 0.276216 0.471191 0.0224609 0.0498047 0.0429688
0 0.287383 0.496094 0.290039 0.0234375 0.0371094
0 0.28785 0.612305 0.670898 0.0253906 0.0390625
0 0.319852 0.554688 0.230957 0.0566406 0.0849609
0 0.336328 0.562988 0.0244141 0.0810547 0.0488281
0 0.460559 0.411621 0.281738 0.0341797 0.0341797
0 0.648375 0.743164 0.820801 0.0820312 0.0849609
