0 0.103247 0.682617 0.365723 0.0566406 0.0439453
0 0.106931 0.359375 0.989746 0.015625 0.0185547
0 0.107532 0.272461 0.133301 0.0488281 0.0947266
0 0.111987 0.0791016 0.303711 0.0976562 0.0839844
0 0.11641 0.66748 0.368652 0.0322266 0.0341797
0 0.12115 0.721191 0.347656 0.0302734 0.0429688
0 0.12176 0.355957 0.0400391 0.133789 0.0800781
0 0.12847 0.691406 0.757324 0.0332031 0.0615234
0 0.13038 0.133789 0.373047 0.0429688 0.0527344
0 0.133501 0.538574 0.865723 0.0146484 0.0166016
0 0.141503 0.0869141 0.158203 0.0488281 0.0410156
0 0.141645 0.244629 0.217285 0.0263672 0.0439453
0 0.146012 0.566406 0.371094 0.0292969 0.0351562
0 0.149155 0.672852 0.161133 0.046875 0.0683594
0 0.159533 0.191406 0.206543 0.0292969 0.0498047
0 0.161355 0.475098 0.366699 0.0302734 0.0458984
0 0.169141 0.109863 0.046875 0.0283203 0.0351562
0 0.17153 0.303711 0.112793 0.0117188 0.0283203
0 0.178307 0.352539 0.303223 0.0410156 0.0498047
0 0.184001 0.630859 0.712891 0.0292969 0.0449219
0 0.189374 0.533691 0.353027 0.0263672 0.0283203
0 0.204768 0.371094 0.166016 0.0703125 0.142578
0 0.221174 0.597656 0.40332 0.0136719 0.0195312
0 0.25139 0.641113 0.233398 0.0341797 0.0371094
0 0.418819 0.034668 0.693848 0.0341797 0.0341797
0 0.479084 0.107422 0.100586 0.0390625 0.0566406
