0 0.100708 0.726074 0.220703 0.0205078 0.03125
0 0.101493 0.740234 0.975098 0.0488281 0.0458984
0 0.101778 0.29541 0.0117188 0.0439453 0.0234375
0 0.104432 0.616699 0.286133 0.0693359 0.0605469
0 0.105325 0.109375 0.35791 0.0332031 0.0361328
0 0.105495 0.51416 0.0258789 0.0693359 0.0498047
0 0.107226 0.489258 0.443848 0.0214844 0.0224609
0 0.108682 0.505859 0.464844 0.0273438 0.0273438
0 0.109985 0.493652 0.196777 0.0439453 0.0302734
0 0.110024 0.369629 0.450684 0.0185547 0.0224609
0 0.112402 0.291016 0.0209961 0.0585938 0.0419922
0 0.112822 0.545898 0.283203 0.0351562 0.0429688
0 0.113374 0.0229492 0.357422 0.0400391 0.0410156
0 0.115332 0.42627 0.658691 0.0244141 0.0498047
0 0.117235 0.260742 0.125977 0.0878906 0.09375
0 0.117241 0.728027 0.868164 0.0146484 0.0234375
0 0.117745 0.446289 0.316895 0.0273438 0.0439453
0 0.11823 0.602051 0.989258 0.0439453 0.015625
0 0.119387 0.221191 0.679688 0.0205078 0.0429688
0 0.119622 0.345215 0.340332 0.0263672 0.0341797
0 0.119959 0.265625 0.320312 0.0136719 0.0253906
0 0.120793 0.532227 0.28418 0.0351562 0.0429688
0 0.12118 0.138672 0.821777 0.0410156 0.0498047
0 0.121403 0.308105 0.0883789 0.0537109 0.0732422
0 0.122314 0.634277 0.105469 0.0498047 0.046875
0 0.125357 0.760742 0.0854492 0.0605469 0.0791016
0 0.127058 0.0478516 0.120605 0.0957031 0.194336
0 0.129811 0.644531 0.37793 0.0175781 0.0253906
0 0.132057 0.776367 0.198242 0.0195312 0.0351562
0 0.132947 0.135742 0.0390625 0.0546875 0.0546875
0 0.136199 0.292969 0.0952148 0.0390625 0.0517578
0 0.138962 0.174316 0.381348 0.0244141 0.0400391
0 0.140402 0.597168 0.212402 0.0107422 0.0205078
0 0.141121 0.638184 0.652344 0.0126953 0.0214844
0 0.142235 0.588867 0.279297 0.046875 0.0605469
0 0.142334 0.296387 0.321777 0.0224609 0.0322266
0 0.14248 0.660645 0.28418 0.0224609 0.0195312
0 0.14403 0.491211 0.0551758 0.0507812 0.0576172
0 0.144146 0.492676 0.414062 0.0263672 0.0488281
0 0.144263 0.390625 0.314941 0.0273438 0.0322266
0 0.145023 0.634766 0.282227 0.0566406 0.046875
0 0.146811 0.672852 0.0546875 0.0605469 0.0703125
0 0.147127 0.294922 0.36377 0.0214844 0.0302734
0 0.147156 0.664551 0.342285 0.0224609 0.0205078
0 0.148452 0.433105 0.330566 0.0185547 0.0244141
0 0.149234 0.156738 0.0234375 0.0693359 0.0449219
0 0.150097 0.336914 0.335449 0.0488281 0.0478516
0 0.150829 0.559082 0.019043 0.0537109 0.0302734
0 0.152058 0.557617 0.288574 0.0429688 0.0517578
0 0.15323 0.435547 0.252441 0.015625 0.0302734
0 0.153791 0.621094 0.174805 0.0273438 0.0390625
0 0.155232 0.577637 0.239746 0.0263672 0.0263672
0 0.155257 0.405273 0.424316 0.0136719 0.0322266
0 0.155293 0.304199 0.36377 0.0224609 0.0302734
0 0.156978 0.0600586 0.376953 0.0810547 0.0644531
0 0.157331 0.816895 0.528809 0.0341797 0.0263672
0 0.163843 0.443359 0.03125 0.0488281 0.0625
0 0.16507 0.156738 0.976562 0.0302734 0.046875
0 0.16895 0.702637 0.266113 0.0146484 0.0224609
0 0.168958 0.593262 0.266602 0.0361328 0.0351562
0 0.169359 0.733398 0.683105 0.0332031 0.0556641
0 0.170061 0.82666 0.527344 0.0537109 0.0449219
0 0.173406 0.391113 0.396973 0.00878906 0.0205078
0 0.177882 0.602539 0.125 0.0585938 0.046875
0 0.179472 0.0830078 0.0195312 0.0527344 0.0351562
0 0.180848 0.0771484 0.362793 0.0722656 0.0419922
0 0.184794 0.536621 0.0219727 0.0712891 0.0380859
0 0.185043 0.86377 0.865234 0.0458984 0.0527344
0 0.185297 0.135742 0.158691 0.0917969 0.237305
0 0.186915 0.254883 0.334473 0.0292969 0.0419922
0 0.187039 0.251465 0.118164 0.0498047 0.0664062
0 0.187156 0.229492 0.365723 0.0253906 0.0419922
0 0.187716 0.154785 0.371094 0.0380859 0.0390625
0 0.188189 0.242188 0.35791 0.0429688 0.0517578
0 0.189529 0.721191 0.0200195 0.0654297 0.0380859
0 0.193327 0.550781 0.963867 0.0292969 0.0390625
0 0.197095 0.196289 0.140625 0.0664062 0.136719
0 0.199861 0.120117 0.369629 0.0429688 0.0517578
0 0.20182 0.459961 0.0766602 0.103516 0.139648
0 0.204018 0.675781 0.0322266 0.101562 0.0625
0 0.20899 0.707031 0.192871 0.0253906 0.0283203
0 0.209354 0.458984 0.0307617 0.109375 0.0615234
0 0.212699 0.36084 0.0292969 0.0693359 0.0546875
0 0.215291 0.388184 0.839355 0.0361328 0.0400391
0 0.217068 0.498047 0.471191 0.03125 0.0380859
0 0.219518 0.599121 0.779785 0.0205078 0.0341797
0 0.225574 0.122559 0.378906 0.0224609 0.046875
0 0.227545 0.281738 0.405762 0.0263672 0.0283203
0 0.23792 0.569824 0.103027 0.0244141 0.0517578
0 0.237975 0.427246 0.364746 0.0224609 0.0283203
0 0.239565 0.249023 0.345215 0.0332031 0.0361328
0 0.246793 0.602051 0.655273 0.0302734 0.0292969
0 0.246897 0.769531 0.495117 0.0703125 0.0664062
0 0.247809 0.165039 0.379883 0.0390625 0.0488281
0 0.253194 0.248047 0.449219 0.0390625 0.0488281
0 0.259462 0.410156 0.183105 0.0371094 0.0478516
0 0.268739 0.364746 0.420898 0.0205078 0.0273438
0 0.273399 0.629395 0.181641 0.0341797 0.0429688
0 0.274372 0.588379 0.989258 0.0869141 0.0195312
0 0.274479 0.531738 0.111328 0.0224609 0.0429688
0 0.278493 0.453613 0.116699 0.0908203 0.0888672
0 0.280418 0.668945 0.140625 0.046875 0.0429688
0 0.281067 0.290527 0.887207 0.0439453 0.0478516
0 0.291115 0.27002 0.0170898 0.0361328 0.0341797
0 0.291362 0.216309 0.483887 0.0302734 0.0439453
0 0.291395 0.317383 0.367188 0.0253906 0.0292969
0 0.291771 0.189453 0.484375 0.015625 0.0351562
0 0.303319 0.516602 0.29541 0.0449219 0.0439453
0 0.311164 0.192383 0.304199 0.03125 0.0458984
0 0.314448 0.682129 0.85498 0.0654297 0.0888672
0 0.328148 0.585449 0.175781 0.0341797 0.0351562
0 0.334734 0.0410156 0.361328 0.0742188 0.0527344
0 0.339874 0.380859 0.138672 0.0410156 0.0722656
0 0.341425 0.310059 0.319824 0.0458984 0.0458984
0 0.343753 0.287109 0.183594 0.03125 0.0527344
0 0.347751 0.231445 0.0356445 0.0800781 0.0712891
0 0.350402 0.277344 0.255371 0.03125 0.0439453
0 0.352895 0.138184 0.370605 0.0517578 0.0517578
0 0.355794 0.322266 0.043457 0.0585938 0.0849609
0 0.368825 0.643066 0.0268555 0.0439453 0.0517578
0 0.373957 0.276367 0.366699 0.0292969 0.0380859
0 0.379798 0.223145 0.801758 0.0302734 0.0332031
0 0.385607 0.369629 0.318848 0.0400391 0.0439453
0 0.404598 0.430664 0.433594 0.0273438 0.03125
0 0.41311 0.490234 0.343262 0.0234375 0.0419922
0 0.416329 0.68457 0.183594 0.0566406 0.0410156
0 0.464656 0.043457 0.413086 0.0869141 0.0683594
0 0.472111 0.588379 0.113281 0.0576172 0.0664062
0 0.51372 0.685059 0.228027 0.0283203 0.0224609
0 0.551534 0.341309 0.405273 0.0322266 0.0390625
