0 0.102012 0.345215 0.35498 0.0302734 0.0517578
0 0.102972 0.405273 0.0551758 0.0996094 0.108398
0 0.103392 0.404297 0.385254 0.0175781 0.0302734
0 0.104081 0.202637 0.757812 0.0185547 0.0449219
0 0.104618 0.39209 0.291992 0.0263672 0.0253906
0 0.105019 0.725098 0.286133 0.0458984 0.0410156
0 0.108196 0.341797 0.234375 0.0136719 0.0175781
0 0.11384 0.458984 0.294434 0.0292969 0.0302734
0 0.121136 0.508789 0.376465 0.0351562 0.0537109
0 0.124934 0.231934 0.839844 0.0576172 0.078125
0 0.128454 0.533691 0.294922 0.0400391 0.0566406
0 0.129378 0.470215 0.851562 0.0146484 0.0234375
0 0.134917 0.553711 0.373535 0.0292969 0.0322266
0 0.136799 0.411621 0.174805 0.0283203 0.0585938
0 0.137623 0.172852 0.635742 0.0253906 0.0332031
0 0.14479 0.442871 0.377441 0.0146484 0.0205078
0 0.148588 0.40332 0.325684 0.0214844 0.0302734
0 0.149036 0.215332 0.340332 0.0283203 0.0419922
0 0.165962 0.645508 0.550781 0.0234375 0.0429688
0 0.17424 0.223145 0.266113 0.0244141 0.0322266
0 0.1822 0.25293 0.280273 0.0273438 0.0351562
0 0.184061 0.493652 0.249512 0.0205078 0.0224609
0 0.193333 0.393066 0.381836 0.0302734 0.03125
0 0.196038 0.54541 0.368652 0.0224609 0.0205078
0 0.219576 0.510742 0.302246 0.0449219 0.0478516
0 0.228042 0.423828 0.29541 0.0136719 0.0224609
0 0.234706 0.186035 0.632324 0.0556641 0.0458984
0 0.239702 0.544434 0.300781 0.0283203 0.0429688
0 0.241319 0.460938 0.191895 0.0605469 0.0498047
0 0.243537 0.500488 0.391602 0.0185547 0.0351562
0 0.251904 0.528809 0.393555 0.0185547 0.0195312
0 0.276493 0.808105 0.498535 0.0322266 0.0478516
0 0.286043 0.479492 0.191406 0.0351562 0.0332031
0 0.294877 0.444336 0.194336 0.03125 0.0664062
0 0.300966 0.518066 0.566406 0.0302734 0.0488281
0 0.3111 0.547852 0.306641 0.0175781 0.03125
0 0.315979 0.578613 0.353027 0.0244141 0.0263672
0 0.346656 0.490723 0.43457 0.0166016 0.0195312
0 0.347154 0.407227 0.671875 0.0214844 0.0292969
