0 0.10211 0.410156 0.290527 0.0585938 0.0712891
0 0.106146 0.472656 0.820801 0.0273438 0.0244141
0 0.107137 0.708008 0.838379 0.0214844 0.0380859
0 0.108174 0.0288086 0.660645 0.0537109 0.0634766
0 0.108205 0.440918 0.77002 0.0146484 0.0478516
0 0.108643 0.38916 0.862305 0.0263672 0.0332031
0 0.109066 0.708984 0.266602 0.0546875 0.0664062
0 0.109607 0.734375 0.960938 0.03125 0.0390625
0 0.109982 0.79541 0.867188 0.0673828 0.0566406
0 0.110655 0.445312 0.0561523 0.0820312 0.102539
0 0.11343 0.242188 0.964355 0.0390625 0.0498047
0 0.113532 0.571289 0.791016 0.0234375 0.0273438
0 0.114346 0.87207 0.760254 0.0429688 0.0341797
0 0.114368 0.496582 0.869629 0.0107422 0.0263672
0 0.114589 0.0996094 0.558594 0.0488281 0.0410156
0 0.115785 0.131836 0.14209 0.0488281 0.0576172
0 0.118282 0.422852 0.899414 0.0117188 0.0253906
0 0.118624 0.293457 0.628418 0.0419922 0.0693359
0 0.120829 0.255371 0.0859375 0.0478516 0.0527344
0 0.122305 0.666504 0.0185547 0.0615234 0.0351562
0 0.124683 0.328125 0.0805664 0.101562 0.133789
0 0.124778 0.160645 0.706055 0.0419922 0.0449219
0 0.127187 0.0698242 0.687988 0.0322266 0.0419922
0 0.127851 0.42041 0.859863 0.0166016 0.0205078
0 0.129321 0.179199 0.72168 0.0244141 0.0332031
0 0.130407 0.561035 0.735352 0.0263672 0.0371094
0 0.132558 0.820801 0.805176 0.0224609 0.0244141
0 0.135572 0.803711 0.0166016 0.0449219 0.0332031
0 0.137141 0.626953 0.181152 0.0546875 0.0361328
0 0.140236 0.537109 0.0288086 0.0820312 0.0517578
0 0.145317 0.852051 0.966797 0.0380859 0.0605469
0 0.145836 0.0922852 0.778809 0.0400391 0.0458984
0 0.147126 0.074707 0.983398 0.0263672 0.0332031
0 0.147942 0.60791 0.892578 0.0341797 0.0507812
0 0.148391 0.620117 0.575195 0.0371094 0.0273438
0 0.148875 0.138672 0.624512 0.0429688 0.0537109
0 0.149189 0.337402 0.133789 0.0830078 0.046875
0 0.149194 0.694824 0.175781 0.0322266 0.0253906
0 0.149522 0.467285 0.0405273 0.0732422 0.0751953
0 0.149523 0.0576172 0.398926 0.0644531 0.0693359
0 0.150193 0.296387 0.141113 0.0556641 0.0576172
0 0.15141 0.264648 0.316406 0.0351562 0.0703125
0 0.154837 0.660645 0.936035 0.0341797 0.0478516
0 0.155067 0.325195 0.345215 0.0234375 0.0361328
0 0.155546 0.784668 0.683594 0.0595703 0.0644531
0 0.156292 0.336426 0.677734 0.0380859 0.0683594
0 0.16071 0.464844 0.268066 0.046875 0.0556641
0 0.162529 0.36377 0.908691 0.0302734 0.0244141
0 0.16402 0.154785 0.621094 0.0166016 0.0332031
0 0.164925 0.208496 0.721191 0.0498047 0.0400391
0 0.168751 0.14209 0.282227 0.0361328 0.0742188
0 0.169276 0.692871 0.630859 0.112305 0.0859375
0 0.170325 0.674316 0.15625 0.0517578 0.0683594
0 0.170776 0.384277 0.992676 0.0146484 0.0126953
0 0.174748 0.459961 0.152344 0.0800781 0.0859375
0 0.176748 0.74707 0.817383 0.0214844 0.0175781
0 0.178781 0.319336 0.126465 0.115234 0.0849609
0 0.192015 0.669434 0.257324 0.0458984 0.0830078
0 0.195786 0.0952148 0.533203 0.0458984 0.0449219
0 0.195862 0.147461 0.686035 0.0390625 0.0498047
0 0.197841 0.632324 0.266113 0.0419922 0.0771484
0 0.201075 0.853516 0.76416 0.0292969 0.0302734
0 0.201664 0.114258 0.219727 0.0488281 0.0546875
0 0.203286 0.210938 0.143066 0.0546875 0.0732422
0 0.205486 0.518066 0.83252 0.0263672 0.0419922
0 0.21398 0.123535 0.614258 0.0380859 0.0566406
0 0.223554 0.477539 0.822754 0.0136719 0.0224609
0 0.231493 0.686035 0.169434 0.0537109 0.0439453
0 0.2445 0.402344 0.800293 0.0292969 0.0380859
0 0.25958 0.787598 0.760254 0.0302734 0.0263672
0 0.275991 0.614746 0.793945 0.0185547 0.0175781
0 0.295854 0.664062 0.132324 0.0371094 0.0791016
0 0.372211 0.815918 0.799805 0.0244141 0.0390625
0 0.373744 0.512695 0.817383 0.0273438 0.0507812
0 0.391382 0.0605469 0.70166 0.0488281 0.0634766
0 0.406439 0.23291 0.271973 0.0849609 0.0595703
0 0.427804 0.141113 0.675781 0.0302734 0.0332031
