0 0.101095 0.563477 0.977539 0.015625 0.0195312
0 0.104758 0.381348 0.756348 0.0322266 0.0361328
0 0.10669 0.166504 0.801758 0.0185547 0.0292969
0 0.109051 0.0126953 0.52832 0.0253906 0.0585938
0 0.110798 0.193359 0.86084 0.0351562 0.0419922
0 0.115641 0.476562 0.977051 0.0527344 0.0400391
0 0.11694 0.713867 0.506836 0.0722656 0.0605469
0 0.117948 0.668457 0.510742 0.0498047 0.0488281
0 0.120249 0.230469 0.850098 0.0351562 0.0400391
0 0.122086 0.0410156 0.974121 0.0488281 0.0439453
0 0.127582 0.608398 0.76709 0.078125 0.0908203
0 0.16008 0.393066 0.754883 0.0615234 0.0585938
0 0.160645 0.503906 0.714844 0.0332031 0.0566406
0 0.162961 0.430664 0.493652 0.078125 0.0732422
0 0.16405 0.124023 0.797363 0.0253906 0.0283203
0 0.188285 0.129395 0.958496 0.0380859 0.0517578
0 0.198861 0.350586 0.804688 0.0332031 0.0253906
0 0.200093 0.0698242 0.810547 0.0419922 0.0273438
0 0.253018 0.0859375 0.657227 0.046875 0.0488281
0 0.264187 0.810547 0.526855 0.0429688 0.0595703
0 0.37082 0.0566406 0.808105 0.0625 0.0380859
0 0.376421 0.00830078 0.812012 0.0166016 0.0283203
0 0.394736 0.0942383 0.761719 0.0380859 0.0371094
