0 0.10027 0.168945 0.71875 0.0488281 0.0488281
0 0.101037 0.346191 0.848633 0.0224609 0.0195312
0 0.101259 0.833984 0.431641 0.0292969 0.0214844
0 0.101396 0.425781 0.369629 0.0117188 0.0302734
0 0.101589 0.171875 0.506348 0.03125 0.0419922
0 0.101855 0.530762 0.495117 0.0283203 0.0429688
0 0.102198 0.50293 0.214355 0.0175781 0.0380859
0 0.104201 0.402344 0.891602 0.0136719 0.0273438
0 0.104425 0.425293 0.731445 0.0302734 0.0273438
0 0.104451 0.0239258 0.217285 0.0419922 0.0732422
0 0.104673 0.228027 0.892578 0.0244141 0.0390625
0 0.10481 0.548828 0.4375 0.0136719 0.03125
0 0.105055 0.119141 0.111328 0.0371094 0.0527344
0 0.106611 0.428223 0.509766 0.0283203 0.0214844
0 0.1068 0.155762 0.482422 0.0283203 0.0214844
0 0.10698 0.337402 0.93457 0.0302734 0.0332031
0 0.108145 0.904297 0.0737305 0.0546875 0.0439453
0 0.108325 0.718262 0.209961 0.0615234 0.0625
0 0.108337 0.705566 0.161621 0.0283203 0.0283203
0 0.108376 0.169434 0.126465 0.0517578 0.0498047
0 0.108922 0.420898 0.885254 0.0390625 0.0400391
0 0.109668 0.215332 0.502441 0.0361328 0.0478516
0 0.110437 0.255859 0.598633 0.03125 0.0292969
0 0.111365 0.524902 0.324707 0.0185547 0.0244141
0 0.111451 0.800781 0.585449 0.0253906 0.0322266
0 0.112283 0.447754 0.941895 0.0166016 0.0322266
0 0.113565 0.699219 0.544922 0.0332031 0.0371094
0 0.113859 0.254395 0.297363 0.0185547 0.0205078
0 0.113945 0.165527 0.93457 0.0283203 0.0449219
0 0.114556 0.223145 0.50293 0.0205078 0.0371094
0 0.115348 0.183105 0.874512 0.0400391 0.0595703
0 0.115454 0.551758 0.837402 0.015625 0.0166016
0 0.117567 0.421875 0.015625 0.03125 0.0273438
0 0.117624 0.388184 0.710938 0.0341797 0.0625
0 0.117739 0.543945 0.683594 0.0273438 0.0410156
0 0.117991 0.162598 0.49707 0.0380859 0.0429688
0 0.118124 0.266602 0.527344 0.0175781 0.03125
0 0.118552 0.428223 0.884766 0.0224609 0.03125
0 0.11908 0.76709 0.212402 0.0751953 0.0654297
0 0.119158 0.619141 0.343262 0.03125 0.0322266
0 0.119677 0.120605 0.20752 0.0869141 0.0693359
0 0.119738 0.187988 0.729004 0.0576172 0.0673828
0 0.119865 0.272949 0.814453 0.0166016 0.0234375
0 0.119892 0.373535 0.818359 0.0224609 0.0292969
0 0.120291 0.458984 0.15332 0.0410156 0.0488281
0 0.120825 0.714844 0.287109 0.0214844 0.0253906
0 0.120836 0.291504 0.097168 0.0654297 0.0654297
0 0.121326 0.101562 0.116699 0.046875 0.0498047
0 0.121646 0.132324 0.602539 0.0458984 0.0507812
0 0.122004 0.528809 0.343262 0.0185547 0.0341797
0 0.12263 0.0839844 0.177734 0.0410156 0.0703125
0 0.123454 0.341797 0.725586 0.0234375 0.0234375
0 0.124708 0.230469 0.141602 0.0253906 0.0410156
0 0.125169 0.835449 0.217285 0.0537109 0.0400391
0 0.125635 0.588867 0.161621 0.046875 0.0380859
0 0.125687 0.364746 0.886719 0.0283203 0.046875
0 0.125738 0.140137 0.123047 0.0302734 0.0332031
0 0.127709 0.289551 0.905273 0.0458984 0.0605469
0 0.127775 0.370117 0.971191 0.0253906 0.0400391
0 0.130232 0.626465 0.59082 0.0400391 0.0429688
0 0.131017 0.855469 0.725586 0.0332031 0.0390625
0 0.13286 0.371582 0.873535 0.0166016 0.0244141
0 0.134261 0.282227 0.741211 0.03125 0.0488281
0 0.13465 0.206055 0.154785 0.0292969 0.0322266
0 0.135512 0.164062 0.759766 0.0566406 0.0507812
0 0.136174 0.640137 0.503418 0.0517578 0.0341797
0 0.137081 0.847168 0.230469 0.0478516 0.0507812
0 0.13926 0.362305 0.534668 0.0117188 0.0146484
0 0.140353 0.671875 0.618164 0.0253906 0.0410156
0 0.140427 0.229004 0.428711 0.0322266 0.0371094
0 0.14081 0.248535 0.756348 0.0107422 0.0185547
0 0.141845 0.555176 0.192383 0.0244141 0.0332031
0 0.143255 0.632324 0.34375 0.0400391 0.0292969
0 0.143577 0.242676 0.686035 0.0205078 0.0244141
0 0.143606 0.153809 0.839355 0.0263672 0.0263672
0 0.144708 0.0908203 0.0668945 0.0390625 0.0341797
0 0.145047 0.866699 0.607422 0.0927734 0.126953
0 0.145357 0.232422 0.335449 0.0273438 0.0322266
0 0.146189 0.749023 0.56543 0.03125 0.0507812
0 0.146434 0.736816 0.586426 0.0458984 0.0478516
0 0.146621 0.64502 0.46582 0.0302734 0.0273438
0 0.146628 0.527344 0.33252 0.0175781 0.0263672
0 0.146667 0.483398 0.278809 0.0253906 0.0283203
0 0.147204 0.493652 0.871582 0.0166016 0.0205078
0 0.147602 0.587891 0.193848 0.0175781 0.0263672
0 0.14786 0.13916 0.624023 0.0400391 0.0410156
0 0.147872 0.85498 0.248047 0.0498047 0.0625
0 0.148439 0.47998 0.0947266 0.0439453 0.0390625
0 0.149511 0.98291 0.223145 0.0302734 0.0419922
0 0.153 0.390625 0.381836 0.0332031 0.0273438
0 0.153084 0.258301 0.651855 0.0205078 0.0224609
0 0.15655 0.0175781 0.702637 0.0214844 0.0263672
0 0.156949 0.557617 0.187012 0.0175781 0.0185547
0 0.156986 0.41748 0.114746 0.0400391 0.0576172
0 0.159934 0.475586 0.583984 0.0292969 0.0449219
0 0.162863 0.564453 0.135254 0.0136719 0.0283203
0 0.163078 0.322266 0.344238 0.0371094 0.0537109
0 0.164073 0.406738 0.279785 0.0263672 0.0302734
0 0.167142 0.490234 0.359863 0.0117188 0.0166016
0 0.1674 0.253906 0.0400391 0.0566406 0.0566406
0 0.168558 0.125977 0.704102 0.0429688 0.0429688
0 0.168648 0.48584 0.115234 0.0478516 0.0664062
0 0.168844 0.30957 0.988281 0.0175781 0.0214844
0 0.169811 0.71582 0.361328 0.0234375 0.0234375
0 0.170351 0.172363 0.777344 0.0302734 0.0253906
0 0.171565 0.723633 0.0610352 0.0332031 0.0361328
0 0.17166 0.168457 0.660156 0.0263672 0.0253906
0 0.172338 0.206543 0.15918 0.0517578 0.0410156
0 0.180665 0.682617 0.487793 0.015625 0.0185547
0 0.180752 0.155762 0.73877 0.0634766 0.0595703
0 0.180894 0.135742 0.280273 0.03125 0.0566406
0 0.186396 0.42627 0.769531 0.0361328 0.0546875
0 0.186398 0.543945 0.81543 0.015625 0.0195312
0 0.186402 0.643555 0.34082 0.0214844 0.0234375
0 0.186468 0.12207 0.897949 0.0234375 0.0400391
0 0.187614 0.903809 0.0615234 0.0732422 0.0742188
0 0.190766 0.382324 0.160156 0.0400391 0.0488281
0 0.191001 0.520996 0.236328 0.0205078 0.0292969
0 0.191445 0.0820312 0.771973 0.0292969 0.0283203
0 0.192469 0.129883 0.119141 0.0449219 0.046875
0 0.193501 0.759766 0.452637 0.0214844 0.0302734
0 0.194603 0.577637 0.572754 0.0107422 0.0205078
0 0.195475 0.426758 0.578613 0.015625 0.0244141
0 0.200274 0.191895 0.166016 0.0517578 0.046875
0 0.200909 0.554199 0.442871 0.0263672 0.0400391
0 0.201638 0.544434 0.731934 0.0185547 0.0244141
0 0.201896 0.266602 0.847656 0.0195312 0.0195312
0 0.202614 0.615234 0.578125 0.0292969 0.0488281
0 0.204305 0.540039 0.168945 0.0136719 0.0253906
0 0.204372 0.757324 0.499512 0.0244141 0.0302734
0 0.209145 0.46582 0.0922852 0.046875 0.0478516
0 0.209676 0.081543 0.163086 0.0322266 0.0390625
0 0.211316 0.703613 0.3125 0.0283203 0.0605469
0 0.22264 0.581055 0.98584 0.0332031 0.0283203
0 0.223777 0.340332 0.18457 0.0478516 0.0449219
0 0.224072 0.319336 0.29248 0.0292969 0.0302734
0 0.224798 0.572266 0.608887 0.015625 0.0224609
0 0.226063 0.507812 0.330078 0.0214844 0.0351562
0 0.228394 0.317383 0.875977 0.0234375 0.0253906
0 0.228752 0.384277 0.0708008 0.0537109 0.0595703
0 0.229127 0.259766 0.878418 0.0234375 0.0341797
0 0.230729 0.541016 0.208008 0.0332031 0.0429688
0 0.232537 0.243652 0.333496 0.0439453 0.0400391
0 0.236312 0.358398 0.846191 0.0292969 0.0224609
0 0.237456 0.445801 0.249512 0.0205078 0.0302734
0 0.23847 0.461426 0.412598 0.0498047 0.0654297
0 0.239018 0.119629 0.700684 0.0263672 0.0302734
0 0.244952 0.206543 0.717285 0.0302734 0.0478516
0 0.245021 0.230469 0.213379 0.03125 0.0341797
0 0.24891 0.455078 0.291992 0.0351562 0.0234375
0 0.250897 0.638672 0.0595703 0.0292969 0.0390625
0 0.252978 0.856934 0.157715 0.0478516 0.0595703
0 0.253446 0.268555 0.109863 0.046875 0.0498047
0 0.257904 0.418457 0.786621 0.0244141 0.0361328
0 0.25855 0.862305 0.716797 0.0507812 0.0507812
0 0.259747 0.337891 0.0146484 0.0566406 0.0253906
0 0.260576 0.26123 0.533203 0.0263672 0.03125
0 0.263114 0.514648 0.17627 0.0078125 0.0205078
0 0.273359 0.230957 0.415527 0.0419922 0.0634766
0 0.273699 0.695801 0.441406 0.0224609 0.0214844
0 0.275805 0.26416 0.592773 0.0361328 0.0332031
0 0.280696 0.140137 0.195801 0.0517578 0.0537109
0 0.290135 0.13916 0.744141 0.0439453 0.0429688
0 0.292292 0.67334 0.135742 0.0244141 0.0351562
0 0.293964 0.743164 0.416504 0.0253906 0.0341797
0 0.296124 0.431641 0.742188 0.0371094 0.046875
0 0.296154 0.466797 0.799805 0.0175781 0.0429688
0 0.298835 0.397949 0.453613 0.0341797 0.0458984
0 0.302373 0.52002 0.768555 0.0302734 0.0371094
0 0.312721 0.566895 0.0463867 0.0498047 0.0400391
0 0.312933 0.480469 0.332031 0.0214844 0.0253906
0 0.314042 0.566895 0.0893555 0.0185547 0.0224609
0 0.317519 0.51416 0.320801 0.0263672 0.0458984
0 0.319373 0.77832 0.0576172 0.0410156 0.0410156
0 0.323192 0.0917969 0.221191 0.0429688 0.0634766
0 0.333566 0.258301 0.173828 0.0283203 0.0566406
0 0.346454 0.489258 0.138184 0.0507812 0.0517578
0 0.355392 0.185547 0.508789 0.0234375 0.0410156
0 0.358597 0.553711 0.375488 0.0410156 0.0458984
0 0.365377 0.566895 0.231934 0.0263672 0.0322266
0 0.370423 0.538574 0.115234 0.0322266 0.0332031
0 0.396491 0.476074 0.532227 0.0478516 0.0390625
0 0.403342 0.33252 0.818848 0.0224609 0.0341797
0 0.403681 0.219727 0.887695 0.0351562 0.0410156
0 0.405167 0.368652 0.427246 0.0244141 0.0322266
0 0.409189 0.538574 0.58252 0.0263672 0.0224609
0 0.410782 0.135254 0.532715 0.0380859 0.0458984
0 0.411554 0.769043 0.134766 0.0693359 0.046875
0 0.412448 0.184082 0.111816 0.0556641 0.0517578
0 0.436089 0.827637 0.495117 0.0498047 0.0429688
0 0.452065 0.936035 0.201172 0.0283203 0.0332031
0 0.45592 0.227539 0.493652 0.0234375 0.0478516
0 0.466009 0.902832 0.128906 0.0244141 0.0234375
0 0.56776 0.172852 0.866699 0.0371094 0.0458984
0 0.616205 0.661621 0.618164 0.0439453 0.0507812
0 0.618519 0.755371 0.805176 0.0537109 0.0439453
0 0.623543 0.139648 0.587891 0.0585938 0.0410156
