0 0.101184 0.424805 0.340332 0.0117188 0.0166016
0 0.101208 0.196777 0.446777 0.0283203 0.0205078
0 0.103622 0.515137 0.0131836 0.0283203 0.0244141
0 0.107277 0.548828 0.074707 0.0273438 0.0224609
0 0.115939 0.386719 0.382324 0.0136719 0.0185547
0 0.115976 0.305664 0.184082 0.0117188 0.0166016
0 0.116365 0.370605 0.546875 0.0341797 0.0371094
0 0.116842 0.510254 0.131836 0.0126953 0.0292969
0 0.122069 0.271484 0.193848 0.0117188 0.0263672
0 0.123879 0.390137 0.130371 0.0205078 0.0400391
0 0.128351 0.105957 0.404785 0.0400391 0.0400391
0 0.134141 0.38623 0.453125 0.0185547 0.0234375
0 0.148759 0.256348 0.222656 0.0146484 0.0234375
0 0.161678 0.121582 0.22998 0.0224609 0.0341797
0 0.164221 0.266602 0.359375 0.015625 0.0175781
0 0.168773 0.459473 0.245117 0.0205078 0.0273438
0 0.170448 0.42627 0.398438 0.0185547 0.0234375
0 0.171819 0.141602 0.145996 0.03125 0.0439453
0 0.177685 0.465332 0.128418 0.0166016 0.0341797
0 0.180839 0.429688 0.547852 0.0292969 0.0371094
0 0.182472 0.547852 0.182617 0.0234375 0.0429688
0 0.280778 0.24707 0.20166 0.0273438 0.0283203
0 0.295362 0.500977 0.0541992 0.0195312 0.0283203
