0 0.10075 0.914062 0.199219 0.0195312 0.0214844
0 0.10469 0.728516 0.105957 0.0078125 0.0244141
0 0.105693 0.143066 0.327148 0.0185547 0.0195312
0 0.106468 0.116699 0.213867 0.0283203 0.0332031
0 0.109051 0.397461 0.158691 0.0175781 0.0341797
0 0.109735 0.820312 0.210449 0.0292969 0.0361328
0 0.111918 0.421387 0.217285 0.0107422 0.0205078
0 0.113355 0.230957 0.501953 0.0380859 0.0292969
0 0.1186 0.645996 0.124023 0.0205078 0.03125
0 0.118924 0.429688 0.274414 0.015625 0.0175781
0 0.121415 0.878906 0.147461 0.0351562 0.0449219
0 0.12323 0.443848 0.274902 0.0380859 0.0302734
0 0.127941 0.505371 0.147949 0.0224609 0.0341797
0 0.133433 0.524902 0.0913086 0.0146484 0.0224609
0 0.137247 0.779297 0.213379 0.0429688 0.0537109
0 0.141509 0.26709 0.0922852 0.0263672 0.0419922
0 0.143796 0.365234 0.0107422 0.0332031 0.0195312
0 0.143908 0.760742 0.0625 0.0410156 0.0429688
0 0.144178 0.391113 0.0214844 0.0810547 0.0410156
0 0.147168 0.864258 0.0458984 0.0429688 0.0625
0 0.152124 0.322266 0.027832 0.0214844 0.0419922
0 0.154602 0.222168 0.0683594 0.0498047 0.0742188
0 0.165186 0.190918 0.276367 0.0263672 0.0273438
0 0.16715 0.243652 0.495605 0.0185547 0.0205078
0 0.170339 0.338867 0.451172 0.0429688 0.0410156
0 0.170494 0.459961 0.305664 0.0234375 0.0234375
0 0.174999 0.88916 0.0424805 0.100586 0.0771484
0 0.20664 0.369629 0.509766 0.0185547 0.0292969
0 0.234758 0.481445 0.0888672 0.0175781 0.0234375
0 0.237516 0.420898 0.307617 0.0136719 0.0195312
0 0.255133 0.288574 0.498047 0.0478516 0.0410156
0 0.317953 0.402344 0.270996 0.0175781 0.0244141
0 0.329568 0.411133 0.394043 0.0195312 0.0322266
0 0.40453 0.557129 0.0161133 0.0458984 0.0322266
0 0.514665 0.464844 0.135742 0.0214844 0.046875
