0 0.108653 0.584473 0.529785 0.0224609 0.0322266
0 0.114244 0.500488 0.269043 0.0224609 0.0380859
0 0.129342 0.0898438 0.620605 0.0410156 0.0478516
0 0.129642 0.63916 0.169434 0.0263672 0.0341797
0 0.139816 0.333496 0.317871 0.0107422 0.0185547
0 0.148423 0.893066 0.28125 0.0458984 0.0332031
0 0.153594 0.538086 0.303223 0.0722656 0.0791016
0 0.153813 0.446777 0.183594 0.12207 0.107422
0 0.193262 0.49707 0.407715 0.0175781 0.0361328
0 0.213337 0.212402 0.707031 0.0673828 0.078125
0 0.406899 0.352539 0.793457 0.0410156 0.0810547
