0 0.105287 0.262207 0.381836 0.0146484 0.0214844
0 0.106396 0.117676 0.317383 0.0341797 0.03125
0 0.110873 0.575684 0.081543 0.0224609 0.0283203
0 0.112978 0.208496 0.40625 0.0146484 0.03125
0 0.113119 0.175293 0.385254 0.0146484 0.0263672
0 0.117704 0.0537109 0.306152 0.0332031 0.0693359
0 0.128944 0.447754 0.0112305 0.0146484 0.0224609
0 0.130969 0.312988 0.670898 0.0302734 0.0371094
0 0.145478 0.427734 0.352539 0.0214844 0.0214844
0 0.146392 0.351562 0.554199 0.015625 0.0166016
0 0.152877 0.233398 0.477051 0.0332031 0.0341797
0 0.166172 0.339355 0.499512 0.0185547 0.0205078
0 0.166295 0.177734 0.097168 0.0175781 0.0205078
0 0.175443 0.459473 0.0678711 0.0263672 0.0361328
0 0.180785 0.558594 0.0161133 0.0195312 0.0283203
0 0.183321 0.412109 0.0820312 0.0136719 0.0214844
0 0.184581 0.429199 0.14209 0.0244141 0.0263672
0 0.186999 0.397461 0.12207 0.0195312 0.0351562
0 0.188469 0.178711 0.393555 0.015625 0.03125
0 0.19178 0.395508 0.51709 0.0214844 0.0341797
0 0.197 0.182617 0.398926 0.0117188 0.0283203
0 0.20721 0.469727 0.298828 0.0390625 0.0605469
0 0.235044 0.609375 0.050293 0.0527344 0.0966797
0 0.265577 0.166992 0.30957 0.0390625 0.0390625
0 0.280419 0.20459 0.395996 0.0166016 0.0244141
0 0.292095 0.404297 0.417969 0.0273438 0.0195312
0 0.325004 0.319824 0.259277 0.0244141 0.0244141
