0 0.0475 0.255 0.055 0.09
0 0.048125 0.145 0.04125 0.065
0 0.13375 0.08125 0.0325 0.0525
0 0.214375 0.370625 0.04875 0.06625
0 0.389375 0.40875 0.03375 0.0875
0 0.38 0.725 0.0675 0.09
0 0.49625 0.88 0.03 0.045
0 0.601875 0.94875 0.04625 0.06
0 0.4375 0.985 0.0225 0.03
0 0.288125 0.745 0.02875 0.0375
0 0.580625 0.428125 0.03625 0.05375
0 0.549375 0.289375 0.04125 0.04125
0 0.61 0.32625 0.0475 0.0675
0 0.669375 0.1625 0.02125 0.03
0 0.693125 0.22 0.01375 0.0475
0 0.85 0.32625 0.0425 0.0525
0 0.911875 0.29125 0.03375 0.1025
0 0.69875 0.50125 0.03 0.04
0 0.61375 0.566875 0.02 0.02375
