15 0.266375 0.461667 0.024250 0.026667
15 0.304875 0.412833 0.076750 0.056333
15 0.307000 0.471500 0.020000 0.030333
15 0.377375 0.487000 0.033750 0.058667
15 0.422000 0.326167 0.035000 0.032333
15 0.602250 0.440833 0.053000 0.077000
15 0.643875 0.517500 0.050250 0.037000
15 0.790250 0.544667 0.036000 0.026667
15 0.818250 0.627000 0.022500 0.032000
15 0.852125 0.560333 0.008250 0.015333
15 0.744375 0.236000 0.022750 0.013333
15 0.749000 0.208000 0.026500 0.022000
15 0.835875 0.133500 0.038250 0.032333
