15 0.502125 0.971833 0.053250 0.052333
15 0.503375 0.917833 0.042250 0.051667
15 0.530375 0.910500 0.013250 0.014333
15 0.550625 0.943333 0.032750 0.032667
15 0.552000 0.913167 0.024000 0.029667
15 0.567500 0.886833 0.015500 0.018333
15 0.583125 0.878833 0.013250 0.019000
15 0.607500 0.909833 0.021500 0.044333
15 0.594500 0.893167 0.007000 0.011667
15 0.598125 0.879667 0.014750 0.015333
15 0.605125 0.837500 0.016750 0.027000
15 0.620375 0.806667 0.012750 0.021333
15 0.674000 0.863000 0.014500 0.012667
15 0.671375 0.830833 0.013750 0.008333
15 0.719750 0.869333 0.007500 0.006000
15 0.707000 0.902667 0.004500 0.009333
15 0.768750 0.915500 0.022000 0.030333
15 0.855125 0.915833 0.007250 0.008333
15 0.887375 0.828500 0.021250 0.028333
15 0.926250 0.734833 0.037000 0.027667
15 0.890500 0.710667 0.005500 0.008000
15 0.900375 0.592000 0.026750 0.024667
15 0.874000 0.561167 0.016500 0.015000
15 0.855750 0.558667 0.021500 0.015333
15 0.854125 0.572167 0.009250 0.012333
15 0.863625 0.511833 0.016250 0.007000
15 0.795750 0.419333 0.022000 0.010667
15 0.892875 0.334500 0.004250 0.012333
15 0.777375 0.371667 0.011750 0.018000
15 0.774750 0.407333 0.009500 0.010667
15 0.714375 0.386000 0.006250 0.012667
15 0.719750 0.377500 0.007000 0.010333
15 0.742250 0.365500 0.038500 0.022333
15 0.749875 0.346333 0.038250 0.016000
15 0.745250 0.323833 0.037500 0.035667
15 0.690250 0.257667 0.016500 0.022667
15 0.711125 0.260667 0.013250 0.021333
15 0.735500 0.283667 0.038000 0.038000
15 0.768250 0.285667 0.029500 0.018667
15 0.734000 0.247667 0.032500 0.034667
15 0.764000 0.253000 0.028000 0.044000
15 0.756125 0.222000 0.039250 0.020000
15 0.744125 0.196500 0.013750 0.019000
15 0.781625 0.202833 0.061250 0.030333
15 0.750250 0.173167 0.013000 0.017667
15 0.781625 0.174833 0.047250 0.025667
15 0.781250 0.154333 0.008500 0.028667
15 0.791750 0.155833 0.013500 0.020333
15 0.846625 0.157833 0.011250 0.017000
15 0.658875 0.379667 0.011750 0.010667
15 0.652750 0.328333 0.025000 0.030667
15 0.658375 0.272167 0.019750 0.022333
15 0.658375 0.294500 0.022250 0.024333
15 0.679500 0.285833 0.021500 0.039000
15 0.506875 0.349000 0.026750 0.021333
15 0.497000 0.325667 0.022500 0.028667
15 0.409125 0.381833 0.034250 0.026333
15 0.422125 0.400667 0.021750 0.015333
15 0.434875 0.413333 0.009250 0.027333
15 0.446375 0.404500 0.016750 0.019667
15 0.447625 0.384833 0.024250 0.027667
15 0.437750 0.365500 0.023000 0.020333
15 0.443000 0.348167 0.017500 0.023667
15 0.457375 0.344167 0.013250 0.018333
15 0.475250 0.333167 0.022000 0.019000
15 0.466500 0.366833 0.026000 0.025000
15 0.478625 0.348667 0.034750 0.014000
15 0.490875 0.365167 0.025750 0.023667
15 0.379375 0.233667 0.026250 0.044667
15 0.364000 0.242000 0.008500 0.018667
15 0.350375 0.243833 0.010750 0.021000
15 0.345500 0.295667 0.021500 0.017333
15 0.352250 0.280000 0.011000 0.018000
15 0.363750 0.275500 0.024000 0.044333
15 0.308250 0.215167 0.016500 0.028333
15 0.346125 0.115167 0.009750 0.030333
15 0.301875 0.098500 0.012250 0.024333
15 0.325000 0.095167 0.043000 0.067667
15 0.340250 0.064667 0.014000 0.030000
15 0.462875 0.055333 0.012750 0.046000
15 0.443125 0.083000 0.017250 0.044667
15 0.438250 0.111500 0.019000 0.026333
15 0.429625 0.132167 0.013250 0.029667
15 0.428000 0.156167 0.020000 0.026333
15 0.448250 0.130000 0.013000 0.023333
15 0.170625 0.340667 0.024250 0.025333
15 0.130625 0.317167 0.032250 0.053667
15 0.131875 0.235833 0.021250 0.036333
15 0.181000 0.476667 0.022000 0.026000
15 0.202375 0.483667 0.022250 0.028000
15 0.201625 0.526500 0.009250 0.013000
15 0.210125 0.548000 0.021750 0.037333
15 0.225500 0.513000 0.023500 0.028667
15 0.228125 0.479667 0.033250 0.043333
15 0.236250 0.444000 0.024500 0.027333
15 0.264250 0.439500 0.026500 0.043000
15 0.267250 0.409833 0.017500 0.023667
15 0.286500 0.433667 0.021500 0.061333
15 0.287000 0.399833 0.004500 0.012333
15 0.302750 0.402167 0.024000 0.029667
15 0.537125 0.529500 0.009750 0.026333
15 0.530500 0.558167 0.015500 0.029000
15 0.406875 0.624500 0.030750 0.052333
15 0.376250 0.675833 0.008000 0.019000
15 0.424375 0.675000 0.017250 0.030000
15 0.344875 0.700500 0.004250 0.007667
15 0.352625 0.738500 0.018750 0.020333
15 0.375250 0.773667 0.008000 0.011333
15 0.444500 0.757333 0.016500 0.030000
15 0.425500 0.722667 0.027000 0.042667
15 0.492750 0.724667 0.012500 0.018000
15 0.445250 0.708833 0.031000 0.038333
15 0.448625 0.681500 0.021250 0.023667
15 0.689250 0.945333 0.012000 0.018000
15 0.695500 0.959500 0.012000 0.023000
15 0.755750 0.970000 0.006500 0.013333
15 0.757625 0.774000 0.013750 0.044667
15 0.764000 0.756667 0.012500 0.005333
15 0.665625 0.768667 0.016750 0.024000
15 0.680375 0.758833 0.019750 0.019667
15 0.681625 0.781833 0.025250 0.031000
15 0.699875 0.773833 0.013750 0.027000
15 0.691375 0.746000 0.019750 0.032000
15 0.688375 0.713500 0.011750 0.019667
15 0.705000 0.738833 0.030000 0.039000
15 0.720750 0.755000 0.019500 0.017333
15 0.720875 0.725833 0.029250 0.036333
15 0.740000 0.751667 0.017500 0.033333
15 0.739625 0.722500 0.029750 0.039667
15 0.757750 0.741167 0.015000 0.020333
15 0.752875 0.702833 0.049250 0.049000
15 0.780500 0.691667 0.020000 0.030667
15 0.782500 0.668833 0.018000 0.025667
15 0.752250 0.648333 0.013500 0.013333
15 0.771250 0.633500 0.024500 0.013667
15 0.820000 0.617833 0.035500 0.023667
15 0.682250 0.598167 0.018000 0.015667
15 0.695500 0.591500 0.019500 0.019000
15 0.724250 0.594667 0.015000 0.023333
15 0.709500 0.569167 0.025000 0.028333
15 0.716625 0.545833 0.032750 0.023667
15 0.695875 0.533167 0.019750 0.033000
15 0.720250 0.518667 0.025500 0.031333
15 0.645625 0.616667 0.012250 0.026000
15 0.632000 0.642167 0.005000 0.009000
15 0.637750 0.653500 0.003500 0.006333
15 0.644625 0.673500 0.023250 0.020333
15 0.616625 0.531333 0.018250 0.020667
15 0.603000 0.549667 0.013500 0.019333
15 0.600375 0.570167 0.024250 0.027000
15 0.604625 0.597000 0.029250 0.039333
15 0.625625 0.594000 0.023250 0.036667
15 0.627500 0.568333 0.032000 0.032667
15 0.639500 0.548333 0.031000 0.021333
15 0.108500 0.119833 0.052500 0.070333
