15 0.208625 0.951500 0.054250 0.065000
15 0.408000 0.880833 0.035000 0.047667
15 0.458625 0.826167 0.017250 0.019000
15 0.462250 0.788167 0.015000 0.030333
15 0.548500 0.770167 0.041000 0.056333
15 0.431750 0.705667 0.028000 0.046000
15 0.445375 0.679667 0.017750 0.014000
15 0.465750 0.696000 0.015000 0.010667
15 0.474250 0.667500 0.009000 0.011000
15 0.398375 0.644833 0.023250 0.027000
15 0.420500 0.635667 0.020000 0.028000
15 0.437250 0.635167 0.009000 0.011000
15 0.473875 0.614333 0.006250 0.022000
15 0.404000 0.570667 0.022000 0.025333
15 0.423250 0.601833 0.030000 0.039667
15 0.437500 0.571167 0.044500 0.037000
15 0.478250 0.583833 0.036500 0.032333
15 0.479250 0.550500 0.024000 0.035000
15 0.499000 0.558667 0.014500 0.016667
15 0.511125 0.554500 0.016750 0.030333
15 0.526375 0.536333 0.012250 0.016667
15 0.514625 0.501833 0.041750 0.024333
15 0.458000 0.478667 0.011000 0.014667
15 0.461500 0.464000 0.009500 0.011333
15 0.481875 0.474667 0.008750 0.020000
15 0.478500 0.456167 0.008500 0.013667
15 0.495625 0.480500 0.004250 0.009667
15 0.535000 0.478833 0.013000 0.035667
15 0.548000 0.496000 0.014000 0.020000
15 0.560875 0.467667 0.013750 0.022667
15 0.568500 0.510667 0.030500 0.023333
15 0.568375 0.481333 0.020750 0.034667
15 0.590500 0.496667 0.022500 0.032667
15 0.602875 0.463333 0.024250 0.029333
15 0.609250 0.488500 0.014500 0.023667
15 0.622375 0.470333 0.015250 0.033333
15 0.642125 0.443333 0.013250 0.021333
15 0.663875 0.455667 0.024250 0.022667
15 0.656750 0.427667 0.019500 0.035333
15 0.420625 0.534500 0.021750 0.030333
15 0.437875 0.530500 0.025250 0.032333
15 0.424500 0.506833 0.024500 0.019667
15 0.399250 0.514333 0.028000 0.023333
15 0.390625 0.483667 0.032250 0.034000
15 0.410375 0.491333 0.014250 0.019333
15 0.420250 0.463500 0.037500 0.027667
15 0.442750 0.463833 0.010500 0.025000
15 0.414625 0.442333 0.027750 0.032000
15 0.426500 0.427333 0.025500 0.022000
15 0.470375 0.404167 0.017250 0.037667
15 0.483000 0.431333 0.008000 0.025333
15 0.494875 0.441167 0.006750 0.013000
15 0.507000 0.444000 0.014500 0.013333
15 0.514250 0.448500 0.010000 0.009000
15 0.505750 0.409167 0.023000 0.043667
15 0.521000 0.431833 0.012000 0.017000
15 0.533500 0.431667 0.004500 0.007333
15 0.559625 0.378167 0.034750 0.046333
15 0.317500 0.396667 0.011000 0.016667
15 0.321375 0.382500 0.016750 0.019667
15 0.300250 0.515667 0.014500 0.012667
15 0.591125 0.359500 0.016250 0.017667
15 0.587000 0.385167 0.014500 0.029000
15 0.610625 0.396667 0.029750 0.018667
15 0.608625 0.346833 0.013750 0.025667
15 0.623125 0.376833 0.013250 0.019000
15 0.637500 0.364000 0.017000 0.034667
15 0.629500 0.319667 0.020000 0.040667
15 0.644375 0.312667 0.013250 0.050667
15 0.653000 0.323667 0.015500 0.012000
15 0.668500 0.330833 0.022500 0.032333
15 0.687500 0.345833 0.035500 0.023667
15 0.686250 0.259000 0.012500 0.015333
15 0.681250 0.249500 0.010500 0.029667
15 0.671750 0.242500 0.013000 0.034333
15 0.620125 0.178333 0.023250 0.025333
15 0.609000 0.155333 0.005500 0.019333
15 0.615250 0.153167 0.008500 0.024333
15 0.624875 0.157000 0.010750 0.024667
15 0.567625 0.191167 0.028250 0.032333
15 0.543750 0.212000 0.033500 0.025333
15 0.502000 0.207000 0.018500 0.042000
15 0.490750 0.274333 0.007000 0.011333
15 0.460000 0.285667 0.016500 0.044000
15 0.439875 0.291333 0.022250 0.042000
15 0.373500 0.154667 0.022000 0.037333
15 0.261875 0.494333 0.012250 0.014000
15 0.044250 0.531500 0.038500 0.015667
15 0.053875 0.549500 0.008250 0.016333
15 0.059375 0.564500 0.026250 0.015000
15 0.040750 0.570333 0.021500 0.015333
15 0.034875 0.589500 0.011250 0.013000
15 0.051875 0.606000 0.018250 0.012667
15 0.067625 0.587667 0.021250 0.016000
15 0.071875 0.618000 0.021250 0.024000
15 0.081625 0.654667 0.049750 0.066000
15 0.029875 0.676500 0.059250 0.081667
15 0.066875 0.695667 0.019750 0.016000
15 0.022250 0.636833 0.033500 0.017667
