15 0.387125 0.947833 0.030750 0.039000
15 0.436875 0.976167 0.025250 0.023000
15 0.439750 0.949167 0.015000 0.031667
15 0.512125 0.713833 0.047750 0.080333
15 0.156250 0.598167 0.075500 0.110333
15 0.561750 0.565667 0.038000 0.072667
15 0.599750 0.568333 0.042000 0.080000
15 0.613000 0.523500 0.041500 0.057000
15 0.641500 0.497833 0.039000 0.105667
15 0.665125 0.435833 0.019750 0.027000
15 0.708125 0.415167 0.053750 0.072333
15 0.694625 0.467000 0.020250 0.018667
15 0.704000 0.510000 0.087000 0.067333
15 0.670750 0.558000 0.024000 0.070000
15 0.743750 0.582333 0.053000 0.027333
15 0.593875 0.673000 0.031250 0.086000
15 0.642625 0.694333 0.056250 0.118000
15 0.652500 0.620500 0.049000 0.065667
15 0.691750 0.670167 0.048000 0.086333
15 0.684750 0.608667 0.012000 0.035333
