0 0.0301713 0.843149 0.313301 0.0213942 0.0689103
0 0.0349181 0.39387 0.267147 0.0579327 0.0855769
0 0.0356707 0.446154 0.446314 0.0269231 0.0503205
0 0.036682 0.281611 0.985737 0.0776442 0.0246795
0 0.0367377 0.0331731 0.338942 0.0663462 0.169551
0 0.0380332 0.150721 0.848237 0.0322115 0.0336538
0 0.0383715 0.913822 0.500801 0.0492788 0.0541667
0 0.0390119 0.954928 0.492147 0.0266827 0.036859
0 0.0390125 0.90012 0.501122 0.0271635 0.0342949
0 0.0403682 0.70601 0.0407051 0.0663462 0.075641
0 0.0426015 0.988702 0.598878 0.0211538 0.0733974
0 0.0433491 0.434736 0.488782 0.0209135 0.0397436
0 0.0433651 0.412981 0.508974 0.01875 0.0410256
0 0.0452573 0.698438 0.442949 0.0310096 0.0423077
0 0.045693 0.0145433 0.73125 0.028125 0.0663462
0 0.0485753 0.610337 0.288301 0.0240385 0.0669872
0 0.0501676 0.127885 0.927885 0.0461538 0.0788462
0 0.0598003 0.836779 0.0248397 0.0567308 0.0490385
0 0.0658895 0.710577 0.0581731 0.0975962 0.115064
0 0.0789231 0.0338942 0.977724 0.0677885 0.0445513
0 0.0811502 0.258413 0.989263 0.0379808 0.0201923
0 0.100524 0.829567 0.192628 0.0399038 0.0782051
0 0.101841 0.985697 0.930769 0.0286058 0.0942308
0 0.128133 0.777764 0.471635 0.0228365 0.038141
0 0.1784 0.23113 0.945833 0.0439904 0.105128
0 0.197963 0.846755 0.345994 0.0180288 0.036859
0 0.199975 0.897596 0.514904 0.0346154 0.0605769
0 0.224858 0.895553 0.555128 0.0348558 0.117308
0 0.225458 0.980288 0.959776 0.0394231 0.0637821
0 0.259349 0.893149 0.583173 0.0300481 0.0605769
0 0.371962 0.690505 0.45016 0.0146635 0.0432692
0 0.434766 0.840264 0.274679 0.0387019 0.05
0 0.45185 0.942187 0.472917 0.0449519 0.0426282
0 0.510016 0.935817 0.855769 0.0427885 0.0807692
0 0.646805 0.441346 0.461859 0.0322115 0.0826923
