0 0.0302729 0.96875 0.726763 0.0548077 0.0913462
0 0.0306504 0.559014 0.0467949 0.0545673 0.0852564
0 0.0316336 0.424159 0.430449 0.0372596 0.0480769
0 0.0316615 0.714663 0.440064 0.0543269 0.0967949
0 0.0335823 0.687861 0.487821 0.0723558 0.186538
0 0.0339793 0.838462 0.293429 0.0860577 0.0875
0 0.0342239 0.985697 0.359455 0.0257212 0.0548077
0 0.0345932 0.556971 0.113782 0.0341346 0.0762821
0 0.0353654 0.530769 0.119071 0.0408654 0.0875
0 0.0363013 0.124279 0.0453526 0.0451923 0.0778846
0 0.0367933 0.503125 0.130288 0.0235577 0.0554487
0 0.0385443 0.836058 0.013141 0.0403846 0.0262821
0 0.0390827 0.314303 0.18766 0.0358173 0.0400641
0 0.0393475 0.803125 0.469231 0.0908654 0.142308
0 0.0400439 0.519111 0.59343 0.0314904 0.0804487
0 0.0425821 0.426803 0.359135 0.0170673 0.0464744
0 0.0428802 0.523798 0.104968 0.0245192 0.0503205
0 0.0433995 0.145072 0.099359 0.0276442 0.0448718
0 0.0435404 0.45613 0.201603 0.0521635 0.075
0 0.0445569 0.488221 0.255449 0.0365385 0.0666667
0 0.0447495 0.838462 0.194872 0.0524038 0.0794872
0 0.0449502 0.467308 0.190385 0.0730769 0.135897
0 0.0463625 0.0180288 0.23141 0.0360577 0.102564
0 0.0469174 0.46274 0.352083 0.0168269 0.0605769
0 0.0480499 0.730889 0.34375 0.0439904 0.0894231
0 0.0502659 0.60637 0.664103 0.0459135 0.0884615
0 0.0509249 0.6125 0.0387821 0.0600962 0.0698718
0 0.0571403 0.931731 0.672276 0.0572115 0.113141
0 0.0591422 0.940986 0.0176282 0.0637019 0.0352564
0 0.0604705 0.268149 0.0435897 0.0790865 0.0839744
0 0.0670775 0.482692 0.603846 0.144712 0.298718
0 0.0740012 0.738221 0.416186 0.137019 0.197115
0 0.0752818 0.678846 0.221314 0.0427885 0.101603
0 0.0768189 0.520192 0.604167 0.0447115 0.133333
0 0.0786985 0.0617788 0.275321 0.025 0.0487179
0 0.0801064 0.517548 0.104647 0.0293269 0.0746795
0 0.0814333 0.17512 0.155929 0.0348558 0.0599359
0 0.0833616 0.496995 0.141987 0.028125 0.0544872
0 0.0862492 0.389303 0.0863782 0.0694712 0.1125
0 0.0869866 0.932332 0.767468 0.059375 0.0855769
0 0.0878759 0.710938 0.442147 0.0896635 0.136218
0 0.0885219 0.850841 0.0198718 0.0550481 0.0397436
0 0.0936449 0.833173 0.26891 0.0557692 0.0839744
0 0.0960148 0.489062 0.152564 0.0411058 0.0782051
0 0.101011 0.622115 0.648237 0.0423077 0.0990385
0 0.102255 0.989543 0.569551 0.0209135 0.0923077
0 0.105654 0.135337 0.0865385 0.0504808 0.0717949
0 0.106155 0.453846 0.14984 0.0125 0.0496795
0 0.107701 0.44375 0.228045 0.0274038 0.0798077
0 0.108526 0.432813 0.429808 0.0372596 0.0717949
0 0.111593 0.728846 0.0456731 0.0442308 0.0714744
0 0.113073 0.579808 0.586538 0.0673077 0.165385
0 0.115503 0.397957 0.452404 0.0747596 0.0817308
0 0.11867 0.511659 0.153045 0.0401442 0.0772436
0 0.120537 0.450841 0.570994 0.132933 0.172756
0 0.120757 0.990865 0.244231 0.0182692 0.0589744
0 0.121142 0.184135 0.13766 0.04375 0.0855769
0 0.135428 0.404207 0.249199 0.0180288 0.0419872
0 0.139525 0.523077 0.551442 0.05625 0.200321
0 0.151537 0.418149 0.701442 0.071875 0.0990385
0 0.176179 0.192909 0.364103 0.0324519 0.098718
0 0.179522 0.448077 0.24375 0.0144231 0.0490385
0 0.180447 0.469952 0.584295 0.0432692 0.0846154
0 0.188917 0.381731 0.0809295 0.04375 0.0701923
0 0.192526 0.452043 0.716827 0.0685096 0.088141
0 0.200453 0.877885 0.349519 0.05 0.0432692
0 0.21836 0.708654 0.499679 0.136538 0.341667
0 0.225002 0.491346 0.29359 0.0538462 0.148077
0 0.242142 0.19351 0.119712 0.0298077 0.0939103
0 0.243882 0.381731 0.467468 0.0451923 0.0644231
0 0.274055 0.686178 0.563942 0.0819712 0.233654
0 0.276976 0.908413 0.248558 0.0586538 0.0900641
0 0.328177 0.576803 0.0546474 0.114183 0.109295
0 0.330305 0.387139 0.356731 0.0137019 0.0403846
0 0.330463 0.0719952 0.292788 0.0372596 0.0471154
0 0.340075 0.156731 0.290545 0.0413462 0.0483974
0 0.340264 0.541827 0.564904 0.115385 0.229808
0 0.362304 0.780769 0.437179 0.1125 0.188462
0 0.37921 0.138822 0.0541667 0.0680288 0.105128
0 0.391281 0.680409 0.535417 0.0622596 0.127244
0 0.39307 0.104327 0.404647 0.0432692 0.0958333
0 0.404036 0.122476 0.336538 0.0314904 0.0615385
0 0.437397 0.465625 0.178526 0.0519231 0.0858974
0 0.480071 0.425962 0.550801 0.0519231 0.0900641
0 0.483391 0.929928 0.63109 0.0617788 0.104487
0 0.49918 0.837139 0.249038 0.0747596 0.149359
0 0.502298 0.902524 0.411378 0.0646635 0.119551
0 0.519427 0.944471 0.735256 0.0894231 0.14359
0 0.536479 0.799279 0.79359 0.0769231 0.0935897
0 0.557738 0.664784 0.289904 0.0521635 0.128526
0 0.588621 0.69387 0.642788 0.0805288 0.174679
0 0.589966 0.594111 0.202244 0.0685096 0.108333
0 0.61222 0.540144 0.164263 0.0432692 0.0900641
0 0.613875 0.250962 0.471955 0.0605769 0.115705
0 0.639607 0.401923 0.6875 0.0451923 0.0807692
0 0.682493 0.903125 0.528045 0.0793269 0.104808
0 0.688616 0.126442 0.538942 0.0451923 0.0791667
0 0.69032 0.157091 0.39391 0.0536058 0.0935897
0 0.708966 0.773918 0.0822115 0.0560096 0.0932692
0 0.713453 0.341466 0.720833 0.0627404 0.099359
0 0.801318 0.0366587 0.533333 0.0733173 0.141026
