0 0.0306853 0.747476 0.554647 0.0521635 0.0701923
0 0.0307812 0.16238 0.0541667 0.0382212 0.0621795
0 0.0307957 0.541106 0.119872 0.0201923 0.0538462
0 0.0308633 0.619231 0.482853 0.0322115 0.0387821
0 0.0309577 0.130288 0.435897 0.0456731 0.0378205
0 0.0321395 0.458534 0.923237 0.0858173 0.0451923
0 0.0325787 0.405889 0.126603 0.0305288 0.0628205
0 0.033056 0.860216 0.177564 0.0473558 0.0608974
0 0.0333394 0.257212 0.413782 0.0235577 0.0403846
0 0.0334794 0.854207 0.765385 0.0478365 0.0532051
0 0.0336939 0.450721 0.455288 0.0451923 0.0746795
0 0.0342789 0.0122596 0.950962 0.0245192 0.0929487
0 0.0345526 0.468269 0.21875 0.0278846 0.0445513
0 0.0346655 0.208173 0.152244 0.0331731 0.0512821
0 0.0351767 0.39387 0.0990385 0.0492788 0.074359
0 0.036361 0.705288 0.0219551 0.0456731 0.0439103
0 0.0373822 0.373077 0.390865 0.0576923 0.0592949
0 0.0374069 0.589183 0.140545 0.0413462 0.0637821
0 0.0376378 0.709375 0.368109 0.0375 0.0432692
0 0.038177 0.821755 0.591346 0.0324519 0.0570513
0 0.038601 0.954567 0.0959936 0.0846154 0.130449
0 0.0388307 0.89363 0.226122 0.0401442 0.0451923
0 0.0413879 0.239904 0.0216346 0.0581731 0.038141
0 0.0414997 0.51863 0.123878 0.0492788 0.0592949
0 0.0416394 0.240745 0.296154 0.040625 0.0903846
0 0.0416822 0.441947 0.107692 0.0401442 0.049359
0 0.042256 0.653606 0.111378 0.0427885 0.0798077
0 0.042885 0.250962 0.0738782 0.0283654 0.0592949
0 0.0433074 0.31863 0.411859 0.040625 0.0557692
0 0.0436715 0.743149 0.583814 0.0564904 0.0919872
0 0.0439711 0.93137 0.137019 0.0579327 0.0669872
0 0.044159 0.384736 0.401442 0.0367788 0.038141
0 0.0441739 0.79351 0.313141 0.0447115 0.0698718
0 0.0444358 0.941707 0.0445513 0.0536058 0.0564103
0 0.0447727 0.780168 0.303045 0.021875 0.0612179
0 0.0451246 0.970553 0.247917 0.053125 0.0996795
0 0.0452382 0.663582 0.544872 0.0305288 0.0346154
0 0.0457017 0.618269 0.460096 0.0572115 0.063141
0 0.0457098 0.248197 0.0448718 0.0415865 0.0858974
0 0.0462356 0.807813 0.578045 0.0473558 0.0714744
0 0.046279 0.26238 0.16266 0.0334135 0.0407051
0 0.0466672 0.660457 0.492147 0.0459135 0.0580128
0 0.0471528 0.757091 0.551603 0.0372596 0.0461538
0 0.0485902 0.569832 0.366026 0.0338942 0.0628205
0 0.049285 0.884014 0.211859 0.0439904 0.0698718
0 0.0515796 0.835817 0.600321 0.0538462 0.0903846
0 0.0517969 0.861058 0.689744 0.0365385 0.0621795
0 0.0531713 0.423918 0.469712 0.0247596 0.0451923
0 0.0542321 0.517548 0.540865 0.0519231 0.148397
0 0.0549279 0.658293 0.396474 0.0252404 0.0538462
0 0.0553658 0.38149 0.319071 0.0350962 0.0567308
0 0.0577051 0.28125 0.0376603 0.0442308 0.0695513
0 0.058394 0.371034 0.719712 0.0487981 0.0605769
0 0.0592597 0.97488 0.11234 0.0449519 0.0509615
0 0.0592856 0.164183 0.461218 0.0331731 0.0403846
0 0.0610668 0.682572 0.545353 0.0411058 0.0721154
0 0.0613149 0.990385 0.177083 0.0192308 0.0753205
0 0.0613261 0.865865 0.0461538 0.0283654 0.0570513
0 0.062374 0.87524 0.192147 0.0451923 0.0842949
0 0.0628363 0.609976 0.474199 0.0377404 0.0330128
0 0.0630313 0.535937 0.373077 0.0478365 0.0730769
0 0.0635387 0.633894 0.43766 0.0206731 0.0330128
0 0.0638707 0.413101 0.112821 0.034375 0.0583333
0 0.0645724 0.422957 0.678526 0.0444712 0.073718
0 0.0661696 0.635337 0.486058 0.0649038 0.0657051
0 0.0664106 0.483654 0.662019 0.0293269 0.0592949
0 0.0714049 0.441226 0.291667 0.0362981 0.0275641
0 0.0718573 0.226683 0.388782 0.0317308 0.0403846
0 0.0734623 0.232091 0.985897 0.065625 0.025641
0 0.0738866 0.821514 0.689103 0.0598558 0.0852564
0 0.0741345 0.989062 0.557853 0.021875 0.0733974
0 0.0759595 0.466466 0.409135 0.0290865 0.0625
0 0.0789728 0.406971 0.0137821 0.0548077 0.0262821
0 0.0807682 0.665745 0.63141 0.0516827 0.110897
0 0.082949 0.989663 0.243269 0.0182692 0.0794872
0 0.0846634 0.329808 0.793109 0.0538462 0.0766026
0 0.0849676 0.794712 0.559615 0.0399038 0.0891026
0 0.085484 0.381851 0.177404 0.0487981 0.0625
0 0.0861373 0.875361 0.912821 0.0742788 0.0435897
0 0.0873571 0.598317 0.655609 0.0341346 0.0605769
0 0.087517 0.982933 0.667949 0.0336538 0.0673077
0 0.0914151 0.116346 0.0557692 0.0625 0.0666667
0 0.0923253 0.936538 0.0522436 0.0918269 0.0903846
0 0.097201 0.264062 0.0394231 0.0483173 0.075
0 0.102131 0.0138221 0.409776 0.0271635 0.0573718
0 0.102186 0.592188 0.401603 0.0353365 0.0487179
0 0.103331 0.579808 0.383814 0.0461538 0.0772436
0 0.104908 0.112981 0.435417 0.0716346 0.0464744
0 0.105815 0.0216346 0.739423 0.0274038 0.0467949
0 0.108412 0.681851 0.565705 0.0276442 0.0397436
0 0.119017 0.675962 0.554808 0.0399038 0.0391026
0 0.127077 0.389663 0.581571 0.0538462 0.0753205
0 0.131087 0.558053 0.374679 0.0757212 0.0775641
0 0.13289 0.522115 0.784615 0.0658654 0.0782051
0 0.134351 0.296394 0.0363782 0.0331731 0.061859
0 0.135297 0.595793 0.273077 0.0290865 0.0589744
0 0.145264 0.108173 0.0597756 0.0399038 0.0464744
0 0.152514 0.678365 0.496795 0.0432692 0.0814103
0 0.152602 0.933173 0.266667 0.0480769 0.075
0 0.164443 0.690505 0.514904 0.034375 0.0612179
0 0.166043 0.723197 0.359615 0.0536058 0.0467949
0 0.167179 0.595192 0.0584936 0.0163462 0.0451923
0 0.172305 0.804447 0.474519 0.0536058 0.0407051
0 0.188363 0.41851 0.461538 0.0274038 0.0698718
0 0.189611 0.813341 0.329167 0.0367788 0.0551282
0 0.195391 0.370192 0.491667 0.0365385 0.0551282
0 0.195493 0.854567 0.616506 0.0485577 0.0586538
0 0.196351 0.0197115 0.319071 0.0360577 0.0900641
0 0.198988 0.145313 0.0495192 0.0588942 0.0798077
0 0.199424 0.342548 0.585417 0.03125 0.0695513
0 0.20825 0.538221 0.794231 0.0394231 0.0480769
0 0.214158 0.151442 0.970032 0.0384615 0.0490385
0 0.229594 0.286899 0.892147 0.0463942 0.0759615
0 0.266883 0.927764 0.279647 0.0338942 0.0458333
0 0.270365 0.915144 0.389583 0.0442308 0.0650641
0 0.293198 0.979207 0.546314 0.0415865 0.088782
0 0.316418 0.0340144 0.0331731 0.0487981 0.0663462
0 0.318429 0.113702 0.938301 0.0572115 0.0477564
0 0.324468 0.986779 0.221474 0.0259615 0.13141
0 0.344335 0.684976 0.0241987 0.0372596 0.0483974
0 0.354131 0.480529 0.591827 0.0278846 0.0721154
0 0.375132 0.806971 0.701763 0.0447115 0.0900641
0 0.381707 0.166587 0.490705 0.0793269 0.0455128
0 0.401943 0.0723558 0.142949 0.0331731 0.0775641
0 0.401956 0.310817 0.635256 0.0341346 0.0544872
0 0.413239 0.0871394 0.326122 0.0622596 0.0612179
0 0.499344 0.9125 0.543429 0.0538462 0.0516026
0 0.510935 0.310337 0.205449 0.0283654 0.0621795
0 0.541184 0.264663 0.689423 0.0293269 0.0371795
0 0.545594 0.460697 0.441667 0.0612981 0.117949
0 0.560325 0.38113 0.73734 0.0603365 0.0894231
0 0.566758 0.575962 0.713622 0.0745192 0.10609
0 0.582444 0.372837 0.0733974 0.0528846 0.0628205
