0 0.0318119 0.822837 0.271795 0.0509615 0.0673077
0 0.0324625 0.755769 0.579808 0.0350962 0.0692308
0 0.033126 0.451923 0.464103 0.0384615 0.074359
0 0.0342389 0.022476 0.424038 0.0372596 0.0692308
0 0.0345879 0.636298 0.513462 0.0139423 0.024359
0 0.035145 0.760096 0.692147 0.0201923 0.0394231
0 0.0365211 0.455649 0.769872 0.0430288 0.104487
0 0.0371806 0.991226 0.0572115 0.0175481 0.0810897
0 0.0376968 0.98113 0.0573718 0.0372596 0.073718
0 0.0378518 0.569832 0.269712 0.0233173 0.0323718
0 0.0407325 0.702163 0.71234 0.0485577 0.0695513
0 0.041644 0.367428 0.155128 0.0319712 0.0660256
0 0.0417291 0.445793 0.94359 0.0300481 0.0346154
0 0.0426424 0.0126202 0.0445513 0.021875 0.0891026
0 0.0440641 0.532933 0.197436 0.0288462 0.0455128
0 0.0472289 0.72488 0.959615 0.0387019 0.0487179
0 0.0482673 0.373558 0.108173 0.0375 0.0689103
0 0.0487333 0.38113 0.0963141 0.0367788 0.0394231
0 0.051745 0.278726 0.875481 0.0377404 0.0528846
0 0.0517869 0.165385 0.380288 0.0427885 0.0342949
0 0.0520549 0.759255 0.0713141 0.0430288 0.0528846
0 0.0606202 0.744952 0.555288 0.0495192 0.0445513
0 0.0623383 0.764063 0.552404 0.0401442 0.0400641
0 0.0631443 0.738942 0.57484 0.0288462 0.0592949
0 0.0633444 0.992428 0.680449 0.0151442 0.0897436
0 0.0660868 0.831731 0.0197115 0.0990385 0.0394231
0 0.0693153 0.453005 0.934455 0.0362981 0.0490385
0 0.0709371 0.437139 0.430288 0.0242788 0.0477564
0 0.0715697 0.425841 0.540064 0.0362981 0.0487179
0 0.0731607 0.720072 0.150321 0.0411058 0.0602564
0 0.0760383 0.684255 0.0442308 0.0463942 0.0698718
0 0.0844198 0.561058 0.175801 0.0466346 0.0375
0 0.0951077 0.948918 0.387019 0.0391827 0.0605769
0 0.0993035 0.780168 0.546314 0.0237981 0.0310897
0 0.113482 0.545433 0.723237 0.0471154 0.0516026
0 0.115064 0.529567 0.243269 0.0322115 0.0647436
0 0.116748 0.453245 0.413462 0.0487981 0.103205
0 0.116888 0.555529 0.640705 0.0278846 0.0429487
0 0.120915 0.729928 0.553205 0.0300481 0.0282051
0 0.124343 0.969111 0.263301 0.0382212 0.061859
0 0.125656 0.777644 0.246635 0.0254808 0.0336538
0 0.142111 0.958293 0.0605769 0.0487981 0.0858974
0 0.142167 0.465385 0.925962 0.0355769 0.0480769
0 0.151622 0.736178 0.579487 0.0185096 0.0346154
0 0.156808 0.70637 0.51266 0.028125 0.0285256
0 0.15803 0.605288 0.111538 0.0379808 0.0596154
0 0.158499 0.709375 0.674679 0.0490385 0.0435897
0 0.159961 0.046875 0.295833 0.09375 0.0698718
0 0.160843 0.826082 0.778365 0.0487981 0.0644231
0 0.162462 0.757933 0.616827 0.0288462 0.0304487
0 0.165461 0.753365 0.554167 0.0288462 0.0333333
0 0.171774 0.386659 0.410256 0.0276442 0.0512821
0 0.180612 0.589663 0.569391 0.0302885 0.0528846
0 0.180857 0.72524 0.548558 0.0225962 0.0176282
0 0.186806 0.655168 0.138301 0.0362981 0.0509615
0 0.199744 0.699399 0.728686 0.0377404 0.0387821
0 0.213125 0.0167067 0.577564 0.0319712 0.161538
0 0.222795 0.127404 0.445032 0.0403846 0.0855769
0 0.242631 0.0580529 0.567788 0.0608173 0.0964744
0 0.251798 0.532332 0.221795 0.034375 0.0666667
0 0.253879 0.0305288 0.0508013 0.0610577 0.101603
0 0.270622 0.139183 0.637019 0.0326923 0.0657051
0 0.28485 0.52524 0.261058 0.0274038 0.0342949
0 0.300915 0.155409 0.393109 0.0545673 0.0522436
0 0.308136 0.0370192 0.576282 0.0740385 0.15
0 0.317553 0.446755 0.438141 0.0425481 0.0711538
0 0.353948 0.120072 0.46234 0.0324519 0.0599359
0 0.399209 0.241466 0.438141 0.0362981 0.0461538
0 0.426826 0.144111 0.414423 0.0521635 0.0910256
0 0.43647 0.43137 0.227244 0.0271635 0.0416667
0 0.437029 0.752524 0.0423077 0.0478365 0.0846154
0 0.456819 0.743269 0.627083 0.0331731 0.0490385
0 0.49047 0.427163 0.0254808 0.0480769 0.0477564
0 0.521584 0.431971 0.356891 0.0302885 0.0407051
0 0.543101 0.365505 0.130769 0.0348558 0.0717949
0 0.555368 0.928726 0.240865 0.0550481 0.0926282
0 0.556271 0.551562 0.350962 0.0487981 0.0801282
0 0.601234 0.671394 0.923878 0.0413462 0.0605769
