0 0.0304325 0.015024 0.47516 0.0300481 0.0580128
0 0.0304985 0.366827 0.670513 0.0461538 0.0314103
0 0.0308391 0.133654 0.0378205 0.0524038 0.075
0 0.0314143 0.927764 0.229487 0.021875 0.0326923
0 0.0319633 0.408894 0.0432692 0.0254808 0.0320513
0 0.0321967 0.557813 0.580769 0.0425481 0.0525641
0 0.0322346 0.256971 0.286699 0.0245192 0.0330128
0 0.033983 0.252644 0.415865 0.0360577 0.036218
0 0.0345623 0.248437 0.157532 0.0396635 0.0439103
0 0.0349835 0.567308 0.607372 0.05 0.0365385
0 0.0353061 0.439663 0.270192 0.0341346 0.0358974
0 0.0355326 0.0298077 0.258654 0.0538462 0.0820513
0 0.0356553 0.60024 0.287981 0.0225962 0.0535256
0 0.0363368 0.15613 0.585096 0.0411058 0.0310897
0 0.0386724 0.480288 0.289263 0.0413462 0.0464744
0 0.038729 0.271995 0.0141026 0.0175481 0.0282051
0 0.0394942 0.681851 0.21891 0.0228365 0.0384615
0 0.0400618 0.173438 0.181571 0.0228365 0.0387821
0 0.0423673 0.640264 0.282532 0.0252404 0.0246795
0 0.0440663 0.550721 0.963301 0.0394231 0.0522436
0 0.0452792 0.477404 0.929167 0.0485577 0.0416667
0 0.0480695 0.55649 0.624038 0.0533654 0.0371795
0 0.0490633 0.453966 0.504167 0.0242788 0.0346154
0 0.052156 0.379207 0.0395833 0.0127404 0.0349359
0 0.0540582 0.452524 0.0677885 0.021875 0.0342949
0 0.0547796 0.0588942 0.658013 0.05 0.0634615
0 0.0557908 0.521394 0.362981 0.0235577 0.0349359
0 0.056218 0.140745 0.0224359 0.0334135 0.0416667
0 0.0567753 0.190264 0.167788 0.0348558 0.0342949
0 0.0581358 0.144591 0.620513 0.0564904 0.0358974
0 0.059103 0.617188 0.283974 0.0396635 0.0448718
0 0.0596052 0.0152644 0.809295 0.0305288 0.126282
0 0.0599632 0.0135817 0.846314 0.0271635 0.086859
0 0.0620282 0.224639 0.194712 0.0401442 0.0599359
0 0.0681926 0.657212 0.40016 0.0331731 0.0445513
0 0.0705249 0.276923 0.153205 0.0264423 0.0423077
0 0.0751361 0.919351 0.975 0.13726 0.0467949
0 0.0753699 0.491827 0.282051 0.0293269 0.0301282
0 0.0759653 0.285937 0.0613782 0.0651442 0.088782
0 0.0813387 0.18113 0.176763 0.0454327 0.038141
0 0.0832905 0.471154 0.298077 0.025 0.0320513
0 0.0856595 0.355288 0.46859 0.0384615 0.0570513
0 0.09162 0.505409 0.397917 0.0247596 0.0407051
0 0.0959773 0.426923 0.0953526 0.0216346 0.0490385
0 0.0986123 0.409255 0.294231 0.0305288 0.024359
0 0.100518 0.166827 0.390705 0.0259615 0.0480769
0 0.101925 0.239904 0.0786859 0.0221154 0.0419872
0 0.106494 0.373798 0.504647 0.0346154 0.0349359
0 0.110392 0.671635 0.205128 0.0259615 0.0326923
0 0.111416 0.194351 0.570673 0.0391827 0.036859
0 0.115863 0.321154 0.538942 0.0274038 0.036859
0 0.117716 0.598558 0.278846 0.0139423 0.0416667
0 0.121179 0.551803 0.368429 0.0223558 0.0387821
0 0.121436 0.338822 0.434936 0.0372596 0.0596154
0 0.122802 0.63101 0.46875 0.0216346 0.0349359
0 0.127266 0.631731 0.288141 0.03125 0.0320513
0 0.130854 0.221635 0.448718 0.0302885 0.0403846
0 0.144166 0.71238 0.0576923 0.0415865 0.0717949
0 0.15326 0.347596 0.0842949 0.0298077 0.025
0 0.153468 0.89375 0.202244 0.0331731 0.049359
0 0.158652 0.238221 0.421154 0.0596154 0.0724359
0 0.162807 0.0639423 0.224359 0.0504808 0.050641
0 0.168345 0.494471 0.450481 0.0206731 0.0349359
0 0.169127 0.0223558 0.279006 0.0399038 0.0676282
0 0.174801 0.191587 0.113462 0.0365385 0.0589744
0 0.179139 0.386779 0.772756 0.0370192 0.0634615
0 0.22873 0.554808 0.570032 0.03125 0.0342949
0 0.250931 0.582572 0.36266 0.0209135 0.0387821
0 0.256141 0.698918 0.351763 0.0223558 0.0592949
0 0.257605 0.123918 0.390064 0.0175481 0.0352564
0 0.27774 0.447957 0.36891 0.0189904 0.0346154
0 0.284839 0.303606 0.382692 0.0346154 0.0397436
0 0.304142 0.519351 0.519872 0.0262019 0.0576923
0 0.314993 0.504207 0.410417 0.0199519 0.0336538
0 0.316954 0.425962 0.261378 0.0375 0.0330128
0 0.332932 0.453125 0.515865 0.0346154 0.0554487
0 0.336139 0.26863 0.611699 0.0300481 0.0375
0 0.341311 0.265024 0.158974 0.0454327 0.0544872
0 0.350312 0.307091 0.186699 0.0348558 0.0695513
0 0.355759 0.357572 0.151442 0.0314904 0.0528846
0 0.378485 0.346514 0.449679 0.0377404 0.0628205
0 0.448404 0.0236779 0.775801 0.0473558 0.0650641
0 0.479451 0.515986 0.372115 0.0271635 0.0435897
0 0.494691 0.293389 0.0330128 0.0550481 0.0647436
0 0.538794 0.205529 0.18766 0.0807692 0.0727564
0 0.560692 0.376923 0.338942 0.0490385 0.063141
0 0.603906 0.595312 0.482051 0.0228365 0.0378205
0 0.619233 0.620192 0.180288 0.0697115 0.0753205
