0 0.0305908 0.0990385 0.0820513 0.0288462 0.0455128
0 0.030824 0.390986 0.414904 0.0209135 0.0432692
0 0.0309874 0.333413 0.639103 0.0408654 0.0448718
0 0.0313906 0.446875 0.583013 0.0125 0.0294872
0 0.0318044 0.521635 0.135417 0.0235577 0.0375
0 0.0319583 0.661899 0.0592949 0.0108173 0.0352564
0 0.0321076 0.053726 0.0799679 0.0324519 0.0592949
0 0.032329 0.597957 0.354968 0.0603365 0.0548077
0 0.0323903 0.589303 0.978526 0.0742788 0.0423077
0 0.0342316 0.766707 0.177083 0.0247596 0.061859
0 0.0354155 0.502404 0.541667 0.0360577 0.050641
0 0.0354996 0.47524 0.423237 0.0389423 0.0567308
0 0.0355481 0.845913 0.257372 0.0264423 0.0429487
0 0.0358787 0.562981 0.387179 0.0625 0.0948718
0 0.0362631 0.479928 0.662981 0.0415865 0.0464744
0 0.0365576 0.553726 0.139423 0.0223558 0.0551282
0 0.0417421 0.548798 0.332692 0.0197115 0.0262821
0 0.042265 0.526923 0.39375 0.0456731 0.0676282
0 0.0430271 0.878486 0.409615 0.0276442 0.0519231
0 0.0430585 0.0519231 0.0719551 0.0245192 0.0336538
0 0.0444381 0.510216 0.402724 0.053125 0.0682692
0 0.0446564 0.486058 0.552724 0.0581731 0.0471154
0 0.0460705 0.0129808 0.0620192 0.0230769 0.0586538
0 0.0467238 0.152163 0.245833 0.0293269 0.0423077
0 0.0467467 0.835457 0.540385 0.0161058 0.0365385
0 0.0471447 0.559495 0.159135 0.034375 0.0612179
0 0.0493119 0.580409 0.375641 0.0579327 0.0833333
0 0.0507657 0.108534 0.0770833 0.021875 0.0522436
0 0.0514633 0.453846 0.403846 0.0230769 0.0333333
0 0.0517988 0.649279 0.518429 0.0283654 0.0464744
0 0.0526539 0.783894 0.0769231 0.0225962 0.0384615
0 0.0533161 0.296995 0.0830128 0.0271635 0.0448718
0 0.0545606 0.472837 0.561378 0.0384615 0.0304487
0 0.0547118 0.0897837 0.0924679 0.0271635 0.0278846
0 0.056622 0.544351 0.441987 0.0290865 0.0339744
0 0.0570457 0.503245 0.149359 0.0213942 0.0320513
0 0.0588422 0.604447 0.183814 0.0536058 0.0592949
0 0.0601018 0.389183 0.362981 0.0567308 0.119551
0 0.0632418 0.896875 0.105288 0.0240385 0.038141
0 0.0646372 0.529928 0.694391 0.0411058 0.0477564
0 0.0650353 0.214423 0.138942 0.0245192 0.0330128
0 0.0673971 0.250962 0.0916667 0.0322115 0.0448718
0 0.0719117 0.586298 0.439583 0.0326923 0.0477564
0 0.0750136 0.559135 0.441346 0.0533654 0.0480769
0 0.076334 0.851683 0.350481 0.0177885 0.0342949
0 0.081289 0.536659 0.41875 0.0444712 0.0830128
0 0.0834206 0.365625 0.0849359 0.0221154 0.0519231
0 0.0865653 0.420433 0.333814 0.0216346 0.0407051
0 0.0871044 0.904808 0.119872 0.0360577 0.0647436
0 0.0887328 0.573918 0.171795 0.0569712 0.0544872
0 0.0904853 0.609976 0.492628 0.0228365 0.0314103
0 0.098458 0.528726 0.13141 0.0223558 0.0301282
0 0.101458 0.0682692 0.119712 0.0269231 0.0342949
0 0.10309 0.123197 0.0133013 0.0353365 0.0266026
0 0.104519 0.415385 0.351122 0.0524038 0.0721154
0 0.115434 0.219351 0.127724 0.0305288 0.0432692
0 0.116571 0.38149 0.421154 0.0322115 0.0442308
0 0.147528 0.863942 0.176122 0.0326923 0.0336538
0 0.165022 0.296635 0.0876603 0.0514423 0.0509615
0 0.185525 0.58726 0.443429 0.0225962 0.0278846
0 0.194496 0.48113 0.973558 0.0911058 0.0528846
0 0.204474 0.136779 0.0875 0.0264423 0.0371795
0 0.220993 0.502644 0.655449 0.0783654 0.0724359
0 0.222322 0.913942 0.129968 0.0302885 0.036859
0 0.242779 0.279567 0.0915064 0.0274038 0.0496795
0 0.27326 0.433293 0.341667 0.040625 0.0397436
0 0.27464 0.385457 0.419712 0.0213942 0.0291667
0 0.313505 0.591346 0.175641 0.0384615 0.0487179
0 0.33914 0.536779 0.59375 0.0211538 0.0336538
0 0.3447 0.395793 0.374038 0.0353365 0.0833333
0 0.353712 0.640385 0.106571 0.0274038 0.0522436
0 0.381728 0.308654 0.0876603 0.0269231 0.0432692
0 0.429051 0.655889 0.924199 0.0310096 0.0528846
0 0.447662 0.574038 0.860897 0.0456731 0.0448718
0 0.460269 0.48101 0.404006 0.05625 0.0939103
0 0.476712 0.559375 0.28109 0.0495192 0.0955128
0 0.496938 0.392428 0.572436 0.115625 0.101282
0 0.545852 0.233534 0.107853 0.0415865 0.0573718
