0 0.0302484 0.108173 0.961058 0.120673 0.0778846
0 0.0305342 0.19375 0.78093 0.0889423 0.100321
0 0.0310378 0.296995 0.279647 0.0223558 0.0323718
0 0.0315863 0.261538 0.228045 0.03125 0.0330128
0 0.0321415 0.353726 0.548237 0.0358173 0.0548077
0 0.0340037 0.884856 0.367788 0.0480769 0.0355769
0 0.0344643 0.157212 0.74968 0.0399038 0.0294872
0 0.0354059 0.226683 0.717628 0.0605769 0.0717949
0 0.0355974 0.205889 0.199679 0.0209135 0.0339744
0 0.0373309 0.215144 0.173237 0.0326923 0.0375
0 0.0373432 0.903846 0.338141 0.0427885 0.0410256
0 0.0380585 0.216827 0.705288 0.0514423 0.0419872
0 0.0396742 0.567308 0.013141 0.0408654 0.0237179
0 0.0417788 0.492428 0.111699 0.0401442 0.0426282
0 0.0433441 0.156611 0.972917 0.0733173 0.0458333
0 0.0440516 0.672716 0.107212 0.0170673 0.0503205
0 0.044739 0.0981971 0.985577 0.0555288 0.0288462
0 0.045758 0.416106 0.299679 0.0331731 0.0384615
0 0.0460007 0.255288 0.219712 0.0389423 0.0221154
0 0.0472272 0.548798 0.504327 0.0341346 0.0830128
0 0.0490096 0.178125 0.342147 0.0350962 0.0483974
0 0.0501653 0.31875 0.976442 0.0581731 0.0439103
0 0.0501937 0.0116587 0.909455 0.0233173 0.113782
0 0.0505496 0.666947 0.661859 0.0560096 0.0455128
0 0.0510039 0.471995 0.975641 0.0579327 0.0480769
0 0.0517287 0.0290865 0.980128 0.0490385 0.0397436
0 0.0520991 0.238221 0.226122 0.0240385 0.0342949
0 0.0527948 0.957091 0.322436 0.0425481 0.0339744
0 0.0545315 0.138582 0.409776 0.0444712 0.0689103
0 0.0556235 0.0549279 0.941827 0.0670673 0.0599359
0 0.0559998 0.452043 0.760256 0.0502404 0.0621795
0 0.0572634 0.276923 0.182853 0.0211538 0.0342949
0 0.0575969 0.565385 0.404647 0.0259615 0.0721154
0 0.0577551 0.291947 0.936378 0.123798 0.127244
0 0.0590423 0.672236 0.0221154 0.0521635 0.0403846
0 0.0628257 0.201683 0.592308 0.0230769 0.0416667
0 0.0628546 0.246154 0.184615 0.05625 0.0455128
0 0.0642783 0.238462 0.745673 0.0567308 0.0464744
0 0.0651435 0.985216 0.782692 0.0290865 0.0807692
0 0.0659473 0.161418 0.424679 0.0290865 0.0429487
0 0.0747892 0.528365 0.311218 0.0427885 0.0358974
0 0.0753037 0.20649 0.702083 0.0288462 0.0291667
0 0.0771535 0.542548 0.579006 0.0413462 0.0586538
0 0.0777912 0.375601 0.0990385 0.0252404 0.0262821
0 0.0802385 0.155649 0.952564 0.0963942 0.0948718
0 0.0830041 0.428005 0.280288 0.0415865 0.0612179
0 0.0841651 0.896514 0.454167 0.0463942 0.05
0 0.0903632 0.304447 0.617147 0.0444712 0.0419872
0 0.109987 0.484014 0.808814 0.059375 0.0791667
0 0.110988 0.168389 0.761699 0.0545673 0.0471154
0 0.111884 0.118149 0.520994 0.0242788 0.0285256
0 0.112898 0.271635 0.454808 0.0144231 0.0314103
0 0.115671 0.179808 0.408173 0.0182692 0.0439103
0 0.119369 0.0924279 0.973718 0.0747596 0.0480769
0 0.126484 0.891106 0.269391 0.0350962 0.0387821
0 0.127876 0.690385 0.381891 0.0235577 0.0310897
0 0.129474 0.286779 0.791346 0.0600962 0.0788462
0 0.130321 0.435216 0.759135 0.0502404 0.0528846
0 0.131566 0.991346 0.64375 0.0173077 0.0637821
0 0.132272 0.345192 0.463141 0.0341346 0.0397436
0 0.138126 0.391346 0.0355769 0.0274038 0.0660256
0 0.140001 0.889063 0.442468 0.0387019 0.0394231
0 0.141353 0.0570913 0.922115 0.0882212 0.113462
0 0.143853 0.207452 0.164744 0.0177885 0.0346154
0 0.153808 0.190144 0.642308 0.0485577 0.0467949
0 0.168179 0.919952 0.583173 0.0447115 0.0477564
0 0.168385 0.947115 0.300481 0.0326923 0.0663462
0 0.181911 0.301082 0.179487 0.0122596 0.0320513
0 0.186715 0.904207 0.478846 0.046875 0.0711538
0 0.186875 0.530529 0.813462 0.0634615 0.116026
0 0.20399 0.361418 0.310417 0.0449519 0.0445513
0 0.230578 0.247716 0.226923 0.0497596 0.0391026
0 0.231682 0.942668 0.225 0.0521635 0.0358974
0 0.237439 0.336058 0.572436 0.0322115 0.0365385
0 0.294498 0.149159 0.423558 0.0387019 0.0503205
0 0.347175 0.432692 0.263462 0.0331731 0.0416667
0 0.351345 0.898197 0.352885 0.0478365 0.0512821
0 0.367554 0.948438 0.288942 0.0199519 0.0509615
0 0.379913 0.182212 0.81859 0.0721154 0.0551282
0 0.405792 0.319351 0.604006 0.0502404 0.036218
0 0.416214 0.523197 0.568269 0.071875 0.0717949
0 0.434326 0.665144 0.109455 0.0245192 0.0471154
0 0.456417 0.196995 0.252244 0.0622596 0.0583333
0 0.481604 0.267188 0.178526 0.0314904 0.0467949
0 0.522029 0.79399 0.127885 0.0586538 0.0596154
0 0.535578 0.28125 0.287821 0.0480769 0.0621795
0 0.539173 0.908654 0.779006 0.04375 0.0907051
0 0.566454 0.607692 0.275481 0.0596154 0.0798077
0 0.700006 0.525721 0.411859 0.0716346 0.0974359
0 0.716725 0.480168 0.625 0.0526442 0.0820513
