0 0.0305624 0.488582 0.526442 0.0526442 0.0817308
0 0.0347612 0.0688702 0.851122 0.0550481 0.0516026
0 0.0349368 0.874279 0.935897 0.0274038 0.0378205
0 0.0363996 0.203005 0.354167 0.0733173 0.0647436
0 0.0407152 0.561298 0.436538 0.0677885 0.0807692
0 0.0411887 0.96899 0.986058 0.0567308 0.0278846
0 0.0466116 0.0132212 0.865385 0.0264423 0.0692308
0 0.0495253 0.579207 0.986859 0.0252404 0.025641
0 0.0531459 0.859495 0.896955 0.0185096 0.0509615
0 0.0532497 0.880769 0.929006 0.0447115 0.0516026
0 0.0614264 0.0920673 0.826282 0.0379808 0.0602564
0 0.0642867 0.364183 0.726442 0.0360577 0.0483974
0 0.0664397 0.941106 0.960737 0.0788462 0.0612179
0 0.0690617 0.71863 0.422756 0.11274 0.0685897
0 0.0695441 0.920913 0.98734 0.0423077 0.0253205
0 0.0823029 0.363341 0.529808 0.0670673 0.0730769
0 0.0852153 0.86899 0.920833 0.0370192 0.0621795
0 0.0979433 0.91875 0.979647 0.0817308 0.0349359
0 0.104836 0.53774 0.882853 0.0721154 0.0554487
0 0.115018 0.94351 0.985417 0.0793269 0.0291667
0 0.141514 0.142668 0.813462 0.0367788 0.0538462
0 0.151591 0.870673 0.701442 0.0399038 0.0432692
0 0.151819 0.669111 0.838462 0.0550481 0.0935897
0 0.182219 0.859976 0.904167 0.0300481 0.073718
0 0.198359 0.89399 0.758013 0.0451923 0.0294872
0 0.240471 0.459615 0.0334936 0.0110577 0.0336538
0 0.285303 0.577524 0.418269 0.0790865 0.0948718
0 0.298035 0.853726 0.888622 0.0189904 0.0426282
0 0.30823 0.957572 0.977404 0.0762019 0.0419872
0 0.384197 0.657091 0.819231 0.0367788 0.0801282
0 0.414176 0.881731 0.735897 0.0524038 0.0865385
0 0.427341 0.457692 0.504006 0.0418269 0.0733974
0 0.503391 0.507212 0.511538 0.0682692 0.0608974
0 0.545918 0.0778846 0.828686 0.0576923 0.0753205
0 0.611429 0.905048 0.927724 0.0682692 0.0592949
0 0.651218 0.0521635 0.959776 0.101923 0.0804487
0 0.686574 0.347236 0.715224 0.0665865 0.0798077
0 0.721665 0.23726 0.661859 0.0466346 0.119231
0 0.761847 0.649038 0.370833 0.247115 0.196154
0 0.765682 0.564904 0.584295 0.0721154 0.112179
0 0.779946 0.28774 0.527404 0.1 0.108013
