0 0.0316514 0.261538 0.419391 0.0394231 0.0432692
0 0.0318422 0.836178 0.934615 0.0286058 0.0416667
0 0.0319664 0.112019 0.985577 0.0596154 0.0288462
0 0.0339963 0.394471 0.726923 0.0961538 0.157051
0 0.034645 0.269832 0.220994 0.0300481 0.0426282
0 0.0376718 0.965144 0.286699 0.0572115 0.088141
0 0.038122 0.887861 0.453846 0.0430288 0.0647436
0 0.0393396 0.853966 0.274519 0.0237981 0.036859
0 0.0418791 0.854327 0.979167 0.0701923 0.0397436
0 0.0425645 0.471635 0.0814103 0.0206731 0.0371795
0 0.0438966 0.448558 0.985577 0.0317308 0.0275641
0 0.0469041 0.0219952 0.0192308 0.0439904 0.0384615
0 0.0474664 0.840264 0.975801 0.0334135 0.0407051
0 0.0488111 0.614543 0.080609 0.0367788 0.0580128
0 0.0491396 0.719231 0.030609 0.0442308 0.0323718
0 0.0494851 0.332812 0.985256 0.0584135 0.025
0 0.0520474 0.397236 0.103205 0.0338942 0.0551282
0 0.0528142 0.26875 0.441506 0.0485577 0.0810897
0 0.0528282 0.873918 0.910256 0.0257212 0.0378205
0 0.0529954 0.535096 0.504167 0.0302885 0.0384615
0 0.0531216 0.460577 0.0697115 0.0432692 0.0567308
0 0.0537844 0.0289663 0.979327 0.0550481 0.0413462
0 0.0541481 0.558774 0.601603 0.028125 0.0634615
0 0.0552053 0.94399 0.270673 0.0572115 0.0605769
0 0.0571599 0.135337 0.980449 0.100481 0.0391026
0 0.057575 0.203486 0.482051 0.0483173 0.0570513
0 0.0589812 0.0290865 0.0628205 0.0360577 0.050641
0 0.0644115 0.386298 0.546154 0.0221154 0.0301282
0 0.0675717 0.609014 0.0552885 0.0459135 0.108013
0 0.0682516 0.964904 0.256891 0.0605769 0.0753205
0 0.0693605 0.713702 0.470353 0.0201923 0.0413462
0 0.0707723 0.977043 0.0233974 0.0459135 0.0467949
0 0.0710727 0.83774 0.9875 0.0302885 0.025
0 0.0714444 0.87524 0.307212 0.0456731 0.0451923
0 0.0726676 0.901082 0.229006 0.0391827 0.0432692
0 0.0739512 0.370793 0.0708333 0.021875 0.0339744
0 0.0764952 0.926923 0.254808 0.0442308 0.05
0 0.0793459 0.908894 0.980929 0.0927885 0.036859
0 0.0793777 0.333293 0.137821 0.0473558 0.0378205
0 0.0835407 0.991346 0.365705 0.0163462 0.0801282
0 0.084347 0.873558 0.844231 0.01875 0.025641
0 0.0953559 0.277043 0.471955 0.0300481 0.038141
0 0.10192 0.469712 0.208654 0.0317308 0.0576923
0 0.102483 0.414904 0.528205 0.0514423 0.0628205
0 0.104142 0.708534 0.480609 0.0334135 0.0426282
0 0.108203 0.242548 0.626122 0.0581731 0.0855769
0 0.1185 0.617188 0.0857372 0.0237981 0.0355769
0 0.119445 0.700721 0.493269 0.0442308 0.0480769
0 0.120864 0.683894 0.411699 0.0163462 0.0387821
0 0.126706 0.379808 0.271955 0.0413462 0.0612179
0 0.129638 0.903005 0.284615 0.0377404 0.0519231
0 0.131789 0.695072 0.523237 0.0415865 0.0669872
0 0.140129 0.899639 0.284295 0.0680288 0.0826923
0 0.141532 0.408173 0.825801 0.0293269 0.0349359
0 0.149217 0.684615 0.508494 0.0298077 0.0285256
0 0.151488 0.454688 0.659776 0.034375 0.0560897
0 0.152823 0.576563 0.37516 0.0209135 0.0394231
0 0.155802 0.226442 0.0697115 0.0192308 0.0317308
0 0.158934 0.492067 0.213141 0.0427885 0.0608974
0 0.161844 0.627644 0.627885 0.0567308 0.0474359
0 0.166983 0.266947 0.692949 0.0463942 0.0653846
0 0.167636 0.435937 0.225 0.0598558 0.0730769
0 0.199127 0.849159 0.929167 0.0420673 0.0564103
0 0.218762 0.76863 0.148558 0.0295673 0.0471154
0 0.220669 0.392548 0.765545 0.0427885 0.0657051
0 0.2292 0.85625 0.914904 0.0413462 0.0483974
0 0.245818 0.967668 0.299199 0.0387019 0.0541667
0 0.271325 0.888702 0.298077 0.0552885 0.0487179
0 0.271468 0.237861 0.241987 0.0310096 0.0474359
0 0.281538 0.821034 0.833333 0.0449519 0.0583333
0 0.293279 0.485337 0.195673 0.0173077 0.0400641
0 0.297104 0.0314904 0.208494 0.0302885 0.0535256
0 0.314276 0.398558 0.107853 0.0197115 0.0375
0 0.31635 0.546034 0.49359 0.0459135 0.05
0 0.340764 0.384375 0.0677885 0.0504808 0.0387821
0 0.356081 0.502644 0.221474 0.0230769 0.0557692
0 0.367046 0.701442 0.539904 0.0274038 0.0509615
0 0.379282 0.24399 0.254808 0.0408654 0.0884615
0 0.38291 0.0228365 0.0440705 0.0447115 0.0842949
0 0.386739 0.419231 0.228205 0.03125 0.0762821
0 0.387169 0.441947 0.0467949 0.0372596 0.0589744
0 0.40335 0.91262 0.245032 0.0487981 0.0625
0 0.413493 0.339663 0.666987 0.0625 0.112179
0 0.426614 0.839904 0.945513 0.0269231 0.0339744
0 0.450414 0.460697 0.218429 0.0271635 0.0548077
0 0.470589 0.531851 0.0857372 0.0536058 0.0464744
0 0.475034 0.334736 0.115224 0.0502404 0.0836538
0 0.482536 0.378726 0.16859 0.0391827 0.0384615
0 0.513647 0.930168 0.802244 0.0286058 0.0564103
0 0.525325 0.279207 0.110577 0.0213942 0.0474359
0 0.55468 0.234495 0.629808 0.0377404 0.0589744
0 0.571449 0.838702 0.419391 0.0399038 0.0650641
0 0.668148 0.865024 0.230449 0.0425481 0.050641
