0 0.0317423 0.842308 0.960256 0.0865385 0.0628205
0 0.0317608 0.166466 0.54375 0.0492788 0.0586538
0 0.0331247 0.103606 0.0147436 0.0317308 0.0294872
0 0.0333842 0.790625 0.847917 0.0350962 0.0535256
0 0.0336206 0.256851 0.81234 0.078125 0.0355769
0 0.0339496 0.511899 0.720513 0.0161058 0.0314103
0 0.0341924 0.763942 0.203686 0.0389423 0.0714744
0 0.0342119 0.527404 0.394231 0.0206731 0.0294872
0 0.0345077 0.140745 0.552244 0.0507212 0.075
0 0.0357676 0.575481 0.743269 0.0629808 0.0653846
0 0.0375437 0.683173 0.207051 0.0298077 0.0391026
0 0.0378944 0.422476 0.0217949 0.0680288 0.0423077
0 0.038349 0.66851 0.982532 0.0668269 0.0349359
0 0.0401993 0.024399 0.973237 0.0454327 0.0535256
0 0.0402187 0.340625 0.694071 0.0182692 0.0342949
0 0.0404653 0.703966 0.469551 0.0367788 0.0429487
0 0.0412205 0.759495 0.861699 0.0564904 0.0714744
0 0.0420139 0.61226 0.448077 0.0206731 0.0358974
0 0.0429374 0.838582 0.181891 0.0257212 0.0298077
0 0.043802 0.327764 0.690224 0.0473558 0.0637821
0 0.0465262 0.803726 0.849199 0.046875 0.063141
0 0.0476103 0.757933 0.954647 0.0519231 0.0599359
0 0.0514638 0.371274 0.669551 0.0223558 0.0730769
0 0.0530742 0.801082 0.873878 0.0382212 0.0535256
0 0.0532619 0.694351 0.416186 0.0194712 0.0304487
0 0.0544349 0.68762 0.472917 0.0608173 0.0490385
0 0.055497 0.396755 0.65641 0.0574519 0.099359
0 0.0557125 0.322476 0.674199 0.0435096 0.0407051
0 0.0557665 0.725841 0.0551282 0.0233173 0.0634615
0 0.0571573 0.338221 0.704327 0.0331731 0.0663462
0 0.057876 0.35 0.0213141 0.0538462 0.0394231
0 0.0579334 0.539303 0.463942 0.0189904 0.0278846
0 0.059731 0.584495 0.909776 0.0305288 0.0439103
0 0.0601626 0.768029 0.966987 0.0442308 0.0532051
0 0.0611405 0.66238 0.714423 0.0401442 0.0480769
0 0.0631661 0.405529 0.107372 0.0432692 0.0634615
0 0.0686705 0.38125 0.115224 0.0394231 0.0695513
0 0.0708225 0.756851 0.903526 0.0776442 0.1
0 0.0731921 0.341466 0.294391 0.040625 0.0419872
0 0.0792784 0.444591 0.232692 0.0170673 0.0525641
0 0.0913059 0.466346 0.274199 0.0269231 0.0310897
0 0.0946015 0.733413 0.240385 0.0399038 0.0320513
0 0.0975863 0.534375 0.394231 0.0394231 0.0378205
0 0.0986779 0.849639 0.808654 0.0353365 0.0634615
0 0.0999083 0.372236 0.321635 0.0478365 0.0330128
0 0.110839 0.38101 0.680769 0.0533654 0.160256
0 0.113751 0.795793 0.863462 0.0247596 0.0410256
0 0.118312 0.764183 0.0793269 0.01875 0.0394231
0 0.122226 0.81226 0.886218 0.0490385 0.0538462
0 0.125706 0.155529 0.968269 0.0634615 0.0570513
0 0.129347 0.757933 0.826923 0.0322115 0.0410256
0 0.13068 0.250601 0.657212 0.0314904 0.0477564
0 0.130795 0.784615 0.95 0.102404 0.0673077
0 0.133468 0.457091 0.270353 0.0430288 0.0432692
0 0.13859 0.614303 0.728526 0.0127404 0.0339744
0 0.141272 0.784976 0.448237 0.015625 0.0375
0 0.141867 0.296995 0.858974 0.0286058 0.0269231
0 0.148896 0.863582 0.933173 0.0685096 0.088782
0 0.149167 0.309856 0.274519 0.0822115 0.0939103
0 0.153325 0.58101 0.747276 0.0615385 0.0336538
0 0.165043 0.446755 0.250321 0.0295673 0.0705128
0 0.166017 0.727043 0.928365 0.0473558 0.0400641
0 0.167194 0.838702 0.894551 0.0889423 0.0564103
0 0.169188 0.168029 0.904808 0.0533654 0.0423077
0 0.176412 0.870673 0.964263 0.0591346 0.0592949
0 0.18763 0.580168 0.423077 0.0497596 0.0775641
0 0.192474 0.453245 0.634615 0.0862981 0.075641
0 0.200348 0.441707 0.266506 0.0204327 0.038141
0 0.203806 0.0141827 0.460417 0.0283654 0.0830128
0 0.207712 0.841226 0.919551 0.0954327 0.0775641
0 0.210775 0.731731 0.0767628 0.0346154 0.0464744
0 0.21309 0.137861 0.397596 0.0478365 0.0490385
0 0.220406 0.800841 0.0211538 0.0372596 0.0423077
0 0.235951 0.292548 0.247756 0.0528846 0.0461538
0 0.249456 0.55024 0.205609 0.0240385 0.0355769
0 0.253614 0.607091 0.019391 0.0387019 0.0387821
0 0.26299 0.54399 0.547276 0.0225962 0.036218
0 0.265084 0.57512 0.65593 0.0444712 0.0375
0 0.282597 0.693029 0.0128205 0.0451923 0.024359
0 0.283048 0.772837 0.829808 0.0552885 0.0480769
0 0.286641 0.567187 0.753846 0.0459135 0.0346154
0 0.29322 0.846995 0.184455 0.0401442 0.0426282
0 0.293467 0.60024 0.445513 0.0399038 0.0429487
0 0.344856 0.582692 0.715545 0.0466346 0.0394231
0 0.34757 0.73726 0.939263 0.0634615 0.0541667
0 0.370243 0.897236 0.364583 0.0555288 0.0592949
0 0.380316 0.735216 0.125962 0.0401442 0.0423077
0 0.410942 0.864062 0.907692 0.0584135 0.0467949
0 0.422629 0.33149 0.290385 0.05 0.0653846
0 0.432423 0.750721 0.886058 0.0552885 0.0464744
0 0.438529 0.813462 0.945673 0.0524038 0.0637821
0 0.438589 0.388942 0.106731 0.0831731 0.0833333
0 0.448356 0.377524 0.730929 0.0391827 0.0733974
0 0.459359 0.570192 0.0777244 0.0375 0.0330128
0 0.48038 0.757812 0.499359 0.0795673 0.0525641
0 0.481599 0.758654 0.189423 0.0221154 0.0429487
0 0.521661 0.138462 0.528045 0.0673077 0.127244
0 0.533607 0.372837 0.173718 0.0331731 0.0371795
0 0.576657 0.836298 0.817628 0.0548077 0.0679487
0 0.670276 0.690264 0.658333 0.0401442 0.0589744
