0 0.032634 0.886298 0.18109 0.116346 0.144231
0 0.0351887 0.642067 0.466827 0.0375 0.0810897
0 0.0364205 0.917428 0.142147 0.0680288 0.0983974
0 0.039236 0.187861 0.578526 0.028125 0.0224359
0 0.0403762 0.958534 0.221314 0.0483173 0.086859
0 0.0460376 0.0126202 0.949038 0.0252404 0.101923
0 0.0486952 0.344832 0.61266 0.0588942 0.0375
0 0.0489308 0.455048 0.798878 0.0471154 0.0496795
0 0.0517148 0.892067 0.866346 0.0365385 0.0448718
0 0.054473 0.573558 0.678045 0.0326923 0.0509615
0 0.0576738 0.564543 0.732532 0.0262019 0.0227564
0 0.065412 0.552524 0.0136218 0.0165865 0.0189103
0 0.0667841 0.329567 0.95625 0.0524038 0.0798077
0 0.0675219 0.557813 0.733814 0.0401442 0.0400641
0 0.0806101 0.490625 0.49984 0.0192308 0.0330128
0 0.0900421 0.426082 0.491506 0.0435096 0.0317308
0 0.0932011 0.476322 0.553846 0.0454327 0.0384615
0 0.0964894 0.443389 0.798558 0.0262019 0.0419872
0 0.100115 0.849399 0.194391 0.0463942 0.0971154
0 0.120422 0.977764 0.0128205 0.0444712 0.025641
0 0.134117 0.464663 0.598077 0.0326923 0.0301282
0 0.171156 0.113101 0.406731 0.0319712 0.0442308
0 0.178575 0.826683 0.0961538 0.0326923 0.0442308
0 0.191834 0.936899 0.169872 0.110337 0.178846
0 0.195338 0.283413 0.610737 0.0572115 0.0548077
0 0.225734 0.403365 0.547115 0.0326923 0.0314103
0 0.256566 0.364904 0.883013 0.0408654 0.0615385
0 0.292314 0.347837 0.636378 0.0682692 0.0580128
0 0.376649 0.607452 0.505128 0.0475962 0.0512821
0 0.515919 0.548558 0.702083 0.0557692 0.0355769
