0 0.0303925 0.423798 0.905609 0.0423077 0.0387821
0 0.0304888 0.391587 0.983654 0.0740385 0.0326923
0 0.0312772 0.888101 0.979647 0.0521635 0.0355769
0 0.0340689 0.66274 0.0205128 0.0514423 0.0410256
0 0.0343335 0.0171875 0.0174679 0.034375 0.0349359
0 0.0352087 0.555168 0.480288 0.0257212 0.036218
0 0.0374183 0.861899 0.279006 0.0502404 0.0477564
0 0.0400699 0.491346 0.984776 0.0802885 0.0304487
0 0.0413637 0.763582 0.505769 0.0478365 0.126282
0 0.0424038 0.812139 0.372436 0.0449519 0.0448718
0 0.0435835 0.944111 0.987179 0.0564904 0.025641
0 0.0442768 0.401322 0.909615 0.040625 0.0435897
0 0.0460697 0.757933 0.734615 0.0572115 0.0948718
0 0.0468839 0.895673 0.516987 0.0846154 0.194872
0 0.0491873 0.985457 0.323237 0.0271635 0.088782
0 0.0498924 0.539183 0.880288 0.0682692 0.0977564
0 0.055334 0.813462 0.767788 0.0432692 0.122756
0 0.0554264 0.514784 0.934295 0.028125 0.0435897
0 0.0570634 0.50613 0.920032 0.0372596 0.0599359
0 0.0598864 0.937981 0.2375 0.0379808 0.0685897
0 0.060282 0.545313 0.433654 0.0223558 0.0564103
0 0.062817 0.390024 0.904647 0.0237981 0.0426282
0 0.067451 0.614784 0.08125 0.0247596 0.0650641
0 0.0688474 0.441587 0.921635 0.0923077 0.0798077
0 0.0694594 0.481851 0.90641 0.0439904 0.0564103
0 0.0806808 0.331731 0.668269 0.0370192 0.0474359
0 0.0835648 0.932933 0.980128 0.0850962 0.0397436
0 0.084908 0.825601 0.208333 0.0411058 0.0826923
0 0.0864684 0.489062 0.898237 0.0242788 0.0336538
0 0.0882292 0.75024 0.397596 0.0403846 0.0528846
0 0.0907884 0.232091 0.873718 0.0348558 0.0423077
0 0.0913535 0.888702 0.951923 0.0985577 0.0961538
0 0.105219 0.972476 0.972596 0.0540865 0.0548077
0 0.112872 0.466587 0.948878 0.0663462 0.0746795
0 0.1186 0.725601 0.378526 0.021875 0.050641
0 0.142259 0.536418 0.856731 0.0478365 0.0589744
0 0.144843 0.505889 0.753365 0.0290865 0.0573718
0 0.152884 0.904447 0.977724 0.0569712 0.0445513
0 0.153789 0.219832 0.983654 0.0478365 0.0326923
0 0.153845 0.545793 0.591827 0.0396635 0.0580128
0 0.185213 0.827644 0.376442 0.0543269 0.0625
0 0.229284 0.819231 0.738942 0.0379808 0.088782
0 0.233016 0.471394 0.920833 0.0629808 0.0871795
0 0.251855 0.255288 0.663622 0.0471154 0.0625
0 0.359562 0.467668 0.982372 0.0411058 0.0352564
0 0.383054 0.244471 0.855609 0.05625 0.0650641
0 0.43579 0.913462 0.561378 0.0480769 0.135577
0 0.466081 0.735697 0.395032 0.0435096 0.0746795
0 0.469216 0.68149 0.567949 0.0269231 0.0455128
0 0.471776 0.551082 0.850801 0.0290865 0.0592949
0 0.52926 0.136418 0.392949 0.107933 0.123718
0 0.533622 0.882452 0.760417 0.0307692 0.0644231
0 0.534374 0.55649 0.453526 0.0355769 0.0846154
0 0.539149 0.514183 0.66234 0.0495192 0.088141
0 0.569777 0.841827 0.285897 0.0783654 0.0589744
0 0.601442 0.542548 0.972596 0.0519231 0.0548077
0 0.603423 0.361298 0.919872 0.0524038 0.148077
0 0.649455 0.3375 0.680128 0.0557692 0.0647436
0 0.666431 0.870793 0.929968 0.0637019 0.106731
0 0.763017 0.784736 0.854808 0.0473558 0.138462
