0 0.0306708 0.780769 0.979968 0.0783654 0.0394231
0 0.0315609 0.685337 0.573397 0.0331731 0.0358974
0 0.0321539 0.437019 0.884295 0.04375 0.0538462
0 0.0327254 0.798798 0.851923 0.0596154 0.0474359
0 0.0328699 0.685457 0.260737 0.0550481 0.0483974
0 0.0330129 0.970673 0.986058 0.0586538 0.0278846
0 0.0343271 0.594111 0.617628 0.0545673 0.0634615
0 0.0349795 0.459375 0.845833 0.0480769 0.0923077
0 0.0361068 0.515264 0.874519 0.0338942 0.0528846
0 0.0361893 0.607332 0.436378 0.0175481 0.038141
0 0.0372333 0.499639 0.836859 0.0367788 0.0775641
0 0.0377657 0.61274 0.669872 0.0548077 0.05
0 0.0385321 0.386178 0.957212 0.0526442 0.0727564
0 0.0393072 0.691346 0.526603 0.0240385 0.0416667
0 0.0394383 0.486538 0.821474 0.05 0.0647436
0 0.0398637 0.695312 0.973558 0.0540865 0.0323718
0 0.040318 0.988462 0.963782 0.0230769 0.0435897
0 0.0412425 0.723437 0.0810897 0.0959135 0.0948718
0 0.0417097 0.80601 0.863942 0.0394231 0.0387821
0 0.0418804 0.501803 0.603365 0.0425481 0.0516026
0 0.0433183 0.549279 0.561378 0.0384615 0.0477564
0 0.0438358 0.547957 0.426923 0.0425481 0.0641026
0 0.0458103 0.658293 0.0334936 0.0324519 0.0548077
0 0.047464 0.800361 0.402724 0.0425481 0.0669872
0 0.0483763 0.74399 0.983013 0.0697115 0.0294872
0 0.0488752 0.557452 0.805128 0.05625 0.0429487
0 0.0513845 0.663101 0.785096 0.0290865 0.0355769
0 0.055333 0.222957 0.567468 0.0108173 0.0253205
0 0.0568579 0.465264 0.820192 0.028125 0.0403846
0 0.0586947 0.665745 0.561699 0.0271635 0.0387821
0 0.0617945 0.819111 0.43141 0.0295673 0.0423077
0 0.0643657 0.583894 0.436699 0.0533654 0.0419872
0 0.0680478 0.462019 0.904647 0.0466346 0.0772436
0 0.0686726 0.982813 0.97516 0.034375 0.0445513
0 0.074721 0.604567 0.247276 0.0278846 0.0278846
0 0.0832628 0.129688 0.910417 0.0512019 0.0509615
0 0.0833072 0.485337 0.614904 0.0240385 0.0355769
0 0.0866114 0.811178 0.013141 0.0310096 0.0262821
0 0.0909651 0.744832 0.0772436 0.0449519 0.0621795
0 0.0911917 0.453726 0.810256 0.0463942 0.0570513
0 0.0960753 0.729327 0.0613782 0.0360577 0.0573718
0 0.0971907 0.719231 0.890705 0.0403846 0.0365385
0 0.0994708 0.583894 0.419872 0.0600962 0.0557692
0 0.107818 0.70625 0.700962 0.0302885 0.0596154
0 0.120349 0.783053 0.625962 0.0588942 0.0512821
0 0.130939 0.712019 0.457372 0.0307692 0.0474359
0 0.139325 0.538822 0.579327 0.0569712 0.0708333
0 0.146293 0.773918 0.453365 0.0415865 0.0714744
0 0.152225 0.559255 0.561378 0.0290865 0.038141
0 0.157241 0.919952 0.86234 0.0254808 0.0291667
0 0.160087 0.157572 0.914744 0.0598558 0.0608974
0 0.177755 0.596394 0.729808 0.0471154 0.0685897
0 0.18319 0.895553 0.766506 0.0454327 0.0451923
0 0.193611 0.710817 0.53141 0.0509615 0.0461538
0 0.210916 0.696154 0.0524038 0.105769 0.0721154
0 0.211444 0.484856 0.603365 0.0341346 0.0580128
0 0.217941 0.470313 0.689904 0.0550481 0.0426282
0 0.219549 0.476322 0.590385 0.0348558 0.0711538
0 0.241408 0.704207 0.0483974 0.0497596 0.0647436
0 0.243447 0.780409 0.678686 0.0387019 0.061859
0 0.25154 0.784495 0.367308 0.0497596 0.0423077
0 0.255715 0.439784 0.795833 0.0367788 0.0576923
0 0.256457 0.583293 0.34359 0.0411058 0.0391026
0 0.261936 0.468149 0.573397 0.0290865 0.0544872
0 0.269271 0.657572 0.0487179 0.0478365 0.0782051
0 0.272781 0.53137 0.880609 0.0512019 0.0445513
0 0.273404 0.778005 0.655128 0.0641827 0.105128
0 0.298375 0.809255 0.422276 0.0372596 0.0580128
0 0.312586 0.816827 0.327564 0.0365385 0.0621795
0 0.318871 0.722596 0.807692 0.0557692 0.0378205
0 0.325728 0.765865 0.0945513 0.0379808 0.0544872
0 0.337525 0.735937 0.392788 0.0478365 0.0548077
0 0.356552 0.585697 0.36859 0.0603365 0.0916667
0 0.360916 0.515385 0.842788 0.0581731 0.129167
0 0.364362 0.697716 0.532853 0.0247596 0.0330128
0 0.428723 0.708774 0.714423 0.0209135 0.0423077
0 0.432134 0.904688 0.025641 0.0757212 0.0512821
0 0.447637 0.538341 0.440705 0.0266827 0.0442308
0 0.447935 0.448077 0.905288 0.0524038 0.100962
0 0.449969 0.726202 0.527083 0.0317308 0.0451923
0 0.467911 0.663462 0.280929 0.0581731 0.0727564
0 0.470863 0.673437 0.56875 0.0338942 0.0522436
0 0.476662 0.540024 0.809455 0.0324519 0.0375
0 0.511557 0.814904 0.108494 0.0427885 0.0721154
0 0.563006 0.83726 0.715224 0.0798077 0.0612179
0 0.577733 0.745433 0.210096 0.0557692 0.0644231
0 0.584081 0.149159 0.82516 0.0396635 0.0503205
0 0.59824 0.780889 0.787821 0.0512019 0.0429487
0 0.632466 0.856971 0.0810897 0.0418269 0.0961538
0 0.687981 0.596034 0.633814 0.0819712 0.101603
0 0.704734 0.689062 0.138942 0.0478365 0.0682692
0 0.732756 0.812139 0.240865 0.0848558 0.0964744
