0 0.0313499 0.511899 0.464423 0.0536058 0.0769231
0 0.0330776 0.359615 0.900481 0.0769231 0.0919872
0 0.0337012 0.247115 0.916667 0.322596 0.166026
0 0.0374695 0.211899 0.956571 0.208413 0.0830128
0 0.0387319 0.371995 0.413462 0.0425481 0.0634615
0 0.0409376 0.329087 0.776282 0.0230769 0.0589744
0 0.043305 0.339303 0.818429 0.0661058 0.120833
0 0.0479934 0.0153846 0.425801 0.0307692 0.0977564
0 0.0587335 0.0834135 0.0402244 0.148077 0.0772436
0 0.0623381 0.0231971 0.311218 0.0459135 0.167308
0 0.066468 0.24976 0.98141 0.0591346 0.0371795
0 0.0805649 0.0199519 0.41891 0.0399038 0.222436
0 0.0840034 0.578966 0.600321 0.0483173 0.0416667
0 0.100294 0.198798 0.236378 0.108173 0.0663462
0 0.102934 0.359255 0.88141 0.0502404 0.050641
0 0.107185 0.667909 0.510256 0.0329327 0.116667
0 0.12008 0.0798077 0.178686 0.112019 0.124679
0 0.126727 0.528005 0.461218 0.084375 0.139103
0 0.287242 0.330048 0.806571 0.0365385 0.0977564
0 0.308593 0.393149 0.664904 0.0314904 0.0342949
0 0.373601 0.116707 0.192788 0.221875 0.141346
0 0.552414 0.381851 0.825481 0.0487981 0.0509615
0 0.554842 0.385337 0.423237 0.0826923 0.163141
0 0.720965 0.579207 0.47484 0.186779 0.284295
0 0.723022 0.137019 0.554808 0.0528846 0.132051
0 0.75155 0.109375 0.396795 0.124519 0.0692308
0 0.775886 0.0407452 0.937981 0.0814904 0.124038
0 0.778034 0.301683 0.427885 0.0899038 0.137179
0 0.814371 0.32524 0.551923 0.123558 0.151923
