0 0.0306073 0.201562 0.172276 0.034375 0.0535256
0 0.0308906 0.863221 0.405929 0.0403846 0.0580128
0 0.0311167 0.308654 0.634936 0.025 0.0474359
0 0.0315739 0.0759615 0.793109 0.0317308 0.0451923
0 0.0355336 0.166226 0.374359 0.0213942 0.0410256
0 0.0356191 0.318149 0.630929 0.0362981 0.0586538
0 0.0379437 0.510096 0.669712 0.01875 0.0464744
0 0.0385792 0.885817 0.423077 0.0740385 0.11859
0 0.0402892 0.230889 0.870353 0.0233173 0.038141
0 0.0411497 0.559255 0.448558 0.0420673 0.0516026
0 0.0418777 0.0182692 0.50609 0.0355769 0.0910256
0 0.0423263 0.330168 0.96891 0.0545673 0.0474359
0 0.0439695 0.0304087 0.678846 0.0233173 0.0307692
0 0.0452612 0.29988 0.0174679 0.0180288 0.0349359
0 0.0498705 0.0353365 0.747756 0.0288462 0.0288462
0 0.056608 0.202043 0.281571 0.0319712 0.0490385
0 0.0589568 0.0144231 0.974359 0.0283654 0.0512821
0 0.0604372 0.858413 0.0285256 0.0879808 0.0532051
0 0.0611821 0.259375 0.136699 0.0201923 0.0304487
0 0.0797084 0.171154 0.603205 0.0177885 0.0314103
0 0.0809951 0.00949519 0.564103 0.0170673 0.0365385
0 0.107526 0.874159 0.410417 0.0454327 0.0817308
0 0.110151 0.312139 0.545833 0.0247596 0.0384615
0 0.119057 0.971394 0.952244 0.0572115 0.0923077
0 0.126588 0.142188 0.584135 0.0271635 0.0528846
0 0.147761 0.311659 0.110096 0.0228365 0.0798077
0 0.14917 0.14363 0.458333 0.0257212 0.0589744
0 0.167723 0.522596 0.746314 0.0341346 0.0573718
0 0.170666 0.259375 0.152724 0.0278846 0.0605769
0 0.171034 0.908774 0.970192 0.0790865 0.0570513
0 0.211918 0.953125 0.176763 0.0427885 0.0625
0 0.214748 0.479808 0.334615 0.0134615 0.0365385
0 0.224599 0.932091 0.944712 0.115625 0.110577
0 0.231926 0.219952 0.394551 0.025 0.0403846
0 0.33077 0.695072 0.0955128 0.0540865 0.0846154
0 0.36542 0.0191106 0.955609 0.034375 0.088782
0 0.368914 0.257572 0.30016 0.0228365 0.0407051
0 0.465538 0.337981 0.224679 0.0269231 0.074359
0 0.703329 0.108173 0.808333 0.0716346 0.0634615
