0 0.0350073 0.355769 0.336218 0.0504808 0.0544872
0 0.0371036 0.00853365 0.0916667 0.0165865 0.133974
0 0.0433125 0.0165865 0.664904 0.0331731 0.0483974
0 0.0435908 0.237019 0.335256 0.0596154 0.0897436
0 0.0472311 0.0108173 0.490865 0.0201923 0.0387821
0 0.0487352 0.398798 0.343269 0.0307692 0.0326923
0 0.0567911 0.226923 0.137019 0.0331731 0.063141
0 0.0580711 0.336178 0.316987 0.040625 0.0557692
0 0.0595292 0.728846 0.745673 0.0471154 0.0528846
0 0.0595563 0.522476 0.829006 0.046875 0.0612179
0 0.0603988 0.582812 0.0823718 0.0492788 0.0442308
0 0.0622569 0.440385 0.321154 0.0600962 0.0634615
0 0.0636902 0.458173 0.0128205 0.0485577 0.024359
0 0.0713639 0.30601 0.407372 0.0370192 0.0301282
0 0.0763495 0.663702 0.0209936 0.0740385 0.0419872
0 0.0779536 0.680529 0.0134615 0.0514423 0.0230769
0 0.0875573 0.991226 0.275 0.0175481 0.0641026
0 0.0893174 0.165264 0.26875 0.0310096 0.0464744
0 0.0899911 0.594591 0.0139423 0.0411058 0.0253205
0 0.0983583 0.46274 0.236058 0.0307692 0.0394231
0 0.103183 0.159976 0.277244 0.0151442 0.0301282
0 0.104695 0.799519 0.959615 0.0899038 0.0775641
0 0.109297 0.423678 0.811378 0.059375 0.0580128
0 0.116371 0.604087 0.884615 0.0740385 0.0679487
0 0.118051 0.597115 0.0919872 0.0788462 0.0814103
0 0.137203 0.367909 0.569712 0.0237981 0.0330128
0 0.138842 0.0206731 0.493109 0.0413462 0.0413462
0 0.140826 0.0177885 0.425641 0.0322115 0.0724359
0 0.142559 0.234495 0.123558 0.0276442 0.0791667
0 0.144246 0.392188 0.272917 0.0478365 0.0503205
0 0.151655 0.374519 0.344231 0.0293269 0.0294872
0 0.153222 0.100601 0.441346 0.0569712 0.0621795
0 0.16693 0.410937 0.579808 0.0362981 0.049359
0 0.209389 0.640144 0.0471154 0.0788462 0.0865385
0 0.224861 0.407332 0.379808 0.0454327 0.105128
0 0.243585 0.316106 0.386699 0.0543269 0.0689103
0 0.285346 0.0644231 0.225641 0.0596154 0.0666667
0 0.315115 0.24387 0.941987 0.0646635 0.0480769
0 0.350552 0.187019 0.153045 0.0230769 0.0528846
0 0.401177 0.347115 0.523718 0.0620192 0.0429487
0 0.491651 0.18125 0.261859 0.0350962 0.0557692
0 0.51245 0.0296875 0.440385 0.0579327 0.098718
0 0.549668 0.76875 0.757372 0.0730769 0.0621795
0 0.554837 0.611659 0.0766026 0.109375 0.139744
0 0.654893 0.10601 0.282212 0.0326923 0.0669872
