0 0.0305762 0.11238 0.0467949 0.0290865 0.0326923
0 0.0367209 0.163822 0.05625 0.0507212 0.0695513
0 0.0377269 0.569231 0.480609 0.0394231 0.0458333
0 0.0430033 0.220072 0.977564 0.0588942 0.0448718
0 0.0436536 0.434976 0.246635 0.0252404 0.0496795
0 0.0471175 0.247115 0.896795 0.05625 0.0608974
0 0.0488985 0.48738 0.428205 0.0425481 0.0602564
0 0.049863 0.56262 0.577564 0.0252404 0.05
0 0.0516883 0.169832 0.0607372 0.0324519 0.0445513
0 0.052874 0.378966 0.489583 0.0382212 0.0650641
0 0.0534676 0.075601 0.313942 0.0560096 0.0977564
0 0.0592878 0.796755 0.934615 0.028125 0.0397436
0 0.0717122 0.0598558 0.158814 0.116827 0.104167
0 0.0772464 0.334375 0.429647 0.0432692 0.0496795
0 0.0819809 0.853606 0.973718 0.0870192 0.0525641
0 0.0831709 0.219591 0.0171474 0.0507212 0.0342949
0 0.0894542 0.03125 0.275801 0.0543269 0.0573718
0 0.0942291 0.255889 0.547276 0.0362981 0.0625
0 0.0974305 0.553365 0.563141 0.0389423 0.0634615
0 0.102031 0.16875 0.737821 0.0620192 0.0705128
0 0.102037 0.243269 0.971795 0.0995192 0.0564103
0 0.120523 0.277885 0.524199 0.0442308 0.0644231
0 0.123262 0.45601 0.414583 0.0870192 0.145833
0 0.132832 0.270553 0.0134615 0.0362981 0.0269231
0 0.139147 0.192428 0.105128 0.0574519 0.0775641
0 0.155031 0.0817308 0.174679 0.0533654 0.0929487
0 0.248349 0.0158654 0.0272436 0.0317308 0.0544872
0 0.283731 0.441226 0.63141 0.0560096 0.186538
0 0.316974 0.158774 0.348077 0.0324519 0.0455128
0 0.330447 0.248558 0.422596 0.102404 0.0926282
0 0.378099 0.353365 0.429167 0.0423077 0.0544872
0 0.412179 0.266466 0.533814 0.0348558 0.0689103
0 0.515068 0.152644 0.73109 0.0442308 0.0544872
0 0.52251 0.389543 0.397596 0.040625 0.0669872
0 0.581679 0.30024 0.514744 0.04375 0.0788462
