0 0.0301562 0.882933 0.0801282 0.0572115 0.075
0 0.0315123 0.846755 0.242628 0.0487981 0.0365385
0 0.0335051 0.798197 0.0583333 0.034375 0.0352564
0 0.0343213 0.432452 0.469872 0.0230769 0.0333333
0 0.036749 0.821394 0.0600962 0.0254808 0.0451923
0 0.0390249 0.345913 0.939103 0.113942 0.107692
0 0.0444982 0.804087 0.0698718 0.0543269 0.0608974
0 0.046168 0.765144 0.056891 0.0134615 0.0355769
0 0.0489877 0.990745 0.841346 0.0185096 0.0564103
0 0.0513378 0.628726 0.0467949 0.0487981 0.0852564
0 0.0526497 0.0262019 0.540224 0.0509615 0.0778846
0 0.0653409 0.859615 0.0711538 0.0817308 0.0724359
0 0.0680823 0.176803 0.392628 0.0507212 0.0429487
0 0.111476 0.14976 0.358654 0.0461538 0.0826923
0 0.123503 0.56238 0.46266 0.0300481 0.0701923
0 0.135122 0.498077 0.350641 0.0144231 0.0288462
0 0.143807 0.819231 0.0833333 0.0668269 0.0794872
0 0.169218 0.240745 0.214263 0.0444712 0.0483974
0 0.176295 0.166106 0.382372 0.0475962 0.0448718
0 0.19994 0.139663 0.336538 0.0442308 0.0576923
0 0.237978 0.016226 0.526442 0.0295673 0.0676282
0 0.271312 0.790505 0.0655449 0.0266827 0.0349359
0 0.282264 0.829207 0.100321 0.0449519 0.0570513
0 0.534364 0.537981 0.52516 0.0841346 0.202244
0 0.592562 0.876803 0.0602564 0.0545673 0.0525641
