0 0.0306709 0.0466346 0.700481 0.0548077 0.0689103
0 0.0312974 0.0252404 0.50609 0.0384615 0.0621795
0 0.0351042 0.986659 0.861538 0.0266827 0.0634615
0 0.0392812 0.180168 0.320192 0.0334135 0.0583333
0 0.0429309 0.933654 0.881731 0.0456731 0.0589744
0 0.0431322 0.55601 0.396635 0.0326923 0.0349359
0 0.0435478 0.262861 0.0240385 0.0612981 0.0384615
0 0.045777 0.447236 0.718109 0.0713942 0.063141
0 0.0548832 0.31887 0.956571 0.0699519 0.086859
0 0.0568686 0.59363 0.981571 0.0588942 0.036218
0 0.0623311 0.291707 0.0206731 0.0449519 0.0413462
0 0.0626528 0.215505 0.0125 0.0507212 0.025
0 0.0776438 0.667668 0.973878 0.046875 0.0477564
0 0.0794609 0.171995 0.399199 0.0314904 0.0407051
0 0.0815686 0.98738 0.521795 0.0237981 0.0589744
0 0.0830058 0.0194712 0.51234 0.0389423 0.118269
0 0.0875801 0.97524 0.976442 0.0495192 0.0471154
0 0.0881403 0.345313 0.0389423 0.0367788 0.0644231
0 0.0945032 0.0985577 0.517308 0.0485577 0.0692308
0 0.123167 0.65601 0.858333 0.0576923 0.0967949
0 0.134988 0.192548 0.0160256 0.0389423 0.0320513
0 0.144711 0.272115 0.0363782 0.0586538 0.0689103
0 0.146675 0.0185096 0.121314 0.0370192 0.0644231
0 0.216805 0.065625 0.66859 0.0610577 0.0564103
0 0.241496 0.279808 0.71843 0.0432692 0.0407051
0 0.263379 0.980048 0.876282 0.0399038 0.0692308
0 0.353908 0.0558894 0.687019 0.0877404 0.0913462
