0 0.0381535 0.592188 0.623718 0.0391827 0.0762821
0 0.0421756 0.00901442 0.913942 0.0161058 0.0650641
0 0.0422029 0.289543 0.819391 0.0286058 0.0464744
0 0.0425818 0.983534 0.974519 0.0329327 0.0509615
0 0.0473007 0.0174279 0.968269 0.0348558 0.0634615
0 0.0493944 0.147356 0.465705 0.0399038 0.0519231
0 0.0522364 0.450361 0.878846 0.028125 0.0512821
0 0.0816508 0.311779 0.83109 0.05625 0.0538462
0 0.0933073 0.65649 0.0596154 0.137981 0.119231
0 0.0941631 0.0114183 0.941667 0.0228365 0.105128
0 0.275271 0.298918 0.817949 0.0439904 0.0634615
0 0.316177 0.326562 0.71891 0.034375 0.0608974
0 0.322157 0.63113 0.299199 0.0425481 0.0721154
0 0.401779 0.0246394 0.688462 0.0372596 0.0455128
