0 0.0304438 0.484014 0.381571 0.0382212 0.0471154
0 0.0306116 0.407332 0.577083 0.0372596 0.0580128
0 0.0319473 0.400962 0.592788 0.0288462 0.0407051
0 0.0335982 0.410577 0.312179 0.0370192 0.0608974
0 0.0354694 0.419111 0.66234 0.0545673 0.0400641
0 0.0367981 0.386659 0.662179 0.0391827 0.0448718
0 0.0379959 0.210216 0.192147 0.0194712 0.0375
0 0.039286 0.45024 0.480609 0.0620192 0.0637821
0 0.040238 0.44351 0.311699 0.0677885 0.107372
0 0.0436576 0.452644 0.286378 0.0399038 0.0605769
0 0.0520699 0.203125 0.185256 0.0331731 0.0410256
0 0.0540992 0.409255 0.168109 0.0165865 0.0272436
0 0.0558377 0.18149 0.376122 0.0274038 0.0560897
0 0.0588938 0.546755 0.5875 0.028125 0.0692308
0 0.0638743 0.983894 0.536058 0.0293269 0.108013
0 0.0771932 0.423558 0.406571 0.0158654 0.0323718
0 0.0840302 0.434495 0.271474 0.0454327 0.073718
0 0.0921277 0.430769 0.261378 0.0322115 0.0413462
0 0.100691 0.767788 0.649679 0.464423 0.700641
0 0.114934 0.453966 0.278365 0.0189904 0.0253205
0 0.117214 0.609615 0.155288 0.0235577 0.0503205
0 0.119098 0.434736 0.333494 0.0459135 0.0496795
0 0.125679 0.303966 0.931731 0.0521635 0.0435897
0 0.127767 0.544591 0.611218 0.0194712 0.0320513
0 0.151814 0.0441106 0.455609 0.0382212 0.0445513
0 0.157946 0.464063 0.449679 0.0425481 0.0564103
0 0.22911 0.378726 0.160737 0.0228365 0.0336538
0 0.252026 0.397476 0.671955 0.0608173 0.0605769
0 0.256544 0.20024 0.203205 0.0235577 0.0576923
0 0.270779 0.399639 0.295994 0.015625 0.0400641
0 0.364532 0.448678 0.496955 0.0329327 0.0464744
0 0.385467 0.549279 0.374199 0.0350962 0.0522436
0 0.471022 0.552284 0.570032 0.021875 0.0522436
0 0.535278 0.247115 0.201122 0.0230769 0.0439103
0 0.569893 0.458413 0.214263 0.0504808 0.0689103
0 0.575016 0.49375 0.374519 0.0211538 0.0471154
0 0.648283 0.028726 0.344712 0.0574519 0.0753205
0 0.691577 0.609495 0.387981 0.0550481 0.0849359
