0 0.0301956 0.959375 0.989103 0.0769231 0.0205128
0 0.0303474 0.609856 0.352083 0.0158654 0.0272436
0 0.0306592 0.214423 0.281891 0.025 0.0304487
0 0.030661 0.24375 0.559455 0.0240385 0.0310897
0 0.0317395 0.320553 0.757212 0.0612981 0.0394231
0 0.0320377 0.397476 0.0809295 0.0276442 0.0657051
0 0.0320745 0.0766827 0.164744 0.0403846 0.0391026
0 0.0324783 0.109135 0.109776 0.0370192 0.0522436
0 0.0333829 0.742067 0.471314 0.0798077 0.063141
0 0.0338359 0.235697 0.65641 0.0334135 0.0423077
0 0.0339186 0.588462 0.46891 0.0605769 0.0403846
0 0.0339417 0.375721 0.644551 0.0230769 0.0352564
0 0.0340362 0.382572 0.155609 0.0314904 0.0573718
0 0.0343882 0.86863 0.0125 0.0459135 0.025
0 0.0355044 0.402885 0.291026 0.0177885 0.0352564
0 0.0357016 0.172115 0.984936 0.0716346 0.025
0 0.035918 0.237139 0.625481 0.0242788 0.0272436
0 0.0376236 0.0451923 0.864263 0.0451923 0.0522436
0 0.0379969 0.46226 0.394231 0.0259615 0.0365385
0 0.0386554 0.114543 0.967788 0.096875 0.0612179
0 0.0441391 0.255288 0.235577 0.0235577 0.024359
0 0.0451231 0.349279 0.68125 0.0322115 0.0342949
0 0.0455863 0.315024 0.456731 0.0266827 0.0487179
0 0.0458511 0.0680288 0.876442 0.0600962 0.061859
0 0.0463211 0.0790865 0.971154 0.0721154 0.0461538
0 0.0469261 0.361418 0.501603 0.0199519 0.0358974
0 0.0470802 0.716947 0.48141 0.0300481 0.049359
0 0.0474915 0.236659 0.676122 0.0348558 0.0657051
0 0.0479459 0.408173 0.471955 0.0274038 0.0657051
0 0.0484719 0.234856 0.809135 0.0288462 0.0528846
0 0.0497544 0.0829327 0.945994 0.0639423 0.0798077
0 0.0499744 0.788221 0.013141 0.0466346 0.0217949
0 0.0516858 0.0840144 0.895353 0.0987981 0.115705
0 0.0548806 0.22512 0.896154 0.0324519 0.0448718
0 0.0557578 0.0292067 0.892147 0.034375 0.0586538
0 0.0561436 0.567548 0.0376603 0.0201923 0.0304487
0 0.0584512 0.0371394 0.792788 0.0670673 0.0676282
0 0.0588169 0.363101 0.501603 0.0295673 0.0551282
0 0.0597012 0.217067 0.110577 0.0423077 0.0551282
0 0.0598041 0.507332 0.600321 0.0348558 0.0519231
0 0.0613867 0.817187 0.165064 0.0266827 0.0365385
0 0.0620954 0.0764423 0.811058 0.0447115 0.0490385
0 0.0628971 0.201803 0.295192 0.0295673 0.0275641
0 0.0636226 0.750601 0.0134615 0.0516827 0.0269231
0 0.0646113 0.0195913 0.84391 0.0391827 0.0685897
0 0.072309 0.520192 0.912821 0.0346154 0.0314103
0 0.0751369 0.0153846 0.78734 0.0288462 0.0541667
0 0.0755149 0.083774 0.917308 0.046875 0.0461538
0 0.0763863 0.164303 0.974519 0.0800481 0.0451923
0 0.0779609 0.970793 0.980288 0.0584135 0.0394231
0 0.0811795 0.388221 0.579327 0.0153846 0.0278846
0 0.0813318 0.114543 0.866827 0.0954327 0.0798077
0 0.0824908 0.38762 0.226763 0.0439904 0.0560897
0 0.0914402 0.56274 0.0261218 0.0269231 0.0464744
0 0.0919441 0.182812 0.936859 0.0348558 0.0487179
0 0.0932488 0.268269 0.983333 0.0884615 0.0333333
0 0.0949738 0.194471 0.98125 0.0740385 0.0330128
0 0.0969425 0.0609375 0.834135 0.0632212 0.0753205
0 0.0991969 0.616707 0.018109 0.0213942 0.036218
0 0.100265 0.642187 0.263622 0.0314904 0.0599359
0 0.109779 0.539663 0.313462 0.0461538 0.0378205
0 0.112412 0.529928 0.169551 0.040625 0.050641
0 0.125303 0.0703125 0.175641 0.0401442 0.0403846
0 0.125349 0.228005 0.659936 0.0276442 0.0294872
0 0.131546 0.418389 0.369712 0.0367788 0.0439103
0 0.132763 0.188462 0.961538 0.0576923 0.0730769
0 0.136763 0.25012 0.707692 0.0411058 0.0435897
0 0.142109 0.808654 0.159615 0.0451923 0.0487179
0 0.142857 0.590385 0.290545 0.0399038 0.0791667
0 0.157089 0.429567 0.377885 0.0591346 0.0608974
0 0.160928 0.0891827 0.872436 0.0490385 0.0583333
0 0.162535 0.207452 0.0907051 0.0399038 0.0653846
0 0.168351 0.602284 0.1625 0.028125 0.0339744
0 0.177388 0.39387 0.0655449 0.0137019 0.0522436
0 0.197359 0.281851 0.0730769 0.0161058 0.0384615
0 0.20665 0.0152644 0.910256 0.0286058 0.0596154
0 0.217412 0.350361 0.743109 0.0492788 0.0605769
0 0.222372 0.444231 0.396314 0.0480769 0.0548077
0 0.241851 0.0123798 0.837821 0.0247596 0.0429487
0 0.247559 0.540505 0.91891 0.0483173 0.0448718
0 0.261581 0.202163 0.794391 0.0480769 0.0528846
0 0.268665 0.322115 0.450641 0.0341346 0.075
0 0.277763 0.344471 0.302244 0.0490385 0.0576923
0 0.306438 0.0627404 0.807051 0.0610577 0.073718
0 0.317953 0.0467548 0.970192 0.0935096 0.0564103
0 0.318323 0.26863 0.322917 0.11899 0.10609
0 0.320988 0.141466 0.953686 0.0521635 0.0778846
0 0.322746 0.246154 0.290865 0.0269231 0.0400641
0 0.352607 0.766226 0.0184295 0.0622596 0.0349359
0 0.363881 0.567909 0.523718 0.0271635 0.0346154
0 0.364707 0.248197 0.791827 0.0305288 0.0471154
0 0.365309 0.555649 0.0165064 0.0334135 0.0330128
0 0.379427 0.519111 0.173558 0.021875 0.0528846
0 0.397545 0.212139 0.891667 0.0430288 0.0589744
0 0.398006 0.602524 0.461058 0.0449519 0.0413462
0 0.416123 0.208774 0.974679 0.0411058 0.0474359
0 0.418797 0.433413 0.110417 0.0197115 0.036218
0 0.460513 0.603365 0.403045 0.0360577 0.0445513
0 0.496728 0.400601 0.191987 0.0295673 0.0487179
0 0.51618 0.988221 0.607532 0.0225962 0.0778846
0 0.546042 0.47524 0.241827 0.0206731 0.0432692
0 0.558803 0.147957 0.875641 0.0584135 0.0608974
0 0.57646 0.104567 0.127885 0.0423077 0.0705128
0 0.624007 0.380409 0.249679 0.0266827 0.0346154
0 0.647768 0.638341 0.179808 0.0877404 0.149359
0 0.654845 0.450361 0.473077 0.0262019 0.0474359
0 0.661595 0.0540865 0.710417 0.0264423 0.0458333
0 0.669909 0.279567 0.496314 0.0302885 0.0682692
0 0.704758 0.744712 0.0616987 0.0322115 0.0375
