0 0.0322082 0.282692 0.980128 0.0783654 0.0397436
0 0.0363266 0.108894 0.0602564 0.0408654 0.0416667
0 0.0392597 0.207091 0.985577 0.0487981 0.025
0 0.0408463 0.0459135 0.975641 0.0889423 0.0487179
0 0.0432368 0.488462 0.583173 0.0144231 0.0342949
0 0.0545857 0.222596 0.980769 0.0620192 0.0384615
0 0.060118 0.820793 0.846795 0.0737981 0.0653846
0 0.0613821 0.717308 0.0706731 0.0293269 0.0612179
0 0.0725652 0.0174279 0.463942 0.0310096 0.086859
0 0.0849171 0.515264 0.514744 0.0555288 0.0467949
0 0.154606 0.358173 0.335096 0.0350962 0.036218
0 0.381735 0.24988 0.203526 0.0314904 0.0365385
0 0.519327 0.0237981 0.87516 0.0471154 0.0541667
0 0.519542 0.303125 0.0275641 0.0245192 0.0474359
0 0.633967 0.395312 0.267468 0.0502404 0.0625
