0 0.0300624 0.619231 0.984936 0.0730769 0.0294872
0 0.0306615 0.84351 0.951442 0.0822115 0.0714744
0 0.0312627 0.807933 0.953686 0.0576923 0.0682692
0 0.0315059 0.0199519 0.379167 0.0399038 0.162821
0 0.0330464 0.264543 0.0331731 0.0507212 0.0528846
0 0.0342888 0.36899 0.673878 0.0504808 0.063141
0 0.034787 0.0233173 0.427404 0.0384615 0.0682692
0 0.0349746 0.153005 0.0576923 0.0435096 0.0679487
0 0.0358026 0.340865 0.912019 0.0235577 0.0278846
0 0.0366897 0.279447 0.0717949 0.0252404 0.0384615
0 0.0377994 0.627163 0.761058 0.0173077 0.0387821
0 0.0393139 0.67524 0.946795 0.0923077 0.0967949
0 0.0406111 0.222957 0.391506 0.0290865 0.0330128
0 0.0414446 0.803486 0.919872 0.0362981 0.0692308
0 0.0434343 0.857212 0.984295 0.0629808 0.0237179
0 0.0439431 0.403606 0.321474 0.0230769 0.05
0 0.0462925 0.250721 0.178205 0.0245192 0.0384615
0 0.0482462 0.169832 0.50625 0.0382212 0.0426282
0 0.0498416 0.70601 0.829968 0.0475962 0.0990385
0 0.0521176 0.342067 0.658013 0.0533654 0.0442308
0 0.0539311 0.544712 0.120833 0.0375 0.0525641
0 0.0540756 0.0284856 0.623077 0.0555288 0.0820513
0 0.0541723 0.0365385 0.790705 0.0466346 0.0538462
0 0.0545802 0.481851 0.885737 0.0319712 0.0541667
0 0.0549525 0.379808 0.670032 0.0254808 0.0471154
0 0.0578993 0.345913 0.621314 0.0211538 0.0310897
0 0.0594293 0.670313 0.767949 0.0334135 0.050641
0 0.0611915 0.860817 0.108974 0.0293269 0.0455128
0 0.064724 0.267788 0.397917 0.0860577 0.0682692
0 0.071171 0.838221 0.98141 0.0889423 0.0365385
0 0.0725286 0.517548 0.0615385 0.0278846 0.0660256
0 0.0792559 0.677885 0.767628 0.0216346 0.0339744
0 0.0821267 0.0341346 0.340705 0.0682692 0.0724359
0 0.0898892 0.0358173 0.980929 0.0673077 0.038141
0 0.115885 0.444591 0.81891 0.0353365 0.0435897
0 0.117906 0.14351 0.0405449 0.0485577 0.0477564
0 0.132876 0.390625 0.321154 0.05 0.0538462
0 0.160266 0.798918 0.983333 0.0512019 0.0333333
0 0.168536 0.967067 0.0227564 0.0389423 0.0455128
0 0.194151 0.86226 0.927885 0.0389423 0.0685897
0 0.214226 0.623558 0.959455 0.0596154 0.0548077
0 0.224145 0.283534 0.406731 0.0473558 0.0641026
0 0.228431 0.697476 0.917788 0.0454327 0.0766026
0 0.230597 0.0146635 0.422276 0.0293269 0.0971154
0 0.236188 0.709375 0.869712 0.0471154 0.135577
0 0.2441 0.37488 0.316987 0.028125 0.0596154
0 0.272955 0.967428 0.0536859 0.0512019 0.107372
0 0.346145 0.138582 0.256891 0.0324519 0.0509615
0 0.358453 0.679207 0.0496795 0.0286058 0.075
0 0.600392 0.657572 0.7875 0.0338942 0.0839744
