0 0.0308578 0.109976 0.0665064 0.0733173 0.102244
0 0.0310035 0.0219952 0.264423 0.0401442 0.116667
0 0.0314567 0.110337 0.174199 0.0625 0.128526
0 0.0317288 0.825 0.274679 0.0336538 0.050641
0 0.0323451 0.980889 0.0786859 0.0382212 0.0913462
0 0.0325158 0.327284 0.1125 0.015625 0.05
0 0.0330751 0.327885 0.316346 0.0225962 0.0320513
0 0.0338627 0.00865385 0.5625 0.0153846 0.117308
0 0.0346872 0.0706731 0.259776 0.0375 0.0836538
0 0.0365604 0.0176683 0.58141 0.034375 0.110256
0 0.0366291 0.0532452 0.770994 0.0334135 0.0298077
0 0.0369351 0.144111 0.0233974 0.0454327 0.0455128
0 0.0374767 0.0584135 0.857532 0.0716346 0.0599359
0 0.0384943 0.0106971 0.606891 0.0185096 0.088782
0 0.0402778 0.0293269 0.0320513 0.0543269 0.0641026
0 0.0405505 0.0320913 0.467628 0.040625 0.0519231
0 0.0406225 0.0872596 0.771314 0.0485577 0.0490385
0 0.0411625 0.282572 0.984455 0.0463942 0.0278846
0 0.041224 0.277524 0.305449 0.0372596 0.0564103
0 0.0421084 0.0127404 0.958814 0.0240385 0.0714744
0 0.0452093 0.327885 0.324038 0.0298077 0.0660256
0 0.0458775 0.129087 0.978365 0.0716346 0.0432692
0 0.0522466 0.320793 0.983173 0.0603365 0.0298077
0 0.0530362 0.0866587 0.104808 0.0550481 0.0871795
0 0.0536231 0.191947 0.527724 0.0242788 0.0458333
0 0.0537445 0.0721154 0.757532 0.0451923 0.0387821
0 0.0542413 0.619591 0.973718 0.0612981 0.0480769
0 0.0544138 0.0407452 0.978365 0.0675481 0.0432692
0 0.0559141 0.205048 0.741346 0.0384615 0.0852564
0 0.0560665 0.0320913 0.303045 0.0641827 0.126603
0 0.0599025 0.052524 0.256891 0.0733173 0.130449
0 0.0620663 0.0861779 0.182051 0.0848558 0.158974
0 0.0629188 0.323317 0.635096 0.0480769 0.0708333
0 0.0633321 0.315264 0.305769 0.0367788 0.0608974
0 0.0679378 0.225 0.854808 0.0317308 0.0448718
0 0.067982 0.438101 0.846154 0.0391827 0.0878205
0 0.0746063 0.391466 0.899038 0.0512019 0.0833333
0 0.0777078 0.404687 0.720192 0.0507212 0.119872
0 0.0790879 0.0217548 0.871795 0.0382212 0.101282
0 0.0791484 0.635096 0.952083 0.0754808 0.0958333
0 0.082968 0.0734375 0.84984 0.0367788 0.0580128
0 0.0834038 0.452644 0.984135 0.0557692 0.0317308
0 0.0854982 0.148798 0.248237 0.0432692 0.0663462
0 0.0867615 0.379207 0.889744 0.0295673 0.0557692
0 0.0884874 0.288462 0.980609 0.0725962 0.0387821
0 0.0939183 0.336178 0.355449 0.0314904 0.0878205
0 0.0947966 0.217909 0.839103 0.0367788 0.0724359
0 0.0955951 0.222236 0.453846 0.0415865 0.0775641
0 0.0962638 0.0354567 0.758494 0.0608173 0.0586538
0 0.0998628 0.0254808 0.626923 0.0307692 0.0570513
0 0.100191 0.204207 0.384295 0.0387019 0.0538462
0 0.109041 0.0266827 0.207853 0.0475962 0.0785256
0 0.109531 0.843029 0.971314 0.0980769 0.0503205
0 0.110107 0.350361 0.792468 0.0319712 0.0791667
0 0.11717 0.028726 0.59407 0.046875 0.0695513
0 0.12174 0.185577 0.786218 0.0721154 0.0730769
0 0.1235 0.38738 0.215224 0.0463942 0.113141
0 0.123825 0.42476 0.883814 0.0528846 0.152885
0 0.12417 0.830409 0.905288 0.0560096 0.0791667
0 0.126799 0.265385 0.794712 0.0201923 0.0355769
0 0.128008 0.0222356 0.0604167 0.0444712 0.120833
0 0.140787 0.414303 0.901122 0.0454327 0.0996795
0 0.144137 0.233173 0.283814 0.0581731 0.0721154
0 0.149462 0.0209135 0.970673 0.0413462 0.0586538
0 0.154765 0.25613 0.441026 0.065625 0.0698718
0 0.168531 0.665745 0.124359 0.0329327 0.115385
0 0.174235 0.377163 0.519551 0.025 0.0339744
0 0.19868 0.253966 0.630128 0.0310096 0.0730769
0 0.265258 0.0623798 0.169872 0.0925481 0.294231
0 0.272165 0.0359375 0.233654 0.0680288 0.244231
0 0.323049 0.246514 0.153365 0.0661058 0.0951923
0 0.328357 0.127163 0.510737 0.0423077 0.0586538
0 0.346676 0.0170673 0.487821 0.0341346 0.0634615
0 0.387119 0.133894 0.0349359 0.0370192 0.0666667
0 0.399599 0.325481 0.909455 0.0524038 0.116987
0 0.409494 0.0691106 0.145994 0.0329327 0.0490385
0 0.417312 0.421154 0.192468 0.0538462 0.166346
0 0.41758 0.106851 0.773077 0.0598558 0.0621795
0 0.434631 0.291466 0.325801 0.0411058 0.0689103
0 0.448576 0.117308 0.194071 0.0701923 0.0657051
0 0.454515 0.45649 0.540865 0.0403846 0.0823718
0 0.457034 0.182572 0.786218 0.0454327 0.05
0 0.501578 0.046274 0.737019 0.0882212 0.0791667
0 0.52514 0.206851 0.331891 0.0497596 0.0695513
0 0.564728 0.842668 0.93125 0.0997596 0.1375
0 0.617889 0.943269 0.929487 0.0961538 0.134615
0 0.812399 0.489303 0.220994 0.0752404 0.150962
