0 0.0303173 0.60601 0.979487 0.0798077 0.0391026
0 0.032257 0.385577 0.611859 0.01875 0.0378205
0 0.034303 0.658413 0.966026 0.0576923 0.0621795
0 0.0353814 0.95601 0.0238782 0.0879808 0.0477564
0 0.0356013 0.0292067 0.395673 0.0545673 0.0516026
0 0.0366506 0.385096 0.625801 0.0288462 0.0592949
0 0.0370724 0.0129808 0.713141 0.0230769 0.0544872
0 0.0375265 0.442788 0.858173 0.0447115 0.0490385
0 0.0386121 0.392428 0.984615 0.0617788 0.0275641
0 0.0403571 0.427885 0.861058 0.0259615 0.0419872
0 0.0426196 0.489423 0.891026 0.0211538 0.0378205
0 0.0429412 0.466346 0.861859 0.0288462 0.0467949
0 0.0437149 0.486178 0.636378 0.0223558 0.0451923
0 0.0441763 0.467548 0.721474 0.0543269 0.0519231
0 0.0451284 0.107933 0.56282 0.01875 0.049359
0 0.0455616 0.276322 0.984295 0.0223558 0.0288462
0 0.0461395 0.420793 0.979647 0.0295673 0.0407051
0 0.0468508 0.0300481 0.657853 0.0399038 0.109936
0 0.0507383 0.0108173 0.948878 0.0177885 0.0753205
0 0.0522584 0.190264 0.98141 0.0675481 0.0371795
0 0.05227 0.965865 0.96266 0.0634615 0.0746795
0 0.0525045 0.00901442 0.550801 0.0175481 0.0483974
0 0.0550872 0.0866587 0.985737 0.0492788 0.0253205
0 0.055099 0.478606 0.851603 0.0355769 0.0782051
0 0.057216 0.56238 0.975481 0.0805288 0.0464744
0 0.0576219 0.0134615 0.983333 0.0269231 0.0333333
0 0.0578172 0.480168 0.625 0.0185096 0.0352564
0 0.0586263 0.100361 0.543269 0.0276442 0.0326923
0 0.0594782 0.105168 0.516987 0.0295673 0.0429487
0 0.0602063 0.581971 0.984295 0.0596154 0.024359
0 0.0635264 0.45649 0.856891 0.0341346 0.0413462
0 0.0688804 0.544231 0.959135 0.0418269 0.0650641
0 0.0713651 0.0234375 0.975801 0.0362981 0.0458333
0 0.0715202 0.485697 0.72484 0.0449519 0.0663462
0 0.0715533 0.436659 0.736699 0.0194712 0.036218
0 0.0717226 0.424279 0.62484 0.0129808 0.0298077
0 0.0857065 0.101683 0.982692 0.0600962 0.0346154
0 0.088953 0.112861 0.561699 0.0324519 0.0753205
0 0.0917067 0.392548 0.976442 0.0802885 0.0471154
0 0.0946796 0.15012 0.697276 0.0242788 0.0387821
0 0.0956956 0.199399 0.757051 0.0348558 0.098718
0 0.102006 0.113702 0.571154 0.0182692 0.0487179
0 0.108127 0.461058 0.930128 0.0168269 0.0294872
0 0.124053 0.235577 0.982372 0.0605769 0.0352564
0 0.133967 0.222236 0.984615 0.0516827 0.025641
0 0.138626 0.201562 0.781731 0.0353365 0.0461538
0 0.147634 0.302043 0.76859 0.0233173 0.0403846
0 0.156245 0.322115 0.689583 0.0206731 0.0400641
0 0.160753 0.482812 0.772276 0.0391827 0.0419872
0 0.161394 0.841827 0.582532 0.0317308 0.0336538
0 0.165675 0.61851 0.466987 0.0254808 0.0448718
0 0.169206 0.488341 0.781891 0.0266827 0.0342949
0 0.169304 0.523918 0.539904 0.0358173 0.0810897
0 0.172835 0.48149 0.708013 0.0269231 0.0282051
0 0.192692 0.266827 0.974519 0.0355769 0.0432692
0 0.206389 0.377043 0.973558 0.0329327 0.0528846
0 0.207437 0.534135 0.856891 0.0221154 0.0400641
0 0.221507 0.500962 0.736378 0.0254808 0.0394231
0 0.228077 0.383293 0.646795 0.0435096 0.0955128
0 0.243221 0.844712 0.69391 0.0254808 0.0532051
0 0.24726 0.444351 0.732212 0.0305288 0.0349359
0 0.269418 0.114784 0.503686 0.0492788 0.0413462
0 0.315619 0.0163462 0.964744 0.0326923 0.0705128
0 0.326605 0.194111 0.788462 0.0237981 0.0339744
0 0.358611 0.349159 0.979167 0.0233173 0.0416667
0 0.440646 0.9 0.462019 0.0370192 0.0733974
0 0.50567 0.121514 0.587019 0.0175481 0.0407051
0 0.506894 0.474038 0.759615 0.0245192 0.0410256
0 0.520248 0.0278846 0.323558 0.0557692 0.0509615
0 0.696126 0.236659 0.482692 0.0603365 0.0762821
0 0.717984 0.980288 0.582692 0.0379808 0.0705128
