0 0.0301012 0.42476 0.209295 0.075 0.0961538
0 0.030222 0.39387 0.0323718 0.0310096 0.0589744
0 0.0318489 0.378005 0.757532 0.0699519 0.0580128
0 0.0320026 0.431971 0.886058 0.0384615 0.0496795
0 0.0322267 0.495313 0.710417 0.0237981 0.0413462
0 0.0322978 0.247115 0.719231 0.0586538 0.0532051
0 0.0327924 0.333534 0.972596 0.0766827 0.0471154
0 0.0329819 0.0137019 0.430288 0.0274038 0.116987
0 0.0336345 0.391947 0.515705 0.0391827 0.0705128
0 0.034267 0.360216 0.51891 0.0487981 0.0538462
0 0.0344766 0.157091 0.68734 0.0637019 0.0740385
0 0.0361229 0.323317 0.941186 0.0576923 0.0830128
0 0.0375504 0.243149 0.388942 0.0401442 0.0554487
0 0.0382174 0.362019 0.429167 0.0235577 0.0346154
0 0.0391469 0.861178 0.58141 0.0290865 0.05
0 0.0399277 0.575601 0.277885 0.0526442 0.0724359
0 0.0403505 0.00973558 0.0860577 0.0194712 0.0900641
0 0.0411917 0.231851 0.977885 0.0800481 0.0442308
0 0.0416146 0.520673 0.0408654 0.0947115 0.0817308
0 0.041823 0.511418 0.538942 0.0574519 0.0708333
0 0.0421079 0.167909 0.929968 0.0997596 0.0573718
0 0.0423984 0.973197 0.649359 0.0439904 0.0512821
0 0.0430432 0.694591 0.580609 0.0377404 0.0727564
0 0.0440978 0.592188 0.0334936 0.0665865 0.0669872
0 0.0454056 0.0435096 0.733013 0.0355769 0.0358974
0 0.0463189 0.436779 0.24359 0.0538462 0.0916667
0 0.0465383 0.202524 0.794712 0.117548 0.0919872
0 0.0478622 0.919832 0.544872 0.0348558 0.0544872
0 0.0486294 0.409135 0.375321 0.0480769 0.0519231
0 0.0504374 0.412861 0.681571 0.078125 0.0509615
0 0.051192 0.555649 0.297115 0.0228365 0.0448718
0 0.0533017 0.575601 0.421474 0.0295673 0.0564103
0 0.0552361 0.58101 0.374519 0.0283654 0.0560897
0 0.0563385 0.365986 0.764103 0.0415865 0.0371795
0 0.0564196 0.286538 0.668109 0.0740385 0.0778846
0 0.0566022 0.486538 0.574038 0.0456731 0.0602564
0 0.0568046 0.344952 0.551603 0.0658654 0.0647436
0 0.0571023 0.421635 0.0923077 0.0408654 0.0461538
0 0.0575383 0.495072 0.48734 0.0387019 0.0753205
0 0.0583134 0.460337 0.203205 0.0658654 0.10641
0 0.0595156 0.19351 0.649519 0.0427885 0.0522436
0 0.0595796 0.555529 0.596474 0.0350962 0.124359
0 0.0617516 0.35649 0.642468 0.0528846 0.0496795
0 0.0635431 0.446875 0.844231 0.0528846 0.074359
0 0.0646088 0.170072 0.789103 0.0420673 0.0455128
0 0.0702055 0.0667067 0.423237 0.0507212 0.0932692
0 0.0709211 0.158654 0.322436 0.0432692 0.0474359
0 0.0722624 0.0688702 0.492628 0.0372596 0.074359
0 0.0739929 0.189663 0.0498397 0.0163462 0.0272436
0 0.0753504 0.618029 0.516186 0.0466346 0.088782
0 0.076358 0.557091 0.305449 0.0435096 0.0692308
0 0.0771843 0.494952 0.471154 0.03125 0.0416667
0 0.0772523 0.616827 0.499679 0.0341346 0.0416667
0 0.0783592 0.108894 0.0238782 0.0341346 0.0477564
0 0.080185 0.661899 0.564103 0.0127404 0.0416667
0 0.0864656 0.989663 0.615224 0.0206731 0.0791667
0 0.0898961 0.464543 0.180288 0.0512019 0.0637821
0 0.0911581 0.146514 0.98734 0.0737981 0.0221154
0 0.0917895 0.146154 0.149359 0.0461538 0.0621795
0 0.0920374 0.282813 0.971474 0.0978365 0.0570513
0 0.0955841 0.640264 0.490705 0.0180288 0.0333333
0 0.0959475 0.205409 0.975641 0.0694712 0.0435897
0 0.0965548 0.0695913 0.520032 0.040625 0.0746795
0 0.107336 0.485096 0.0355769 0.0346154 0.0711538
0 0.107581 0.665745 0.432212 0.0209135 0.0323718
0 0.108002 0.422236 0.0873397 0.0545673 0.0772436
0 0.108164 0.407813 0.764904 0.0920673 0.0862179
0 0.111731 0.407452 0.781731 0.0370192 0.0538462
0 0.111743 0.869471 0.977244 0.0841346 0.0455128
0 0.112569 0.0254808 0.388301 0.0509615 0.122756
0 0.114075 0.128846 0.309776 0.1125 0.086859
0 0.121877 0.72488 0.622436 0.0377404 0.0692308
0 0.12626 0.292428 0.916667 0.0858173 0.105128
0 0.132817 0.595553 0.0304487 0.0353365 0.0512821
0 0.135254 0.625841 0.024359 0.0401442 0.0403846
0 0.143348 0.0510817 0.392308 0.0338942 0.0628205
0 0.157292 0.454327 0.862821 0.0610577 0.049359
0 0.161238 0.1625 0.979487 0.10625 0.0410256
0 0.16963 0.571875 0.433173 0.0163462 0.0451923
0 0.170784 0.0753606 0.45016 0.0473558 0.0951923
0 0.172897 0.182091 0.95609 0.103606 0.0846154
0 0.173817 0.647356 0.274359 0.0610577 0.0698718
0 0.180143 0.398678 0.379647 0.0170673 0.038141
0 0.183899 0.0895433 0.855769 0.0704327 0.0846154
0 0.193892 0.140745 0.160737 0.0319712 0.0400641
0 0.195765 0.560337 0.320192 0.0778846 0.125641
0 0.210771 0.441587 0.874359 0.0466346 0.0564103
0 0.214418 0.913942 0.019391 0.0509615 0.0387821
0 0.226504 0.590625 0.363301 0.0394231 0.0516026
0 0.227796 0.296154 0.655769 0.0543269 0.0474359
0 0.231831 0.0748798 0.547115 0.0425481 0.0429487
0 0.238512 0.0140625 0.393429 0.0266827 0.0900641
0 0.252194 0.49351 0.516827 0.0427885 0.0708333
0 0.25969 0.719952 0.100801 0.075 0.0439103
0 0.268452 0.534255 0.344551 0.0310096 0.0775641
0 0.293454 0.163341 0.208974 0.0401442 0.0403846
0 0.298508 0.394351 0.0652244 0.0439904 0.0464744
0 0.300907 0.435337 0.691026 0.0802885 0.0602564
0 0.318092 0.347356 0.269231 0.0355769 0.0544872
0 0.319239 0.271514 0.445673 0.0473558 0.0471154
0 0.323995 0.184976 0.259135 0.0382212 0.0695513
0 0.329765 0.537861 0.538301 0.0209135 0.0445513
0 0.331114 0.611418 0.0251603 0.0713942 0.0503205
0 0.334079 0.0127404 0.0564103 0.025 0.109615
0 0.363039 0.408774 0.0788462 0.0762019 0.115385
0 0.380564 0.283654 0.856731 0.0572115 0.0564103
0 0.395706 0.704928 0.596154 0.0603365 0.0948718
0 0.419647 0.193389 0.0530449 0.0286058 0.036859
0 0.421947 0.614183 0.568109 0.0552885 0.0701923
0 0.424575 0.185697 0.788141 0.0627404 0.0717949
0 0.428613 0.55012 0.0448718 0.0665865 0.0788462
0 0.438173 0.39399 0.500962 0.03125 0.0384615
0 0.477343 0.396755 0.177404 0.0545673 0.0548077
0 0.48134 0.356971 0.573878 0.0461538 0.0439103
0 0.491551 0.608053 0.641506 0.0387019 0.0471154
0 0.49361 0.934615 0.68718 0.05625 0.0660256
0 0.543006 0.982813 0.63141 0.0319712 0.0929487
0 0.548592 0.232572 0.404167 0.0362981 0.0397436
0 0.558498 0.300962 0.951923 0.102404 0.0935897
0 0.580188 0.296274 0.202564 0.040625 0.0660256
0 0.600703 0.0171875 0.656731 0.034375 0.0692308
0 0.612003 0.245913 0.536218 0.0336538 0.0698718
0 0.62892 0.445312 0.316026 0.0329327 0.0461538
0 0.640823 0.259375 0.793269 0.0826923 0.0833333
0 0.726224 0.444351 0.235096 0.0877404 0.132372
