0 0.0302258 0.245192 0.430609 0.0278846 0.0400641
0 0.0322821 0.0305288 0.893269 0.0427885 0.0564103
0 0.0338725 0.187981 0.694712 0.0355769 0.0445513
0 0.0345885 0.634375 0.391026 0.0620192 0.0455128
0 0.0353639 0.902043 0.696474 0.0411058 0.0865385
0 0.0358544 0.991707 0.638942 0.0165865 0.0817308
0 0.0358814 0.367308 0.325321 0.0625 0.0653846
0 0.0395753 0.0663462 0.634135 0.0317308 0.0503205
0 0.0407267 0.0485577 0.861859 0.0557692 0.0826923
0 0.044942 0.370913 0.303365 0.0495192 0.0778846
0 0.0461984 0.659856 0.358333 0.0427885 0.0461538
0 0.0496532 0.271154 0.427083 0.0572115 0.0560897
0 0.0508121 0.434856 0.660096 0.100481 0.0676282
0 0.0542242 0.654207 0.377724 0.0387019 0.0605769
0 0.0560805 0.330288 0.140705 0.0389423 0.049359
0 0.0584469 0.247957 0.732532 0.0401442 0.0907051
0 0.0593609 0.194712 0.766827 0.0495192 0.0727564
0 0.0606695 0.229928 0.395032 0.0266827 0.0355769
0 0.0610179 0.621875 0.457692 0.0254808 0.0403846
0 0.0632077 0.292067 0.380929 0.0288462 0.0503205
0 0.0739667 0.465264 0.63734 0.0430288 0.0336538
0 0.0775647 0.622596 0.442468 0.0211538 0.0426282
0 0.0858078 0.723918 0.929968 0.0430288 0.0567308
0 0.0964465 0.217668 0.984295 0.0439904 0.0314103
0 0.100241 0.291346 0.330769 0.0384615 0.075
0 0.103583 0.211779 0.974038 0.0514423 0.0480769
0 0.127113 0.261538 0.428686 0.0225962 0.0298077
0 0.129877 0.451683 0.646154 0.0706731 0.0570513
0 0.130122 0.641346 0.291346 0.0355769 0.0634615
0 0.139489 0.207091 0.958974 0.0487981 0.0448718
0 0.186015 0.234255 0.413622 0.0358173 0.0798077
0 0.2227 0.441346 0.146314 0.0649038 0.0548077
0 0.241923 0.266947 0.128205 0.0516827 0.0557692
0 0.250345 0.374399 0.289904 0.0463942 0.038141
0 0.376329 0.608534 0.40016 0.0334135 0.038141
0 0.41138 0.366707 0.623237 0.0295673 0.0349359
0 0.475681 0.569471 0.366186 0.0480769 0.038141
0 0.574474 0.283654 0.436218 0.0384615 0.0557692
0 0.653414 0.410577 0.444391 0.0274038 0.036218
