0 0.0324092 0.585337 0.494872 0.0701923 0.0455128
0 0.0335641 0.576322 0.473718 0.0415865 0.0647436
0 0.0335665 0.757933 0.975321 0.0730769 0.0410256
0 0.0342939 0.72524 0.571795 0.0504808 0.0782051
0 0.0347049 0.759495 0.0472756 0.0137019 0.038141
0 0.0353739 0.98726 0.194231 0.0225962 0.0782051
0 0.0394489 0.586899 0.190224 0.0814904 0.0862179
0 0.0443915 0.734014 0.369231 0.0425481 0.0685897
0 0.044861 0.553966 0.169071 0.0391827 0.0419872
0 0.0482258 0.83774 0.773077 0.0466346 0.050641
0 0.0508733 0.711298 0.334615 0.06875 0.0314103
0 0.0549899 0.83113 0.779968 0.0353365 0.0310897
0 0.0621112 0.746635 0.93718 0.0634615 0.0608974
0 0.0640607 0.760938 0.325 0.0362981 0.0403846
0 0.0654252 0.938462 0.62484 0.0216346 0.0413462
0 0.0839913 0.734014 0.347436 0.0675481 0.075641
0 0.0951124 0.515264 0.973878 0.130529 0.0522436
0 0.0974111 0.762981 0.232051 0.0221154 0.0288462
0 0.0993838 0.860577 0.0272436 0.0384615 0.0474359
0 0.101957 0.711178 0.110417 0.0362981 0.0477564
0 0.105285 0.64363 0.889103 0.0247596 0.0474359
0 0.11417 0.744111 0.325321 0.0733173 0.0512821
0 0.12202 0.610216 0.434936 0.0574519 0.0839744
0 0.130424 0.967668 0.402083 0.0271635 0.0400641
0 0.144041 0.989904 0.176282 0.0201923 0.0455128
0 0.184516 0.754928 0.240064 0.0348558 0.0365385
0 0.227477 0.75613 0.0573718 0.0199519 0.050641
0 0.246887 0.646635 0.326923 0.0908654 0.0544872
0 0.26531 0.598077 0.415385 0.0538462 0.0673077
0 0.275665 0.526322 0.111538 0.0252404 0.0346154
0 0.276968 0.573317 0.456891 0.025 0.0394231
0 0.290207 0.592308 0.590064 0.0504808 0.0608974
0 0.301386 0.835216 0.260577 0.0334135 0.0679487
0 0.314595 0.49399 0.970673 0.0610577 0.0586538
0 0.365646 0.586058 0.322756 0.0201923 0.0371795
0 0.383664 0.742188 0.248558 0.0314904 0.0407051
0 0.450804 0.474639 0.0248397 0.059375 0.0483974
0 0.452033 0.685096 0.338301 0.170673 0.0772436
0 0.484339 0.559495 0.725801 0.0834135 0.0772436
0 0.583585 0.953606 0.126603 0.025 0.0371795
0 0.594837 0.603005 0.202244 0.0435096 0.0794872
0 0.70143 0.550962 0.186378 0.0423077 0.0573718
0 0.714472 0.567067 0.101282 0.0346154 0.0589744
