0 0.030157 0.572356 0.605609 0.0485577 0.0560897
0 0.0307557 0.363582 0.890545 0.0329327 0.0439103
0 0.0307792 0.0104567 0.984455 0.0209135 0.0310897
0 0.0308183 0.898678 0.591987 0.0502404 0.0397436
0 0.0309509 0.667067 0.406571 0.0211538 0.0541667
0 0.0317433 0.352163 0.901122 0.0557692 0.0573718
0 0.0319906 0.979087 0.515865 0.0418269 0.086859
0 0.0321905 0.267428 0.130609 0.0199519 0.038141
0 0.0325408 0.983894 0.21234 0.0322115 0.0753205
0 0.0333964 0.411298 0.130769 0.0182692 0.0474359
0 0.0340168 0.310697 0.9875 0.0454327 0.025
0 0.0342579 0.289423 0.148878 0.0259615 0.0336538
0 0.0342855 0.63101 0.982372 0.0605769 0.0339744
0 0.0350419 0.153846 0.963141 0.0870192 0.073718
0 0.0355886 0.225601 0.977564 0.0757212 0.0365385
0 0.0358513 0.308894 0.940224 0.0384615 0.0458333
0 0.0376094 0.550841 0.982853 0.0800481 0.0342949
0 0.0385965 0.302764 0.0639423 0.021875 0.0330128
0 0.0391987 0.369952 0.211699 0.0375 0.0445513
0 0.0410792 0.405048 0.0751603 0.025 0.0285256
0 0.0412806 0.765385 0.495192 0.0418269 0.0480769
0 0.0430656 0.302043 0.444872 0.0396635 0.0288462
0 0.0440562 0.296995 0.0137821 0.0603365 0.0237179
0 0.0458893 0.421635 0.0424679 0.0240385 0.0272436
0 0.046711 0.552043 0.590385 0.0334135 0.0282051
0 0.0494929 0.409856 0.0985577 0.0173077 0.0407051
0 0.0497472 0.345192 0.336218 0.0269231 0.074359
0 0.0504892 0.332572 0.963301 0.0805288 0.0599359
0 0.0517956 0.311659 0.943429 0.0670673 0.0740385
0 0.0525615 0.297476 0.923718 0.0612981 0.0634615
0 0.0530185 0.266827 0.0565705 0.0365385 0.0516026
0 0.0543849 0.136058 0.702724 0.0326923 0.0509615
0 0.0568318 0.124519 0.505288 0.0557692 0.0323718
0 0.0577592 0.615865 0.972115 0.10625 0.0519231
0 0.0586068 0.378726 0.321474 0.0362981 0.0455128
0 0.0593442 0.951082 0.712019 0.028125 0.0650641
0 0.0595964 0.30613 0.0254808 0.0483173 0.038141
0 0.0624503 0.0169471 0.0450321 0.0271635 0.0650641
0 0.06322 0.471995 0.98734 0.0502404 0.0246795
0 0.0641778 0.149399 0.979647 0.0762019 0.0400641
0 0.0642748 0.297596 0.0543269 0.0355769 0.0387821
0 0.0654945 0.270072 0.865705 0.0430288 0.0711538
0 0.0673583 0.476082 0.619551 0.0262019 0.05
0 0.0687172 0.0652644 0.976923 0.0588942 0.0455128
0 0.0694844 0.381971 0.823878 0.0341346 0.0708333
0 0.0708291 0.861538 0.560577 0.0326923 0.0910256
0 0.0710206 0.0170673 0.282853 0.0326923 0.0439103
0 0.0718606 0.69375 0.395833 0.0302885 0.0480769
0 0.0726625 0.266346 0.0315705 0.0432692 0.0496795
0 0.0786845 0.53149 0.984135 0.0581731 0.0285256
0 0.0792896 0.943149 0.727564 0.0487981 0.0769231
0 0.0809675 0.30637 0.390224 0.0247596 0.0375
0 0.0850345 0.283774 0.0586538 0.0415865 0.0538462
0 0.0852674 0.0109375 0.113942 0.0194712 0.0625
0 0.0865573 0.90625 0.604167 0.0740385 0.0570513
0 0.088025 0.460697 0.710096 0.0632212 0.0567308
0 0.0884581 0.260938 0.0128205 0.0454327 0.025641
0 0.0908843 0.238341 0.918429 0.0377404 0.063141
0 0.0910942 0.366466 0.31859 0.0608173 0.0608974
0 0.0948254 0.453005 0.716827 0.0314904 0.0330128
0 0.0956717 0.267668 0.766667 0.0641827 0.049359
0 0.0957025 0.573798 0.378365 0.0466346 0.0522436
0 0.0965052 0.521875 0.354808 0.05 0.0897436
0 0.0984733 0.990385 0.424679 0.0192308 0.0897436
0 0.106387 0.0211538 0.724038 0.0423077 0.0589744
0 0.111196 0.585697 0.547115 0.034375 0.0275641
0 0.11365 0.30024 0.460577 0.0514423 0.0544872
0 0.115909 0.302524 0.199038 0.0319712 0.0358974
0 0.118266 0.315024 0.0516026 0.0228365 0.0442308
0 0.125158 0.877043 0.973077 0.113702 0.0538462
0 0.131314 0.175481 0.377724 0.0298077 0.0349359
0 0.136882 0.484014 0.62484 0.0348558 0.0733974
0 0.13727 0.460457 0.983974 0.0819712 0.0320513
0 0.140617 0.291587 0.0459936 0.0644231 0.063141
0 0.146837 0.339543 0.142308 0.0391827 0.0487179
0 0.148578 0.661178 0.371635 0.0665865 0.0458333
0 0.158719 0.0298077 0.671635 0.05625 0.0669872
0 0.170003 0.561178 0.591026 0.0478365 0.0467949
0 0.177445 0.439904 0.709455 0.0302885 0.0496795
0 0.178241 0.378726 0.799199 0.0310096 0.0689103
0 0.182097 0.323798 0.982532 0.0605769 0.0349359
0 0.184624 0.459135 0.803846 0.0524038 0.0621795
0 0.188665 0.0152644 0.0751603 0.0300481 0.138141
0 0.188873 0.804567 0.507692 0.0264423 0.0967949
0 0.196921 0.485337 0.707532 0.0572115 0.0496795
0 0.205451 0.373558 0.766186 0.0326923 0.0375
0 0.205568 0.445433 0.0746795 0.0197115 0.0282051
0 0.212246 0.463462 0.175641 0.0322115 0.0314103
0 0.241013 0.360457 0.205288 0.0242788 0.0400641
0 0.244142 0.309856 0.0447115 0.0355769 0.0695513
0 0.248674 0.331731 0.136218 0.0221154 0.0326923
0 0.267137 0.572115 0.835096 0.0418269 0.036859
0 0.268239 0.974159 0.537821 0.0512019 0.0532051
0 0.272399 0.171635 0.150801 0.0240385 0.038141
0 0.282522 0.366707 0.308974 0.0387019 0.0352564
0 0.320514 0.683053 0.385737 0.0540865 0.0676282
0 0.323803 0.276683 0.0472756 0.0240385 0.0323718
0 0.330654 0.410577 0.116506 0.0129808 0.0394231
0 0.357885 0.381611 0.809295 0.028125 0.0346154
0 0.378978 0.330649 0.906891 0.0838942 0.0855769
0 0.409397 0.345072 0.343429 0.0242788 0.036218
0 0.410529 0.171755 0.209295 0.0252404 0.0429487
0 0.428067 0.268269 0.571635 0.0403846 0.0445513
0 0.432944 0.291106 0.467949 0.0274038 0.0371795
0 0.439437 0.294591 0.140224 0.0242788 0.0445513
0 0.451647 0.496755 0.622115 0.0574519 0.099359
0 0.458821 0.314423 0.190064 0.025 0.0365385
0 0.468352 0.462861 0.323077 0.0271635 0.0532051
0 0.556556 0.340264 0.457692 0.0348558 0.0698718
0 0.629633 0.417428 0.224038 0.0358173 0.0448718
