0 0.0303702 0.576923 0.469231 0.0264423 0.0282051
0 0.0322424 0.0129808 0.509615 0.0259615 0.135897
0 0.0334064 0.520433 0.68718 0.0269231 0.0448718
0 0.0336961 0.570433 0.101603 0.0240385 0.0333333
0 0.0352819 0.989183 0.725962 0.0216346 0.075
0 0.0354326 0.581971 0.36266 0.0365385 0.0400641
0 0.0402843 0.0614183 0.0129808 0.0497596 0.0259615
0 0.040567 0.519111 0.580128 0.0358173 0.0833333
0 0.0488631 0.351923 0.621314 0.0514423 0.127244
0 0.0493138 0.897596 0.0334936 0.0168269 0.0310897
0 0.0503189 0.610337 0.57516 0.0259615 0.0323718
0 0.0512108 0.596635 0.0644231 0.0403846 0.0570513
0 0.0514711 0.703245 0.285096 0.0545673 0.0394231
0 0.0570368 0.872957 0.564103 0.046875 0.0442308
0 0.0583027 0.346154 0.585577 0.0408654 0.0641026
0 0.0624637 0.445673 0.0610577 0.0490385 0.0663462
0 0.063433 0.97524 0.239103 0.0485577 0.0685897
0 0.0640812 0.566346 0.464744 0.0480769 0.0429487
0 0.0664312 0.512139 0.456891 0.0300481 0.036218
0 0.0722744 0.45012 0.0211538 0.0314904 0.0397436
0 0.0818849 0.660577 0.318269 0.0153846 0.0294872
0 0.0868041 0.0104567 0.480929 0.0189904 0.0900641
0 0.0870046 0.361659 0.0176282 0.0247596 0.0352564
0 0.0891632 0.329447 0.480128 0.0300481 0.0307692
0 0.0894245 0.540385 0.630128 0.0350962 0.0384615
0 0.0922974 0.371394 0.0160256 0.0360577 0.0307692
0 0.0992555 0.946274 0.0241987 0.0560096 0.0483974
0 0.10382 0.509255 0.613301 0.0295673 0.0413462
0 0.105679 0.499159 0.229647 0.0141827 0.0266026
0 0.108714 0.454087 0.0423077 0.0341346 0.0782051
0 0.109749 0.0110577 0.0878205 0.0221154 0.10641
0 0.112145 0.594351 0.590705 0.0276442 0.0410256
0 0.116589 0.425962 0.0796474 0.0403846 0.0458333
0 0.119584 0.598437 0.322436 0.0502404 0.0365385
0 0.131008 0.0176683 0.550962 0.0353365 0.144872
0 0.13361 0.0830529 0.0125 0.0699519 0.025
0 0.141439 0.153486 0.616026 0.0257212 0.0397436
0 0.152065 0.0157452 0.0222756 0.0310096 0.0400641
0 0.159617 0.602885 0.582532 0.0274038 0.0342949
0 0.167769 0.673798 0.29391 0.0341346 0.0333333
0 0.188466 0.710817 0.655609 0.0221154 0.0400641
0 0.202583 0.727043 0.0873397 0.0425481 0.0580128
0 0.208492 0.430529 0.0769231 0.0240385 0.0326923
0 0.25305 0.811418 0.0564103 0.0175481 0.0435897
0 0.274422 0.687139 0.293109 0.0632212 0.0477564
0 0.28236 0.524639 0.55625 0.0358173 0.063141
0 0.302904 0.733173 0.669231 0.0466346 0.075
0 0.333015 0.588221 0.352564 0.0346154 0.0326923
0 0.34388 0.853846 0.0623397 0.0394231 0.0503205
0 0.3514 0.328486 0.0230769 0.0401442 0.0448718
0 0.41764 0.526803 0.622115 0.0584135 0.0628205
0 0.428267 0.376563 0.344231 0.0223558 0.050641
0 0.428743 0.557332 0.387019 0.0463942 0.0342949
0 0.451932 0.588702 0.746314 0.0423077 0.0689103
0 0.510219 0.411418 0.398077 0.0334135 0.0455128
0 0.620241 0.263702 0.0270833 0.0389423 0.0541667
0 0.633931 0.259255 0.109295 0.0295673 0.0717949
0 0.670158 0.640264 0.555128 0.0449519 0.0730769
