0 0.0351897 0.524159 0.0538462 0.040625 0.0717949
0 0.0363497 0.0104567 0.890545 0.0209135 0.0676282
0 0.0372437 0.279808 0.256571 0.0182692 0.0894231
0 0.0406432 0.93101 0.87532 0.0466346 0.0448718
0 0.0524764 0.0550481 0.973397 0.0399038 0.0532051
0 0.0563986 0.842188 0.0491987 0.0396635 0.0490385
0 0.061063 0.865505 0.0660256 0.0459135 0.0391026
0 0.0626016 0.736178 0.0945513 0.0252404 0.0685897
0 0.0670692 0.578606 0.0384615 0.0442308 0.0692308
0 0.0734159 0.826923 0.0399038 0.0264423 0.0304487
0 0.0753442 0.0293269 0.809295 0.0572115 0.105128
0 0.0797075 0.25024 0.274679 0.0192308 0.0583333
0 0.0865484 0.333654 0.438622 0.0350962 0.0342949
0 0.0878503 0.209615 0.158173 0.0283654 0.0573718
0 0.0964602 0.746875 0.140865 0.0317308 0.0528846
0 0.0965136 0.967668 0.192468 0.0252404 0.0554487
0 0.152365 0.884375 0.0665064 0.0375 0.036859
0 0.165358 0.853966 0.0612179 0.0286058 0.0326923
0 0.223959 0.741106 0.123237 0.0350962 0.0926282
0 0.374341 0.986298 0.297596 0.0259615 0.0714744
