0 0.0342258 0.03125 0.885417 0.0432692 0.0605769
0 0.0345441 0.519471 0.481571 0.0341346 0.0990385
0 0.0371847 0.0390625 0.679327 0.0632212 0.0830128
0 0.0386354 0.299279 0.706731 0.0740385 0.0403846
0 0.0432366 0.0108173 0.263622 0.0216346 0.0939103
0 0.0443773 0.117188 0.188942 0.0449519 0.0612179
0 0.0509464 0.486418 0.525 0.0372596 0.0391026
0 0.0541279 0.520433 0.440385 0.0254808 0.0429487
0 0.060638 0.143029 0.430769 0.0432692 0.0807692
0 0.067495 0.367067 0.193269 0.0139423 0.0410256
0 0.0704539 0.00841346 0.396314 0.0139423 0.0535256
0 0.0750973 0.256971 0.602404 0.0620192 0.0342949
0 0.0780802 0.590144 0.340705 0.0384615 0.0897436
0 0.0797317 0.359856 0.921474 0.0778846 0.0596154
0 0.0816287 0.040024 0.718269 0.0790865 0.176923
0 0.0842745 0.0120192 0.403365 0.0235577 0.0804487
0 0.0953231 0.45637 0.478686 0.034375 0.0464744
0 0.103197 0.0753606 0.560417 0.0286058 0.0516026
0 0.108856 0.491106 0.228205 0.0475962 0.0660256
0 0.110534 0.145553 0.539103 0.0358173 0.0538462
0 0.111118 0.271514 0.152404 0.0223558 0.0432692
0 0.111157 0.387019 0.715545 0.0971154 0.0746795
0 0.119267 0.110817 0.0541667 0.0846154 0.0660256
0 0.242771 0.372837 0.120513 0.0307692 0.0538462
0 0.290906 0.420553 0.215865 0.0699519 0.0541667
0 0.311572 0.266587 0.0442308 0.0528846 0.0794872
0 0.348333 0.322476 0.708974 0.0584135 0.0461538
0 0.395052 0.496394 0.518109 0.0341346 0.0387821
0 0.400328 0.315385 0.0469551 0.0634615 0.0746795
0 0.40164 0.022476 0.905288 0.0430288 0.0669872
0 0.422389 0.497716 0.626603 0.0473558 0.0621795
0 0.500455 0.132452 0.448718 0.0581731 0.0769231
0 0.524733 0.789423 0.111859 0.0538462 0.0839744
0 0.529408 0.533894 0.117147 0.0413462 0.0740385
0 0.539944 0.0334135 0.385256 0.0370192 0.0615385
0 0.559586 0.386538 0.025641 0.05625 0.0512821
0 0.576791 0.027524 0.491506 0.0550481 0.104808
0 0.620927 0.386058 0.414423 0.0375 0.0544872
0 0.646867 0.0862981 0.39375 0.0504808 0.0650641
0 0.719116 0.0430288 0.766346 0.075 0.0929487
