0 0.0327289 0.975361 0.342628 0.0435096 0.0621795
0 0.0394434 0.973077 0.321795 0.0538462 0.0660256
0 0.0401221 0.857332 0.0152244 0.0603365 0.0272436
0 0.0420818 0.987861 0.329487 0.0242788 0.103846
0 0.0477991 0.86262 0.967628 0.0824519 0.0429487
0 0.0496283 0.620793 0.53125 0.00745192 0.0240385
0 0.0552223 0.818029 0.991026 0.0360577 0.0179487
0 0.0579565 0.882692 0.967308 0.130288 0.0653846
0 0.0580339 0.94375 0.565705 0.0836538 0.117308
0 0.0653007 0.486899 0.178526 0.0132212 0.0275641
0 0.0670022 0.972596 0.54359 0.0461538 0.0570513
0 0.0779829 0.899159 0.987179 0.0603365 0.0224359
0 0.0886156 0.753846 0.493429 0.115865 0.129808
0 0.0909144 0.601923 0.075641 0.0302885 0.073718
0 0.0943244 0.916827 0.976282 0.0918269 0.0461538
0 0.105256 0.95 0.975801 0.0634615 0.0477564
0 0.108438 0.536899 0.365705 0.0233173 0.0608974
0 0.127204 0.620913 0.532212 0.0110577 0.0375
0 0.147448 0.944952 0.963462 0.0432692 0.0391026
0 0.15156 0.551202 0.519231 0.0254808 0.0641026
0 0.300575 0.840264 0.753686 0.0310096 0.0330128
0 0.322395 0.344471 0.024359 0.0788462 0.0487179
0 0.330513 0.433293 0.207853 0.0204327 0.0426282
0 0.443105 0.983894 0.361859 0.0322115 0.0673077
0 0.466983 0.856731 0.960577 0.0379808 0.0423077
0 0.553086 0.522115 0.223237 0.0408654 0.0599359
0 0.55568 0.884135 0.0328526 0.0745192 0.0625
0 0.638503 0.545313 0.316827 0.0362981 0.0823718
0 0.660082 0.763702 0.713141 0.0504808 0.0820513
0 0.662901 0.786899 0.505769 0.0622596 0.0935897
0 0.678147 0.950361 0.639263 0.0540865 0.0778846
0 0.705796 0.91875 0.538141 0.0822115 0.0923077
0 0.717107 0.43125 0.468429 0.03125 0.0560897
0 0.735716 0.7375 0.478045 0.0567308 0.116346
0 0.752404 0.465625 0.254647 0.0793269 0.0753205
0 0.784461 0.894712 0.421154 0.0899038 0.116026
0 0.799501 0.940024 0.263782 0.0819712 0.123718
0 0.799883 0.584615 0.480769 0.0504808 0.158974
0 0.818978 0.514784 0.476442 0.0747596 0.166987
