0 0.0303159 0.601562 0.105609 0.141587 0.0823718
0 0.0354933 0.548437 0.0950321 0.053125 0.0535256
0 0.0364587 0.64988 0.528686 0.0300481 0.036218
0 0.0368221 0.441466 0.296474 0.028125 0.049359
0 0.0369468 0.304808 0.459135 0.0211538 0.0483974
0 0.0374743 0.33774 0.452083 0.0360577 0.0612179
0 0.0386826 0.469111 0.628846 0.0550481 0.0416667
0 0.0399541 0.392668 0.374199 0.0675481 0.114423
0 0.0399697 0.435577 0.404167 0.0365385 0.0461538
0 0.045378 0.351803 0.416667 0.065625 0.0788462
0 0.0522018 0.482332 0.463301 0.0574519 0.0766026
0 0.052283 0.538942 0.465705 0.0432692 0.0782051
0 0.0544041 0.314063 0.396154 0.0420673 0.0365385
0 0.0566126 0.918269 0.894071 0.0283654 0.0785256
0 0.0610001 0.469591 0.708173 0.0487981 0.0541667
0 0.0627322 0.244231 0.405769 0.0360577 0.0679487
0 0.0754033 0.327644 0.417308 0.0610577 0.0807692
0 0.0784877 0.592428 0.621314 0.130048 0.0823718
0 0.0801136 0.482812 0.753365 0.20649 0.153526
0 0.0812506 0.390865 0.364744 0.0350962 0.0903846
0 0.185892 0.639663 0.330449 0.0456731 0.101923
0 0.189333 0.592067 0.297756 0.107692 0.144872
0 0.219835 0.491827 0.313782 0.0288462 0.0512821
0 0.236222 0.747837 0.703846 0.0860577 0.0967949
0 0.237707 0.591466 0.56218 0.0314904 0.0480769
0 0.269473 0.241827 0.324359 0.0322115 0.0705128
0 0.283703 0.561418 0.369071 0.106971 0.0990385
0 0.295641 0.423317 0.394872 0.0427885 0.0532051
0 0.308287 0.613582 0.656891 0.182933 0.154167
0 0.322211 0.559856 0.327564 0.160577 0.116667
0 0.40938 0.452284 0.303526 0.0459135 0.0608974
0 0.447135 0.529207 0.744551 0.356971 0.328846
0 0.457089 0.249639 0.383013 0.046875 0.0948718
0 0.470372 0.340625 0.436538 0.0519231 0.075641
0 0.48199 0.586418 0.265865 0.0752404 0.0836538
0 0.492053 0.555168 0.399519 0.0670673 0.0560897
0 0.502126 0.579327 0.945673 0.0615385 0.0836538
0 0.510913 0.56226 0.0988782 0.0932692 0.0682692
0 0.515788 0.64363 0.116346 0.0651442 0.074359
0 0.516197 0.383053 0.337981 0.034375 0.0772436
0 0.565212 0.838101 0.680929 0.225721 0.143269
0 0.577984 0.465024 0.606891 0.0766827 0.0849359
0 0.607231 0.494952 0.466506 0.114904 0.0900641
0 0.619623 0.442428 0.901763 0.0521635 0.0560897
0 0.737671 0.753245 0.55016 0.053125 0.0990385
0 0.798748 0.716346 0.386378 0.0793269 0.117628
