0 0.0302764 0.532091 0.261058 0.034375 0.0419872
0 0.0304059 0.32524 0.659776 0.0711538 0.117628
0 0.0304212 0.0126202 0.0407051 0.0223558 0.074359
0 0.0309156 0.408534 0.364904 0.0257212 0.0375
0 0.0314918 0.300962 0.701763 0.0644231 0.102885
0 0.0329435 0.263582 0.96875 0.0233173 0.0291667
0 0.0338459 0.372236 0.961218 0.0420673 0.075
0 0.0340806 0.36274 0.34359 0.0245192 0.0429487
0 0.035264 0.548197 0.247436 0.0377404 0.0596154
0 0.0353805 0.616947 0.808013 0.0334135 0.0596154
0 0.0356206 0.498918 0.0788462 0.015625 0.0442308
0 0.0363722 0.285457 0.652564 0.0189904 0.0410256
0 0.0371921 0.906851 0.0161859 0.0540865 0.0304487
0 0.0375474 0.646034 0.59391 0.0175481 0.0339744
0 0.0378476 0.659736 0.0195513 0.0555288 0.0391026
0 0.0397411 0.349519 0.321154 0.0293269 0.0583333
0 0.0400911 0.342909 0.986859 0.0709135 0.0262821
0 0.0406065 0.924519 0.0705128 0.0639423 0.0628205
0 0.0412377 0.822236 0.38125 0.0362981 0.0778846
0 0.0429768 0.222716 0.31234 0.0161058 0.0266026
0 0.0430802 0.354688 0.276923 0.0194712 0.0410256
0 0.0431013 0.354808 0.292147 0.0293269 0.0669872
0 0.0435035 0.461058 0.0769231 0.0341346 0.0583333
0 0.0442458 0.30613 0.269551 0.0401442 0.0628205
0 0.0443302 0.839663 0.398718 0.03125 0.0519231
0 0.0449293 0.0473558 0.0246795 0.0591346 0.0448718
0 0.0468665 0.990625 0.157692 0.01875 0.0634615
0 0.0475923 0.788462 0.806731 0.0653846 0.0730769
0 0.0498171 0.749038 0.358814 0.0264423 0.0317308
0 0.0509792 0.932452 0.550962 0.0504808 0.0634615
0 0.0555711 0.304447 0.144712 0.0204327 0.0522436
0 0.0558321 0.870553 0.0121795 0.0829327 0.0205128
0 0.0566389 0.938341 0.292308 0.0901442 0.100641
0 0.0593121 0.527043 0.761058 0.0295673 0.038141
0 0.061428 0.0268029 0.226923 0.0512019 0.0884615
0 0.0622766 0.250841 0.265705 0.0165865 0.0282051
0 0.0638334 0.562019 0.160737 0.0528846 0.0554487
0 0.0668608 0.339303 0.601122 0.0526442 0.0733974
0 0.0690373 0.148678 0.0915064 0.0353365 0.0548077
0 0.0724088 0.627644 0.0684295 0.0365385 0.0573718
0 0.075235 0.81863 0.978686 0.0473558 0.0407051
0 0.0756854 0.334736 0.586378 0.0262019 0.0573718
0 0.0773629 0.704447 0.165385 0.0319712 0.0833333
0 0.0860284 0.63137 0.544071 0.0324519 0.088141
0 0.0926287 0.619832 0.836058 0.0415865 0.115064
0 0.0927523 0.964183 0.313622 0.0610577 0.0644231
0 0.0970413 0.566827 0.114423 0.0153846 0.0358974
0 0.0988118 0.366346 0.355609 0.0211538 0.0451923
0 0.099582 0.896875 0.0262821 0.0649038 0.0480769
0 0.100423 0.284375 0.712179 0.0360577 0.0557692
0 0.106409 0.989784 0.980769 0.0204327 0.0384615
0 0.106515 0.277284 0.336378 0.0262019 0.0310897
0 0.108685 0.695673 0.275321 0.0725962 0.0416667
0 0.113583 0.926803 0.499199 0.0204327 0.0266026
0 0.114354 0.425361 0.213462 0.0310096 0.0621795
0 0.115934 0.357212 0.977083 0.0798077 0.0439103
0 0.121837 0.957812 0.525641 0.0805288 0.113462
0 0.125798 0.980889 0.170353 0.0367788 0.0509615
0 0.12688 0.0180288 0.0605769 0.0336538 0.10641
0 0.127798 0.618269 0.0766026 0.0552885 0.0884615
0 0.132992 0.409976 0.0352564 0.0310096 0.0653846
0 0.133926 0.575601 0.164744 0.028125 0.0538462
0 0.140834 0.417668 0.356571 0.0459135 0.0458333
0 0.144267 0.551322 0.314103 0.0387019 0.0865385
0 0.151191 0.33125 0.573397 0.0149038 0.0423077
0 0.151472 0.553125 0.506891 0.04375 0.0407051
0 0.152475 0.011899 0.504968 0.0228365 0.0682692
0 0.160013 0.635457 0.584936 0.0334135 0.0615385
0 0.163696 0.522476 0.638782 0.0223558 0.0551282
0 0.164315 0.326803 0.313782 0.0286058 0.0442308
0 0.168123 0.0161058 0.380609 0.0269231 0.0432692
0 0.168964 0.814183 0.364423 0.0317308 0.0583333
0 0.174857 0.452644 0.975641 0.0634615 0.0487179
0 0.178442 0.627764 0.521635 0.0314904 0.0560897
0 0.180998 0.30024 0.253686 0.0466346 0.0323718
0 0.184587 0.280409 0.977083 0.0612981 0.0451923
0 0.193262 0.723798 0.223397 0.0370192 0.0467949
0 0.19744 0.890024 0.138141 0.0242788 0.0391026
0 0.206548 0.556611 0.270192 0.0276442 0.0544872
0 0.251471 0.250962 0.541827 0.0163462 0.0336538
0 0.270124 0.249519 0.75641 0.0466346 0.0717949
0 0.272117 0.23726 0.440705 0.0230769 0.0474359
0 0.276327 0.777284 0.790385 0.0507212 0.0480769
0 0.279595 0.399038 0.441987 0.0201923 0.0358974
0 0.291672 0.539663 0.770192 0.0442308 0.0641026
0 0.315886 0.375962 0.389423 0.0216346 0.0435897
0 0.322892 0.309375 0.169391 0.0158654 0.0400641
0 0.330795 0.38726 0.326923 0.0278846 0.0339744
0 0.33563 0.298678 0.15609 0.0353365 0.0647436
0 0.347495 0.54976 0.215705 0.025 0.0358974
0 0.372179 0.272476 0.115224 0.0247596 0.0522436
0 0.377229 0.463822 0.705929 0.0516827 0.124038
0 0.387361 0.309736 0.677083 0.0420673 0.0798077
0 0.396398 0.835577 0.671154 0.0307692 0.0551282
0 0.402248 0.336418 0.313782 0.0430288 0.0570513
0 0.412912 0.930649 0.0828526 0.0401442 0.0477564
0 0.416337 0.380048 0.633494 0.0259615 0.0483974
0 0.441924 0.713221 0.183494 0.0480769 0.124679
0 0.472495 0.896154 0.269712 0.0432692 0.0753205
0 0.486631 0.416947 0.225 0.0286058 0.0455128
0 0.498134 0.815385 0.876603 0.0423077 0.0826923
0 0.53036 0.01875 0.603846 0.0365385 0.0923077
0 0.538944 0.579447 0.505609 0.0915865 0.0695513
0 0.583878 0.539784 0.170994 0.0324519 0.0509615
0 0.587382 0.78101 0.333974 0.0201923 0.0589744
0 0.65342 0.965986 0.775641 0.0382212 0.0807692
