0 0.0303677 0.932212 0.180128 0.0394231 0.0602564
0 0.030619 0.546394 0.336859 0.0302885 0.0352564
0 0.0310801 0.247236 0.477564 0.0199519 0.0448718
0 0.032966 0.451322 0.639263 0.0353365 0.0733974
0 0.0336449 0.344832 0.369231 0.0425481 0.0358974
0 0.0341006 0.0616587 0.265705 0.0983173 0.0679487
0 0.0343073 0.294591 0.573558 0.0367788 0.0708333
0 0.0352292 0.593389 0.117788 0.0617788 0.0842949
0 0.0363252 0.254327 0.166186 0.0408654 0.0330128
0 0.0390777 0.291226 0.552564 0.0401442 0.0435897
0 0.0391122 0.283774 0.491506 0.0454327 0.0548077
0 0.0404508 0.384856 0.984455 0.0697115 0.0278846
0 0.0439514 0.252644 0.496635 0.0317308 0.0740385
0 0.0466424 0.415024 0.192628 0.0545673 0.0596154
0 0.047547 0.446635 0.677404 0.0495192 0.0951923
0 0.0476878 0.375962 0.659936 0.0370192 0.0314103
0 0.0490015 0.202404 0.555128 0.0427885 0.0576923
0 0.0498535 0.43774 0.209936 0.0418269 0.0391026
0 0.0522609 0.260697 0.530128 0.0487981 0.0685897
0 0.0546348 0.283894 0.0350962 0.0307692 0.0605769
0 0.0547418 0.43774 0.868269 0.0514423 0.0794872
0 0.0573242 0.261298 0.29984 0.0490385 0.0528846
0 0.0637089 0.250841 0.490705 0.0252404 0.0384615
0 0.0661004 0.944231 0.164904 0.0225962 0.0355769
0 0.0717553 0.431851 0.678045 0.0526442 0.0400641
0 0.072783 0.972716 0.512821 0.0536058 0.0801282
0 0.0787318 0.504687 0.480609 0.0353365 0.0304487
0 0.0801896 0.915024 0.482212 0.0483173 0.038141
0 0.0939969 0.524159 0.371474 0.0127404 0.0429487
0 0.111603 0.0236779 0.512821 0.0473558 0.226282
0 0.113867 0.301082 0.617788 0.0353365 0.0509615
0 0.116948 0.285697 0.526282 0.0670673 0.0871795
0 0.120439 0.465385 0.446795 0.0442308 0.0794872
0 0.126573 0.0186298 0.46859 0.0372596 0.122436
0 0.127852 0.967308 0.82516 0.0557692 0.0599359
0 0.131815 0.268029 0.109776 0.0471154 0.0458333
0 0.132048 0.579567 0.0703526 0.0730769 0.0605769
0 0.139951 0.355288 0.410897 0.0384615 0.0467949
0 0.141537 0.425962 0.791026 0.0548077 0.0352564
0 0.149258 0.13774 0.473558 0.0442308 0.0336538
0 0.155149 0.282091 0.0200321 0.0242788 0.038141
0 0.162531 0.445433 0.197276 0.0423077 0.038141
0 0.174582 0.923678 0.206571 0.0319712 0.0298077
0 0.180349 0.467308 0.800641 0.0605769 0.0762821
0 0.180785 0.8875 0.885737 0.0807692 0.0490385
0 0.190017 0.351562 0.387821 0.0473558 0.0794872
0 0.259636 0.016226 0.240064 0.0324519 0.0544872
0 0.284484 0.400601 0.979167 0.0742788 0.0416667
0 0.316461 0.402404 0.180609 0.0413462 0.0477564
0 0.317773 0.242788 0.521154 0.0370192 0.0858974
0 0.334687 0.307813 0.541506 0.0632212 0.0535256
0 0.361182 0.0776442 0.272436 0.0591346 0.0442308
0 0.369849 0.220673 0.265385 0.0346154 0.0423077
0 0.40572 0.557452 0.200962 0.05625 0.0679487
0 0.457628 0.486538 0.741827 0.0697115 0.0592949
0 0.490885 0.188101 0.538942 0.0401442 0.0753205
0 0.491955 0.596274 0.145833 0.0641827 0.0474359
0 0.537815 0.425361 0.907372 0.0425481 0.0532051
0 0.604683 0.455288 0.829808 0.0596154 0.0628205
