0 0.0316176 0.623317 0.315385 0.0163462 0.0320513
0 0.0336039 0.549038 0.745513 0.0264423 0.0378205
0 0.0342634 0.490144 0.0116987 0.0490385 0.0233974
0 0.0359032 0.540385 0.0748397 0.0528846 0.0798077
0 0.0368405 0.957692 0.666827 0.0846154 0.134936
0 0.0375795 0.848558 0.0141026 0.0504808 0.0282051
0 0.0400348 0.418029 0.301603 0.0254808 0.0391026
0 0.0413146 0.601202 0.172756 0.0519231 0.113462
0 0.0424822 0.914904 0.560897 0.0576923 0.0878205
0 0.0427847 0.860817 0.683654 0.0485577 0.0660256
0 0.0436697 0.566827 0.471154 0.0149038 0.0410256
0 0.0437828 0.419351 0.186859 0.0334135 0.0660256
0 0.0438447 0.00973558 0.394071 0.0180288 0.0695513
0 0.044 0.662981 0.33734 0.0711538 0.0836538
0 0.0448989 0.602404 0.559936 0.05 0.049359
0 0.0450528 0.91226 0.667468 0.132692 0.129167
0 0.0459719 0.258654 0.517949 0.0206731 0.0339744
0 0.0470595 0.448798 0.810417 0.0519231 0.0823718
0 0.0471931 0.745793 0.0522436 0.0507212 0.0705128
0 0.0498527 0.581851 0.574359 0.0319712 0.0320513
0 0.0509079 0.521274 0.563622 0.0949519 0.0554487
0 0.0522157 0.619351 0.703526 0.0737981 0.0782051
0 0.0538266 0.477644 0.0168269 0.0620192 0.0336538
0 0.0541624 0.376683 0.13734 0.0355769 0.0605769
0 0.0542702 0.832812 0.410096 0.0694712 0.0695513
0 0.056674 0.203486 0.648718 0.0651442 0.0461538
0 0.0575821 0.526082 0.749038 0.0492788 0.0448718
0 0.0599594 0.92524 0.537179 0.0533654 0.0615385
0 0.0600086 0.348077 0.598718 0.0649038 0.0762821
0 0.0601609 0.544712 0.191827 0.0596154 0.108654
0 0.0614871 0.880288 0.438942 0.0831731 0.0733974
0 0.0618099 0.881611 0.642949 0.0762019 0.0801282
0 0.0648054 0.540144 0.214103 0.0403846 0.0833333
0 0.0696174 0.580529 0.536218 0.0466346 0.0467949
0 0.0699865 0.824639 0.0302885 0.0579327 0.0586538
0 0.0715629 0.450481 0.460256 0.0456731 0.0384615
0 0.0809606 0.41274 0.310737 0.0384615 0.0605769
0 0.0835016 0.447476 0.975641 0.0497596 0.0416667
0 0.0860322 0.559014 0.175 0.0377404 0.0910256
0 0.0905491 0.566827 0.479167 0.0264423 0.0461538
0 0.0934106 0.554087 0.157692 0.025 0.0602564
0 0.113117 0.788462 0.160737 0.0504808 0.0875
0 0.116134 0.454447 0.0142628 0.034375 0.0285256
0 0.121447 0.425962 0.602885 0.0533654 0.0467949
0 0.130608 0.901442 0.62468 0.0572115 0.0519231
0 0.133358 0.512981 0.754808 0.0379808 0.0448718
0 0.142591 0.193029 0.666346 0.0519231 0.0435897
0 0.146292 0.948438 0.528365 0.0242788 0.0663462
0 0.168521 0.0701923 0.378846 0.0615385 0.0820513
0 0.174547 0.72512 0.18109 0.078125 0.0724359
0 0.189197 0.582812 0.0179487 0.0199519 0.0333333
0 0.190645 0.58149 0.177404 0.0600962 0.0977564
0 0.198247 0.58137 0.552564 0.0685096 0.0711538
0 0.200964 0.227885 0.634936 0.0293269 0.0333333
0 0.260248 0.335817 0.62484 0.0567308 0.108013
0 0.291133 0.439423 0.315705 0.0235577 0.0628205
0 0.350264 0.94351 0.251923 0.0341346 0.0538462
0 0.372905 0.334495 0.655288 0.0387019 0.0592949
0 0.386974 0.982091 0.286058 0.0358173 0.0548077
0 0.392991 0.630529 0.683974 0.0591346 0.0410256
0 0.400961 0.363702 0.583654 0.0524038 0.0448718
0 0.4036 0.622596 0.362981 0.0384615 0.063141
0 0.408486 0.567428 0.545673 0.0396635 0.0483974
0 0.449345 0.530889 0.093109 0.0483173 0.0650641
0 0.449895 0.853486 0.26859 0.0362981 0.0724359
0 0.45098 0.519591 0.812019 0.0314904 0.0951923
0 0.45174 0.465986 0.458654 0.0675481 0.0512821
0 0.459585 0.833894 0.0184295 0.0480769 0.036859
0 0.471044 0.908173 0.545353 0.0466346 0.0426282
0 0.47982 0.314303 0.528205 0.0430288 0.0397436
0 0.497769 0.636538 0.345994 0.0701923 0.0932692
0 0.504896 0.725 0.282372 0.0350962 0.0788462
0 0.512242 0.426683 0.314263 0.0480769 0.0701923
0 0.5454 0.50625 0.566506 0.0557692 0.0407051
0 0.553314 0.773438 0.551603 0.0401442 0.0391026
0 0.556446 0.760938 0.0801282 0.0579327 0.0673077
0 0.566483 0.528005 0.415705 0.0199519 0.0596154
0 0.567238 0.755649 0.627885 0.0617788 0.0403846
0 0.573377 0.501082 0.197436 0.106971 0.125
0 0.575036 0.671274 0.574359 0.021875 0.0371795
0 0.577898 0.466226 0.802244 0.0987981 0.105128
0 0.592929 0.869231 0.668269 0.0759615 0.112821
0 0.606175 0.805769 0.291186 0.0490385 0.0740385
0 0.608272 0.393149 0.485417 0.0439904 0.0977564
0 0.615341 0.496755 0.327244 0.0396635 0.0410256
0 0.617496 0.134976 0.390224 0.0411058 0.0592949
0 0.624943 0.412981 0.0237179 0.0360577 0.0474359
0 0.648547 0.594712 0.715064 0.0298077 0.0730769
0 0.650834 0.435096 0.166186 0.0538462 0.140705
0 0.671719 0.561779 0.78766 0.0413462 0.0907051
0 0.739059 0.264543 0.475 0.0569712 0.0532051
0 0.743549 0.570913 0.396154 0.0471154 0.0608974
0 0.745423 0.815264 0.15625 0.10649 0.102885
0 0.746378 0.188582 0.682692 0.0637019 0.0807692
0 0.748246 0.861779 0.411699 0.122596 0.147115
0 0.753928 0.415144 0.759776 0.0860577 0.120192
0 0.762808 0.339183 0.3625 0.0822115 0.123718
0 0.79009 0.031851 0.43766 0.0637019 0.109936
0 0.822714 0.894351 0.056891 0.084375 0.0740385
