0 0.0326273 0.390865 0.0902244 0.0658654 0.0740385
0 0.0328188 0.946394 0.987179 0.0735577 0.024359
0 0.0328892 0.885577 0.0238782 0.0850962 0.0477564
0 0.0334412 0.728125 0.477083 0.0884615 0.125962
0 0.034073 0.564062 0.655449 0.0492788 0.111538
0 0.036271 0.565385 0.984615 0.0778846 0.0307692
0 0.0367998 0.532933 0.983814 0.0653846 0.0323718
0 0.0403253 0.55024 0.986699 0.0413462 0.0266026
0 0.0451164 0.348678 0.959295 0.0555288 0.0352564
0 0.0469883 0.660577 0.985256 0.04375 0.0275641
0 0.0539788 0.301562 0.902724 0.0612981 0.0451923
0 0.0554986 0.359495 0.981731 0.0391827 0.0352564
0 0.0589612 0.577043 0.607051 0.0358173 0.0455128
0 0.0625528 0.638822 0.983333 0.0925481 0.0333333
0 0.0651192 0.708534 0.522917 0.0665865 0.0548077
0 0.0663882 0.710577 0.547276 0.0557692 0.0599359
0 0.0692948 0.680529 0.0235577 0.102404 0.0471154
0 0.0713408 0.685337 0.534135 0.06875 0.102244
0 0.0743866 0.256851 0.982532 0.100721 0.0259615
0 0.0756798 0.717909 0.0158654 0.0617788 0.0317308
0 0.0794413 0.220673 0.272276 0.0572115 0.0689103
0 0.0797165 0.253846 0.240224 0.0951923 0.0663462
0 0.0811736 0.355649 0.972436 0.0545673 0.0551282
0 0.0846723 0.282452 0.894231 0.0163462 0.0282051
0 0.093948 0.665264 0.881891 0.0483173 0.0990385
0 0.095179 0.692668 0.493109 0.0387019 0.0657051
0 0.101379 0.814784 0.676282 0.0569712 0.0826923
0 0.111782 0.663221 0.554167 0.0490385 0.0794872
0 0.114296 0.304087 0.4125 0.0298077 0.024359
0 0.126442 0.0456731 0.711699 0.0913462 0.135577
0 0.185042 0.439183 0.526923 0.0730769 0.0769231
0 0.205758 0.597115 0.986058 0.03125 0.0278846
0 0.244644 0.544712 0.738622 0.0586538 0.088782
0 0.245202 0.627524 0.9 0.0237981 0.0576923
0 0.253469 0.390986 0.760897 0.0233173 0.025641
0 0.265997 0.845553 0.0464744 0.155048 0.0929487
0 0.283324 0.730529 0.464263 0.0528846 0.0823718
0 0.283515 0.276082 0.980769 0.0473558 0.0384615
0 0.294723 0.330288 0.0495192 0.0629808 0.0766026
0 0.306278 0.656731 0.0258013 0.0485577 0.0516026
0 0.322151 0.957692 0.966506 0.0846154 0.0669872
0 0.323223 0.20601 0.184135 0.0326923 0.0503205
0 0.343915 0.359976 0.0623397 0.0963942 0.0804487
0 0.375315 0.372596 0.0705128 0.0586538 0.0564103
0 0.385233 0.569231 0.621955 0.0399038 0.0753205
0 0.386 0.41226 0.0980769 0.0355769 0.0538462
0 0.419592 0.240505 0.978205 0.101202 0.0435897
0 0.421474 0.369351 0.963141 0.0550481 0.0448718
0 0.429786 0.31226 0.903846 0.0302885 0.0410256
0 0.434247 0.865625 0.670994 0.0600962 0.0939103
0 0.445189 0.877524 0.224199 0.0646635 0.0483974
0 0.447229 0.623197 0.751282 0.0877404 0.119231
0 0.524419 0.69363 0.481891 0.0223558 0.063141
0 0.551482 0.51851 0.0355769 0.0519231 0.0711538
0 0.608265 0.226202 0.265385 0.0971154 0.0967949
0 0.649712 0.364062 0.200801 0.0963942 0.0637821
0 0.713668 0.610337 0.564583 0.0610577 0.0894231
0 0.721137 0.352163 0.691987 0.0567308 0.0775641
0 0.739415 0.779928 0.225641 0.0483173 0.0974359
0 0.752964 0.557933 0.682853 0.0552885 0.0605769
0 0.753894 0.528005 0.763942 0.0540865 0.0695513
0 0.768454 0.451803 0.544071 0.0689904 0.0548077
0 0.771417 0.71262 0.598878 0.0723558 0.0727564
0 0.776258 0.762139 0.0942308 0.106971 0.0935897
0 0.802587 0.298077 0.346635 0.115865 0.115064
0 0.815142 0.43762 0.479647 0.0848558 0.0817308
