0 0.0305105 0.507933 0.134295 0.0173077 0.0429487
0 0.0309546 0.185577 0.104968 0.0394231 0.0580128
0 0.0316369 0.434615 0.259455 0.0201923 0.0541667
0 0.0327355 0.948197 0.910577 0.0526442 0.0967949
0 0.0349642 0.778486 0.780288 0.0362981 0.0637821
0 0.0372767 0.797957 0.823718 0.0334135 0.0487179
0 0.0379914 0.98774 0.6625 0.0221154 0.0884615
0 0.039025 0.542428 0.335096 0.0353365 0.0862179
0 0.0424394 0.621394 0.347276 0.0677885 0.125962
0 0.0431114 0.148678 0.221795 0.0310096 0.0730769
0 0.0442938 0.936779 0.977404 0.0725962 0.0439103
0 0.0458867 0.513462 0.247436 0.0182692 0.0294872
0 0.0498434 0.896995 0.620353 0.0324519 0.0458333
0 0.0530722 0.967788 0.957372 0.0615385 0.0852564
0 0.0573849 0.0407452 0.889103 0.0459135 0.0955128
0 0.0584235 0.586418 0.380288 0.0175481 0.0676282
0 0.0612822 0.635457 0.634295 0.040625 0.0615385
0 0.0616 0.646635 0.308974 0.025 0.0525641
0 0.062922 0.0527644 0.116506 0.0391827 0.0650641
0 0.0651878 0.931611 0.905609 0.0300481 0.0586538
0 0.0691758 0.941226 0.932372 0.0377404 0.0717949
0 0.069577 0.0129808 0.772596 0.0254808 0.0983974
0 0.0729674 0.576442 0.376923 0.0307692 0.0698718
0 0.078022 0.977404 0.198718 0.0413462 0.144231
0 0.0799337 0.558774 0.0650641 0.0247596 0.0564103
0 0.0833019 0.492188 0.375801 0.0290865 0.0650641
0 0.0839185 0.923558 0.892628 0.0331731 0.0378205
0 0.0841014 0.50024 0.0822115 0.0158654 0.0567308
0 0.0873431 0.945072 0.680288 0.046875 0.0586538
0 0.094619 0.45625 0.426122 0.0375 0.0445513
0 0.0988157 0.461779 0.440705 0.0403846 0.0910256
0 0.100239 0.197476 0.341667 0.0382212 0.0423077
0 0.100867 0.527885 0.219551 0.0480769 0.0660256
0 0.105118 0.638582 0.323558 0.0564904 0.131731
0 0.108075 0.412981 0.63125 0.0615385 0.0951923
0 0.108284 0.562861 0.632532 0.0507212 0.0701923
0 0.11301 0.511058 0.620673 0.0230769 0.0490385
0 0.115178 0.489303 0.391506 0.0237981 0.0407051
0 0.127458 0.979207 0.973718 0.0415865 0.0525641
0 0.136118 0.0300481 0.230449 0.0528846 0.0762821
0 0.142612 0.970913 0.958814 0.0379808 0.0554487
0 0.144878 0.826082 0.358654 0.065625 0.0852564
0 0.149402 0.564543 0.370833 0.0377404 0.0705128
0 0.156765 0.532933 0.134776 0.0115385 0.0330128
0 0.176624 0.982572 0.119712 0.0338942 0.0913462
0 0.177029 0.543389 0.305769 0.0266827 0.0455128
0 0.207806 0.536899 0.213301 0.0271635 0.0426282
0 0.220093 0.5 0.355929 0.0269231 0.0451923
0 0.243292 0.584255 0.625481 0.0512019 0.0804487
0 0.259977 0.476683 0.234615 0.0216346 0.0365385
0 0.311628 0.787139 0.806891 0.0439904 0.0772436
0 0.312288 0.550361 0.64359 0.0310096 0.0602564
0 0.326517 0.940264 0.914423 0.0266827 0.0371795
0 0.340028 0.884736 0.298077 0.0411058 0.0589744
0 0.355569 0.742067 0.0955128 0.0264423 0.0692308
0 0.380092 0.804447 0.227724 0.0747596 0.0759615
0 0.390769 0.4625 0.173237 0.0177885 0.0445513
0 0.405319 0.309375 0.235417 0.0504808 0.088141
0 0.434964 0.367067 0.651122 0.0322115 0.0945513
0 0.471285 0.123918 0.525801 0.0444712 0.0862179
0 0.479535 0.258053 0.232372 0.0588942 0.0705128
0 0.509076 0.795072 0.0959936 0.0473558 0.100321
0 0.536922 0.973558 0.0873397 0.0528846 0.111218
0 0.552329 0.445072 0.271635 0.0430288 0.0862179
0 0.605234 0.658053 0.682372 0.0290865 0.0557692
0 0.634558 0.415144 0.735577 0.0735577 0.0884615
0 0.654444 0.934135 0.154006 0.0504808 0.063141
0 0.693754 0.73125 0.439583 0.0365385 0.0548077
0 0.709873 0.672716 0.198397 0.0252404 0.0512821
