0 0.0354073 0.617909 0.111859 0.0353365 0.0589744
0 0.0359763 0.450962 0.491987 0.0322115 0.0314103
0 0.0381517 0.45625 0.0504808 0.0370192 0.0798077
0 0.0398332 0.436538 0.0698718 0.0663462 0.10641
0 0.0423045 0.621755 0.398077 0.0127404 0.0320513
0 0.0453797 0.478365 0.342949 0.0629808 0.0820513
0 0.048717 0.502524 0.545513 0.040625 0.050641
0 0.049758 0.190505 0.197756 0.0478365 0.0384615
0 0.0499166 0.459615 0.391667 0.102404 0.0583333
0 0.0524853 0.136538 0.724199 0.0346154 0.036859
0 0.0541176 0.492067 0.486058 0.0596154 0.0958333
0 0.05586 0.970793 0.833494 0.0584135 0.0695513
0 0.0877571 0.44399 0.482372 0.0519231 0.0519231
0 0.10119 0.577885 0.0408654 0.0245192 0.0407051
0 0.102292 0.0104567 0.258173 0.0199519 0.0798077
0 0.102327 0.49363 0.550641 0.0502404 0.0839744
0 0.102942 0.426322 0.0916667 0.0290865 0.0634615
0 0.110331 0.499279 0.448718 0.0567308 0.0487179
0 0.118432 0.490144 0.517308 0.0418269 0.0544872
0 0.123178 0.493029 0.576923 0.0538462 0.0596154
0 0.202892 0.412019 0.0544872 0.0235577 0.0544872
0 0.205695 0.453846 0.0163462 0.0259615 0.0326923
0 0.269251 0.433774 0.0714744 0.0382212 0.0679487
0 0.291957 0.5625 0.214103 0.0245192 0.0288462
0 0.367406 0.480048 0.321474 0.0475962 0.0544872
0 0.371076 0.419351 0.0772436 0.0324519 0.0967949
0 0.411058 0.441466 0.0653846 0.0276442 0.0455128
0 0.423529 0.463822 0.0724359 0.0262019 0.0628205
0 0.442657 0.0382212 0.704968 0.0528846 0.0419872
