0 0.0300987 0.271394 0.0341346 0.0403846 0.0682692
0 0.0318226 0.969832 0.349038 0.0358173 0.074359
0 0.0329307 0.3375 0.855769 0.0394231 0.105769
0 0.0348234 0.578726 0.190705 0.0161058 0.05
0 0.0357504 0.0801683 0.901763 0.0526442 0.0862179
0 0.0364369 0.269591 0.0235577 0.0252404 0.0471154
0 0.0364884 0.665144 0.934295 0.0336538 0.0564103
0 0.0365119 0.262139 0.775 0.0521635 0.0551282
0 0.0401486 0.830409 0.460577 0.0204327 0.0551282
0 0.0500418 0.931971 0.342147 0.0355769 0.0272436
0 0.0522849 0.390385 0.297436 0.0365385 0.117308
0 0.0539378 0.519351 0.390705 0.0430288 0.0730769
0 0.0551863 0.50649 0.345673 0.0432692 0.0657051
0 0.056114 0.252163 0.0192308 0.0706731 0.0384615
0 0.0661465 0.417428 0.0134615 0.0141827 0.0269231
0 0.0696598 0.0350962 0.812019 0.0519231 0.0849359
0 0.0765879 0.0451923 0.860256 0.0774038 0.178205
0 0.0767931 0.292668 0.779167 0.0574519 0.0551282
0 0.0839063 0.350721 0.274359 0.0802885 0.164103
0 0.0846531 0.246875 0.761538 0.0331731 0.0551282
0 0.0909528 0.736418 0.529968 0.0194712 0.0567308
0 0.0929007 0.528005 0.397917 0.0233173 0.0400641
0 0.0968939 0.83137 0.480929 0.028125 0.0964744
0 0.104569 0.305409 0.760417 0.0536058 0.0560897
0 0.114355 0.972837 0.329327 0.0495192 0.0721154
0 0.116189 0.465505 0.610897 0.0483173 0.0403846
0 0.116586 0.502885 0.628045 0.0408654 0.0798077
0 0.119011 0.0171875 0.929006 0.0329327 0.0567308
0 0.121357 0.0353365 0.872917 0.0524038 0.0721154
0 0.124151 0.697957 0.378686 0.0122596 0.0272436
0 0.140216 0.39351 0.287179 0.0235577 0.0775641
0 0.144243 0.330048 0.267788 0.0466346 0.0663462
0 0.157347 0.034375 0.865545 0.0399038 0.0400641
0 0.168435 0.0539663 0.961378 0.0507212 0.0772436
0 0.183025 0.134255 0.173878 0.0372596 0.0945513
0 0.194157 0.451082 0.454167 0.0286058 0.110897
0 0.206977 0.231611 0.013141 0.0492788 0.025641
0 0.225033 0.0483173 0.796314 0.0298077 0.0605769
0 0.276163 0.274038 0.930128 0.0548077 0.073718
0 0.291436 0.582212 0.176603 0.0216346 0.0666667
0 0.297793 0.445673 0.477404 0.0182692 0.0657051
0 0.319417 0.331731 0.11859 0.0721154 0.0903846
0 0.334978 0.0298077 0.844231 0.0533654 0.108333
0 0.356098 0.439063 0.385577 0.0526442 0.0576923
0 0.35745 0.483774 0.469551 0.0425481 0.0410256
0 0.386184 0.58113 0.257051 0.0516827 0.0423077
0 0.400116 0.769471 0.519712 0.0240385 0.0407051
0 0.453695 0.341587 0.312019 0.0543269 0.0875
0 0.456987 0.602764 0.479968 0.0290865 0.0394231
0 0.458767 0.0620192 0.927083 0.0966346 0.138141
0 0.53974 0.501082 0.720353 0.0233173 0.0759615
0 0.546017 0.463822 0.440545 0.0516827 0.124038
0 0.565659 0.387861 0.408494 0.0439904 0.0785256
0 0.575837 0.83149 0.503686 0.0466346 0.100962
0 0.577011 0.660577 0.0177885 0.0235577 0.0355769
0 0.601633 0.510096 0.370353 0.0543269 0.11891
0 0.619821 0.384615 0.232853 0.0923077 0.203526
0 0.657209 0.664904 0.34375 0.0274038 0.0810897
0 0.671586 0.674399 0.458333 0.0348558 0.0871795
0 0.71963 0.387981 0.620833 0.0346154 0.110897
0 0.753171 0.670913 0.582212 0.0375 0.1125
