0 0.030769 0.505649 0.986538 0.0637019 0.025641
0 0.0308062 0.866106 0.285737 0.0259615 0.0496795
0 0.0313079 0.980769 0.972115 0.0384615 0.0557692
0 0.0317838 0.86851 0.426442 0.0317308 0.0477564
0 0.031785 0.672596 0.982692 0.0668269 0.0307692
0 0.0339105 0.222957 0.976282 0.0588942 0.0467949
0 0.0351162 0.0441106 0.948558 0.0540865 0.061859
0 0.036353 0.0122596 0.502564 0.0245192 0.10641
0 0.0365197 0.989062 0.913622 0.0213942 0.0753205
0 0.0382752 0.73149 0.116667 0.0158654 0.0371795
0 0.0393702 0.769231 0.885577 0.0346154 0.0519231
0 0.0397075 0.0228365 0.31266 0.0408654 0.0862179
0 0.0407729 0.41238 0.224359 0.0151442 0.050641
0 0.0438205 0.0245192 0.158173 0.0480769 0.129167
0 0.0440717 0.251202 0.359936 0.0350962 0.0589744
0 0.0444148 0.794351 0.385256 0.0175481 0.0333333
0 0.0444201 0.568389 0.983654 0.053125 0.0326923
0 0.0461525 0.522716 0.673397 0.0358173 0.0519231
0 0.0479737 0.385457 0.258814 0.0233173 0.036218
0 0.0484432 0.792188 0.834776 0.0401442 0.0740385
0 0.0486214 0.799159 0.160096 0.0175481 0.0477564
0 0.0497071 0.511058 0.456571 0.0139423 0.0291667
0 0.0508268 0.528125 0.899519 0.0259615 0.0413462
0 0.0525429 0.542308 0.716667 0.0259615 0.0487179
0 0.0540803 0.341466 0.547596 0.0290865 0.0426282
0 0.0571848 0.0158654 0.984295 0.0317308 0.0314103
0 0.0635395 0.448678 0.2375 0.0199519 0.0288462
0 0.065897 0.687861 0.328365 0.0194712 0.0291667
0 0.0720603 0.612981 0.473718 0.0182692 0.0391026
0 0.0729417 0.772957 0.210737 0.0362981 0.0394231
0 0.0742885 0.202524 0.53093 0.0415865 0.0586538
0 0.0759118 0.797236 0.90625 0.0415865 0.0554487
0 0.0822656 0.988822 0.170994 0.021875 0.0464744
0 0.0850358 0.871995 0.249359 0.0286058 0.0666667
0 0.0884103 0.229207 0.520032 0.0396635 0.0516026
0 0.0906299 0.571154 0.970994 0.0668269 0.0580128
0 0.0938314 0.476683 0.447917 0.0144231 0.0426282
0 0.103693 0.981851 0.178045 0.0362981 0.061859
0 0.12253 0.0790865 0.585096 0.0144231 0.0419872
0 0.130565 0.0157452 0.461058 0.0305288 0.183013
0 0.135239 0.985577 0.937019 0.0278846 0.105449
0 0.138771 0.53101 0.673077 0.0408654 0.0782051
0 0.140634 0.682212 0.972756 0.0495192 0.0544872
0 0.152945 0.429808 0.512019 0.0264423 0.0387821
0 0.162796 0.866587 0.267788 0.0245192 0.0464744
0 0.16635 0.661659 0.0605769 0.0189904 0.0685897
0 0.173796 0.5625 0.770994 0.0259615 0.0516026
0 0.183022 0.0153846 0.729647 0.0298077 0.0746795
0 0.194839 0.522356 0.701442 0.0576923 0.0740385
0 0.195664 0.969471 0.190545 0.0442308 0.0586538
0 0.199221 0.484856 0.283013 0.0173077 0.0397436
0 0.218548 0.531851 0.65593 0.0358173 0.0349359
0 0.227229 0.0308894 0.970192 0.0617788 0.0596154
0 0.287183 0.0338942 0.326923 0.0644231 0.125
0 0.305985 0.540144 0.601122 0.0240385 0.0285256
0 0.344644 0.359615 0.366827 0.0197115 0.0612179
0 0.360613 0.239183 0.514103 0.0254808 0.05
0 0.460525 0.786418 0.813782 0.0348558 0.074359
0 0.470907 0.902284 0.377885 0.0247596 0.0653846
0 0.500575 0.728245 0.253686 0.0247596 0.0509615
0 0.565445 0.782212 0.893269 0.0586538 0.0621795
0 0.585664 0.582812 0.950481 0.0694712 0.0983974
