0 0.030492 0.677163 0.959936 0.0317308 0.0365385
0 0.0315983 0.292788 0.0322115 0.0389423 0.0387821
0 0.0319487 0.223077 0.671795 0.0163462 0.0282051
0 0.0326663 0.549038 0.0280449 0.0322115 0.0522436
0 0.0328605 0.680168 0.491026 0.0507212 0.0435897
0 0.0362985 0.586538 0.406571 0.0173077 0.0298077
0 0.0364932 0.876082 0.972917 0.0415865 0.0464744
0 0.0372991 0.26899 0.740064 0.0399038 0.0371795
0 0.0377901 0.686178 0.340064 0.0632212 0.0448718
0 0.038229 0.904567 0.859295 0.0485577 0.0467949
0 0.0383768 0.224279 0.729327 0.0283654 0.0727564
0 0.0409619 0.332692 0.616506 0.0331731 0.0323718
0 0.041079 0.717428 0.244231 0.0295673 0.0858974
0 0.0430118 0.669712 0.261378 0.0365385 0.0285256
0 0.0435462 0.4375 0.530769 0.0168269 0.0352564
0 0.0449655 0.431851 0.476923 0.0348558 0.0371795
0 0.0464663 0.835457 0.0144231 0.0574519 0.0288462
0 0.048198 0.723558 0.155609 0.0480769 0.0753205
0 0.0507511 0.986538 0.188141 0.0264423 0.0935897
0 0.053409 0.892788 0.870353 0.0822115 0.0804487
0 0.0540851 0.219471 0.721474 0.0274038 0.0442308
0 0.0575361 0.336899 0.289263 0.0108173 0.0272436
0 0.0588601 0.253125 0.978365 0.0879808 0.0432692
0 0.0602443 0.677885 0.460256 0.0567308 0.0826923
0 0.0705737 0.0198317 0.123237 0.0334135 0.0567308
0 0.0717054 0.692067 0.698237 0.0307692 0.038141
0 0.0922775 0.321394 0.610256 0.05625 0.0358974
0 0.100308 0.257812 0.386058 0.0242788 0.0285256
0 0.103544 0.178125 0.980128 0.0432692 0.0397436
0 0.135912 0.101322 0.204167 0.0319712 0.0416667
0 0.155252 0.367428 0.908974 0.0555288 0.0435897
0 0.201054 0.0147837 0.055609 0.0266827 0.038141
0 0.211299 0.428245 0.497436 0.0286058 0.0333333
0 0.259132 0.848197 0.0248397 0.0387019 0.0496795
0 0.270393 0.229447 0.748558 0.0430288 0.130449
0 0.292416 0.403966 0.332532 0.0387019 0.0689103
0 0.32125 0.454808 0.514423 0.0336538 0.05
0 0.335907 0.64375 0.420353 0.0158654 0.0317308
0 0.519729 0.539904 0.0375 0.0442308 0.0551282
0 0.541427 0.238942 0.772276 0.0403846 0.0913462
0 0.541758 0.942668 0.0496795 0.0584135 0.099359
0 0.576569 0.147837 0.707692 0.0254808 0.0365385
