0 0.031713 0.48762 0.434936 0.0117788 0.025641
0 0.0328196 0.333774 0.912981 0.0742788 0.0964744
0 0.0332755 0.989303 0.739904 0.0213942 0.0862179
0 0.0362576 0.599399 0.461538 0.0209135 0.0814103
0 0.0367879 0.599279 0.439583 0.0134615 0.0394231
0 0.037147 0.968029 0.354808 0.0413462 0.0884615
0 0.0374015 0.882812 0.161859 0.0199519 0.0410256
0 0.0377726 0.95601 0.548878 0.0447115 0.0599359
0 0.0388751 0.0604567 0.911859 0.0887019 0.148077
0 0.0425478 0.989663 0.501923 0.0206731 0.0634615
0 0.0435728 0.178365 0.365545 0.0423077 0.0490385
0 0.0451719 0.665625 0.980288 0.110577 0.0394231
0 0.0463875 0.990385 0.217949 0.0192308 0.0608974
0 0.046927 0.508413 0.877564 0.0240385 0.0333333
0 0.0476191 0.0140625 0.766026 0.028125 0.05
0 0.0494991 0.851923 0.333013 0.0379808 0.0596154
0 0.0497599 0.182452 0.823558 0.0600962 0.11891
0 0.0498928 0.105769 0.638942 0.0466346 0.0727564
0 0.0511782 0.700481 0.161378 0.0360577 0.0394231
0 0.0527409 0.827284 0.302564 0.0598558 0.0858974
0 0.0535408 0.849159 0.231891 0.0170673 0.0375
0 0.0540351 0.646514 0.671154 0.040625 0.0692308
0 0.0542066 0.891587 0.528045 0.0447115 0.0554487
0 0.0565076 0.600601 0.644872 0.0290865 0.0788462
0 0.0616423 0.0490385 0.640385 0.0370192 0.0371795
0 0.0640189 0.733894 0.807692 0.0379808 0.0557692
0 0.0666776 0.109375 0.660737 0.0692308 0.127244
0 0.0679302 0.795313 0.527564 0.0396635 0.0333333
0 0.0681909 0.604567 0.475801 0.0379808 0.0785256
0 0.0733133 0.0167067 0.540705 0.0329327 0.105128
0 0.0736666 0.980649 0.555609 0.0382212 0.118269
0 0.0743026 0.619712 0.985737 0.0504808 0.0285256
0 0.0774209 0.701202 0.349359 0.05 0.0596154
0 0.0788824 0.802163 0.421154 0.0370192 0.0416667
0 0.0801466 0.438582 0.361058 0.0362981 0.0509615
0 0.0827812 0.682692 0.0608974 0.0240385 0.0423077
0 0.0837409 0.991466 0.300641 0.0170673 0.0596154
0 0.0874922 0.612861 0.515545 0.0377404 0.0798077
0 0.087571 0.846274 0.426442 0.0401442 0.0451923
0 0.0878336 0.977885 0.179968 0.0341346 0.0625
0 0.0879649 0.846875 0.243109 0.0235577 0.0560897
0 0.0890079 0.399519 0.0155449 0.03125 0.0298077
0 0.0899921 0.985457 0.714744 0.0290865 0.108974
0 0.0916554 0.61238 0.539263 0.028125 0.0413462
0 0.114225 0.0581731 0.977564 0.0932692 0.0410256
0 0.115824 0.788822 0.407212 0.034375 0.0451923
0 0.124912 0.990625 0.358333 0.01875 0.0833333
0 0.127586 0.830649 0.426603 0.0627404 0.0544872
0 0.132246 0.163221 0.395032 0.0216346 0.0451923
0 0.135843 0.958654 0.3625 0.0264423 0.049359
0 0.140239 0.447115 0.196154 0.0182692 0.0237179
0 0.140419 0.76238 0.121955 0.0305288 0.0541667
0 0.141662 0.0254808 0.510096 0.0509615 0.151603
0 0.143071 0.417308 0.0272436 0.0221154 0.0487179
0 0.143773 0.71863 0.525641 0.021875 0.0352564
0 0.157158 0.408053 0.0203526 0.0377404 0.0407051
0 0.16437 0.61875 0.478045 0.0649038 0.104808
0 0.171431 0.167668 0.379167 0.0420673 0.0826923
0 0.186459 0.481731 0.507853 0.101923 0.0862179
0 0.187482 0.0396635 0.376603 0.0682692 0.0711538
0 0.200867 0.818269 0.174519 0.0240385 0.0464744
0 0.209913 0.691226 0.170192 0.0290865 0.0371795
0 0.210885 0.53762 0.571635 0.015625 0.0387821
0 0.224393 0.98738 0.529006 0.0252404 0.102885
0 0.226836 0.857452 0.353526 0.0524038 0.0641026
0 0.227934 0.619351 0.104487 0.0266827 0.0423077
0 0.231319 0.650962 0.725801 0.0350962 0.0419872
0 0.244587 0.678726 0.53109 0.0199519 0.0358974
0 0.248795 0.333293 0.908654 0.0353365 0.0705128
0 0.249 0.830769 0.709615 0.102404 0.117308
0 0.264416 0.781851 0.397436 0.0310096 0.0448718
0 0.269712 0.870433 0.366186 0.0394231 0.0663462
0 0.288272 0.982933 0.203205 0.0341346 0.0666667
0 0.293775 0.958894 0.567308 0.0778846 0.0884615
0 0.30509 0.989303 0.326282 0.0213942 0.107051
0 0.307986 0.500601 0.883654 0.0382212 0.0410256
0 0.324332 0.84351 0.344231 0.0331731 0.0532051
0 0.338952 0.812019 0.435577 0.0307692 0.0557692
0 0.3642 0.0418269 0.948397 0.0836538 0.103205
0 0.365904 0.763341 0.791026 0.0257212 0.0608974
0 0.393025 0.85625 0.457372 0.0408654 0.0891026
0 0.401955 0.124639 0.454647 0.0334135 0.0541667
0 0.411504 0.65601 0.0326923 0.0293269 0.0653846
0 0.423607 0.182572 0.0573718 0.0372596 0.0673077
0 0.439386 0.428606 0.914263 0.05 0.109295
0 0.470754 0.357452 0.903846 0.0576923 0.0769231
0 0.471928 0.520673 0.0748397 0.0173077 0.0419872
0 0.480915 0.815385 0.290385 0.0442308 0.0525641
0 0.487234 0.633053 0.383814 0.0396635 0.0394231
0 0.519995 0.488462 0.195192 0.0302885 0.0416667
0 0.574492 0.377885 0.372917 0.0711538 0.0945513
0 0.608489 0.85637 0.120513 0.0492788 0.0525641
0 0.623817 0.963702 0.686699 0.0567308 0.108654
0 0.649018 0.882812 0.551122 0.0728365 0.104808
0 0.663482 0.691226 0.880128 0.0439904 0.0846154
0 0.668596 0.875601 0.702885 0.0848558 0.103205
0 0.674316 0.689062 0.801282 0.0694712 0.0666667
0 0.712118 0.285216 0.922756 0.0709135 0.128205
0 0.762257 0.798678 0.719712 0.0459135 0.116987
