0 0.0300082 0.286298 0.0110577 0.0490385 0.0208333
0 0.0302824 0.0165865 0.791987 0.0288462 0.0923077
0 0.0303206 0.0629808 0.229006 0.0913462 0.166987
0 0.0316031 0.430769 0.439263 0.0495192 0.131731
0 0.0322212 0.305889 0.0120192 0.065625 0.0240385
0 0.0336155 0.715505 0.0613782 0.0396635 0.113141
0 0.0336988 0.322596 0.0169872 0.0663462 0.0339744
0 0.0353447 0.344111 0.0365385 0.065625 0.0666667
0 0.0354367 0.166707 0.1875 0.0430288 0.0820513
0 0.0359958 0.194591 0.71843 0.0161058 0.0355769
0 0.0375865 0.154327 0.846635 0.0365385 0.0509615
0 0.0375946 0.49387 0.917147 0.0449519 0.0580128
0 0.0378259 0.0105769 0.888942 0.0197115 0.108013
0 0.0400764 0.73113 0.975321 0.193029 0.049359
0 0.0411545 0.144471 0.929006 0.0350962 0.0426282
0 0.0419456 0.440986 0.502724 0.0627404 0.125962
0 0.0422801 0.011899 0.927724 0.0151442 0.0477564
0 0.0426837 0.149159 0.917628 0.0502404 0.0897436
0 0.0429669 0.456611 0.563942 0.0622596 0.128526
0 0.0441266 0.00997596 0.73125 0.0199519 0.0689103
0 0.0505914 0.0242788 0.823718 0.0418269 0.107051
0 0.052918 0.0325721 0.771154 0.0401442 0.0589744
0 0.0546186 0.0371394 0.738301 0.0617788 0.161218
0 0.0560155 0.021875 0.877083 0.0408654 0.174679
0 0.0561208 0.170072 0.880929 0.0569712 0.100962
0 0.0613575 0.454327 0.556891 0.0490385 0.0592949
0 0.066518 0.136178 0.309615 0.0550481 0.123718
0 0.0701419 0.528606 0.948718 0.0394231 0.0814103
0 0.0726279 0.0158654 0.930128 0.0317308 0.0628205
0 0.0808232 0.0158654 0.971795 0.0317308 0.0564103
0 0.0820281 0.424159 0.38766 0.028125 0.0394231
0 0.094628 0.0192308 0.729167 0.0336538 0.098718
0 0.0985643 0.718149 0.664263 0.0189904 0.0394231
0 0.108035 0.414904 0.519391 0.025 0.0419872
0 0.115643 0.041226 0.69984 0.028125 0.0669872
0 0.118628 0.0355769 0.835897 0.0456731 0.0615385
0 0.142093 0.0421875 0.754327 0.0334135 0.0554487
0 0.144392 0.0129808 0.859135 0.0259615 0.0695513
0 0.150336 0.71875 0.140865 0.04375 0.0926282
0 0.151941 0.167308 0.923237 0.06875 0.120833
0 0.176376 0.0112981 0.757212 0.0225962 0.0605769
0 0.189037 0.448197 0.532372 0.046875 0.074359
0 0.195671 0.00997596 0.388782 0.0189904 0.0858974
0 0.259528 0.184856 0.961218 0.0899038 0.0711538
0 0.282613 0.0217548 0.946314 0.0401442 0.104167
0 0.300439 0.0389423 0.829808 0.0336538 0.0294872
0 0.310484 0.219832 0.944231 0.078125 0.105128
0 0.317334 0.379447 0.178205 0.0151442 0.0320513
0 0.321017 0.442187 0.514583 0.0237981 0.0798077
0 0.340858 0.339063 0.0232372 0.0463942 0.0439103
0 0.344573 0.406731 0.849199 0.0802885 0.129167
0 0.360237 0.163462 0.945513 0.0581731 0.0583333
0 0.37279 0.709736 0.661538 0.034375 0.0467949
0 0.3792 0.233413 0.907532 0.0745192 0.139423
0 0.382177 0.208293 0.970192 0.0728365 0.0596154
0 0.436945 0.156611 0.302404 0.109856 0.141346
0 0.445773 0.360697 0.0775641 0.0425481 0.0878205
0 0.464357 0.0455529 0.724038 0.0348558 0.105769
0 0.51766 0.156971 0.870673 0.0379808 0.0791667
0 0.522953 0.199279 0.29359 0.04375 0.104487
0 0.538991 0.602163 0.485096 0.0394231 0.0516026
0 0.587485 0.512019 0.935096 0.0682692 0.0977564
0 0.642864 0.148317 0.155929 0.0663462 0.1375
0 0.663012 0.460817 0.623718 0.0586538 0.107051
0 0.666482 0.71238 0.105769 0.0560096 0.185256
0 0.686177 0.374639 0.896314 0.0694712 0.088141
0 0.713613 0.43101 0.435577 0.0350962 0.0730769
0 0.735446 0.417668 0.813942 0.0694712 0.0977564
0 0.795745 0.59399 0.398397 0.0923077 0.127564
0 0.856945 0.633534 0.566987 0.0689904 0.185897
