0 0.0303708 0.953966 0.879487 0.0786058 0.0929487
0 0.0305661 0.894712 0.0211538 0.0639423 0.0391026
0 0.031179 0.0481971 0.611378 0.0314904 0.0490385
0 0.0312458 0.233654 0.358494 0.126923 0.108654
0 0.0332312 0.535577 0.0354167 0.0375 0.0695513
0 0.0332793 0.764303 0.607853 0.0497596 0.0733974
0 0.0345483 0.330168 0.0823718 0.0786058 0.0698718
0 0.0355092 0.158053 0.260577 0.0858173 0.0878205
0 0.0356373 0.916226 0.426442 0.159856 0.21891
0 0.0380589 0.330168 0.440705 0.0632212 0.0416667
0 0.0380945 0.779447 0.642628 0.0882212 0.134615
0 0.0382049 0.610577 0.375481 0.0365385 0.0708333
0 0.0394616 0.969231 0.982212 0.05625 0.0355769
0 0.0398983 0.717788 0.640064 0.0471154 0.1
0 0.0411066 0.993029 0.851442 0.0139423 0.0580128
0 0.0411515 0.288221 0.504167 0.0836538 0.0775641
0 0.0412139 0.963101 0.828526 0.0430288 0.0794872
0 0.0412578 0.325962 0.171795 0.0384615 0.0647436
0 0.0413837 0.122716 0.0120192 0.0362981 0.0240385
0 0.041683 0.990505 0.365865 0.0189904 0.0605769
0 0.0422001 0.0116587 0.15641 0.0228365 0.0679487
0 0.0440969 0.275962 0.375 0.0793269 0.0846154
0 0.0441239 0.0222356 0.56282 0.0348558 0.103205
0 0.0455011 0.895433 0.871314 0.0548077 0.0951923
0 0.045818 0.734375 0.140865 0.0264423 0.0528846
0 0.0462797 0.732452 0.068109 0.0360577 0.0599359
0 0.0463025 0.927404 0.875801 0.0399038 0.0387821
0 0.047598 0.778005 0.038141 0.103125 0.0724359
0 0.0480935 0.366346 0.0214744 0.0495192 0.0423077
0 0.0506006 0.355409 0.093109 0.0627404 0.0592949
0 0.0510638 0.238221 0.615705 0.0394231 0.0423077
0 0.0544495 0.880288 0.252885 0.0783654 0.0878205
0 0.0558821 0.686538 0.627404 0.0350962 0.0746795
0 0.0559025 0.844832 0.204006 0.0449519 0.0528846
0 0.0596405 0.924639 0.880769 0.0963942 0.112821
0 0.0610549 0.818389 0.669071 0.0540865 0.113141
0 0.0632189 0.0120192 0.170673 0.0240385 0.165705
0 0.066986 0.958894 0.819712 0.0240385 0.0477564
0 0.068319 0.36226 0.388942 0.0283654 0.0644231
0 0.0724733 0.777163 0.289423 0.0725962 0.0942308
0 0.0760741 0.385817 0.285897 0.0322115 0.0435897
0 0.0781126 0.894111 0.698718 0.0367788 0.0538462
0 0.0790947 0.196274 0.370833 0.0555288 0.0698718
0 0.0798327 0.929327 0.880929 0.0610577 0.0644231
0 0.0818349 0.329688 0.377244 0.0290865 0.0608974
0 0.0845294 0.944471 0.78734 0.0548077 0.0740385
0 0.0863938 0.576803 0.375321 0.0502404 0.0801282
0 0.0913262 0.25625 0.0245192 0.0423077 0.0490385
0 0.104754 0.827885 0.648237 0.0951923 0.111218
0 0.106454 0.721635 0.185737 0.0475962 0.0503205
0 0.112798 0.0165865 0.546955 0.0322115 0.0586538
0 0.11406 0.130409 0.348397 0.0430288 0.0564103
0 0.118702 0.655529 0.025641 0.0634615 0.049359
0 0.121374 0.0292067 0.0525641 0.053125 0.0641026
0 0.140153 0.990745 0.874359 0.0185096 0.105128
0 0.142688 0.329207 0.0233974 0.0512019 0.0435897
0 0.153856 0.234375 0.148237 0.03125 0.0528846
0 0.168754 0.64375 0.488782 0.0475962 0.0589744
0 0.169963 0.272837 0.50609 0.0706731 0.0461538
0 0.178555 0.310817 0.0833333 0.0350962 0.0551282
0 0.193546 0.0352163 0.641667 0.0704327 0.0833333
0 0.197314 0.757812 0.0378205 0.0473558 0.0705128
0 0.218496 0.724159 0.473558 0.0454327 0.0836538
0 0.226468 0.791707 0.272436 0.0473558 0.0608974
0 0.228298 0.05625 0.797115 0.0677885 0.0608974
0 0.228426 0.292067 0.388301 0.0451923 0.0727564
0 0.234508 0.594712 0.379808 0.0495192 0.0820513
0 0.243365 0.822236 0.398718 0.0579327 0.0942308
0 0.254612 0.592308 0.0629808 0.0485577 0.0612179
0 0.257872 0.965745 0.960737 0.0661058 0.0785256
0 0.271946 0.428966 0.253686 0.0425481 0.0464744
0 0.277489 0.983894 0.311538 0.0322115 0.0589744
0 0.301448 0.79399 0.641667 0.0442308 0.105128
0 0.337317 0.916346 0.0376603 0.0389423 0.0663462
0 0.350114 0.75 0.625 0.0860577 0.133974
0 0.363557 0.862019 0.641987 0.0427885 0.0769231
0 0.366047 0.207091 0.10609 0.0632212 0.0762821
0 0.370661 0.753365 0.381571 0.0528846 0.0689103
0 0.378825 0.830769 0.0392628 0.0514423 0.0721154
0 0.400011 0.666947 0.355128 0.0896635 0.10641
0 0.4105 0.128726 0.0682692 0.0584135 0.0666667
0 0.43887 0.668029 0.611859 0.0346154 0.0679487
0 0.439638 0.05625 0.15 0.0620192 0.0583333
0 0.525943 0.153726 0.660737 0.0574519 0.0605769
0 0.55043 0.822957 0.555769 0.0704327 0.0583333
0 0.576111 0.244111 0.632532 0.0439904 0.0695513
0 0.586159 0.379207 0.614583 0.0795673 0.132372
