0 0.0304704 0.0769231 0.783494 0.0298077 0.0599359
0 0.030647 0.390024 0.908654 0.0459135 0.0711538
0 0.0306603 0.984736 0.167147 0.0295673 0.128526
0 0.0312772 0.858293 0.0126603 0.0608173 0.0246795
0 0.0314844 0.136178 0.987821 0.0473558 0.024359
0 0.0315064 0.633293 0.647596 0.0483173 0.0535256
0 0.031661 0.336178 0.653846 0.0454327 0.0576923
0 0.0318202 0.298197 0.588301 0.0536058 0.0663462
0 0.0319601 0.644351 0.71907 0.0545673 0.0701923
0 0.0321464 0.287139 0.609776 0.0295673 0.0413462
0 0.0325021 0.589904 0.743109 0.0278846 0.038141
0 0.0328292 0.0134615 0.916987 0.0225962 0.0474359
0 0.0331575 0.225481 0.0230769 0.0572115 0.0442308
0 0.0334907 0.830769 0.326763 0.0543269 0.0509615
0 0.033794 0.808654 0.0149038 0.0538462 0.0298077
0 0.0340973 0.561298 0.60641 0.0269231 0.0634615
0 0.0344396 0.677524 0.396635 0.0367788 0.0477564
0 0.0347387 0.603245 0.633654 0.0430288 0.0628205
0 0.0353547 0.353486 0.511538 0.0391827 0.0685897
0 0.0358591 0.766346 0.703365 0.0408654 0.0407051
0 0.0364585 0.985937 0.474679 0.0257212 0.114103
0 0.0366147 0.76899 0.789744 0.0548077 0.0448718
0 0.0366226 0.0621394 0.98141 0.0771635 0.0371795
0 0.037181 0.556971 0.626282 0.0302885 0.0339744
0 0.0376485 0.584976 0.53093 0.0247596 0.0349359
0 0.0377856 0.617668 0.65657 0.0449519 0.0516026
0 0.0378974 0.991106 0.560256 0.0177885 0.0442308
0 0.0380199 0.34375 0.509295 0.03125 0.0512821
0 0.0380699 0.678005 0.68782 0.0574519 0.0602564
0 0.0384595 0.18774 0.601442 0.0413462 0.0580128
0 0.039054 0.320433 0.382692 0.0302885 0.0339744
0 0.0392149 0.580529 0.740064 0.0365385 0.0487179
0 0.0398085 0.541466 0.719712 0.0536058 0.0612179
0 0.040357 0.861538 0.270673 0.0620192 0.0804487
0 0.0412851 0.172476 0.616026 0.0502404 0.0583333
0 0.0414084 0.255048 0.231731 0.0350962 0.075
0 0.0426087 0.323077 0.59359 0.0658654 0.0480769
0 0.043785 0.576803 0.641667 0.034375 0.0423077
0 0.0438168 0.0227163 0.987981 0.0415865 0.0240385
0 0.0441993 0.228125 0.630288 0.0504808 0.0509615
0 0.0442212 0.831851 0.0147436 0.0800481 0.0230769
0 0.0444661 0.852043 0.289904 0.0401442 0.0560897
0 0.0450913 0.609976 0.748237 0.046875 0.0573718
0 0.04578 0.735817 0.377885 0.0408654 0.0448718
0 0.0465852 0.84976 0.313782 0.0850962 0.098718
0 0.0469143 0.811538 0.859776 0.0326923 0.0285256
0 0.0470835 0.831731 0.375321 0.0644231 0.0878205
0 0.0472995 0.489543 0.973397 0.0454327 0.0416667
0 0.0476678 0.904447 0.324519 0.0545673 0.0637821
0 0.0481974 0.670553 0.383013 0.0550481 0.0762821
0 0.0483535 0.0252404 0.695192 0.0379808 0.0673077
0 0.0487335 0.00997596 0.666346 0.0185096 0.0692308
0 0.0505074 0.215144 0.929327 0.0283654 0.038141
0 0.0550243 0.45649 0.984776 0.0427885 0.0304487
0 0.0569413 0.371875 0.498397 0.0375 0.0461538
0 0.0573488 0.170553 0.786058 0.0247596 0.0483974
0 0.0587361 0.221875 0.447276 0.0456731 0.0663462
0 0.0593365 0.294952 0.447917 0.0365385 0.0342949
0 0.060351 0.661899 0.360096 0.0540865 0.0509615
0 0.0604364 0.0217548 0.326122 0.0435096 0.0900641
0 0.06121 0.157452 0.986058 0.0649038 0.0278846
0 0.0613122 0.0502404 0.574199 0.0552885 0.0567308
0 0.0617067 0.140865 0.588782 0.0298077 0.0358974
0 0.0670849 0.181611 0.983494 0.0617788 0.0330128
0 0.0673064 0.290625 0.435897 0.0572115 0.0544872
0 0.0675114 0.295793 0.390224 0.0858173 0.0605769
0 0.0675904 0.870913 0.785897 0.0283654 0.0455128
0 0.0682059 0.855769 0.370673 0.0879808 0.126603
0 0.069299 0.909856 0.463141 0.147115 0.100641
0 0.0741768 0.782091 0.259776 0.0689904 0.0682692
0 0.0748368 0.935216 0.0866987 0.0935096 0.134295
0 0.0760773 0.94976 0.122276 0.0408654 0.0682692
0 0.0762265 0.554928 0.699519 0.0300481 0.0464744
0 0.0770576 0.0569712 0.732692 0.0235577 0.049359
0 0.0774947 0.352885 0.488782 0.0298077 0.0378205
0 0.0778778 0.809014 0.662019 0.0228365 0.0400641
0 0.0786215 0.0675481 0.78093 0.0346154 0.0791667
0 0.0791188 0.150721 0.454167 0.0360577 0.0653846
0 0.0805036 0.599038 0.526603 0.0519231 0.0455128
0 0.081413 0.314543 0.109135 0.0430288 0.0400641
0 0.0814145 0.329087 0.43734 0.0317308 0.0317308
0 0.0819509 0.56899 0.733494 0.0355769 0.0599359
0 0.0835064 0.338341 0.442788 0.0569712 0.0407051
0 0.0865863 0.91863 0.727724 0.028125 0.036218
0 0.0895528 0.346995 0.524199 0.078125 0.108013
0 0.0899758 0.653125 0.422756 0.0490385 0.0724359
0 0.090617 0.367788 0.479647 0.05 0.0592949
0 0.0906486 0.191587 0.615865 0.0298077 0.0516026
0 0.090682 0.21226 0.102885 0.0274038 0.0634615
0 0.0938923 0.42476 0.247115 0.05 0.0884615
0 0.0942578 0.746394 0.244391 0.0355769 0.0657051
0 0.0988303 0.756971 0.774038 0.0682692 0.0801282
0 0.099316 0.978365 0.196795 0.0423077 0.0891026
0 0.10274 0.276202 0.625641 0.0360577 0.0538462
0 0.103067 0.0477163 0.272756 0.0324519 0.0480769
0 0.105112 0.188101 0.924519 0.0367788 0.0637821
0 0.109602 0.816346 0.0222756 0.0850962 0.0419872
0 0.11161 0.881731 0.283173 0.0480769 0.0657051
0 0.112843 0.319471 0.33109 0.100962 0.103846
0 0.114929 0.356611 0.302564 0.0521635 0.0525641
0 0.116197 0.420072 0.443429 0.0300481 0.0503205
0 0.120455 0.979808 0.282372 0.0394231 0.049359
0 0.123989 0.935337 0.124519 0.0730769 0.0849359
0 0.133654 0.931971 0.0442308 0.0899038 0.0782051
0 0.136299 0.477644 0.255769 0.0322115 0.0487179
0 0.137214 0.313702 0.593109 0.0336538 0.0349359
0 0.141212 0.920673 0.31234 0.0543269 0.0644231
0 0.14312 0.627524 0.827083 0.0314904 0.0554487
0 0.143611 0.267909 0.160417 0.0449519 0.0548077
0 0.148671 0.0137019 0.683173 0.0274038 0.0766026
0 0.153271 0.382332 0.839904 0.0372596 0.0605769
0 0.157075 0.689543 0.25016 0.0670673 0.0676282
0 0.157406 0.886899 0.313782 0.0463942 0.0807692
0 0.162755 0.647236 0.659295 0.059375 0.0615385
0 0.170317 0.858654 0.470032 0.1 0.086859
0 0.170373 0.859856 0.421314 0.0860577 0.129808
0 0.177097 0.278365 0.90016 0.0307692 0.0375
0 0.181431 0.059375 0.753526 0.0264423 0.0814103
0 0.188363 0.584375 0.669071 0.0379808 0.0682692
0 0.189469 0.821755 0.346635 0.0516827 0.0586538
0 0.198158 0.181731 0.944551 0.0442308 0.0942308
0 0.198335 0.867909 0.292468 0.0507212 0.0650641
0 0.200161 0.890986 0.334455 0.0396635 0.0503205
0 0.200497 0.579808 0.699038 0.03125 0.0448718
0 0.203814 0.0782452 0.540545 0.0367788 0.0464744
0 0.209469 0.866947 0.799519 0.0420673 0.0599359
0 0.215966 0.358654 0.541506 0.0379808 0.0817308
0 0.216603 0.248558 0.189103 0.0798077 0.103846
0 0.219813 0.805409 0.0376603 0.0588942 0.0746795
0 0.228617 0.071274 0.561859 0.0507212 0.0762821
0 0.235732 0.747596 0.373077 0.0524038 0.0634615
0 0.239854 0.564062 0.715224 0.0362981 0.0657051
0 0.25268 0.796635 0.475801 0.0495192 0.0817308
0 0.256324 0.304808 0.834776 0.0254808 0.0554487
0 0.256785 0.659615 0.676603 0.0605769 0.0788462
0 0.274757 0.253365 0.212821 0.0519231 0.0974359
0 0.280068 0.565024 0.586699 0.021875 0.0503205
0 0.285097 0.191106 0.65625 0.0509615 0.0913462
0 0.288853 0.167067 0.973397 0.0620192 0.0532051
0 0.289798 0.35625 0.250481 0.0302885 0.0419872
0 0.32149 0.646995 0.441667 0.040625 0.0615385
0 0.32686 0.452885 0.989904 0.0269231 0.0201923
0 0.328766 0.0143029 0.590705 0.028125 0.0564103
0 0.331317 0.309135 0.303045 0.0403846 0.0740385
0 0.331525 0.205048 0.629647 0.0451923 0.0637821
0 0.34076 0.591827 0.650321 0.0447115 0.0551282
0 0.357121 0.660577 0.590705 0.0341346 0.0551282
0 0.35899 0.910096 0.140385 0.0557692 0.101923
0 0.361742 0.0180288 0.927885 0.0341346 0.0570513
0 0.36717 0.852284 0.391026 0.0598558 0.0826923
0 0.368619 0.655529 0.973558 0.0370192 0.0528846
0 0.371526 0.333894 0.884936 0.0298077 0.0942308
0 0.389963 0.015024 0.803045 0.028125 0.0451923
0 0.393126 0.190385 0.68109 0.0403846 0.0525641
0 0.410715 0.385096 0.876763 0.0519231 0.139423
0 0.420825 0.0711538 0.805449 0.0346154 0.0538462
0 0.422386 0.263221 0.63734 0.0418269 0.0516026
0 0.428857 0.0370192 0.338462 0.0649038 0.0891026
0 0.434473 0.204567 0.0222756 0.0600962 0.0445513
0 0.436211 0.415264 0.254487 0.034375 0.0480769
0 0.438241 0.381971 0.504647 0.0254808 0.0522436
0 0.472459 0.351322 0.309295 0.0790865 0.0788462
0 0.486419 0.650962 0.37484 0.0677885 0.0759615
0 0.513766 0.481611 0.799679 0.0286058 0.0416667
0 0.524559 0.370913 0.446635 0.0490385 0.0458333
0 0.534102 0.46238 0.241987 0.0574519 0.0967949
0 0.538779 0.61887 0.522756 0.0449519 0.0724359
0 0.569672 0.0411058 0.109936 0.0403846 0.0647436
0 0.577248 0.316587 0.540705 0.0836538 0.0974359
0 0.587294 0.498197 0.963301 0.0329327 0.0708333
0 0.605215 0.0954327 0.280929 0.0471154 0.0798077
0 0.611571 0.733173 0.762821 0.121154 0.107692
0 0.621496 0.356851 0.656891 0.0608173 0.0733974
0 0.629195 0.282332 0.408654 0.084375 0.105128
0 0.691179 0.564303 0.145833 0.0449519 0.0679487
0 0.692241 0.139904 0.673558 0.0480769 0.088782
0 0.703515 0.657212 0.105929 0.0807692 0.086859
0 0.705414 0.505168 0.724199 0.0555288 0.0605769
0 0.716735 0.754687 0.90016 0.0521635 0.0682692
0 0.79937 0.748918 0.119712 0.0795673 0.152244
