0 0.0300314 0.360216 0.983013 0.0612981 0.0294872
0 0.0301179 0.673798 0.0171474 0.0254808 0.0342949
0 0.0301453 0.248918 0.644071 0.0319712 0.0490385
0 0.0301482 0.722236 0.946314 0.021875 0.0464744
0 0.0310353 0.390264 0.553686 0.0521635 0.0625
0 0.0324768 0.440024 0.826763 0.0516827 0.0483974
0 0.0324887 0.363221 0.423397 0.0370192 0.0948718
0 0.032973 0.973077 0.559776 0.0480769 0.0650641
0 0.0334487 0.662139 0.0108974 0.0415865 0.0217949
0 0.033509 0.273918 0.591987 0.0444712 0.115385
0 0.0337749 0.310096 0.391026 0.0466346 0.0576923
0 0.0346824 0.366827 0.966827 0.0447115 0.0663462
0 0.0348644 0.563942 0.222436 0.0317308 0.0730769
0 0.0354133 0.688221 0.973077 0.0307692 0.0429487
0 0.0360021 0.97488 0.189744 0.0473558 0.119872
0 0.0370955 0.361418 0.561538 0.0411058 0.0532051
0 0.037972 0.794712 0.656891 0.113942 0.0785256
0 0.0383143 0.228486 0.539744 0.0262019 0.0429487
0 0.039786 0.739543 0.0410256 0.0367788 0.0653846
0 0.0401148 0.919832 0.280769 0.0574519 0.098718
0 0.0408069 0.499519 0.200481 0.0509615 0.0657051
0 0.0412214 0.555048 0.207853 0.0283654 0.0483974
0 0.0420087 0.758053 0.635577 0.0603365 0.0448718
0 0.0425764 0.990385 0.402564 0.01875 0.0615385
0 0.0430254 0.271875 0.666827 0.0408654 0.0483974
0 0.0451192 0.771995 0.438622 0.0338942 0.0746795
0 0.0458816 0.601562 0.0557692 0.0199519 0.0314103
0 0.0469687 0.0177885 0.0402244 0.0355769 0.0804487
0 0.0473406 0.65637 0.755128 0.0310096 0.0564103
0 0.0483337 0.48137 0.164263 0.0266827 0.0689103
0 0.0503519 0.234976 0.957853 0.0324519 0.0464744
0 0.0524481 0.343029 0.385737 0.0432692 0.0490385
0 0.0526989 0.470793 0.720353 0.0362981 0.0496795
0 0.053419 0.46262 0.703846 0.0396635 0.0564103
0 0.0534676 0.703005 0.720513 0.0574519 0.105769
0 0.0608337 0.988822 0.608173 0.0209135 0.147115
0 0.064236 0.274519 0.6125 0.025 0.0596154
0 0.0659096 0.396394 0.489904 0.04375 0.0413462
0 0.0660636 0.524519 0.577404 0.0399038 0.061859
0 0.0665071 0.403365 0.54359 0.0432692 0.0474359
0 0.0687777 0.328486 0.857372 0.0377404 0.0884615
0 0.0697216 0.266707 0.827083 0.0776442 0.136218
0 0.0706635 0.374159 0.559776 0.0305288 0.0477564
0 0.0708337 0.342788 0.561859 0.0245192 0.0660256
0 0.0737654 0.357212 0.381731 0.0197115 0.0352564
0 0.0789313 0.427524 0.260737 0.0194712 0.0759615
0 0.0877066 0.236298 0.529968 0.0408654 0.0682692
0 0.088494 0.336779 0.969391 0.0778846 0.0560897
0 0.0922763 0.271514 0.628365 0.0353365 0.0727564
0 0.0935091 0.65601 0.692628 0.0552885 0.1
0 0.0947455 0.938582 0.283173 0.0641827 0.123397
0 0.0969982 0.357452 0.724519 0.0274038 0.0772436
0 0.097342 0.742308 0.119872 0.0245192 0.0762821
0 0.0986535 0.771154 0.752404 0.04375 0.0855769
0 0.100927 0.377764 0.925 0.0324519 0.0378205
0 0.106457 0.697476 0.96907 0.046875 0.061859
0 0.113105 0.478486 0.152083 0.0161058 0.0439103
0 0.135498 0.36863 0.434936 0.0324519 0.0467949
0 0.152884 0.264663 0.648558 0.0528846 0.0753205
0 0.156586 0.845553 0.33766 0.0699519 0.0746795
0 0.162998 0.61875 0.0144231 0.0240385 0.0288462
0 0.204052 0.742788 0.1125 0.0139423 0.0576923
0 0.206574 0.536538 0.398878 0.0235577 0.0323718
0 0.213548 0.257452 0.960577 0.0605769 0.075641
0 0.228477 0.569351 0.395673 0.0295673 0.0355769
0 0.24659 0.985937 0.568269 0.0266827 0.0820513
0 0.248826 0.971034 0.257692 0.0536058 0.0788462
0 0.250252 0.674159 0.0121795 0.0204327 0.0211538
0 0.267589 0.302885 0.969872 0.0418269 0.0596154
0 0.284779 0.37476 0.97516 0.0379808 0.0490385
0 0.32129 0.252404 0.488462 0.0442308 0.0596154
0 0.32793 0.709135 0.957212 0.04375 0.0740385
0 0.330156 0.260216 0.0469551 0.034375 0.0740385
0 0.346687 0.594591 0.603846 0.0271635 0.0820513
0 0.372983 0.767788 0.438141 0.0235577 0.0384615
0 0.402874 0.288702 0.419551 0.0375 0.0435897
0 0.409129 0.244952 0.507532 0.0514423 0.102244
0 0.441864 0.620673 0.661538 0.0399038 0.0929487
0 0.476251 0.498678 0.730929 0.0622596 0.0727564
0 0.481368 0.383293 0.876442 0.0637019 0.120833
0 0.491771 0.578245 0.217468 0.040625 0.0810897
0 0.502063 0.442788 0.157212 0.0264423 0.0516026
0 0.512735 0.031851 0.0503205 0.0598558 0.0788462
0 0.531273 0.749519 0.0291667 0.0302885 0.0583333
0 0.532363 0.559615 0.647917 0.0451923 0.107372
0 0.532488 0.966466 0.226282 0.0670673 0.219231
0 0.534339 0.736538 0.154968 0.0649038 0.121474
0 0.537088 0.445192 0.679006 0.0461538 0.0522436
0 0.547322 0.678726 0.71875 0.0665865 0.126603
0 0.55774 0.721755 0.702083 0.0497596 0.0727564
0 0.567063 0.945433 0.540865 0.0365385 0.0817308
0 0.580877 0.631611 0.201763 0.046875 0.0413462
0 0.647756 0.504207 0.187981 0.0713942 0.107372
0 0.666624 0.49375 0.391667 0.0341346 0.0423077
0 0.682066 0.804808 0.416346 0.0370192 0.105769
0 0.68402 0.861178 0.31891 0.0992788 0.122436
0 0.694433 0.799639 0.69984 0.103125 0.18109
0 0.700716 0.448798 0.420032 0.0759615 0.141346
0 0.749607 0.735697 0.280609 0.0439904 0.088782
