0 0.0302187 0.46262 0.285096 0.0257212 0.0503205
0 0.0306801 0.565745 0.985577 0.0742788 0.0288462
0 0.0313935 0.679928 0.360897 0.0675481 0.136538
0 0.0314306 0.948798 0.977083 0.0942308 0.0458333
0 0.031535 0.908774 0.987179 0.0449519 0.025641
0 0.0323605 0.484495 0.984455 0.0632212 0.0278846
0 0.0324484 0.075601 0.692628 0.0338942 0.050641
0 0.0336122 0.509014 0.944712 0.0271635 0.0682692
0 0.0337129 0.657692 0.633333 0.0346154 0.0576923
0 0.0344847 0.816707 0.137981 0.0723558 0.121474
0 0.0367169 0.0305288 0.538622 0.0432692 0.0945513
0 0.0375693 0.325 0.0219551 0.03125 0.0432692
0 0.0401208 0.345313 0.587821 0.0271635 0.0455128
0 0.0422699 0.17524 0.8375 0.0427885 0.0557692
0 0.0435976 0.580288 0.904167 0.0600962 0.0891026
0 0.0444351 0.508293 0.977083 0.0555288 0.0426282
0 0.0450752 0.415745 0.401282 0.0391827 0.0897436
0 0.0459183 0.0300481 0.0751603 0.0600962 0.143269
0 0.0474225 0.705649 0.472115 0.0622596 0.0923077
0 0.0527807 0.585096 0.959776 0.0850962 0.0625
0 0.0541288 0.753245 0.477404 0.0382212 0.088141
0 0.0548328 0.643029 0.796955 0.0206731 0.0272436
0 0.05626 0.635577 0.488622 0.0591346 0.0772436
0 0.0620687 0.364423 0.588622 0.0456731 0.0650641
0 0.0634032 0.503606 0.383654 0.0538462 0.0698718
0 0.063846 0.872356 0.579487 0.0495192 0.0935897
0 0.0677118 0.0856971 0.308974 0.040625 0.0474359
0 0.0741212 0.735817 0.807692 0.0221154 0.0442308
0 0.0760346 0.354808 0.615865 0.0596154 0.0855769
0 0.080417 0.484856 0.930769 0.0182692 0.0544872
0 0.0833176 0.299519 0.839103 0.0538462 0.110897
0 0.0975332 0.290024 0.85641 0.0372596 0.0628205
0 0.102201 0.329447 0.267147 0.0247596 0.0599359
0 0.103876 0.08125 0.653846 0.0302885 0.0365385
0 0.105439 0.473437 0.205609 0.0834135 0.0836538
0 0.112023 0.0161058 0.792468 0.0302885 0.0996795
0 0.117078 0.983053 0.746154 0.0334135 0.0615385
0 0.117878 0.367668 0.391506 0.0310096 0.0490385
0 0.118554 0.355649 0.661699 0.0512019 0.0586538
0 0.13008 0.464784 0.411378 0.0444712 0.0733974
0 0.1362 0.0805288 0.674199 0.0336538 0.0830128
0 0.148504 0.615385 0.391346 0.0278846 0.0544872
0 0.168793 0.897957 0.567308 0.101202 0.141026
0 0.170025 0.684255 0.63734 0.0444712 0.0554487
0 0.176337 0.689183 0.404006 0.0480769 0.0477564
0 0.180667 0.842548 0.121635 0.0860577 0.146474
0 0.188262 0.667188 0.644712 0.0305288 0.0451923
0 0.188931 0.976803 0.975641 0.0459135 0.0487179
0 0.205844 0.379447 0.564103 0.0247596 0.0557692
0 0.221663 0.685096 0.230288 0.0293269 0.0759615
0 0.234355 0.984135 0.288301 0.0317308 0.119551
0 0.237175 0.295312 0.207051 0.0300481 0.0525641
0 0.249578 0.692308 0.63109 0.0225962 0.0474359
0 0.259658 0.534135 0.980769 0.0725962 0.0378205
0 0.262227 0.890505 0.957692 0.0526442 0.0846154
0 0.26389 0.625361 0.470192 0.0391827 0.0384615
0 0.273636 0.609736 0.555609 0.0401442 0.0548077
0 0.274536 0.523918 0.0408654 0.0550481 0.0605769
0 0.277048 0.688582 0.880609 0.0353365 0.0701923
0 0.292192 0.421635 0.375641 0.0278846 0.0403846
0 0.329386 0.347476 0.596795 0.0487981 0.0512821
0 0.344106 0.83726 0.733814 0.0331731 0.0682692
0 0.352617 0.675962 0.473718 0.0942308 0.110256
0 0.388924 0.611779 0.974359 0.0466346 0.0391026
0 0.419741 0.563822 0.917468 0.0439904 0.0708333
0 0.484034 0.496034 0.947917 0.0425481 0.0894231
0 0.510545 0.67512 0.353686 0.0473558 0.0875
0 0.519351 0.7375 0.461058 0.0384615 0.088141
0 0.526291 0.48125 0.553205 0.0326923 0.0410256
0 0.605196 0.603125 0.354647 0.0519231 0.124679
0 0.610668 0.491106 0.395032 0.0889423 0.100962
0 0.629037 0.180649 0.3375 0.0699519 0.0878205
0 0.658152 0.89363 0.172436 0.0670673 0.0794872
0 0.66871 0.0439904 0.701763 0.0865385 0.130449
0 0.710057 0.638822 0.868269 0.0685096 0.0788462
