0 0.0327148 0.239063 0.267628 0.0262019 0.0660256
0 0.0357887 0.0274038 0.489744 0.0480769 0.0512821
0 0.0375708 0.545793 0.632372 0.0872596 0.204487
0 0.0414442 0.825 0.762981 0.0288462 0.0323718
0 0.0420781 0.315745 0.749199 0.0497596 0.125962
0 0.0421961 0.194832 0.232853 0.0353365 0.0426282
0 0.0444188 0.460938 0.440064 0.134856 0.0858974
0 0.0473513 0.0694712 0.705929 0.0519231 0.0849359
0 0.0488629 0.513942 0.705449 0.0389423 0.0615385
0 0.0518644 0.175481 0.213942 0.0461538 0.0900641
0 0.0529284 0.528726 0.728686 0.0358173 0.0355769
0 0.0559678 0.367308 0.474359 0.0269231 0.0448718
0 0.0593316 0.0915865 0.267308 0.0326923 0.075641
0 0.0599824 0.24988 0.695353 0.0521635 0.0907051
0 0.0643295 0.209495 0.729167 0.0487981 0.0544872
0 0.0646487 0.518269 0.400801 0.0947115 0.157372
0 0.0663793 0.0104567 0.352885 0.0204327 0.105769
0 0.0698484 0.00997596 0.335737 0.015625 0.0458333
0 0.0716574 0.29976 0.723397 0.0201923 0.0794872
0 0.0716911 0.502524 0.665064 0.0473558 0.105128
0 0.0740433 0.197957 0.629647 0.0516827 0.143269
0 0.0752753 0.178486 0.208654 0.0266827 0.0628205
0 0.0777801 0.401683 0.460417 0.0125 0.0355769
0 0.0810339 0.101803 0.542949 0.203606 0.457692
0 0.0850734 0.496635 0.454808 0.0908654 0.0544872
0 0.0923891 0.100721 0.49359 0.0456731 0.0403846
0 0.100106 0.190505 0.411058 0.0271635 0.0272436
0 0.104285 0.505649 0.694391 0.028125 0.0580128
0 0.114864 0.0338942 0.291506 0.0230769 0.0323718
0 0.115951 0.0668269 0.386218 0.0475962 0.0487179
0 0.135849 0.0145433 0.191026 0.0271635 0.0724359
0 0.144542 0.321154 0.778686 0.0379808 0.0721154
0 0.151101 0.482812 0.57516 0.0834135 0.124038
0 0.158965 0.534495 0.684615 0.0862981 0.146795
0 0.208515 0.501442 0.66875 0.0235577 0.0599359
0 0.241647 0.203966 0.25016 0.0387019 0.0637821
0 0.259839 0.609856 0.699679 0.0197115 0.0326923
0 0.273238 0.13726 0.654808 0.0596154 0.073718
0 0.29694 0.0144231 0.403045 0.0288462 0.100321
0 0.376068 0.223197 0.941346 0.040625 0.0448718
0 0.436782 0.161298 0.191346 0.0442308 0.0846154
0 0.475201 0.478245 0.410577 0.0353365 0.049359
0 0.530576 0.37488 0.353846 0.0146635 0.0429487
0 0.599478 0.791587 0.925962 0.05 0.0487179
0 0.654503 0.425962 0.428045 0.0620192 0.108654
0 0.65588 0.238582 0.708654 0.0901442 0.128205
0 0.672828 0.580889 0.570032 0.0310096 0.100962
0 0.725559 0.805889 0.796314 0.0579327 0.0951923
0 0.733713 0.347476 0.720833 0.108894 0.159615
0 0.787545 0.530288 0.349038 0.102404 0.150641
0 0.811671 0.38113 0.540705 0.0449519 0.0711538
