0 0.0306533 0.659135 0.380609 0.0216346 0.0214744
0 0.0312294 0.0423077 0.0842949 0.0403846 0.0589744
0 0.0314795 0.165986 0.470833 0.034375 0.0429487
0 0.0317209 0.978726 0.0166667 0.0425481 0.0333333
0 0.031778 0.73149 0.563782 0.0524038 0.0448718
0 0.0320333 0.755769 0.3 0.0269231 0.0326923
0 0.0334439 0.986418 0.0578526 0.0271635 0.0740385
0 0.0337632 0.627885 0.207692 0.0269231 0.0301282
0 0.0339042 0.0149038 0.0669872 0.0293269 0.0923077
0 0.0349564 0.820553 0.904167 0.0540865 0.0724359
0 0.0351935 0.828966 0.557051 0.0454327 0.05
0 0.0360567 0.759135 0.837019 0.0302885 0.0458333
0 0.0362424 0.87488 0.841026 0.0387019 0.05
0 0.0365779 0.584375 0.347276 0.0240385 0.036859
0 0.0365809 0.684856 0.144391 0.0182692 0.0650641
0 0.0377676 0.072476 0.0177885 0.059375 0.0355769
0 0.0389889 0.38113 0.419551 0.0237981 0.0621795
0 0.0389981 0.614303 0.726442 0.0233173 0.0387821
0 0.0395898 0.582933 0.0503205 0.0245192 0.0346154
0 0.0404508 0.576082 0.70641 0.0334135 0.0679487
0 0.0407705 0.0647837 0.738942 0.040625 0.0503205
0 0.0412033 0.33137 0.742147 0.0295673 0.0503205
0 0.041212 0.513942 0.762019 0.0735577 0.0823718
0 0.0436486 0.524279 0.780769 0.0317308 0.0224359
0 0.0464311 0.911178 0.788622 0.0305288 0.0419872
0 0.0467442 0.715264 0.762981 0.0391827 0.0490385
0 0.0496422 0.592909 0.712821 0.0603365 0.075641
0 0.0501312 0.927284 0.823077 0.0319712 0.0403846
0 0.0513652 0.445312 0.464744 0.0329327 0.075
0 0.0515131 0.942187 0.863622 0.0439904 0.0490385
0 0.0539848 0.757332 0.445833 0.0209135 0.0282051
0 0.0540113 0.917428 0.986058 0.0646635 0.0221154
0 0.0544493 0.116466 0.0275641 0.0305288 0.0455128
0 0.0548087 0.806731 0.54359 0.0355769 0.0448718
0 0.0569871 0.98125 0.443109 0.0375 0.0919872
0 0.05866 0.533894 0.748237 0.0408654 0.0746795
0 0.0613639 0.842428 0.940705 0.0444712 0.049359
0 0.0617634 0.537861 0.473397 0.028125 0.0365385
0 0.0618794 0.858173 0.765545 0.0423077 0.0599359
0 0.0629556 0.889663 0.475641 0.0163462 0.0384615
0 0.0633374 0.523438 0.805288 0.0396635 0.0522436
0 0.0633872 0.538822 0.755609 0.0362981 0.0407051
0 0.0638704 0.6375 0.454167 0.0302885 0.0352564
0 0.0643137 0.615986 0.475801 0.0310096 0.038141
0 0.0649081 0.869832 0.853205 0.0262019 0.0384615
0 0.0675839 0.833293 0.924679 0.0430288 0.0570513
0 0.0685211 0.510337 0.0376603 0.0158654 0.061859
0 0.0698123 0.672115 0.548878 0.0461538 0.0458333
0 0.0746337 0.899159 0.826282 0.0694712 0.0391026
0 0.0785358 0.138221 0.257372 0.0375 0.0544872
0 0.0823674 0.10601 0.0355769 0.0870192 0.0647436
0 0.0835779 0.681731 0.558333 0.0240385 0.0275641
0 0.0838197 0.59387 0.476763 0.0262019 0.0310897
0 0.0847064 0.916466 0.96859 0.0574519 0.0532051
0 0.0867794 0.989663 0.479167 0.0201923 0.0544872
0 0.0906138 0.442548 0.568109 0.0360577 0.0323718
0 0.0908543 0.598437 0.345833 0.0478365 0.0448718
0 0.0918578 0.402764 0.592147 0.021875 0.0387821
0 0.0921582 0.695072 0.459936 0.0334135 0.0512821
0 0.0959675 0.768389 0.551442 0.0512019 0.0490385
0 0.0965086 0.129688 0.115545 0.0367788 0.0637821
0 0.0991973 0.805409 0.974679 0.0439904 0.0358974
0 0.104105 0.905649 0.81266 0.0584135 0.0439103
0 0.110419 0.368269 0.406731 0.0365385 0.0884615
0 0.111905 0.395673 0.44375 0.0413462 0.0804487
0 0.111961 0.919952 0.953526 0.0384615 0.0634615
0 0.120537 0.841106 0.909135 0.0639423 0.0733974
0 0.12304 0.896154 0.784295 0.0543269 0.050641
0 0.123065 0.667788 0.320673 0.0336538 0.0310897
0 0.123406 0.985577 0.471795 0.0288462 0.0839744
0 0.128435 0.942548 0.838622 0.0471154 0.0862179
0 0.135321 0.626082 0.392468 0.0588942 0.0419872
0 0.137421 0.733894 0.793429 0.0274038 0.0560897
0 0.145484 0.739904 0.914904 0.0331731 0.0330128
0 0.146571 0.528606 0.784936 0.0471154 0.05
0 0.156819 0.339183 0.444071 0.0384615 0.0907051
0 0.160092 0.856731 0.919872 0.0427885 0.0391026
0 0.160899 0.516106 0.738942 0.0557692 0.0586538
0 0.164971 0.0229567 0.081891 0.034375 0.0708333
0 0.166519 0.603606 0.490705 0.05 0.0551282
0 0.17144 0.830409 0.889904 0.0459135 0.0541667
0 0.178454 0.0955529 0.204647 0.0449519 0.0490385
0 0.184183 0.603726 0.7125 0.0310096 0.0564103
0 0.191261 0.116587 0.226763 0.0927885 0.0926282
0 0.220838 0.717428 0.560096 0.0372596 0.0394231
0 0.221819 0.946875 0.808494 0.0264423 0.0573718
0 0.227299 0.512981 0.723878 0.0375 0.0394231
0 0.235205 0.978486 0.0421474 0.0430288 0.0798077
0 0.237557 0.479808 0.867788 0.0370192 0.0426282
0 0.239987 0.566466 0.704006 0.0204327 0.0650641
0 0.24942 0.0411058 0.84343 0.0524038 0.0798077
0 0.260868 0.788101 0.538301 0.0435096 0.0432692
0 0.265225 0.795072 0.253365 0.0329327 0.0387821
0 0.272177 0.595312 0.51234 0.0588942 0.0727564
0 0.277812 0.755048 0.563622 0.0254808 0.0272436
0 0.281933 0.709856 0.403045 0.0269231 0.0439103
0 0.282756 0.659856 0.539904 0.0399038 0.0554487
0 0.290262 0.625721 0.450641 0.0432692 0.0435897
0 0.304541 0.534375 0.740224 0.0389423 0.0323718
0 0.304706 0.854928 0.56891 0.0242788 0.0423077
0 0.314222 0.504207 0.478526 0.0348558 0.0775641
0 0.326913 0.0889423 0.025 0.0706731 0.0442308
0 0.33958 0.134856 0.240224 0.0509615 0.0810897
0 0.357515 0.669591 0.663782 0.0204327 0.0365385
0 0.372588 0.533654 0.786058 0.0322115 0.0323718
0 0.375086 0.478125 0.413141 0.04375 0.0858974
0 0.38524 0.232091 0.131731 0.034375 0.0615385
0 0.409808 0.355409 0.415865 0.0612981 0.141987
0 0.438267 0.222716 0.197436 0.0319712 0.0384615
0 0.445653 0.0856971 0.201763 0.0829327 0.0682692
0 0.455557 0.333173 0.364904 0.0254808 0.0516026
0 0.45861 0.33113 0.736859 0.0151442 0.0474359
0 0.472806 0.469952 0.521955 0.0807692 0.102244
0 0.479611 0.883774 0.770994 0.0689904 0.0727564
0 0.52153 0.768269 0.816186 0.0423077 0.0701923
0 0.525943 0.0179087 0.153365 0.0358173 0.13109
0 0.535942 0.138221 0.0447115 0.0480769 0.0817308
0 0.53712 0.644952 0.589583 0.0240385 0.0375
0 0.544306 0.722596 0.777404 0.0418269 0.0695513
0 0.551565 0.609375 0.344551 0.0596154 0.0711538
0 0.553476 0.890144 0.684135 0.0235577 0.0413462
0 0.55547 0.18137 0.471635 0.0526442 0.0464744
0 0.591791 0.815865 0.790224 0.0649038 0.0516026
0 0.596441 0.618149 0.403045 0.040625 0.0387821
0 0.638301 0.041226 0.732532 0.0771635 0.0721154
0 0.638486 0.239423 0.446154 0.05 0.107051
0 0.654957 0.0859375 0.0927885 0.107452 0.0746795
0 0.700482 0.485697 0.759295 0.0463942 0.0467949
0 0.724041 0.532332 0.360737 0.0358173 0.0785256
0 0.738985 0.036899 0.282212 0.0574519 0.0637821
0 0.824115 0.292668 0.472917 0.059375 0.165705
