0 0.031439 0.484135 0.457051 0.0230769 0.0403846
0 0.0364294 0.766947 0.972276 0.119471 0.0528846
0 0.0395286 0.840505 0.183494 0.0237981 0.0413462
0 0.041753 0.841827 0.84343 0.0615385 0.0567308
0 0.0541857 0.741707 0.666667 0.0487981 0.075
0 0.0548289 0.396755 0.98141 0.065625 0.0371795
0 0.0579671 0.0100962 0.389423 0.0182692 0.0724359
0 0.0609645 0.643269 0.96875 0.0471154 0.0580128
0 0.0629983 0.819351 0.551442 0.0237981 0.0394231
0 0.0656318 0.600962 0.338462 0.0230769 0.0596154
0 0.0678173 0.145913 0.664263 0.0206731 0.038141
0 0.0681859 0.482572 0.480929 0.0295673 0.0740385
0 0.0759964 0.888822 0.0620192 0.0487981 0.0753205
0 0.0762248 0.58762 0.959936 0.0603365 0.0679487
0 0.0824182 0.156851 0.926282 0.0411058 0.0717949
0 0.10617 0.485216 0.977564 0.053125 0.0448718
0 0.109672 0.991587 0.0280449 0.0168269 0.0548077
0 0.201899 0.982692 0.273077 0.0346154 0.0641026
0 0.242476 0.884255 0.373237 0.046875 0.036859
0 0.262237 0.897837 0.0458333 0.0403846 0.0487179
0 0.268259 0.72488 0.795513 0.0362981 0.0525641
0 0.306045 0.763582 0.337981 0.0223558 0.0413462
