0 0.0309522 0.581971 0.985737 0.0942308 0.0259615
0 0.0313109 0.51262 0.779167 0.0387019 0.0551282
0 0.0314968 0.480288 0.742628 0.0413462 0.0730769
0 0.0319333 0.700962 0.973878 0.0850962 0.0522436
0 0.0328137 0.576442 0.744391 0.0418269 0.0387821
0 0.032925 0.608774 0.025641 0.0439904 0.050641
0 0.0332821 0.698918 0.307372 0.0670673 0.0628205
0 0.0335578 0.500601 0.760577 0.0487981 0.0871795
0 0.0340479 0.0197115 0.177724 0.0355769 0.088782
0 0.034893 0.719591 0.29359 0.0430288 0.0416667
0 0.0401164 0.391466 0.0733974 0.0439904 0.05
0 0.0401235 0.958173 0.0209936 0.0716346 0.0419872
0 0.0413585 0.366466 0.080609 0.0329327 0.0330128
0 0.0436383 0.266827 0.561378 0.0389423 0.0535256
0 0.0443132 0.696875 0.137981 0.0591346 0.106731
0 0.0447757 0.808894 0.126923 0.119231 0.0653846
0 0.0457837 0.544832 0.555769 0.0723558 0.0557692
0 0.0494185 0.384375 0.972436 0.109615 0.0467949
0 0.0494424 0.416466 0.0790064 0.040625 0.0323718
0 0.0502243 0.043149 0.970032 0.0862981 0.0599359
0 0.0503514 0.44387 0.98734 0.0507212 0.0253205
0 0.0516156 0.0110577 0.252244 0.01875 0.0596154
0 0.05536 0.565385 0.973237 0.105288 0.0496795
0 0.0603945 0.553966 0.571314 0.106971 0.0849359
0 0.0611047 0.34351 0.526763 0.0365385 0.0599359
0 0.065258 0.891346 0.570032 0.0350962 0.0766026
0 0.0694092 0.382091 0.0613782 0.0353365 0.0535256
0 0.0740767 0.48149 0.755929 0.0740385 0.108654
0 0.0766896 0.233173 0.646795 0.0221154 0.0435897
0 0.0803767 0.00877404 0.774038 0.0117788 0.151923
0 0.0832525 0.0979567 0.310417 0.0310096 0.0496795
0 0.0910447 0.609736 0.980769 0.0891827 0.0384615
0 0.100553 0.0328125 0.210256 0.053125 0.0782051
0 0.100833 0.621034 0.304647 0.0324519 0.0612179
0 0.103143 0.728726 0.0280449 0.0478365 0.0560897
0 0.112129 0.641106 0.588622 0.0399038 0.0708333
0 0.116787 0.409736 0.907692 0.0209135 0.0333333
0 0.119295 0.525481 0.95609 0.0629808 0.0878205
0 0.132786 0.102163 0.933654 0.0375 0.0673077
0 0.137206 0.565986 0.755929 0.046875 0.061859
0 0.143834 0.320192 0.379167 0.0346154 0.0224359
0 0.145407 0.395793 0.892788 0.0401442 0.0605769
0 0.150529 0.353726 0.392468 0.0435096 0.0727564
0 0.183303 0.844111 0.276603 0.0728365 0.114744
0 0.222473 0.354688 0.957212 0.127163 0.0855769
0 0.249463 0.24387 0.555288 0.084375 0.0778846
0 0.258442 0.453966 0.780449 0.0737981 0.0673077
0 0.319654 0.736899 0.536218 0.0665865 0.0871795
0 0.331306 0.0289663 0.0520833 0.0579327 0.0625
0 0.435291 0.67512 0.316186 0.0661058 0.063141
0 0.515563 0.232812 0.168109 0.0853365 0.0926282
0 0.579495 0.579327 0.246795 0.0567308 0.145513
0 0.596283 0.631611 0.176282 0.0492788 0.0551282
