0 0.0300796 0.335216 0.983814 0.046875 0.0323718
0 0.0306576 0.650481 0.105769 0.0346154 0.0641026
0 0.0307914 0.470433 0.552404 0.0379808 0.183013
0 0.0312262 0.371394 0.486699 0.0283654 0.0592949
0 0.0313282 0.115264 0.483494 0.0603365 0.0637821
0 0.0314223 0.298438 0.558654 0.0425481 0.0589744
0 0.0316021 0.952284 0.612019 0.0372596 0.0426282
0 0.0331475 0.148558 0.139263 0.0322115 0.0644231
0 0.0339635 0.270433 0.455288 0.03125 0.0445513
0 0.034957 0.761899 0.0998397 0.0223558 0.0387821
0 0.0350735 0.636178 0.0826923 0.0189904 0.0576923
0 0.0353049 0.570072 0.583654 0.0237981 0.0371795
0 0.0366424 0.469952 0.496955 0.0283654 0.0464744
0 0.0370161 0.0489183 0.976763 0.0372596 0.0439103
0 0.0381982 0.290745 0.976763 0.13149 0.0464744
0 0.038902 0.244111 0.984455 0.0540865 0.0272436
0 0.0391464 0.521394 0.49359 0.0615385 0.133333
0 0.0395308 0.284736 0.453365 0.0353365 0.0509615
0 0.039714 0.498317 0.557853 0.0490385 0.0830128
0 0.0419503 0.0195913 0.377724 0.0372596 0.0977564
0 0.0419932 0.784615 0.163301 0.0350962 0.0727564
0 0.0422678 0.0135817 0.407853 0.0242788 0.0689103
0 0.0435013 0.777644 0.0857372 0.0278846 0.0355769
0 0.0458971 0.76863 0.0532051 0.0358173 0.0320513
0 0.0463513 0.771394 0.261699 0.0394231 0.0810897
0 0.0475465 0.523077 0.578365 0.0620192 0.109936
0 0.0478184 0.565865 0.610256 0.0206731 0.0865385
0 0.0478223 0.918029 0.159295 0.0341346 0.0346154
0 0.048189 0.249639 0.690064 0.0194712 0.0320513
0 0.0490578 0.548798 0.270833 0.0177885 0.0339744
0 0.0490905 0.231611 0.852244 0.0675481 0.0961538
0 0.0500583 0.04375 0.415385 0.0528846 0.0641026
0 0.0509877 0.816466 0.244391 0.0310096 0.038141
0 0.0516261 0.808173 0.250801 0.03125 0.0375
0 0.0526767 0.798437 0.256731 0.0262019 0.0397436
0 0.052846 0.611659 0.295513 0.0209135 0.0288462
0 0.0543478 0.961418 0.537019 0.0237981 0.0387821
0 0.0637765 0.597837 0.483173 0.0471154 0.0766026
0 0.0690396 0.363341 0.375962 0.0314904 0.0480769
0 0.0694601 0.00913462 0.961058 0.0182692 0.0689103
0 0.0715623 0.0278846 0.370833 0.0490385 0.0532051
0 0.0719921 0.796635 0.0844551 0.0225962 0.0349359
0 0.0721386 0.519111 0.445032 0.0401442 0.0695513
0 0.0735027 0.021274 0.964904 0.0420673 0.0689103
0 0.0758492 0.761178 0.0405449 0.0444712 0.0567308
0 0.0762177 0.0653846 0.442308 0.0403846 0.0769231
0 0.0763744 0.0272837 0.476282 0.053125 0.0884615
0 0.07748 0.524639 0.476923 0.0430288 0.0358974
0 0.0775905 0.792548 0.405769 0.0942308 0.0916667
0 0.078715 0.566466 0.595353 0.0151442 0.0522436
0 0.0910361 0.57512 0.592628 0.0290865 0.0717949
0 0.099128 0.970072 0.111859 0.0502404 0.0435897
0 0.100205 0.355529 0.98109 0.0567308 0.0339744
0 0.112336 0.797957 0.128846 0.0319712 0.0794872
0 0.114202 0.805529 0.257692 0.0206731 0.0301282
0 0.114601 0.663822 0.122756 0.0338942 0.0410256
0 0.117305 0.798317 0.09375 0.0322115 0.0471154
0 0.120172 0.552043 0.308173 0.0165865 0.0349359
0 0.1217 0.752163 0.0197115 0.0413462 0.0394231
0 0.128407 0.585697 0.573397 0.0276442 0.0320513
0 0.135977 0.244111 0.58125 0.0247596 0.0407051
0 0.141372 0.682813 0.0203526 0.0545673 0.0407051
0 0.142894 0.550721 0.0764423 0.0235577 0.0375
0 0.14666 0.121875 0.153365 0.0692308 0.0951923
0 0.147678 0.0567308 0.424199 0.0375 0.0394231
0 0.152255 0.257452 0.978846 0.0716346 0.0423077
0 0.178873 0.285697 0.557532 0.0242788 0.0464744
0 0.18098 0.582692 0.459776 0.0653846 0.1125
0 0.184719 0.259014 0.4375 0.0396635 0.0480769
0 0.186489 0.299519 0.649199 0.0230769 0.0240385
0 0.186615 0.519591 0.470032 0.0449519 0.0676282
0 0.192848 0.0884615 0.172756 0.0682692 0.103846
0 0.192899 0.216827 0.550481 0.0274038 0.0451923
0 0.199499 0.659615 0.192628 0.0360577 0.0525641
0 0.199677 0.884615 0.103365 0.0182692 0.038141
0 0.201466 0.466947 0.483013 0.0401442 0.0705128
0 0.246808 0.805288 0.197756 0.0240385 0.0358974
0 0.247091 0.181851 0.972436 0.0507212 0.0538462
0 0.262749 0.547356 0.71234 0.0240385 0.0919872
0 0.266857 0.712019 0.491026 0.0225962 0.0435897
0 0.275207 0.978846 0.585897 0.0341346 0.0429487
0 0.279109 0.571755 0.631571 0.0286058 0.0753205
0 0.287397 0.342187 0.971474 0.059375 0.0570513
0 0.293084 0.955048 0.107692 0.0399038 0.0429487
0 0.301419 0.307813 0.90625 0.0209135 0.0407051
0 0.32309 0.602043 0.49375 0.0329327 0.0419872
0 0.354208 0.513702 0.556571 0.0456731 0.0439103
0 0.356462 0.290385 0.443429 0.0230769 0.0413462
0 0.361101 0.455649 0.637179 0.0526442 0.108333
0 0.365005 0.768149 0.0916667 0.0362981 0.0467949
0 0.400004 0.782452 0.167468 0.0298077 0.038141
0 0.410429 0.417788 0.833333 0.0413462 0.0423077
0 0.418556 0.55012 0.284615 0.0247596 0.0647436
0 0.435309 0.802163 0.109776 0.0336538 0.0490385
0 0.445793 0.779087 0.245994 0.0283654 0.0496795
0 0.449814 0.979928 0.121314 0.0401442 0.0413462
0 0.494962 0.251683 0.878846 0.0389423 0.0557692
0 0.497695 0.12476 0.561538 0.0379808 0.0455128
0 0.507444 0.94363 0.250641 0.0449519 0.0846154
0 0.52385 0.0348558 0.972917 0.0519231 0.0541667
0 0.533098 0.140865 0.715224 0.0442308 0.122115
0 0.535812 0.136298 0.138622 0.0456731 0.0778846
0 0.569183 0.591226 0.220994 0.0329327 0.0573718
0 0.573503 0.207452 0.825 0.0572115 0.110897
0 0.575742 0.964663 0.611859 0.0600962 0.0653846
0 0.600182 0.638942 0.063141 0.0240385 0.0794872
0 0.646371 0.724399 0.513301 0.0502404 0.088782
0 0.655909 0.530889 0.607212 0.0305288 0.0708333
0 0.656089 0.816827 0.58766 0.0375 0.0483974
0 0.742833 0.835216 0.0548077 0.0483173 0.0608974
