0 0.0307239 0.670673 0.525962 0.104327 0.114744
0 0.0308922 0.289183 0.376603 0.0509615 0.0455128
0 0.0312867 0.288462 0.0961538 0.0341346 0.0589744
0 0.0319839 0.63762 0.563462 0.0213942 0.025
0 0.0329368 0.724279 0.492308 0.0254808 0.05
0 0.0349978 0.314423 0.389423 0.0730769 0.075
0 0.0350451 0.112981 0.967308 0.0418269 0.0653846
0 0.0355495 0.146514 0.0592949 0.0161058 0.0365385
0 0.0369941 0.16887 0.246635 0.0680288 0.0503205
0 0.0383441 0.649159 0.0847756 0.0132212 0.0349359
0 0.0420363 0.132933 0.941667 0.0456731 0.0775641
0 0.0438745 0.279808 0.984295 0.0480769 0.0314103
0 0.0453881 0.111659 0.942468 0.0266827 0.0342949
0 0.0488709 0.751923 0.474038 0.0322115 0.0358974
0 0.055668 0.686659 0.519391 0.0536058 0.0836538
0 0.0571594 0.79375 0.493109 0.0235577 0.0349359
0 0.0595399 0.094351 0.987821 0.0512019 0.024359
0 0.0625035 0.0116587 0.762981 0.0209135 0.036218
0 0.0647757 0.130288 0.978846 0.0423077 0.0339744
0 0.0725867 0.0216346 0.975962 0.0399038 0.0480769
0 0.0805153 0.50601 0.434455 0.0274038 0.0330128
0 0.0914079 0.0432692 0.978846 0.0754808 0.0423077
0 0.0931886 0.919471 0.810096 0.0264423 0.0458333
0 0.0943699 0.737981 0.486218 0.0475962 0.0525641
0 0.0953814 0.2875 0.876122 0.0317308 0.0400641
0 0.0961548 0.443389 0.382853 0.0603365 0.0798077
0 0.0984834 0.256731 0.961699 0.0466346 0.0432692
0 0.10325 0.621154 0.517949 0.0394231 0.0320513
0 0.104079 0.88125 0.305929 0.0326923 0.0355769
0 0.104571 0.290505 0.857532 0.0449519 0.0798077
0 0.107166 0.742548 0.511538 0.0576923 0.099359
0 0.107242 0.0861779 0.98109 0.0723558 0.0378205
0 0.109253 0.409856 0.736699 0.0427885 0.0791667
0 0.109946 0.111899 0.979327 0.0728365 0.0413462
0 0.114513 0.754687 0.533013 0.0382212 0.0480769
0 0.120844 0.605649 0.501122 0.0435096 0.0490385
0 0.122906 0.30024 0.205929 0.0326923 0.0355769
0 0.125616 0.538582 0.175801 0.0237981 0.0336538
0 0.126281 0.370433 0.722276 0.0360577 0.0330128
0 0.142057 0.837861 0.297436 0.0194712 0.0365385
0 0.164297 0.0576923 0.983814 0.0543269 0.0310897
0 0.166301 0.271034 0.974199 0.0497596 0.0477564
0 0.174375 0.154327 0.241506 0.0524038 0.0342949
0 0.195869 0.813221 0.266667 0.0278846 0.0346154
0 0.197249 0.305529 0.825801 0.0475962 0.0605769
0 0.211624 0.230889 0.329327 0.0290865 0.0451923
0 0.23368 0.54375 0.220192 0.05625 0.0339744
0 0.240599 0.271154 0.148237 0.0365385 0.0432692
0 0.284094 0.134736 0.914423 0.0372596 0.0365385
0 0.343458 0.332212 0.412821 0.0384615 0.0442308
0 0.39164 0.431851 0.363462 0.0377404 0.0705128
0 0.420379 0.395433 0.318109 0.0274038 0.0349359
0 0.438676 0.291466 0.080609 0.0271635 0.0432692
0 0.524061 0.598558 0.490224 0.0269231 0.0451923
0 0.529672 0.982332 0.964904 0.0338942 0.0612179
0 0.646613 0.404447 0.108974 0.046875 0.0448718
0 0.741049 0.341346 0.288942 0.0475962 0.0509615
