0 0.0301517 0.351322 0.189423 0.0247596 0.0564103
0 0.0301867 0.479327 0.0613782 0.0754808 0.122115
0 0.0314785 0.382212 0.188782 0.0341346 0.0852564
0 0.0319219 0.388822 0.208814 0.0766827 0.155449
0 0.0448663 0.588942 0.955449 0.0293269 0.0878205
0 0.0451979 0.436538 0.236859 0.0442308 0.108974
0 0.066297 0.571875 0.601923 0.04375 0.0634615
0 0.0663316 0.594591 0.967628 0.0233173 0.0474359
0 0.0758321 0.494231 0.401122 0.0490385 0.0676282
0 0.0762399 0.921995 0.125962 0.0319712 0.0480769
0 0.0843787 0.804928 0.535737 0.0387019 0.0599359
0 0.0863653 0.371394 0.233494 0.0293269 0.0471154
0 0.0867417 0.883774 0.491186 0.0199519 0.038141
0 0.111574 0.769952 0.208974 0.01875 0.0294872
0 0.128251 0.601082 0.330288 0.0242788 0.0535256
0 0.13195 0.870313 0.367628 0.0584135 0.0660256
0 0.145141 0.942548 0.617628 0.0548077 0.115385
0 0.155205 0.576683 0.555769 0.0586538 0.178846
0 0.190364 0.316947 0.181891 0.0228365 0.0766026
0 0.19341 0.681611 0.45641 0.0237981 0.0839744
0 0.215388 0.797837 0.306731 0.0254808 0.0775641
0 0.249953 0.876322 0.484936 0.0295673 0.0538462
0 0.29984 0.832933 0.188301 0.0211538 0.0496795
