0 0.0322266 0.761418 0.555449 0.0276442 0.0429487
0 0.0368564 0.990144 0.505449 0.0197115 0.0660256
0 0.0369772 0.065625 0.115545 0.0230769 0.0304487
0 0.0370745 0.335096 0.474359 0.0408654 0.0679487
0 0.0370941 0.989423 0.09375 0.0206731 0.0875
0 0.037557 0.399399 0.289904 0.0367788 0.0387821
0 0.0386486 0.916466 0.142628 0.0396635 0.0519231
0 0.0390624 0.619351 0.376282 0.0247596 0.0339744
0 0.03973 0.93137 0.114904 0.0877404 0.0919872
0 0.0400479 0.213221 0.690545 0.0399038 0.0375
0 0.0404926 0.105168 0.265385 0.0478365 0.0583333
0 0.040761 0.246034 0.525641 0.0233173 0.0275641
0 0.0431969 0.357933 0.483494 0.0168269 0.0355769
0 0.0438491 0.0106971 0.383013 0.0213942 0.104487
0 0.0481481 0.628846 0.167628 0.0264423 0.0519231
0 0.0489326 0.945072 0.148397 0.0694712 0.0621795
0 0.0502586 0.135457 0.265385 0.0612981 0.0660256
0 0.054829 0.904567 0.110737 0.0389423 0.0580128
0 0.0586946 0.209014 0.819231 0.0444712 0.0314103
0 0.0601416 0.983774 0.121795 0.0314904 0.107051
0 0.0633639 0.969712 0.625962 0.0605769 0.111538
0 0.0673087 0.827043 0.703365 0.0382212 0.0528846
0 0.0736728 0.405889 0.605769 0.0661058 0.0685897
0 0.0859286 0.424038 0.594231 0.0634615 0.0532051
0 0.0884632 0.580048 0.453365 0.0274038 0.0349359
0 0.0904231 0.173678 0.841346 0.0180288 0.0288462
0 0.0976189 0.957212 0.166186 0.0697115 0.0740385
0 0.11684 0.76887 0.69359 0.0387019 0.0570513
0 0.12452 0.0735577 0.253526 0.0567308 0.0557692
0 0.138454 0.695673 0.125962 0.0370192 0.0307692
0 0.140732 0.0534856 0.257692 0.0377404 0.05
0 0.156733 0.351202 0.239263 0.0519231 0.0509615
0 0.182978 0.576923 0.278686 0.0389423 0.0407051
0 0.192508 0.322837 0.269712 0.0379808 0.0394231
0 0.250366 0.353966 0.527564 0.0603365 0.0519231
0 0.254903 0.751683 0.546635 0.0399038 0.0394231
0 0.27471 0.229447 0.817788 0.0502404 0.0400641
0 0.304991 0.90024 0.676763 0.0341346 0.0669872
0 0.335131 0.0897837 0.25609 0.0377404 0.0641026
0 0.366131 0.970793 0.152724 0.0536058 0.0644231
0 0.378151 0.384014 0.623558 0.0367788 0.0509615
0 0.541207 0.276082 0.481571 0.0319712 0.0676282
0 0.599135 0.251322 0.753205 0.0502404 0.050641
0 0.605824 0.924038 0.203045 0.0432692 0.0432692
0 0.6062 0.659856 0.817308 0.0653846 0.138462
