0 0.0305397 0.508293 0.587981 0.028125 0.0278846
0 0.0308855 0.990865 0.0357372 0.0177885 0.0657051
0 0.0313395 0.958774 0.613942 0.0685096 0.0740385
0 0.0328598 0.846875 0.762179 0.0432692 0.0557692
0 0.0334469 0.949399 0.627083 0.0435096 0.0496795
0 0.0335066 0.539904 0.214904 0.0336538 0.0278846
0 0.0335876 0.642548 0.645192 0.0432692 0.0487179
0 0.0337975 0.103606 0.959776 0.0514423 0.0592949
0 0.0338041 0.484255 0.352564 0.0310096 0.0397436
0 0.0397318 0.954928 0.865385 0.0728365 0.049359
0 0.0405376 0.584976 0.607692 0.0372596 0.0589744
0 0.0498603 0.883774 0.366667 0.0338942 0.0442308
0 0.0510673 0.454327 0.795032 0.0524038 0.0554487
0 0.0604151 0.915745 0.977083 0.0978365 0.0451923
0 0.0625375 0.510216 0.596635 0.0391827 0.0291667
0 0.0651742 0.109495 0.851282 0.0435096 0.0653846
0 0.070068 0.60024 0.0761218 0.0326923 0.0336538
0 0.0707132 0.622716 0.275962 0.0271635 0.0326923
0 0.0727448 0.869591 0.922596 0.0526442 0.0663462
0 0.077066 0.428966 0.782372 0.0540865 0.0532051
0 0.0985749 0.888462 0.383494 0.04375 0.0766026
0 0.129692 0.807091 0.720513 0.0680288 0.0685897
0 0.154211 0.684014 0.34359 0.0319712 0.0512821
0 0.177716 0.0639423 0.979968 0.0567308 0.0400641
0 0.218671 0.459976 0.0267628 0.0502404 0.0496795
0 0.221198 0.884255 0.428365 0.0391827 0.0516026
0 0.283306 0.103846 0.947436 0.025 0.0352564
0 0.317521 0.822356 0.932372 0.0269231 0.0589744
0 0.404228 0.410457 0.182372 0.0213942 0.0551282
0 0.522383 0.443269 0.788942 0.0370192 0.0407051
0 0.538494 0.316106 0.63766 0.0427885 0.0669872
0 0.562229 0.519832 0.592308 0.0516827 0.0455128
