0 0.0300531 0.378726 0.157853 0.0641827 0.0900641
0 0.0302784 0.54988 0.152885 0.0579327 0.108974
0 0.0304883 0.396514 0.501603 0.0415865 0.050641
0 0.031196 0.524399 0.865705 0.0377404 0.0673077
0 0.0375315 0.408894 0.640224 0.0480769 0.0753205
0 0.037664 0.086899 0.690865 0.0310096 0.0830128
0 0.0389152 0.321274 0.983654 0.0382212 0.0326923
0 0.0389476 0.616346 0.284455 0.0576923 0.0823718
0 0.0395917 0.0158654 0.0129808 0.0302885 0.0259615
0 0.042325 0.0290865 0.448077 0.0346154 0.05
0 0.0451231 0.830649 0.325481 0.0685096 0.0612179
0 0.0458727 0.259135 0.589423 0.0961538 0.0692308
0 0.051077 0.637139 0.257372 0.0526442 0.0711538
0 0.0517391 0.929567 0.971154 0.0802885 0.0576923
0 0.0544677 0.55601 0.984776 0.0605769 0.0272436
0 0.0546908 0.334736 0.195353 0.0334135 0.0419872
0 0.0571331 0.235577 0.587981 0.0442308 0.0330128
0 0.0576565 0.13738 0.595032 0.0757212 0.0817308
0 0.0581787 0.852644 0.368429 0.0774038 0.0990385
0 0.0632549 0.539062 0.79391 0.0300481 0.0878205
0 0.0632872 0.807813 0.544231 0.0286058 0.101282
0 0.063697 0.6375 0.222436 0.0870192 0.13141
0 0.0641764 0.329207 0.957372 0.0790865 0.0820513
0 0.065412 0.865625 0.262179 0.0769231 0.128846
0 0.0663762 0.797716 0.324519 0.0411058 0.0554487
0 0.0704631 0.667067 0.278686 0.0375 0.0509615
0 0.0714926 0.383774 0.488942 0.0704327 0.0663462
0 0.0717404 0.360457 0.967788 0.104567 0.0644231
0 0.0761576 0.352885 0.647596 0.0485577 0.0971154
0 0.0782967 0.14399 0.747756 0.0278846 0.0525641
0 0.081816 0.819111 0.24984 0.0449519 0.0599359
0 0.0864314 0.486058 0.977083 0.0447115 0.0458333
0 0.0872369 0.842788 0.270353 0.116346 0.234295
0 0.087248 0.602043 0.411378 0.0233173 0.0278846
0 0.0937213 0.373317 0.852083 0.0346154 0.0766026
0 0.0937231 0.0188702 0.641186 0.0377404 0.107372
0 0.0938746 0.158654 0.574038 0.0495192 0.0551282
0 0.096277 0.986178 0.553846 0.0276442 0.075
0 0.0973696 0.391346 0.640385 0.0725962 0.117949
0 0.103144 0.108654 0.741506 0.0653846 0.0951923
0 0.104639 0.827163 0.247917 0.0610577 0.100962
0 0.105671 0.663942 0.256731 0.0596154 0.0814103
0 0.112358 0.0896635 0.703846 0.0211538 0.0538462
0 0.11879 0.738942 0.428045 0.0581731 0.0541667
0 0.120929 0.543389 0.98141 0.101683 0.0371795
0 0.122452 0.322596 0.215385 0.0466346 0.0692308
0 0.123468 0.389183 0.967147 0.0600962 0.0644231
0 0.133018 0.440144 0.669231 0.0605769 0.0698718
0 0.134369 0.8625 0.383814 0.0466346 0.0836538
0 0.137826 0.657933 0.189583 0.0576923 0.0592949
0 0.147343 0.119471 0.619391 0.0817308 0.109936
0 0.156759 0.167428 0.568109 0.0435096 0.0342949
0 0.180845 0.969591 0.975641 0.0564904 0.0487179
0 0.186116 0.675841 0.482532 0.0305288 0.0573718
0 0.189216 0.587981 0.980288 0.075 0.0394231
0 0.224845 0.211418 0.391346 0.028125 0.0769231
0 0.230511 0.0557692 0.642147 0.102885 0.145192
0 0.234528 0.247115 0.584455 0.0269231 0.0342949
0 0.241029 0.438942 0.221795 0.0206731 0.0512821
0 0.260646 0.561298 0.159776 0.0307692 0.0817308
0 0.280714 0.299639 0.589263 0.0603365 0.0830128
0 0.285458 0.455048 0.666186 0.0298077 0.0567308
0 0.334785 0.119952 0.585096 0.0442308 0.0426282
0 0.346931 0.615264 0.190064 0.0223558 0.0557692
0 0.347521 0.633774 0.308333 0.102163 0.123718
0 0.385852 0.907692 0.964904 0.0519231 0.0701923
0 0.386542 0.670313 0.0846154 0.0329327 0.0474359
0 0.400131 0.655769 0.182532 0.0370192 0.0375
0 0.400674 0.41863 0.658974 0.0387019 0.0653846
0 0.412054 0.328245 0.969712 0.0415865 0.0605769
0 0.470406 0.670192 0.144071 0.0456731 0.0413462
0 0.471414 0.0828125 0.664904 0.0737981 0.086859
0 0.474121 0.530529 0.834455 0.0524038 0.134295
0 0.478131 0.624519 0.266506 0.0908654 0.0958333
0 0.478762 0.829567 0.185096 0.0644231 0.0900641
0 0.492613 0.0183894 0.426442 0.0367788 0.0926282
0 0.500924 0.186418 0.701442 0.0786058 0.0573718
0 0.576099 0.143029 0.608974 0.0370192 0.0916667
0 0.608799 0.371034 0.645192 0.0391827 0.0974359
0 0.686926 0.566466 0.465705 0.0401442 0.0891026
0 0.71154 0.116707 0.770833 0.0627404 0.0608974
0 0.720959 0.646875 0.365064 0.0932692 0.0634615
0 0.765959 0.254808 0.186218 0.0283654 0.0525641
