0 0.030351 0.0509615 0.3875 0.0288462 0.0346154
0 0.0309351 0.361058 0.766026 0.0413462 0.0455128
0 0.0315064 0.407091 0.237981 0.034375 0.0336538
0 0.0330894 0.361058 0.529006 0.0307692 0.0560897
0 0.035181 0.523798 0.463301 0.0221154 0.0400641
0 0.0374525 0.536899 0.488942 0.0334135 0.0490385
0 0.0382207 0.177043 0.46859 0.0180288 0.0307692
0 0.0387334 0.234736 0.430449 0.0137019 0.0275641
0 0.0392456 0.358053 0.0719551 0.0151442 0.0291667
0 0.0411493 0.532212 0.959295 0.0423077 0.0576923
0 0.0427269 0.370913 0.531891 0.0427885 0.0836538
0 0.0432064 0.411899 0.611859 0.0262019 0.0314103
0 0.04453 0.252644 0.822115 0.0240385 0.0339744
0 0.0472115 0.45024 0.09375 0.0326923 0.0573718
0 0.0472802 0.29375 0.0480769 0.025 0.0608974
0 0.0474821 0.692668 0.720833 0.0146635 0.0416667
0 0.0477924 0.751442 0.710256 0.0221154 0.0391026
0 0.0498725 0.344712 0.542949 0.0360577 0.0461538
0 0.0501318 0.565865 0.392308 0.025 0.0532051
0 0.0507888 0.561779 0.513942 0.0206731 0.0233974
0 0.0518007 0.591346 0.336538 0.0326923 0.0416667
0 0.0520915 0.474639 0.605929 0.0165865 0.0278846
0 0.0531425 0.310817 0.470833 0.01875 0.0320513
0 0.0534491 0.33137 0.520994 0.0367788 0.0669872
0 0.0545162 0.54375 0.428526 0.0278846 0.0301282
0 0.0547726 0.421034 0.824199 0.0512019 0.0394231
0 0.0550963 0.437861 0.379327 0.0286058 0.0304487
0 0.0569181 0.55 0.418269 0.0447115 0.0538462
0 0.0611434 0.342548 0.172756 0.0230769 0.0673077
0 0.0617809 0.5375 0.164263 0.0173077 0.0259615
0 0.0626445 0.36238 0.655288 0.0257212 0.0349359
0 0.0650957 0.0745192 0.189904 0.0245192 0.0375
0 0.0652301 0.526923 0.0298077 0.0168269 0.0352564
0 0.0736448 0.526803 0.726923 0.0170673 0.0512821
0 0.0788301 0.530769 0.460256 0.0346154 0.0570513
0 0.0791035 0.360697 0.338141 0.0151442 0.0288462
0 0.0806997 0.32524 0.534776 0.0216346 0.0330128
0 0.0829249 0.399519 0.0860577 0.0221154 0.0413462
0 0.0841687 0.355288 0.502244 0.0264423 0.0416667
0 0.0843492 0.625481 0.761699 0.0259615 0.0695513
0 0.0847823 0.539663 0.440705 0.0240385 0.0365385
0 0.0936553 0.53762 0.458974 0.0401442 0.101923
0 0.10277 0.623798 0.784936 0.0322115 0.0801282
0 0.104692 0.415986 0.0668269 0.0430288 0.0483974
0 0.106618 0.542188 0.923397 0.0223558 0.0423077
0 0.108706 0.522476 0.987179 0.0598558 0.025641
0 0.113045 0.382692 0.761218 0.0139423 0.0410256
0 0.115178 0.528125 0.545994 0.0192308 0.0298077
0 0.115259 0.559255 0.245673 0.0290865 0.0490385
0 0.116131 0.358534 0.548397 0.0233173 0.0371795
0 0.116872 0.437861 0.756891 0.0372596 0.0535256
0 0.118023 0.34399 0.151603 0.0201923 0.0410256
0 0.118753 0.688462 0.823558 0.0375 0.0349359
0 0.119586 0.423197 0.772115 0.0223558 0.0391026
0 0.120015 0.438702 0.0777244 0.0307692 0.0657051
0 0.120705 0.332212 0.749038 0.0466346 0.0487179
0 0.127169 0.433173 0.0573718 0.0211538 0.0416667
0 0.128477 0.544591 0.474679 0.0266827 0.0461538
0 0.132205 0.570312 0.248558 0.0334135 0.0573718
0 0.139281 0.578005 0.253365 0.0194712 0.0375
0 0.140553 0.671514 0.790064 0.0358173 0.0538462
0 0.142526 0.681611 0.811859 0.0454327 0.049359
0 0.155114 0.480769 0.195192 0.0298077 0.0339744
0 0.165181 0.558173 0.407212 0.0384615 0.038141
0 0.16899 0.251202 0.0232372 0.0293269 0.0413462
0 0.173936 0.136178 0.414744 0.0242788 0.0557692
0 0.179846 0.723798 0.592147 0.0355769 0.0516026
0 0.190463 0.533534 0.978365 0.0536058 0.036218
0 0.202545 0.299639 0.0701923 0.0310096 0.0666667
0 0.204824 0.970072 0.280769 0.0569712 0.0628205
0 0.20939 0.435337 0.821795 0.0389423 0.0307692
0 0.211449 0.499159 0.506891 0.028125 0.0528846
0 0.21948 0.540865 0.948077 0.0331731 0.0423077
0 0.227506 0.559976 0.259135 0.0439904 0.0778846
0 0.231455 0.359255 0.486859 0.0180288 0.0358974
0 0.24286 0.344712 0.757051 0.0259615 0.0352564
0 0.249102 0.663462 0.779327 0.0298077 0.0310897
0 0.267272 0.689543 0.730769 0.0228365 0.0583333
0 0.281864 0.190505 0.845833 0.0295673 0.0346154
0 0.319606 0.154928 0.550481 0.0228365 0.038141
0 0.333314 0.40613 0.0735577 0.0324519 0.0349359
0 0.33492 0.142548 0.401122 0.0153846 0.0432692
0 0.345323 0.347837 0.222115 0.0288462 0.0333333
0 0.395396 0.108413 0.126122 0.0259615 0.0522436
0 0.395885 0.121635 0.43125 0.0240385 0.0375
0 0.400861 0.204688 0.627244 0.0242788 0.0294872
0 0.454886 0.377764 0.533814 0.0324519 0.0355769
0 0.486302 0.130168 0.681571 0.0473558 0.0503205
0 0.493499 0.0299279 0.521795 0.0425481 0.0525641
0 0.529521 0.445072 0.746955 0.0237981 0.0496795
0 0.53381 0.43726 0.449519 0.0235577 0.0509615
0 0.534662 0.495793 0.884776 0.0382212 0.0477564
0 0.545691 0.546034 0.280929 0.0439904 0.0689103
0 0.554499 0.735937 0.303686 0.0223558 0.0503205
0 0.588814 0.36875 0.031891 0.0341346 0.0503205
0 0.639264 0.0566106 0.267788 0.0362981 0.0387821
0 0.671395 0.415865 0.689423 0.0524038 0.0410256
0 0.673847 0.101683 0.514103 0.0264423 0.0544872
