0 0.0300638 0.296755 0.778365 0.0675481 0.063141
0 0.0361939 0.426923 0.608173 0.0139423 0.036859
0 0.0365183 0.259375 0.726122 0.0408654 0.0426282
0 0.0368762 0.325841 0.310096 0.0204327 0.036859
0 0.0372698 0.544231 0.987179 0.0706731 0.0217949
0 0.0379326 0.509976 0.985897 0.0603365 0.0224359
0 0.0407678 0.117067 0.730769 0.0370192 0.05
0 0.0419128 0.895553 0.327564 0.0588942 0.116667
0 0.0438645 0.517548 0.989583 0.0298077 0.0169872
0 0.046636 0.429808 0.472917 0.0375 0.0413462
0 0.0520494 0.621274 0.698397 0.0444712 0.0532051
0 0.0628082 0.567668 0.056891 0.0338942 0.0394231
0 0.0679624 0.460457 0.247596 0.0185096 0.0214744
0 0.0820845 0.426082 0.802885 0.0271635 0.0628205
0 0.0861131 0.557692 0.983013 0.0889423 0.0339744
0 0.0895494 0.667909 0.0129808 0.0449519 0.0259615
0 0.104883 0.698317 0.16234 0.0298077 0.0349359
0 0.106353 0.422957 0.892949 0.0574519 0.0711538
0 0.110457 0.781611 0.209135 0.0300481 0.0522436
0 0.113246 0.562981 0.0432692 0.0408654 0.0717949
0 0.118416 0.948077 0.709455 0.0259615 0.0407051
0 0.12012 0.172596 0.722115 0.0855769 0.0576923
0 0.143625 0.36887 0.796955 0.0314904 0.0599359
0 0.147668 0.27488 0.210577 0.0223558 0.0339744
0 0.154704 0.495553 0.0173077 0.0233173 0.0346154
0 0.156742 0.590385 0.673237 0.0509615 0.0650641
0 0.202894 0.465144 0.981731 0.0682692 0.0365385
0 0.255332 0.436779 0.916506 0.0519231 0.0554487
0 0.255649 0.0223558 0.307212 0.0447115 0.0894231
0 0.32821 0.319591 0.775962 0.102644 0.0846154
0 0.434041 0.133053 0.242628 0.0266827 0.0365385
0 0.461476 0.55012 0.915224 0.0324519 0.0554487
0 0.556655 0.416466 0.873397 0.0487981 0.0474359
