0 0.0314644 0.105048 0.0112179 0.0274038 0.0224359
0 0.0336928 0.403966 0.0125 0.0199519 0.025
0 0.0541883 0.0947115 0.0833333 0.0149038 0.0275641
0 0.0592388 0.608293 0.795513 0.040625 0.0666667
0 0.0698615 0.527163 0.0336538 0.0230769 0.0352564
0 0.0704076 0.330529 0.432051 0.0269231 0.0455128
0 0.0760356 0.133774 0.443109 0.0463942 0.0516026
0 0.0860269 0.146154 0.457532 0.0548077 0.0714744
0 0.110384 0.616226 0.807532 0.0334135 0.0509615
0 0.112416 0.371635 0.251282 0.0144231 0.0333333
0 0.115173 0.296034 0.48109 0.0194712 0.0448718
0 0.129676 0.26274 0.589263 0.0240385 0.0650641
0 0.148126 0.482332 0.0714744 0.0391827 0.0615385
0 0.165237 0.671995 0.201282 0.0204327 0.0358974
0 0.184018 0.160817 0.473237 0.0298077 0.0573718
0 0.351395 0.177885 0.654968 0.0230769 0.0464744
0 0.35931 0.308774 0.0918269 0.0329327 0.0663462
