0 0.0304747 0.55637 0.137981 0.028125 0.0682692
0 0.0307293 0.246514 0.510256 0.0271635 0.0192308
0 0.031583 0.74375 0.984135 0.0442308 0.0285256
0 0.0319283 0.73774 0.422756 0.0629808 0.0762821
0 0.0324431 0.45601 0.422436 0.05625 0.0788462
0 0.0324995 0.540745 0.539263 0.0348558 0.0496795
0 0.0326407 0.901563 0.146955 0.0300481 0.0471154
0 0.0330931 0.136178 0.723237 0.0435096 0.088782
0 0.0331807 0.586779 0.0528846 0.0365385 0.0660256
0 0.0340069 0.408173 0.130929 0.0355769 0.0842949
0 0.034625 0.555168 0.168269 0.0305288 0.0384615
0 0.0349807 0.956971 0.150481 0.0447115 0.0714744
0 0.0368691 0.0754808 0.529487 0.0798077 0.0634615
0 0.0385639 0.821394 0.827724 0.0365385 0.0663462
0 0.0386208 0.73762 0.773397 0.0348558 0.0621795
0 0.0392588 0.736538 0.504327 0.0519231 0.0669872
0 0.0394333 0.286538 0.512821 0.0317308 0.0358974
0 0.0415865 0.627043 0.672917 0.0223558 0.038141
0 0.0420877 0.661899 0.691346 0.0550481 0.0653846
0 0.0430809 0.665625 0.52516 0.0379808 0.0451923
0 0.0442177 0.742428 0.0235577 0.028125 0.0355769
0 0.0446502 0.0151442 0.282051 0.0264423 0.0858974
0 0.0450852 0.286058 0.47484 0.0298077 0.036218
0 0.0458477 0.38137 0.325641 0.0358173 0.0448718
0 0.0465659 0.729567 0.979808 0.0471154 0.0384615
0 0.0471924 0.666106 0.0123397 0.0331731 0.0221154
0 0.0488713 0.643149 0.675 0.0459135 0.0621795
0 0.0499652 0.0108173 0.176442 0.0192308 0.0669872
0 0.0519958 0.443149 0.365385 0.0329327 0.0320513
0 0.0526044 0.863341 0.0533654 0.0334135 0.0637821
0 0.0526056 0.872957 0.0352564 0.0435096 0.0615385
0 0.0529951 0.394471 0.328846 0.0634615 0.0602564
0 0.0533354 0.265264 0.460737 0.0290865 0.0407051
0 0.0539712 0.14375 0.504006 0.0524038 0.0503205
0 0.0545276 0.79387 0.773718 0.0358173 0.0788462
0 0.0546336 0.204327 0.482692 0.0456731 0.0397436
0 0.0558733 0.627043 0.0953526 0.0223558 0.0464744
0 0.0578159 0.576322 0.281571 0.028125 0.0304487
0 0.0591677 0.0436298 0.370192 0.0425481 0.0621795
0 0.0603596 0.61899 0.755929 0.0274038 0.0695513
0 0.0608585 0.241106 0.690705 0.0740385 0.0576923
0 0.061073 0.0730769 0.233814 0.0341346 0.036859
0 0.0617962 0.243269 0.517788 0.0350962 0.0304487
0 0.0623314 0.290865 0.333173 0.0293269 0.0426282
0 0.0638325 0.564663 0.270833 0.0379808 0.0448718
0 0.0648845 0.00793269 0.184455 0.0125 0.0375
0 0.0652362 0.679928 0.674519 0.0420673 0.0605769
0 0.0657703 0.747115 0.0155449 0.0322115 0.0310897
0 0.0684301 0.0921875 0.392468 0.0295673 0.0573718
0 0.0694696 0.499399 0.0392628 0.0194712 0.0298077
0 0.0702624 0.828486 0.202244 0.034375 0.0570513
0 0.0714655 0.100361 0.40625 0.0372596 0.0810897
0 0.0750257 0.990625 0.916827 0.01875 0.0823718
0 0.075181 0.665144 0.457372 0.0538462 0.0403846
0 0.0757221 0.20625 0.347917 0.025 0.0310897
0 0.0783585 0.92524 0.172596 0.0471154 0.0451923
0 0.0810916 0.0159856 0.145353 0.0319712 0.0919872
0 0.0811112 0.825962 0.841186 0.0254808 0.0458333
0 0.0820628 0.635457 0.74375 0.0329327 0.0560897
0 0.0832023 0.0241587 0.31234 0.0454327 0.0657051
0 0.0856389 0.776322 0.789583 0.0478365 0.0798077
0 0.0858007 0.141707 0.75 0.0257212 0.0326923
0 0.0884288 0.269471 0.673077 0.0403846 0.0429487
0 0.0896227 0.290986 0.525962 0.0314904 0.0480769
0 0.0911114 0.838101 0.0895833 0.0420673 0.061859
0 0.0912199 0.252885 0.648397 0.0298077 0.0602564
0 0.0915526 0.324639 0.200962 0.0334135 0.0583333
0 0.0925731 0.300601 0.539263 0.0425481 0.0548077
0 0.0926591 0.651803 0.652083 0.0237981 0.0375
0 0.0959996 0.519952 0.413622 0.0586538 0.0907051
0 0.0984321 0.800481 0.747596 0.03125 0.0458333
0 0.0996116 0.186659 0.493109 0.0170673 0.0349359
0 0.0997079 0.310457 0.552404 0.0276442 0.036218
0 0.0998908 0.426082 0.106571 0.0430288 0.0894231
0 0.102718 0.645793 0.120833 0.0271635 0.0423077
0 0.102762 0.720433 0.413301 0.0331731 0.0612179
0 0.106715 0.21875 0.194071 0.0211538 0.0509615
0 0.107355 0.406731 0.522756 0.0182692 0.0397436
0 0.111019 0.34399 0.111538 0.0254808 0.0480769
0 0.11228 0.418269 0.166346 0.0245192 0.0538462
0 0.114168 0.435817 0.293429 0.0692308 0.0964744
0 0.115336 0.0807692 0.370994 0.0355769 0.0586538
0 0.115352 0.836058 0.302083 0.0495192 0.0753205
0 0.118968 0.228846 0.539904 0.0836538 0.0580128
0 0.123348 0.555769 0.257051 0.0206731 0.0301282
0 0.125031 0.898918 0.0458333 0.0858173 0.0839744
0 0.126084 0.922115 0.276282 0.0293269 0.0480769
0 0.126283 0.54351 0.364103 0.0225962 0.0480769
0 0.127387 0.678486 0.0652244 0.0180288 0.0349359
0 0.128165 0.556731 0.114103 0.0322115 0.0333333
0 0.140236 0.989423 0.672276 0.0211538 0.0983974
0 0.141965 0.759856 0.980288 0.0706731 0.036859
0 0.15118 0.102404 0.440385 0.0298077 0.0358974
0 0.158011 0.116827 0.485256 0.0278846 0.0461538
0 0.166637 0.244712 0.199679 0.03125 0.0602564
0 0.167955 0.260096 0.673558 0.0471154 0.0842949
0 0.168305 0.108774 0.423718 0.0425481 0.0698718
0 0.176794 0.0114183 0.247115 0.0209135 0.0403846
0 0.185872 0.088101 0.52516 0.0401442 0.0528846
0 0.189216 0.922596 0.777083 0.0716346 0.0919872
0 0.193134 0.548558 0.376923 0.0298077 0.0634615
0 0.196378 0.803365 0.381731 0.0980769 0.114103
0 0.20153 0.834856 0.325962 0.0759615 0.0916667
0 0.203931 0.156851 0.497115 0.0276442 0.0352564
0 0.205973 0.254327 0.710897 0.0442308 0.0288462
0 0.208185 0.795192 0.186699 0.0259615 0.0528846
0 0.221054 0.558894 0.386218 0.0240385 0.0384615
0 0.222399 0.678606 0.694872 0.0485577 0.0557692
0 0.226986 0.661298 0.766987 0.0235577 0.0288462
0 0.227959 0.633173 0.104006 0.0269231 0.0548077
0 0.230611 0.276322 0.466186 0.0353365 0.0413462
0 0.231252 0.898317 0.139263 0.0182692 0.0330128
0 0.237766 0.723437 0.51891 0.0617788 0.0608974
0 0.246577 0.011899 0.373718 0.0233173 0.0339744
0 0.273537 0.210697 0.753045 0.0651442 0.0894231
0 0.284031 0.415505 0.151923 0.0401442 0.0833333
0 0.286639 0.696274 0.0363782 0.0305288 0.0458333
0 0.302351 0.328125 0.613622 0.0298077 0.0342949
0 0.318003 0.0704327 0.247436 0.0302885 0.0448718
0 0.327649 0.205889 0.548397 0.0680288 0.0538462
0 0.333638 0.768029 0.0169872 0.0485577 0.0339744
0 0.34039 0.718389 0.185577 0.0439904 0.0583333
0 0.350822 0.213702 0.472917 0.0355769 0.036218
0 0.353621 0.449519 0.251923 0.0634615 0.105128
0 0.399987 0.891346 0.0272436 0.0485577 0.0532051
0 0.407093 0.842188 0.280449 0.0382212 0.0557692
0 0.411973 0.647837 0.455128 0.0307692 0.0384615
0 0.413146 0.52512 0.627885 0.0300481 0.0435897
0 0.419752 0.416827 0.326282 0.0451923 0.0557692
0 0.423455 0.920913 0.0628205 0.0701923 0.0634615
0 0.427368 0.847476 0.0748397 0.0401442 0.0958333
0 0.431408 0.760577 0.777404 0.0600962 0.102244
0 0.432902 0.625962 0.740545 0.0442308 0.0785256
0 0.439627 0.807452 0.969551 0.101923 0.0608974
0 0.467219 0.0564904 0.379487 0.0514423 0.0762821
0 0.468778 0.682452 0.65 0.0274038 0.0384615
0 0.477088 0.759856 0.408814 0.0865385 0.0759615
0 0.521975 0.530409 0.532051 0.0372596 0.0602564
0 0.52362 0.678846 0.529487 0.0557692 0.0602564
0 0.531022 0.453846 0.417949 0.0990385 0.110897
0 0.537745 0.325361 0.421154 0.0300481 0.0660256
0 0.545516 0.954928 0.688942 0.0742788 0.061859
0 0.550092 0.842548 0.676442 0.0701923 0.0958333
0 0.583962 0.951322 0.165385 0.0867788 0.102564
0 0.608239 0.729567 0.0400641 0.0346154 0.0519231
0 0.638872 0.822837 0.355288 0.0620192 0.106731
0 0.647264 0.855769 0.889744 0.0480769 0.0717949
0 0.649347 0.0346154 0.541506 0.0581731 0.0426282
0 0.65394 0.887861 0.300481 0.0492788 0.0650641
0 0.685789 0.666947 0.587019 0.0411058 0.0471154
0 0.703176 0.919471 0.591026 0.0966346 0.0788462
0 0.769352 0.689784 0.829327 0.0545673 0.0983974
