0 0.0303257 0.894952 0.0985577 0.05625 0.0862179
0 0.030523 0.65637 0.484776 0.0382212 0.0426282
0 0.0309295 0.451322 0.922756 0.0141827 0.0448718
0 0.0316501 0.939543 0.788301 0.0387019 0.0612179
0 0.0320212 0.981971 0.735256 0.0201923 0.050641
0 0.0328813 0.379327 0.65641 0.0528846 0.0615385
0 0.0333666 0.944832 0.779167 0.0204327 0.049359
0 0.0334597 0.655769 0.984615 0.0615385 0.0294872
0 0.0342537 0.660937 0.0208333 0.0545673 0.0410256
0 0.0347544 0.985337 0.745994 0.0245192 0.088782
0 0.0353657 0.95024 0.847436 0.0370192 0.0519231
0 0.0360003 0.679688 0.473878 0.0882212 0.0907051
0 0.0371489 0.945913 0.813301 0.0471154 0.0836538
0 0.037482 0.23113 0.989904 0.0314904 0.0201923
0 0.0377559 0.204447 0.0126603 0.0521635 0.0240385
0 0.037965 0.685938 0.376603 0.0146635 0.0487179
0 0.0389597 0.8875 0.622276 0.0706731 0.0516026
0 0.0399424 0.879567 0.487019 0.0524038 0.0945513
0 0.0406316 0.654688 0.208333 0.0627404 0.0942308
0 0.0425696 0.844952 0.104006 0.0894231 0.0701923
0 0.044134 0.235817 0.588141 0.0663462 0.0679487
0 0.0442052 0.782933 0.598878 0.0201923 0.0349359
0 0.0470852 0.688702 0.018109 0.075 0.0355769
0 0.0500322 0.49363 0.594712 0.0319712 0.0349359
0 0.0502536 0.355288 0.94359 0.0197115 0.0288462
0 0.0524978 0.0227163 0.312019 0.0449519 0.0977564
0 0.0571066 0.713702 0.315064 0.0221154 0.0480769
0 0.0571611 0.69988 0.763462 0.0141827 0.0269231
0 0.0642195 0.0227163 0.379968 0.0454327 0.0689103
0 0.072188 0.414663 0.669712 0.0586538 0.0798077
0 0.0733788 0.49399 0.251122 0.0341346 0.0612179
0 0.0760297 0.920072 0.172756 0.0444712 0.0846154
0 0.0765419 0.855048 0.434455 0.0336538 0.115705
0 0.086034 0.745192 0.229006 0.0504808 0.0599359
0 0.0866807 0.622837 0.454647 0.0360577 0.063141
0 0.0954038 0.852644 0.982372 0.0326923 0.0352564
0 0.0973069 0.646995 0.471154 0.053125 0.0634615
0 0.100852 0.849639 0.20641 0.0276442 0.0435897
0 0.101168 0.350481 0.705128 0.0625 0.0589744
0 0.113036 0.937139 0.851282 0.0262019 0.0410256
0 0.117056 0.765385 0.60609 0.0634615 0.0564103
0 0.117339 0.902885 0.629167 0.0504808 0.0391026
0 0.121368 0.477163 0.58141 0.0495192 0.0442308
0 0.128515 0.670433 0.976763 0.0725962 0.0439103
0 0.159939 0.648558 0.580449 0.0466346 0.0865385
0 0.163035 0.359736 0.654647 0.101202 0.123397
0 0.16377 0.284014 0.574359 0.0641827 0.0487179
0 0.200752 0.854567 0.188942 0.0346154 0.0625
0 0.217384 0.945913 0.864423 0.0298077 0.0448718
0 0.230852 0.877043 0.261538 0.0324519 0.0685897
0 0.242651 0.665264 0.472436 0.0435096 0.0628205
0 0.249478 0.814062 0.769391 0.0295673 0.0432692
0 0.256502 0.409495 0.686859 0.0396635 0.0480769
0 0.268375 0.517067 0.292788 0.0201923 0.0599359
0 0.273549 0.346274 0.408494 0.0555288 0.0849359
0 0.27475 0.298918 0.83125 0.0233173 0.0567308
0 0.320146 0.480409 0.623718 0.0858173 0.0897436
0 0.331129 0.560817 0.0485577 0.0177885 0.0483974
0 0.336166 0.887019 0.497436 0.0384615 0.0416667
0 0.338518 0.26262 0.578686 0.114183 0.061859
0 0.34471 0.378125 0.965705 0.0206731 0.0397436
0 0.388079 0.50024 0.270513 0.0471154 0.0794872
0 0.462706 0.601442 0.0516026 0.0379808 0.0564103
0 0.473367 0.436298 0.246795 0.0485577 0.0352564
0 0.48231 0.225962 0.590545 0.0475962 0.038141
0 0.502243 0.696875 0.397596 0.0317308 0.0701923
0 0.520211 0.258173 0.69375 0.0399038 0.0817308
0 0.546665 0.220673 0.711378 0.0355769 0.0932692
0 0.55381 0.559976 0.227885 0.0516827 0.0583333
0 0.593749 0.677644 0.325321 0.0399038 0.0551282
0 0.599491 0.716707 0.489583 0.0939904 0.0926282
0 0.6184 0.877043 0.0991987 0.134856 0.100962
0 0.618828 0.408894 0.933974 0.0519231 0.0666667
0 0.629806 0.396875 0.798718 0.0716346 0.074359
0 0.63004 0.467308 0.600801 0.0783654 0.0855769
0 0.672314 0.395192 0.56234 0.0278846 0.0708333
0 0.680468 0.266226 0.209295 0.0401442 0.0839744
0 0.698246 0.970673 0.803045 0.0552885 0.109295
0 0.70209 0.430769 0.308013 0.0581731 0.0692308
0 0.705641 0.929808 0.91266 0.0350962 0.0516026
0 0.709611 0.927764 0.447917 0.0362981 0.0554487
0 0.733283 0.509856 0.657051 0.0706731 0.049359
0 0.785199 0.93738 0.547436 0.0882212 0.0929487
0 0.799534 0.338822 0.36266 0.0762019 0.179167
0 0.812522 0.0292067 0.442147 0.0584135 0.0753205
