0 0.0303934 0.454207 0.302724 0.0262019 0.0528846
0 0.0312751 0.319351 0.578846 0.028125 0.050641
0 0.0315708 0.409495 0.59391 0.034375 0.0532051
0 0.0334628 0.89387 0.63109 0.0771635 0.0897436
0 0.0357776 0.506851 0.411058 0.0185096 0.0483974
0 0.0360894 0.883413 0.0823718 0.0346154 0.0589744
0 0.0368594 0.990745 0.606891 0.0185096 0.086859
0 0.0401344 0.545433 0.188782 0.0379808 0.0467949
0 0.0438921 0.933293 0.0145833 0.0483173 0.0291667
0 0.0466358 0.364663 0.586058 0.0875 0.0772436
0 0.0481507 0.549159 0.396795 0.0180288 0.0519231
0 0.0524311 0.374159 0.375 0.0444712 0.0346154
0 0.0598069 0.563582 0.27484 0.0290865 0.0477564
0 0.0617769 0.872596 0.0963141 0.0418269 0.0573718
0 0.0653671 0.327043 0.158814 0.0295673 0.038141
0 0.0658337 0.55024 0.330288 0.0533654 0.0554487
0 0.0659102 0.357572 0.334776 0.0776442 0.0714744
0 0.0708989 0.369351 0.408494 0.078125 0.0490385
0 0.0761878 0.59387 0.350801 0.0290865 0.0394231
0 0.0786538 0.556731 0.386218 0.0370192 0.0788462
0 0.0796364 0.925841 0.301763 0.0387019 0.0541667
0 0.0825285 0.993389 0.582853 0.0117788 0.0432692
0 0.0836372 0.461659 0.136699 0.0233173 0.0503205
0 0.0869839 0.359736 0.590385 0.0329327 0.0455128
0 0.0950012 0.604808 0.13109 0.03125 0.0807692
0 0.114458 0.394111 0.536218 0.0228365 0.0544872
0 0.119452 0.522356 0.231891 0.0153846 0.0413462
0 0.121269 0.867909 0.471474 0.0598558 0.0724359
0 0.134702 0.259615 0.013141 0.0307692 0.0237179
0 0.168884 0.520312 0.566346 0.0223558 0.0532051
0 0.181461 0.612019 0.0913462 0.0514423 0.173718
0 0.199612 0.687019 0.260577 0.0177885 0.049359
0 0.210286 0.538101 0.317788 0.034375 0.036218
0 0.24432 0.33113 0.584135 0.0478365 0.0535256
0 0.257 0.849279 0.450641 0.0302885 0.050641
0 0.295559 0.402644 0.580769 0.0394231 0.0858974
0 0.355809 0.441827 0.307532 0.0480769 0.0612179
0 0.383026 0.801442 0.159615 0.0528846 0.0525641
0 0.389848 0.68149 0.248558 0.0283654 0.0817308
0 0.422022 0.569591 0.366667 0.0670673 0.116667
0 0.477149 0.70637 0.766026 0.0598558 0.0980769
0 0.502522 0.50024 0.472436 0.0269231 0.0596154
0 0.509528 0.729567 0.044391 0.0788462 0.0849359
0 0.563084 0.142909 0.43125 0.0411058 0.0951923
0 0.579733 0.826923 0.380288 0.0341346 0.0746795
0 0.616706 0.0375 0.96859 0.075 0.0628205
0 0.660156 0.377764 0.176122 0.0454327 0.0509615
0 0.747016 0.251923 0.94984 0.102885 0.100321
0 0.774205 0.30012 0.0480769 0.0564904 0.0961538
