0 0.030084 0.166466 0.41266 0.065625 0.0407051
0 0.0347294 0.32524 0.14391 0.05 0.0794872
0 0.036688 0.136418 0.560737 0.0362981 0.0567308
0 0.036942 0.356731 0.384776 0.0576923 0.0516026
0 0.0374259 0.266827 0.337179 0.0302885 0.0519231
0 0.0396256 0.304207 0.558654 0.0699519 0.0724359
0 0.040063 0.289543 0.366186 0.0382212 0.0413462
0 0.0416956 0.0538462 0.925481 0.0394231 0.061859
0 0.0426258 0.602043 0.856571 0.0612981 0.0637821
0 0.0458264 0.27512 0.503846 0.0204327 0.0301282
0 0.0493691 0.595312 0.904006 0.0560096 0.0926282
0 0.0500363 0.505889 0.0578526 0.0521635 0.0753205
0 0.0537225 0.280048 0.861538 0.0504808 0.0564103
0 0.0558796 0.0566106 0.907051 0.0334135 0.0397436
0 0.0573096 0.420553 0.150801 0.0362981 0.0528846
0 0.0610693 0.0121394 0.0600962 0.0228365 0.0676282
0 0.0612589 0.975841 0.0224359 0.0483173 0.0448718
0 0.0642436 0.245192 0.144071 0.0442308 0.0349359
0 0.0696884 0.465986 0.765064 0.0536058 0.105769
0 0.0771588 0.978606 0.0725962 0.0394231 0.0451923
0 0.0803323 0.54387 0.979006 0.0420673 0.0419872
0 0.0827748 0.651563 0.130929 0.015625 0.0298077
0 0.0864832 0.261298 0.171795 0.0293269 0.0519231
0 0.11529 0.429567 0.837179 0.0278846 0.0346154
0 0.123586 0.268389 0.270994 0.0425481 0.063141
0 0.150658 0.263462 0.141987 0.0480769 0.0570513
0 0.191527 0.442668 0.894391 0.0502404 0.0875
0 0.211097 0.271635 0.128846 0.0341346 0.0384615
0 0.328524 0.317668 0.437179 0.0454327 0.0365385
0 0.42263 0.580769 0.933013 0.0456731 0.0615385
0 0.516945 0.458534 0.793269 0.0560096 0.0884615
0 0.531074 0.955168 0.232212 0.0632212 0.0983974
0 0.573792 0.736178 0.288462 0.0242788 0.0416667
0 0.644555 0.591466 0.314103 0.0257212 0.0583333
