0 0.0304876 0.196514 0.959776 0.0853365 0.0560897
0 0.0316248 0.0204327 0.968109 0.0394231 0.0637821
0 0.0317123 0.258654 0.987981 0.0461538 0.0240385
0 0.0322586 0.583413 0.758173 0.0216346 0.0400641
0 0.0323451 0.844351 0.948077 0.0617788 0.0660256
0 0.0324268 0.632572 0.625 0.0699519 0.10641
0 0.0326368 0.467187 0.925962 0.028125 0.0467949
0 0.0326578 0.769832 0.655609 0.0526442 0.0727564
0 0.0327381 0.669712 0.873237 0.0389423 0.0554487
0 0.0332358 0.621394 0.984455 0.0389423 0.0298077
0 0.0344048 0.00829327 0.86266 0.0112981 0.0778846
0 0.0354708 0.605288 0.634135 0.0432692 0.0586538
0 0.0359935 0.340144 0.628205 0.0331731 0.0384615
0 0.0360441 0.0132212 0.319071 0.0264423 0.0798077
0 0.0368318 0.228726 0.967788 0.0435096 0.061859
0 0.0392073 0.0174279 0.487179 0.0314904 0.120513
0 0.0402103 0.621394 0.722596 0.0346154 0.0349359
0 0.0403054 0.604207 0.978045 0.046875 0.0407051
0 0.0404068 0.831611 0.932853 0.0305288 0.0471154
0 0.040609 0.147476 0.0107372 0.0295673 0.0214744
0 0.040675 0.437019 0.830929 0.0278846 0.0509615
0 0.0414916 0.329567 0.818269 0.0298077 0.0326923
0 0.0423992 0.759736 0.270673 0.0353365 0.0445513
0 0.0430644 0.677644 0.0136218 0.0302885 0.0272436
0 0.0431716 0.797957 0.959455 0.0334135 0.0592949
0 0.0438191 0.903966 0.973237 0.065625 0.0375
0 0.0441905 0.233774 0.0221154 0.0540865 0.0378205
0 0.0450863 0.259135 0.639904 0.0432692 0.0471154
0 0.0478164 0.346875 0.0137821 0.0581731 0.0262821
0 0.0480307 0.365144 0.710897 0.0586538 0.0653846
0 0.0483003 0.688702 0.60641 0.0326923 0.0352564
0 0.0502359 0.216466 0.983814 0.0733173 0.0323718
0 0.0512254 0.126082 0.385417 0.034375 0.0695513
0 0.0541447 0.225962 0.248077 0.0197115 0.0307692
0 0.0569422 0.924399 0.0149038 0.0641827 0.0291667
0 0.0569949 0.186659 0.984936 0.0478365 0.0269231
0 0.0594989 0.464784 0.688942 0.034375 0.0439103
0 0.0602243 0.984856 0.823077 0.0298077 0.0532051
0 0.0623748 0.327163 0.845032 0.0245192 0.0477564
0 0.0638704 0.84976 0.93718 0.0322115 0.0487179
0 0.0639303 0.408534 0.776282 0.0117788 0.0269231
0 0.0652656 0.898558 0.935577 0.0293269 0.025
0 0.065287 0.663221 0.962019 0.0634615 0.0516026
0 0.0657363 0.362861 0.644551 0.034375 0.0333333
0 0.0665523 0.0418269 0.27516 0.0274038 0.0387821
0 0.0679961 0.800962 0.97516 0.0355769 0.0349359
0 0.0683497 0.542308 0.733173 0.0283654 0.0535256
0 0.0689358 0.348798 0.745353 0.0427885 0.0522436
0 0.0708424 0.138582 0.336218 0.0237981 0.0660256
0 0.0756007 0.142548 0.373718 0.0951923 0.0980769
0 0.0757412 0.194952 0.978846 0.0807692 0.0423077
0 0.0759982 0.883413 0.952404 0.0644231 0.0516026
0 0.0775002 0.673197 0.523397 0.0353365 0.0435897
0 0.0822307 0.35613 0.775321 0.0358173 0.0410256
0 0.0824943 0.480048 0.938942 0.0245192 0.0426282
0 0.0835089 0.624279 0.57516 0.0514423 0.0592949
0 0.0889448 0.503005 0.978846 0.040625 0.0423077
0 0.0957177 0.00997596 0.841667 0.0161058 0.127564
0 0.09586 0.566106 0.75609 0.0456731 0.0871795
0 0.0974241 0.841587 0.928526 0.0288462 0.0467949
0 0.0983739 0.839183 0.982051 0.0663462 0.0346154
0 0.100884 0.70613 0.77516 0.0435096 0.0548077
0 0.101232 0.867188 0.954647 0.0411058 0.0432692
0 0.102151 0.0481971 0.508494 0.0372596 0.0746795
0 0.103417 0.567187 0.801122 0.0338942 0.0528846
0 0.108703 0.65613 0.95016 0.0372596 0.036218
0 0.110292 0.595793 0.64359 0.0276442 0.0435897
0 0.115056 0.0411058 0.492628 0.0278846 0.0512821
0 0.116054 0.861659 0.972436 0.0742788 0.0429487
0 0.117201 0.767668 0.265865 0.0242788 0.0310897
0 0.121865 0.622596 0.049359 0.0826923 0.0942308
0 0.12735 0.592067 0.982532 0.0346154 0.0349359
0 0.136379 0.320553 0.845192 0.0348558 0.0692308
0 0.138124 0.508894 0.0583333 0.101442 0.112179
0 0.147373 0.957692 0.0352564 0.0846154 0.0666667
0 0.151505 0.00769231 0.887019 0.0129808 0.0637821
0 0.15695 0.312981 0.823718 0.0591346 0.0423077
0 0.160321 0.858654 0.948878 0.0288462 0.0278846
0 0.163876 0.0157452 0.414423 0.0314904 0.0858974
0 0.164063 0.409255 0.709776 0.0204327 0.0330128
0 0.184117 0.655769 0.502083 0.0355769 0.0509615
0 0.19017 0.217067 0.422436 0.0283654 0.0326923
0 0.196661 0.138462 0.321154 0.0177885 0.0455128
0 0.203663 0.366707 0.865545 0.0444712 0.0746795
0 0.207512 0.08125 0.510737 0.0504808 0.0714744
0 0.216838 0.323678 0.861859 0.0252404 0.0455128
0 0.217406 0.807332 0.986538 0.0310096 0.0269231
0 0.230063 0.904928 0.936218 0.0459135 0.0365385
0 0.231811 0.746995 0.0817308 0.0305288 0.0480769
0 0.248866 0.0365385 0.976282 0.0697115 0.0474359
0 0.269581 0.249038 0.471474 0.0528846 0.0474359
0 0.270784 0.217909 0.970994 0.0954327 0.0580128
0 0.277809 0.945553 0.0195513 0.0920673 0.0378205
0 0.280078 0.573798 0.754808 0.0331731 0.0512821
0 0.282545 0.571394 0.664904 0.0274038 0.0323718
0 0.299765 0.0971154 0.195513 0.0240385 0.0294872
0 0.306573 0.142909 0.520032 0.0305288 0.0323718
0 0.324459 0.612981 0.651122 0.0504808 0.0625
0 0.327968 0.98101 0.0426282 0.0379808 0.0653846
0 0.32916 0.647716 0.491186 0.0305288 0.0394231
0 0.34733 0.534856 0.754647 0.0370192 0.036218
0 0.427127 0.0975962 0.495673 0.0370192 0.0509615
0 0.428552 0.494231 0.809776 0.0447115 0.0714744
0 0.445067 0.808293 0.235417 0.0454327 0.0580128
0 0.445134 0.348437 0.63734 0.0372596 0.0528846
0 0.460302 0.73101 0.274519 0.0644231 0.0785256
0 0.4661 0.450361 0.761699 0.0415865 0.0330128
0 0.471664 0.250721 0.647917 0.0225962 0.0266026
0 0.474411 0.621274 0.813141 0.0608173 0.0724359
0 0.487425 0.448798 0.578526 0.0375 0.0532051
0 0.508601 0.176322 0.347115 0.0617788 0.0826923
0 0.511494 0.091226 0.404968 0.090625 0.0875
0 0.512662 0.239423 0.890545 0.0254808 0.0516026
0 0.537569 0.279567 0.055609 0.0639423 0.0663462
0 0.552634 0.065024 0.531891 0.0358173 0.0560897
0 0.563373 0.34387 0.760737 0.0588942 0.0849359
0 0.581029 0.374159 0.688141 0.0550481 0.0423077
0 0.582615 0.446755 0.850641 0.0387019 0.0820513
0 0.590151 0.433894 0.66859 0.0336538 0.0679487
0 0.626123 0.175721 0.190545 0.0302885 0.0407051
0 0.636199 0.254567 0.743269 0.0394231 0.0544872
0 0.656843 0.667428 0.641026 0.0680288 0.100641
0 0.691281 0.649519 0.177564 0.0471154 0.0846154
0 0.704125 0.820913 0.751442 0.0370192 0.0733974
0 0.710378 0.427524 0.93718 0.0411058 0.0724359
