0 0.0304663 0.325361 0.591506 0.0223558 0.0471154
0 0.0307205 0.0317308 0.985417 0.0581731 0.0291667
0 0.0313221 0.427885 0.975481 0.105288 0.0432692
0 0.0328131 0.634856 0.0660256 0.0216346 0.0448718
0 0.0328537 0.505529 0.914263 0.0317308 0.036218
0 0.0337742 0.548678 0.633654 0.0137019 0.0339744
0 0.0348826 0.196394 0.779968 0.0432692 0.0259615
0 0.0360453 0.405409 0.863301 0.0290865 0.038141
0 0.0362388 0.146034 0.983494 0.0728365 0.0278846
0 0.0367325 0.0450721 0.897436 0.0603365 0.0833333
0 0.0380114 0.00901442 0.959295 0.0137019 0.0596154
0 0.0388675 0.301322 0.0666667 0.0550481 0.05
0 0.0392615 0.066226 0.972756 0.0805288 0.0544872
0 0.0397389 0.453005 0.935577 0.0459135 0.0583333
0 0.0407614 0.285577 0.561538 0.0134615 0.0262821
0 0.040893 0.382332 0.976282 0.0685096 0.0442308
0 0.0415947 0.506611 0.987981 0.0372596 0.0214744
0 0.0426501 0.492548 0.98109 0.0591346 0.0378205
0 0.0429766 0.0134615 0.807692 0.0254808 0.0551282
0 0.0476333 0.24387 0.356571 0.0228365 0.063141
0 0.0482681 0.0164663 0.850801 0.0324519 0.0701923
0 0.0503997 0.360337 0.817628 0.0245192 0.0282051
0 0.0600473 0.975962 0.0240385 0.0480769 0.0480769
0 0.0610767 0.0478365 0.711699 0.0620192 0.0996795
0 0.0614426 0.28137 0.299199 0.0348558 0.038141
0 0.0633382 0.114904 0.0235577 0.0322115 0.0471154
0 0.0665661 0.380288 0.914744 0.0274038 0.0352564
0 0.0715066 0.357452 0.988141 0.0283654 0.0237179
0 0.0717869 0.29387 0.687981 0.034375 0.0573718
0 0.0724759 0.334135 0.06875 0.0326923 0.0516026
0 0.0728122 0.0549279 0.801763 0.034375 0.0496795
0 0.0758848 0.0427885 0.455288 0.0293269 0.0426282
0 0.0790172 0.252764 0.328205 0.0608173 0.0564103
0 0.0810876 0.23125 0.0177885 0.0346154 0.0355769
0 0.0814423 0.642308 0.0626603 0.0177885 0.0413462
0 0.0817417 0.829327 0.664904 0.0269231 0.0387821
0 0.0846569 0.0206731 0.885897 0.0413462 0.109615
0 0.0855965 0.204087 0.787821 0.0307692 0.0314103
0 0.0868936 0.149279 0.776282 0.0288462 0.0288462
0 0.0879079 0.0338942 0.96859 0.0668269 0.0583333
0 0.0882438 0.172596 0.241346 0.0302885 0.0352564
0 0.0936174 0.916587 0.0189103 0.0403846 0.0378205
0 0.108734 0.404567 0.0272436 0.0341346 0.0532051
0 0.112175 0.405529 0.964423 0.0990385 0.0679487
0 0.122734 0.282933 0.317788 0.0336538 0.0573718
0 0.131959 0.04375 0.644391 0.0639423 0.0592949
0 0.149862 0.41863 0.663782 0.0228365 0.0320513
0 0.152772 0.251442 0.212981 0.0158654 0.0298077
0 0.166895 0.0280048 0.835897 0.0526442 0.102564
0 0.169639 0.0253606 0.805929 0.0377404 0.0625
0 0.179896 0.347356 0.216026 0.0192308 0.0326923
0 0.184009 0.0800481 0.0182692 0.0389423 0.0365385
0 0.203524 0.414543 0.0233974 0.0247596 0.0467949
0 0.208006 0.285697 0.328365 0.0300481 0.0298077
0 0.215847 0.036899 0.665705 0.0637019 0.0769231
0 0.27278 0.519351 0.603205 0.0233173 0.0435897
0 0.276708 0.339543 0.81266 0.0391827 0.0285256
0 0.281896 0.0144231 0.87468 0.0278846 0.0705128
0 0.297963 0.0365385 0.935417 0.0658654 0.0862179
0 0.309346 0.0403846 0.8125 0.0600962 0.0692308
0 0.310375 0.289904 0.38109 0.0336538 0.0602564
0 0.312398 0.142668 0.757212 0.0415865 0.0766026
0 0.341622 0.314423 0.58141 0.0427885 0.0461538
0 0.345909 0.247957 0.342949 0.0204327 0.0378205
0 0.407303 0.140865 0.96234 0.0889423 0.0708333
0 0.418035 0.0864183 0.961218 0.0569712 0.0615385
0 0.43994 0.24363 0.861218 0.0252404 0.0365385
0 0.460717 0.223558 0.0716346 0.0201923 0.0355769
0 0.472459 0.235096 0.328526 0.0307692 0.0391026
0 0.476516 0.0579327 0.74359 0.0576923 0.05
0 0.529904 0.207692 0.864423 0.0245192 0.0474359
0 0.551987 0.653005 0.721795 0.0435096 0.0724359
0 0.563663 0.384615 0.0543269 0.0288462 0.0509615
0 0.591024 0.549159 0.559295 0.0752404 0.139103
0 0.631298 0.290024 0.0608974 0.0295673 0.0423077
0 0.638908 0.404447 0.618429 0.0459135 0.0560897
