0 0.0306199 0.015625 0.259615 0.03125 0.150641
0 0.0346052 0.36851 0.355288 0.0307692 0.0554487
0 0.0397645 0.78125 0.129167 0.0350962 0.0576923
0 0.0406984 0.798437 0.133814 0.0435096 0.0612179
0 0.0504059 0.277764 0.124038 0.0540865 0.073718
0 0.0572107 0.36875 0.366346 0.0201923 0.0410256
0 0.0636376 0.899279 0.175481 0.0528846 0.0625
0 0.0666704 0.195553 0.172756 0.0372596 0.0660256
0 0.0671723 0.299038 0.145032 0.0456731 0.0804487
0 0.06729 0.45625 0.384936 0.0331731 0.0461538
0 0.0804429 0.818389 0.114583 0.0358173 0.0727564
0 0.0948404 0.323558 0.0197115 0.0543269 0.036859
0 0.104312 0.364423 0.309776 0.0466346 0.0823718
0 0.106283 0.877644 0.159295 0.03125 0.0551282
0 0.110177 0.392067 0.0918269 0.0586538 0.0503205
0 0.135591 0.921034 0.108654 0.0324519 0.049359
0 0.142806 0.930409 0.346635 0.0396635 0.0599359
0 0.148211 0.979928 0.559776 0.0401442 0.0676282
0 0.151401 0.257452 0.116186 0.0370192 0.0573718
0 0.177625 0.151082 0.254327 0.028125 0.036859
0 0.178441 0.199159 0.189904 0.0560096 0.11891
0 0.1838 0.129567 0.123237 0.0254808 0.0490385
0 0.246246 0.788702 0.146955 0.0317308 0.0310897
0 0.255018 0.915024 0.197115 0.0463942 0.075
0 0.273592 0.306851 0.164744 0.0372596 0.0814103
0 0.323647 0.213822 0.169391 0.0502404 0.0785256
0 0.370014 0.134736 0.0397436 0.0391827 0.0608974
0 0.373975 0.0268029 0.170994 0.0310096 0.0387821
0 0.511479 0.247596 0.923558 0.0490385 0.0708333
0 0.556194 0.182692 0.243269 0.0581731 0.0794872
0 0.607405 0.209135 0.775641 0.0346154 0.0467949
0 0.633779 0.224038 0.437821 0.0552885 0.102564
