0 0.0304269 0.0205529 0.0274038 0.0411058 0.0548077
0 0.0319606 0.596154 0.402083 0.01875 0.0349359
0 0.0347799 0.390505 0.665064 0.046875 0.0467949
0 0.0350968 0.39375 0.473558 0.0413462 0.0733974
0 0.0362315 0.310337 0.534936 0.0278846 0.0589744
0 0.0385445 0.270553 0.261058 0.0762019 0.088782
0 0.0388254 0.600841 0.126923 0.0353365 0.0583333
0 0.0431285 0.222596 0.525801 0.0235577 0.0445513
0 0.04525 0.0157452 0.878205 0.0295673 0.0980769
0 0.0461407 0.703846 0.134776 0.0346154 0.0548077
0 0.0473393 0.0352163 0.963141 0.0632212 0.073718
0 0.048534 0.484615 0.170994 0.0379808 0.0426282
0 0.0485511 0.265264 0.235577 0.034375 0.0429487
0 0.050993 0.798317 0.0543269 0.0288462 0.0419872
0 0.0551829 0.471154 0.194231 0.0466346 0.0692308
0 0.057181 0.559856 0.312179 0.0278846 0.0570513
0 0.0584767 0.408774 0.633173 0.0252404 0.0342949
0 0.0596397 0.449639 0.324679 0.0117788 0.0314103
0 0.0722287 0.611058 0.114103 0.0514423 0.0615385
0 0.0724164 0.690024 0.265545 0.0473558 0.0625
0 0.0733422 0.0763221 0.966667 0.118029 0.0666667
0 0.0740337 0.0304087 0.985577 0.053125 0.0288462
0 0.0805508 0.0140625 0.225801 0.0257212 0.145833
0 0.0809976 0.11851 0.967147 0.0778846 0.0612179
0 0.0938791 0.273077 0.542628 0.0158654 0.0397436
0 0.0960835 0.368149 0.492468 0.021875 0.0426282
0 0.0961697 0.596635 0.439744 0.0274038 0.0378205
0 0.104521 0.374639 0.426442 0.0310096 0.0407051
0 0.107583 0.285216 0.266827 0.0473558 0.063141
0 0.116338 0.721514 0.166346 0.0194712 0.0384615
0 0.118457 0.533173 0.0766026 0.0423077 0.0647436
0 0.124666 0.495553 0.167308 0.0262019 0.0371795
0 0.134167 0.509135 0.169231 0.0384615 0.0403846
0 0.137292 0.257933 0.416506 0.0456731 0.0541667
0 0.167942 0.240505 0.248878 0.0348558 0.0650641
0 0.168201 0.0276442 0.0147436 0.0514423 0.0294872
0 0.185204 0.778966 0.84391 0.0459135 0.073718
0 0.186569 0.690505 0.284135 0.0415865 0.0407051
0 0.187687 0.784615 0.380449 0.0211538 0.0512821
0 0.199185 0.0538462 0.966026 0.0451923 0.0557692
0 0.216545 0.629687 0.0974359 0.0324519 0.0660256
0 0.251824 0.595553 0.428686 0.0310096 0.0810897
0 0.257088 0.0265625 0.227404 0.053125 0.1625
0 0.257315 0.385096 0.452564 0.0432692 0.0923077
0 0.261926 0.732933 0.152244 0.0379808 0.0532051
0 0.262479 0.629808 0.194872 0.0605769 0.0615385
0 0.286255 0.207452 0.374679 0.0274038 0.074359
0 0.286831 0.544351 0.0634615 0.0661058 0.099359
0 0.314192 0.379087 0.671314 0.0326923 0.0451923
0 0.33996 0.717308 0.150321 0.0533654 0.0730769
0 0.343113 0.0313702 0.460897 0.0569712 0.0916667
0 0.352684 0.468389 0.217788 0.0262019 0.0342949
0 0.368473 0.527043 0.575 0.0608173 0.0910256
0 0.497523 0.55625 0.330769 0.0264423 0.0538462
0 0.554807 0.639784 0.271474 0.0180288 0.0487179
0 0.577368 0.31262 0.139263 0.0411058 0.0644231
0 0.636048 0.387019 0.0511218 0.0245192 0.0509615
0 0.833558 0.113942 0.163942 0.0793269 0.166987
