0 0.0336487 0.610096 0.338782 0.0230769 0.0429487
0 0.0384816 0.892909 0.342147 0.0555288 0.0400641
0 0.0401506 0.400481 0.2625 0.0211538 0.0301282
0 0.046087 0.980769 0.982532 0.0384615 0.0349359
0 0.0498484 0.886058 0.452885 0.0134615 0.0339744
0 0.0596534 0.991587 0.105449 0.0168269 0.0884615
0 0.0704042 0.671154 0.973558 0.0365385 0.0471154
0 0.0737115 0.0169471 0.109135 0.0295673 0.0605769
0 0.0752396 0.989423 0.977724 0.0211538 0.0445513
0 0.0875996 0.195673 0.466026 0.0365385 0.0615385
0 0.0956403 0.69351 0.973878 0.0860577 0.0522436
0 0.101996 0.0146635 0.558013 0.0288462 0.0775641
0 0.115784 0.317668 0.699199 0.034375 0.0375
0 0.11686 0.655529 0.247917 0.0278846 0.0291667
0 0.129327 0.375 0.977724 0.0975962 0.0445513
0 0.142821 0.016226 0.128205 0.0324519 0.133974
0 0.145013 0.134375 0.491026 0.0586538 0.074359
0 0.168453 0.021274 0.439423 0.0425481 0.121154
0 0.199145 0.512019 0.387019 0.0519231 0.0528846
0 0.327897 0.0286058 0.036859 0.0572115 0.0717949
0 0.35691 0.0138221 0.176122 0.0276442 0.0804487
