0 0.0331013 0.934495 0.974038 0.0747596 0.049359
0 0.0348888 0.0823317 0.0546474 0.0411058 0.0567308
0 0.0360732 0.377764 0.171154 0.0473558 0.0410256
0 0.036142 0.266106 0.067468 0.0403846 0.0612179
0 0.0533769 0.269591 0.0583333 0.0689904 0.0942308
0 0.054043 0.56274 0.833494 0.04375 0.0708333
0 0.0642619 0.377644 0.0823718 0.025 0.0442308
0 0.0733999 0.0722356 0.0411859 0.0694712 0.0772436
0 0.0783229 0.55012 0.467468 0.0473558 0.0490385
0 0.0904675 0.414062 0.019391 0.0185096 0.0387821
0 0.108457 0.353846 0.157532 0.0341346 0.0387821
0 0.188624 0.796635 0.983974 0.0254808 0.0314103
0 0.301877 0.364183 0.164904 0.05 0.0496795
0 0.396076 0.513822 0.546474 0.0425481 0.0403846
0 0.536835 0.391226 0.088782 0.0483173 0.0551282
