0 0.0316912 0.760577 0.0919872 0.0427885 0.073718
0 0.0323367 0.73149 0.176122 0.0620192 0.0971154
0 0.0346707 0.770913 0.0766026 0.0365385 0.0602564
0 0.03539 0.88762 0.979167 0.0661058 0.0416667
0 0.0356879 0.355529 0.975 0.108173 0.05
0 0.0363931 0.691587 0.927244 0.0225962 0.0519231
0 0.0383253 0.015024 0.742308 0.0300481 0.102564
0 0.0384423 0.690986 0.114263 0.0603365 0.0451923
0 0.039707 0.961538 0.0376603 0.0298077 0.0567308
0 0.0400075 0.265625 0.0700321 0.0673077 0.0669872
0 0.0409595 0.945192 0.172756 0.0528846 0.0653846
0 0.0423293 0.520072 0.605609 0.028125 0.0516026
0 0.0426092 0.538822 0.310417 0.0290865 0.0445513
0 0.0431663 0.336178 0.0137821 0.071875 0.0230769
0 0.04569 0.390745 0.0246795 0.0286058 0.0391026
0 0.0459246 0.78726 0.962179 0.0822115 0.0679487
0 0.0474065 0.699279 0.939423 0.0399038 0.0621795
0 0.0481067 0.69387 0.141186 0.0713942 0.0932692
0 0.0538788 0.638462 0.0927885 0.03125 0.0663462
0 0.0553109 0.323317 0.0972756 0.0581731 0.0592949
0 0.0553209 0.388822 0.0150641 0.0382212 0.025
0 0.0663735 0.69363 0.954808 0.0661058 0.0814103
0 0.0676124 0.419952 0.0548077 0.0125 0.0532051
0 0.0684931 0.457332 0.983654 0.0685096 0.0326923
0 0.0736625 0.602644 0.671635 0.0403846 0.0592949
0 0.0738288 0.544952 0.352244 0.0403846 0.0397436
0 0.0753099 0.567428 0.252885 0.0411058 0.0365385
0 0.0761051 0.684495 0.973558 0.0661058 0.0528846
0 0.0762952 0.140385 0.979167 0.0802885 0.0416667
0 0.0767861 0.730288 0.141506 0.0543269 0.0740385
0 0.0848066 0.697115 0.203205 0.0413462 0.0608974
0 0.0901952 0.221875 0.895192 0.0711538 0.0423077
0 0.100194 0.553726 0.348718 0.0223558 0.0294872
0 0.111796 0.537861 0.344071 0.0612981 0.061859
0 0.123792 0.688822 0.590865 0.0420673 0.0451923
0 0.124081 0.52488 0.344231 0.0266827 0.0339744
0 0.126538 0.670072 0.714263 0.0646635 0.0727564
0 0.131354 0.721514 0.0746795 0.0314904 0.0339744
0 0.136153 0.013101 0.0253205 0.0262019 0.050641
0 0.143086 0.951683 0.0483974 0.0317308 0.0564103
0 0.143194 0.714784 0.155128 0.0925481 0.13141
0 0.143692 0.722957 0.125801 0.0372596 0.036859
0 0.145984 0.404687 0.0411859 0.0415865 0.0701923
0 0.155186 0.710337 0.947276 0.0283654 0.0387821
0 0.15793 0.36274 0.0169872 0.06875 0.0314103
0 0.16061 0.709856 0.121474 0.0735577 0.0525641
0 0.176136 0.722115 0.812019 0.0451923 0.0727564
0 0.193006 0.325841 0.978846 0.0478365 0.0423077
0 0.208258 0.638341 0.91234 0.0348558 0.0387821
0 0.220465 0.772596 0.103365 0.0456731 0.108654
0 0.226211 0.173558 0.0206731 0.0716346 0.0375
0 0.231209 0.0435096 0.616026 0.0745192 0.0698718
0 0.235946 0.397716 0.678846 0.0454327 0.0602564
0 0.242249 0.881731 0.138782 0.0394231 0.108333
0 0.247073 0.0145433 0.321474 0.0257212 0.0378205
0 0.279184 0.7125 0.220353 0.0355769 0.0477564
0 0.280325 0.677163 0.190064 0.0341346 0.0711538
0 0.285389 0.383774 0.644071 0.0516827 0.1125
0 0.31822 0.461779 0.0195513 0.0586538 0.0384615
0 0.326202 0.48774 0.0200321 0.0576923 0.038141
0 0.356755 0.415024 0.0475962 0.0242788 0.0657051
0 0.400848 0.984135 0.0258013 0.0317308 0.0471154
0 0.42342 0.942187 0.0533654 0.0391827 0.0862179
0 0.48547 0.446755 0.397115 0.0348558 0.0371795
0 0.51401 0.296635 0.101923 0.0418269 0.0679487
0 0.524909 0.25613 0.0613782 0.0560096 0.0400641
0 0.525484 0.429567 0.528045 0.0533654 0.0503205
0 0.541476 0.056851 0.307692 0.0439904 0.0576923
0 0.559284 0.378606 0.614263 0.0451923 0.0541667
0 0.568416 0.146755 0.666346 0.0425481 0.0461538
0 0.575452 0.474279 0.250481 0.0341346 0.0432692
0 0.601093 0.342909 0.0951923 0.0579327 0.0679487
