0 0.0307573 0.628005 0.463462 0.0463942 0.0692308
0 0.032237 0.582212 0.567308 0.0918269 0.0673077
0 0.0352349 0.0573317 0.272436 0.090625 0.0769231
0 0.0352454 0.60637 0.486218 0.0564904 0.0435897
0 0.035375 0.246394 0.430609 0.0264423 0.0612179
0 0.0369233 0.356851 0.227885 0.0170673 0.0352564
0 0.0387396 0.638822 0.013141 0.0213942 0.0230769
0 0.0387769 0.298197 0.839103 0.23101 0.183333
0 0.0407054 0.0112981 0.0815705 0.0225962 0.125321
0 0.0408003 0.496394 0.0769231 0.05625 0.0474359
0 0.0423789 0.187861 0.0458333 0.12524 0.0878205
0 0.0453394 0.577524 0.494872 0.136779 0.0621795
0 0.0485707 0.676803 0.396955 0.0762019 0.0586538
0 0.0513339 0.302163 0.0552885 0.0461538 0.0336538
0 0.0514111 0.257332 0.47516 0.0709135 0.0721154
0 0.0533147 0.247716 0.0754808 0.136298 0.1375
0 0.0535404 0.307332 0.50032 0.0463942 0.0666667
0 0.0553938 0.643149 0.385897 0.0396635 0.0602564
0 0.0587619 0.369591 0.854327 0.0362981 0.0714744
0 0.0650124 0.299519 0.080609 0.0379808 0.0650641
0 0.0715068 0.973077 0.364744 0.0490385 0.0583333
0 0.0727058 0.659736 0.640705 0.090625 0.117949
0 0.0733681 0.482933 0.622276 0.0798077 0.0548077
0 0.0907829 0.978726 0.0214744 0.0425481 0.0429487
0 0.0941648 0.941947 0.807051 0.0334135 0.0628205
0 0.104583 0.365264 0.0842949 0.0536058 0.0467949
0 0.118719 0.617909 0.58109 0.163702 0.0833333
0 0.119977 0.235216 0.0350962 0.0699519 0.0682692
0 0.122261 0.704687 0.0581731 0.0814904 0.0926282
0 0.13227 0.516587 0.638462 0.26875 0.148718
0 0.148437 0.633774 0.465064 0.110817 0.0948718
0 0.149277 0.247716 0.450641 0.0367788 0.0903846
0 0.150636 0.777284 0.0705128 0.244471 0.137821
0 0.178306 0.0248798 0.153526 0.0478365 0.0974359
0 0.188866 0.489904 0.634936 0.116346 0.0935897
0 0.215876 0.466827 0.240865 0.0725962 0.117628
0 0.261579 0.351562 0.361538 0.0271635 0.0512821
0 0.31159 0.932452 0.792468 0.0495192 0.0804487
0 0.31427 0.628486 0.627083 0.165144 0.165705
0 0.36735 0.383534 0.863782 0.0555288 0.075641
0 0.443012 0.461298 0.0224359 0.0408654 0.0448718
0 0.485679 0.416827 0.575 0.0759615 0.0544872
0 0.49913 0.352524 0.0911859 0.0367788 0.0445513
0 0.506448 0.400721 0.182372 0.0413462 0.0589744
0 0.527205 0.60625 0.483173 0.0947115 0.063141
0 0.52846 0.583894 0.198077 0.0394231 0.0621795
0 0.552018 0.676082 0.418109 0.104087 0.115064
0 0.562296 0.220913 0.541026 0.0485577 0.0512821
0 0.562489 0.265144 0.573397 0.0365385 0.0423077
0 0.572848 0.288462 0.489103 0.0826923 0.0666667
0 0.666857 0.29399 0.401442 0.1 0.0932692
0 0.705954 0.934976 0.139263 0.123798 0.190064
0 0.707011 0.757452 0.294712 0.0389423 0.061859
0 0.710529 0.331611 0.642147 0.101202 0.0971154
0 0.726471 0.234495 0.341827 0.0516827 0.0875
0 0.730295 0.562019 0.254968 0.0918269 0.0983974
0 0.731459 0.739062 0.583654 0.100721 0.101282
0 0.756651 0.808173 0.241186 0.0774038 0.111859
0 0.784497 0.0456731 0.349679 0.0913462 0.138462
0 0.793938 0.284856 0.835417 0.128846 0.136218
