0 0.0326651 0.68137 0.984936 0.0747596 0.0288462
0 0.0327958 0.217548 0.257853 0.0504808 0.0439103
0 0.0337288 0.530889 0.975481 0.0661058 0.0445513
0 0.0355142 0.702284 0.772596 0.0444712 0.0432692
0 0.036243 0.292548 0.306891 0.0432692 0.0503205
0 0.0366762 0.565264 0.938782 0.0819712 0.073718
0 0.0372461 0.295433 0.289904 0.0528846 0.0926282
0 0.0394802 0.45649 0.966186 0.0432692 0.0612179
0 0.0460474 0.448317 0.395513 0.0461538 0.0435897
0 0.0491478 0.586899 0.663782 0.0449519 0.0794872
0 0.0533984 0.23125 0.142468 0.0615385 0.0586538
0 0.0587775 0.220192 0.298878 0.0495192 0.0439103
0 0.0606353 0.420553 0.175481 0.0372596 0.0342949
0 0.0635264 0.0290865 0.111699 0.0514423 0.0663462
0 0.0652096 0.272236 0.280929 0.11226 0.088782
0 0.0681881 0.457933 0.0141026 0.0673077 0.0282051
0 0.0825611 0.68149 0.969872 0.0634615 0.0474359
0 0.0945929 0.509135 0.671795 0.0615385 0.073718
0 0.0981754 0.841707 0.796955 0.0473558 0.0516026
0 0.112741 0.230288 0.289583 0.0658654 0.0721154
0 0.119607 0.958173 0.557372 0.0822115 0.0544872
0 0.132083 0.455769 0.405609 0.0350962 0.0330128
0 0.137429 0.31875 0.258013 0.0355769 0.0474359
0 0.15155 0.505529 0.957051 0.0495192 0.0628205
0 0.163311 0.246875 0.521635 0.0144231 0.0342949
0 0.2059 0.30625 0.269551 0.0596154 0.075
0 0.267974 0.343269 0.166506 0.0495192 0.0605769
0 0.271286 0.432452 0.638782 0.0418269 0.0435897
0 0.284939 0.141226 0.701122 0.0444712 0.0522436
0 0.357326 0.680288 0.938622 0.05625 0.0548077
0 0.421923 0.843389 0.707212 0.0569712 0.0464744
0 0.432158 0.080649 0.210577 0.0689904 0.050641
0 0.448295 0.459255 0.224679 0.0939904 0.0775641
