0 0.0300154 0.775601 0.984455 0.0425481 0.0310897
0 0.0306998 0.608654 0.25609 0.0264423 0.0378205
0 0.0307523 0.589303 0.325 0.0425481 0.0602564
0 0.0319103 0.892548 0.471314 0.0269231 0.0445513
0 0.032347 0.533774 0.53109 0.0262019 0.0365385
0 0.03359 0.733293 0.127244 0.0324519 0.0384615
0 0.0340133 0.576442 0.510737 0.0451923 0.0657051
0 0.0354189 0.833654 0.599359 0.0548077 0.0730769
0 0.035557 0.528125 0.365224 0.0485577 0.0721154
0 0.0366026 0.782452 0.727404 0.03125 0.0810897
0 0.0373549 0.771514 0.615385 0.0237981 0.0557692
0 0.0375357 0.639063 0.213782 0.0295673 0.0358974
0 0.0392691 0.584014 0.450801 0.0161058 0.0298077
0 0.0395989 0.521514 0.388301 0.0247596 0.0522436
0 0.0409263 0.561058 0.565865 0.0524038 0.0528846
0 0.0413725 0.89976 0.485737 0.0322115 0.0509615
0 0.041547 0.452404 0.87484 0.0495192 0.0971154
0 0.0422896 0.398798 0.0822115 0.05625 0.0977564
0 0.0424232 0.449038 0.893429 0.0278846 0.0496795
0 0.043155 0.663341 0.175962 0.0199519 0.0384615
0 0.0437513 0.576442 0.507212 0.0293269 0.0387821
0 0.0439791 0.722476 0.122756 0.0473558 0.0519231
0 0.0443558 0.5 0.622917 0.0240385 0.0509615
0 0.0453764 0.477284 0.56282 0.0483173 0.0775641
0 0.0459198 0.56274 0.359936 0.0538462 0.0692308
0 0.0460694 0.485096 0.739744 0.0293269 0.0467949
0 0.0494939 0.594952 0.356731 0.0475962 0.0557692
0 0.0496272 0.463702 0.629487 0.0283654 0.0378205
0 0.0497121 0.501082 0.0232372 0.113221 0.0400641
0 0.0509921 0.494351 0.744071 0.0430288 0.0714744
0 0.0516982 0.793269 0.59343 0.0326923 0.061859
0 0.0531719 0.433053 0.2625 0.0387019 0.0583333
0 0.0533022 0.835577 0.660577 0.0519231 0.0679487
0 0.0552872 0.807933 0.584295 0.0274038 0.0544872
0 0.0567482 0.420793 0.0580128 0.0324519 0.0397436
0 0.057186 0.454447 0.910577 0.0425481 0.0705128
0 0.0584702 0.459014 0.682853 0.0180288 0.0291667
0 0.0601582 0.878365 0.22516 0.01875 0.0407051
0 0.0636552 0.530529 0.53109 0.0399038 0.0730769
0 0.0664476 0.232692 0.245353 0.0745192 0.0676282
0 0.0685821 0.955288 0.338141 0.04375 0.0442308
0 0.0712907 0.724639 0.692628 0.0353365 0.0384615
0 0.0722544 0.59351 0.304327 0.0326923 0.0349359
0 0.0725625 0.469712 0.544872 0.0375 0.0435897
0 0.0728378 0.440144 0.094391 0.0216346 0.036218
0 0.0731785 0.491827 0.807372 0.0711538 0.116026
0 0.0746667 0.739303 0.658173 0.0247596 0.0336538
0 0.0767793 0.540264 0.864263 0.0492788 0.0862179
0 0.0803834 0.604688 0.271314 0.0319712 0.0560897
0 0.082585 0.803726 0.964904 0.101683 0.0701923
0 0.0832818 0.583413 0.591827 0.0788462 0.0746795
0 0.0862074 0.70613 0.574038 0.0314904 0.0814103
0 0.0905276 0.637019 0.228045 0.0293269 0.0458333
0 0.0945593 0.805889 0.983654 0.096875 0.0326923
0 0.100552 0.579928 0.345673 0.0641827 0.0900641
0 0.101306 0.515745 0.595032 0.0300481 0.0580128
0 0.111974 0.597356 0.29375 0.0283654 0.0375
0 0.113553 0.409014 0.120673 0.0286058 0.0426282
0 0.113904 0.973918 0.65641 0.0377404 0.0435897
0 0.119254 0.707332 0.600321 0.034375 0.0333333
0 0.121026 0.532332 0.741346 0.0194712 0.0384615
0 0.123831 0.81226 0.104167 0.0475962 0.0570513
0 0.127196 0.539904 0.587981 0.0610577 0.0592949
0 0.133129 0.801683 0.655128 0.0225962 0.0461538
0 0.133678 0.903245 0.498237 0.0295673 0.0266026
0 0.139687 0.749399 0.260417 0.0483173 0.0650641
0 0.141025 0.439784 0.23734 0.0305288 0.0342949
0 0.142764 0.76226 0.579968 0.0379808 0.0708333
0 0.156684 0.810216 0.599199 0.0430288 0.0727564
0 0.184875 0.590264 0.564583 0.0314904 0.0285256
0 0.188746 0.628125 0.238301 0.0331731 0.0432692
0 0.199642 0.740144 0.641667 0.0269231 0.0570513
0 0.201578 0.614183 0.616506 0.0451923 0.0817308
0 0.205425 0.586538 0.495833 0.0475962 0.0647436
0 0.206756 0.808894 0.16859 0.0413462 0.0423077
0 0.213328 0.768269 0.257372 0.103365 0.0660256
0 0.231544 0.505649 0.592147 0.0415865 0.0842949
0 0.231593 0.502644 0.783654 0.0442308 0.0570513
0 0.247912 0.451803 0.328526 0.0237981 0.0314103
0 0.252617 0.580529 0.345994 0.0451923 0.0548077
0 0.257633 0.786779 0.974359 0.0552885 0.0487179
0 0.258579 0.445913 0.102404 0.0278846 0.0439103
0 0.31381 0.776923 0.598237 0.0197115 0.0560897
0 0.321477 0.741106 0.538942 0.0350962 0.0471154
0 0.327842 0.576442 0.573558 0.0581731 0.0503205
0 0.359219 0.570433 0.1375 0.0274038 0.0519231
0 0.361325 0.64976 0.128846 0.0552885 0.0583333
0 0.388106 0.481851 0.87484 0.0757212 0.0900641
0 0.393608 0.390865 0.0727564 0.0379808 0.0532051
0 0.404422 0.970913 0.819391 0.0408654 0.0573718
0 0.41041 0.703846 0.545353 0.0269231 0.0746795
0 0.452432 0.615385 0.247917 0.0264423 0.036859
0 0.487663 0.515745 0.378686 0.0420673 0.0676282
0 0.490877 0.743149 0.182372 0.034375 0.0608974
0 0.491545 0.751322 0.558173 0.0338942 0.0407051
0 0.494877 0.852644 0.607692 0.0653846 0.0653846
0 0.507094 0.779567 0.945192 0.0509615 0.0538462
0 0.523265 0.859135 0.883013 0.0350962 0.0448718
0 0.524912 0.748798 0.470673 0.0466346 0.0586538
0 0.531777 0.500361 0.758173 0.0603365 0.1125
0 0.560009 0.708534 0.682853 0.0627404 0.0586538
0 0.562789 0.942308 0.375 0.0826923 0.0673077
0 0.601315 0.791346 0.497276 0.0278846 0.0522436
0 0.605901 0.523438 0.514583 0.0362981 0.063141
0 0.63512 0.603846 0.394071 0.0610577 0.0528846
0 0.645209 0.498077 0.920353 0.0596154 0.0560897
0 0.655447 0.868149 0.325321 0.0348558 0.0448718
0 0.65646 0.445793 0.638301 0.0444712 0.0625
0 0.694939 0.523077 0.104808 0.0625 0.103205
0 0.696639 0.617668 0.889744 0.0795673 0.0967949
0 0.703607 0.838702 0.696154 0.0543269 0.0929487
0 0.73324 0.41887 0.455288 0.0637019 0.0798077
0 0.781364 0.15601 0.699038 0.0754808 0.074359
0 0.782044 0.471635 0.842788 0.0817308 0.0644231
