0 0.031852 0.0603365 0.117308 0.0399038 0.0762821
0 0.0318532 0.197957 0.553526 0.0560096 0.0320513
0 0.033153 0.219591 0.980769 0.0713942 0.0352564
0 0.0333856 0.2 0.185256 0.0370192 0.0576923
0 0.0334912 0.674399 0.695513 0.0199519 0.0557692
0 0.034026 0.0185096 0.728365 0.0355769 0.0894231
0 0.0346504 0.122236 0.0296474 0.040625 0.0375
0 0.0347981 0.133293 0.976763 0.0872596 0.0426282
0 0.0351048 0.621995 0.505449 0.0300481 0.0711538
0 0.0353865 0.631731 0.382372 0.0360577 0.0403846
0 0.0357083 0.157091 0.0166667 0.0588942 0.025641
0 0.0358116 0.603005 0.786699 0.0872596 0.120833
0 0.0359671 0.0234375 0.247436 0.0391827 0.0602564
0 0.0361574 0.013101 0.178365 0.0223558 0.0522436
0 0.0367759 0.0105769 0.151282 0.0134615 0.0269231
0 0.0373436 0.128365 0.366026 0.0365385 0.0525641
0 0.0375874 0.418149 0.273237 0.0257212 0.0477564
0 0.038625 0.0200721 0.154808 0.0334135 0.0596154
0 0.040164 0.12512 0.949359 0.0665865 0.0910256
0 0.0404171 0.230288 0.726603 0.0322115 0.0608974
0 0.0404699 0.375841 0.966667 0.0213942 0.0358974
0 0.0413888 0.658534 0.978686 0.0704327 0.0426282
0 0.0415547 0.0149038 0.742468 0.0298077 0.0432692
0 0.0416322 0.445913 0.250481 0.0158654 0.0458333
0 0.0425068 0.10637 0.96234 0.0377404 0.0426282
0 0.0425266 0.0455529 0.767628 0.0689904 0.0769231
0 0.0430218 0.156611 0.0282051 0.0858173 0.0391026
0 0.0436571 0.108654 0.970673 0.0620192 0.0554487
0 0.0440995 0.0132212 0.275 0.0225962 0.0929487
0 0.0441056 0.754928 0.594231 0.0319712 0.0442308
0 0.0447271 0.61863 0.581571 0.0411058 0.0862179
0 0.0449477 0.592067 0.716026 0.0399038 0.0525641
0 0.0450414 0.0723558 0.155769 0.0317308 0.0647436
0 0.0454838 0.327043 0.778205 0.0233173 0.0282051
0 0.0471157 0.131971 0.523558 0.075 0.0657051
0 0.0478274 0.539423 0.876763 0.0240385 0.0560897
0 0.0479058 0.378365 0.522756 0.0206731 0.0378205
0 0.048135 0.427284 0.495833 0.0867788 0.0974359
0 0.0489025 0.559014 0.0266026 0.0449519 0.0467949
0 0.0493487 0.724038 0.671154 0.0423077 0.0717949
0 0.0508077 0.0647837 0.0836538 0.0242788 0.0365385
0 0.0513184 0.0802885 0.98766 0.0701923 0.0233974
0 0.05135 0.521755 0.834615 0.0137019 0.0333333
0 0.0532279 0.552524 0.917628 0.0314904 0.0378205
0 0.0532928 0.0122596 0.966667 0.0245192 0.0666667
0 0.0533386 0.605769 0.983013 0.100481 0.0230769
0 0.0536357 0.630409 0.610737 0.0372596 0.0400641
0 0.0540483 0.561538 0.944712 0.0264423 0.0323718
0 0.0574232 0.635697 0.779327 0.0223558 0.0387821
0 0.0583612 0.332812 0.352083 0.0233173 0.0689103
0 0.0595315 0.016226 0.626763 0.0300481 0.0900641
0 0.0596868 0.535577 0.694872 0.0274038 0.0269231
0 0.0602552 0.565505 0.462019 0.0228365 0.0336538
0 0.0611044 0.511899 0.154327 0.0127404 0.038141
0 0.0617338 0.590986 0.273397 0.0141827 0.0474359
0 0.0630671 0.603606 0.63109 0.0317308 0.05
0 0.0632664 0.230649 0.166667 0.0319712 0.0275641
0 0.063401 0.0137019 0.435256 0.0274038 0.0826923
0 0.0635737 0.0939904 0.739423 0.0201923 0.0320513
0 0.0642749 0.433654 0.260256 0.0360577 0.0782051
0 0.0670252 0.641346 0.5875 0.025 0.0692308
0 0.0688256 0.0649038 0.772115 0.0509615 0.0634615
0 0.0695134 0.205288 0.538301 0.0754808 0.0612179
0 0.0728407 0.43738 0.275321 0.0199519 0.0352564
0 0.0739241 0.388822 0.608333 0.0137019 0.0403846
0 0.0797443 0.442187 0.262179 0.0213942 0.0628205
0 0.0813134 0.632933 0.592628 0.0456731 0.0871795
0 0.0813613 0.63137 0.358974 0.040625 0.0564103
0 0.0819134 0.0569712 0.159455 0.0451923 0.0554487
0 0.083244 0.566466 0.0418269 0.0483173 0.0817308
0 0.0860828 0.605048 0.736218 0.0360577 0.0365385
0 0.0865024 0.0335337 0.738462 0.0670673 0.0826923
0 0.0888248 0.614543 0.611218 0.0540865 0.0794872
0 0.0890482 0.409255 0.765865 0.034375 0.0451923
0 0.0891651 0.0122596 0.15641 0.0245192 0.0294872
0 0.0935334 0.571154 0.0698718 0.0278846 0.0346154
0 0.0953668 0.584014 0.0277244 0.0497596 0.0548077
0 0.0972669 0.257812 0.495353 0.0757212 0.0836538
0 0.097788 0.271274 0.525321 0.0805288 0.100641
0 0.101713 0.456611 0.480769 0.0516827 0.0955128
0 0.10235 0.192428 0.163782 0.0396635 0.0346154
0 0.109891 0.278966 0.395513 0.0247596 0.0519231
0 0.113601 0.409495 0.489583 0.0411058 0.0676282
0 0.115983 0.0126202 0.208013 0.0228365 0.0653846
0 0.116239 0.484736 0.987179 0.0536058 0.025641
0 0.116854 0.383774 0.973237 0.0612981 0.0509615
0 0.118222 0.333413 0.409776 0.0307692 0.0657051
0 0.119027 0.245072 0.973558 0.0737981 0.0445513
0 0.119303 0.301683 0.404647 0.0519231 0.100321
0 0.121914 0.17524 0.0445513 0.0663462 0.0820513
0 0.123746 0.557933 0.389583 0.0134615 0.0342949
0 0.130411 0.596394 0.275962 0.0197115 0.0570513
0 0.130883 0.0467548 0.0408654 0.0507212 0.0753205
0 0.131673 0.369471 0.981731 0.0519231 0.0365385
0 0.134078 0.313462 0.385256 0.0504808 0.0762821
0 0.135611 0.0533654 0.742788 0.102885 0.113782
0 0.139665 0.46274 0.197436 0.0427885 0.0371795
0 0.144613 0.0274038 0.291026 0.0514423 0.0596154
0 0.145409 0.378606 0.715865 0.0225962 0.0464744
0 0.146198 0.546154 0.96891 0.0629808 0.0621795
0 0.147049 0.355409 0.808974 0.0213942 0.0333333
0 0.148844 0.286538 0.529808 0.0399038 0.0512821
0 0.15694 0.420192 0.240064 0.0326923 0.0673077
0 0.172935 0.614423 0.977724 0.103846 0.0445513
0 0.177331 0.695192 0.713622 0.0307692 0.0522436
0 0.179272 0.774399 0.677083 0.0387019 0.0733974
0 0.182487 0.0163462 0.655609 0.0298077 0.0599359
0 0.186038 0.137981 0.499038 0.05625 0.0807692
0 0.190641 0.617428 0.358173 0.0319712 0.0375
0 0.190944 0.217668 0.719391 0.0492788 0.0432692
0 0.197175 0.577043 0.854968 0.028125 0.0490385
0 0.202039 0.205889 0.172436 0.0627404 0.0487179
0 0.203949 0.126923 0.739583 0.0278846 0.0580128
0 0.207226 0.342308 0.425 0.0221154 0.0397436
0 0.207678 0.59399 0.0205128 0.0293269 0.0371795
0 0.209161 0.140865 0.497115 0.0423077 0.0480769
0 0.210078 0.301322 0.386859 0.0276442 0.0570513
0 0.21297 0.545192 0.894551 0.0293269 0.0634615
0 0.215055 0.130649 0.442628 0.065625 0.0846154
0 0.215133 0.130529 0.0451923 0.0442308 0.0762821
0 0.229615 0.413702 0.685096 0.0774038 0.193269
0 0.230579 0.62476 0.560256 0.0596154 0.167308
0 0.240405 0.548678 0.90657 0.0237981 0.036218
0 0.243491 0.330409 0.377244 0.028125 0.0967949
0 0.24412 0.633293 0.841346 0.0204327 0.0371795
0 0.251017 0.40601 0.747756 0.0485577 0.0839744
0 0.277831 0.283413 0.410737 0.0360577 0.0842949
0 0.28418 0.0133413 0.594551 0.0262019 0.0519231
0 0.285448 0.416466 0.479487 0.0247596 0.0570513
0 0.300096 0.0180288 0.253205 0.0360577 0.135256
0 0.407064 0.134736 0.472756 0.0786058 0.186538
0 0.410356 0.0439904 0.157051 0.0375 0.0448718
0 0.431465 0.0448317 0.0230769 0.040625 0.0442308
0 0.435404 0.239784 0.524199 0.139663 0.136859
0 0.472467 0.405288 0.957372 0.0302885 0.0852564
0 0.505176 0.146274 0.0471154 0.0978365 0.0884615
0 0.515626 0.579327 0.789904 0.0504808 0.139423
0 0.54652 0.651442 0.356731 0.0399038 0.0948718
0 0.571568 0.386298 0.513301 0.0331731 0.0548077
0 0.572487 0.340385 0.888301 0.0235577 0.0516026
0 0.574947 0.305529 0.461538 0.025 0.0576923
0 0.586042 0.730048 0.667468 0.0528846 0.172756
0 0.594893 0.0313702 0.0772436 0.0627404 0.0538462
0 0.608979 0.609976 0.275321 0.0526442 0.0698718
0 0.643271 0.535697 0.75016 0.0420673 0.118269
0 0.786817 0.705048 0.281891 0.0533654 0.105449
