0 0.030049 0.503606 0.432372 0.0278846 0.0429487
0 0.0312892 0.119231 0.429167 0.025 0.0358974
0 0.0386987 0.0342548 0.181731 0.065625 0.074359
0 0.0436222 0.0310096 0.170353 0.0432692 0.0496795
0 0.0438685 0.971394 0.977885 0.0528846 0.0442308
0 0.0474674 0.0997596 0.148077 0.0370192 0.0448718
0 0.0486372 0.0206731 0.159776 0.0355769 0.063141
0 0.0487794 0.509736 0.427404 0.0266827 0.0682692
0 0.0506443 0.0102163 0.152885 0.0165865 0.0583333
0 0.0570212 0.0129808 0.0466346 0.0245192 0.0733974
0 0.0598113 0.209375 0.1625 0.0461538 0.0487179
0 0.0603359 0.800721 0.0637821 0.0274038 0.0448718
0 0.0610969 0.0569712 0.184936 0.0605769 0.0775641
0 0.067284 0.547115 0.406731 0.0293269 0.0320513
0 0.0701736 0.0991587 0.625481 0.0415865 0.0560897
0 0.0765778 0.0185096 0.18141 0.0350962 0.0557692
0 0.0782318 0.508173 0.0152244 0.0298077 0.0304487
0 0.0872164 0.657452 0.0121795 0.0302885 0.024359
0 0.0972131 0.768389 0.485577 0.0353365 0.0416667
0 0.100136 0.529327 0.0969551 0.01875 0.0464744
0 0.109614 0.904928 0.978846 0.0694712 0.0423077
0 0.116572 0.141587 0.4 0.0365385 0.0339744
0 0.13305 0.0128606 0.192468 0.0257212 0.0400641
0 0.182556 0.658053 0.417468 0.040625 0.0496795
0 0.246649 0.98101 0.689904 0.0379808 0.0663462
0 0.30106 0.51875 0.396314 0.0149038 0.0272436
0 0.372589 0.984976 0.886538 0.028125 0.0801282
0 0.37987 0.760457 0.492788 0.0242788 0.0336538
0 0.478992 0.288942 0.603686 0.0206731 0.0291667
0 0.487017 0.501322 0.461218 0.028125 0.0685897
