0 0.031663 0.649519 0.0764423 0.0326923 0.0496795
0 0.0316873 0.645793 0.745513 0.0574519 0.0576923
0 0.0318468 0.627163 0.835096 0.216346 0.243269
0 0.031942 0.373317 0.0661859 0.0764423 0.106731
0 0.0331687 0.810337 0.457372 0.0620192 0.0884615
0 0.0343039 0.439784 0.566667 0.13149 0.100641
0 0.0344009 0.753365 0.491346 0.0504808 0.0942308
0 0.034599 0.772837 0.333494 0.0451923 0.0701923
0 0.0349869 0.572476 0.835096 0.0612981 0.0759615
0 0.0354698 0.484135 0.702404 0.0322115 0.063141
0 0.0357694 0.972236 0.826442 0.0459135 0.0689103
0 0.0361267 0.619351 0.969872 0.0930288 0.0602564
0 0.0367036 0.973798 0.254968 0.0495192 0.0900641
0 0.0369932 0.803125 0.653365 0.0817308 0.0842949
0 0.0378839 0.980288 0.136859 0.0245192 0.0717949
0 0.0414295 0.71875 0.14359 0.0350962 0.0615385
0 0.0426649 0.508894 0.298237 0.0475962 0.0804487
0 0.0427132 0.647596 0.857692 0.0932692 0.141667
0 0.0491242 0.541587 0.420032 0.0456731 0.0772436
0 0.0492271 0.790264 0.624519 0.0949519 0.0990385
0 0.0495915 0.542548 0.419872 0.0341346 0.0455128
0 0.0516165 0.924159 0.88141 0.0319712 0.0692308
0 0.054858 0.903486 0.508494 0.0459135 0.086859
0 0.0550408 0.542668 0.39375 0.0622596 0.125962
0 0.0551831 0.615505 0.840385 0.100721 0.0980769
0 0.0579983 0.964543 0.907532 0.059375 0.0464744
0 0.0583284 0.698918 0.754808 0.0367788 0.0538462
0 0.0608644 0.816226 0.319712 0.0449519 0.0823718
0 0.0613262 0.816827 0.61891 0.0572115 0.0538462
0 0.0620755 0.810096 0.970032 0.0850962 0.0541667
0 0.0622602 0.62524 0.178686 0.0341346 0.0663462
0 0.0623645 0.644471 0.474038 0.0980769 0.10641
0 0.0625752 0.788101 0.416346 0.0420673 0.0615385
0 0.0626987 0.815986 0.687981 0.0497596 0.0894231
0 0.0651167 0.0341346 0.0344551 0.0605769 0.0689103
0 0.0682042 0.884375 0.830929 0.0375 0.0516026
0 0.0763834 0.759135 0.676282 0.0355769 0.0647436
0 0.0795181 0.97476 0.0956731 0.0288462 0.0689103
0 0.0802098 0.576442 0.117788 0.0423077 0.0842949
0 0.0808892 0.980288 0.0852564 0.0245192 0.0435897
0 0.0979083 0.656851 0.770192 0.0516827 0.0467949
0 0.0983334 0.678726 0.750962 0.0810096 0.0666667
0 0.0983592 0.372716 0.0208333 0.0579327 0.0416667
0 0.102062 0.536298 0.349359 0.0927885 0.200641
0 0.103147 0.484736 0.0395833 0.0310096 0.0753205
0 0.10883 0.865024 0.965545 0.0819712 0.0669872
0 0.113419 0.567187 0.323878 0.0319712 0.0451923
0 0.117015 0.345793 0.129647 0.0497596 0.0509615
0 0.122899 0.620433 0.827083 0.149038 0.150962
0 0.127498 0.60649 0.512821 0.03125 0.104487
0 0.129621 0.691707 0.820833 0.0411058 0.0525641
0 0.132925 0.593389 0.839103 0.0411058 0.0685897
0 0.142018 0.794591 0.857212 0.0800481 0.0791667
0 0.145969 0.169712 0.177564 0.0466346 0.0685897
0 0.148655 0.98774 0.158494 0.0201923 0.0695513
0 0.150141 0.98149 0.837019 0.0298077 0.0567308
0 0.151283 0.65637 0.763141 0.0810096 0.0692308
0 0.16005 0.703846 0.964103 0.0798077 0.0717949
0 0.172476 0.985457 0.276122 0.0286058 0.0785256
0 0.174965 0.127524 0.198558 0.053125 0.0823718
0 0.184115 0.830288 0.320513 0.116346 0.103205
0 0.185087 0.358774 0.0145833 0.0430288 0.0285256
0 0.187918 0.590865 0.225321 0.0399038 0.0442308
0 0.189704 0.828245 0.470994 0.0305288 0.086859
0 0.211323 0.475601 0.575481 0.0992788 0.088782
0 0.216269 0.495673 0.789263 0.0447115 0.0817308
0 0.217073 0.629567 0.83734 0.04375 0.0714744
0 0.222645 0.767428 0.539904 0.0305288 0.0766026
0 0.226837 0.786058 0.672596 0.0865385 0.0791667
0 0.227689 0.491707 0.582532 0.0569712 0.0669872
0 0.240388 0.659495 0.96266 0.157452 0.0727564
0 0.243661 0.524038 0.302244 0.0735577 0.109615
0 0.257537 0.972957 0.114904 0.0165865 0.0330128
0 0.260884 0.508654 0.0182692 0.0596154 0.0365385
0 0.317509 0.76238 0.515545 0.0391827 0.113782
0 0.330571 0.786659 0.320032 0.0680288 0.0740385
0 0.368367 0.644471 0.339263 0.0600962 0.0689103
0 0.382305 0.865625 0.317788 0.0552885 0.114423
0 0.412527 0.477163 0.471795 0.0375 0.0788462
0 0.440605 0.706611 0.326282 0.0415865 0.0801282
0 0.469385 0.708173 0.610417 0.0533654 0.0977564
0 0.469504 0.335577 0.237821 0.0341346 0.098718
0 0.497881 0.156971 0.391026 0.0581731 0.0929487
0 0.581164 0.365865 0.113942 0.0865385 0.0919872
0 0.582342 0.434375 0.116827 0.0432692 0.0778846
0 0.601271 0.841947 0.798718 0.028125 0.0653846
0 0.683638 0.966106 0.659936 0.0677885 0.099359
