0 0.0302619 0.16262 0.340224 0.0377404 0.0400641
0 0.0312667 0.205769 0.316987 0.0615385 0.117949
0 0.0329872 0.129688 0.0123397 0.0483173 0.0246795
0 0.0336363 0.529928 0.178686 0.0334135 0.0477564
0 0.0343669 0.398798 0.391026 0.0278846 0.0358974
0 0.0346905 0.602644 0.22484 0.0418269 0.0862179
0 0.0371229 0.510817 0.496795 0.0384615 0.0397436
0 0.037681 0.0901442 0.164744 0.0495192 0.050641
0 0.0378417 0.031851 0.378526 0.0420673 0.0429487
0 0.0395118 0.35024 0.0475962 0.0245192 0.0355769
0 0.0406233 0.554087 0.567468 0.0317308 0.038141
0 0.0426616 0.412139 0.586218 0.0276442 0.0564103
0 0.0432827 0.726562 0.0945513 0.0257212 0.075
0 0.0436591 0.426202 0.353365 0.0278846 0.0477564
0 0.0455677 0.061899 0.154006 0.0305288 0.0407051
0 0.0456326 0.547115 0.46875 0.0235577 0.0560897
0 0.0473368 0.488702 0.471635 0.0394231 0.0740385
0 0.0496927 0.329928 0.378045 0.0420673 0.0625
0 0.0582298 0.346274 0.396795 0.0271635 0.0346154
0 0.0600966 0.261538 0.401603 0.0365385 0.0621795
0 0.0606978 0.444832 0.455128 0.0747596 0.0814103
0 0.060888 0.0584135 0.422917 0.0567308 0.0759615
0 0.0629362 0.972476 0.957372 0.0550481 0.0852564
0 0.0754031 0.0210337 0.41266 0.0401442 0.0708333
0 0.078514 0.101082 0.363301 0.0286058 0.0266026
0 0.0800171 0.877644 0.734615 0.0552885 0.0660256
0 0.0824595 0.448678 0.663301 0.0161058 0.0285256
0 0.0890243 0.740024 0.493109 0.0338942 0.0516026
0 0.0923656 0.544952 0.340385 0.0182692 0.0397436
0 0.0926635 0.320192 0.360096 0.0346154 0.0413462
0 0.0927505 0.429567 0.0959936 0.0317308 0.0407051
0 0.100541 0.795433 0.488462 0.0485577 0.0769231
0 0.10201 0.0739183 0.422596 0.0286058 0.0637821
0 0.102149 0.551082 0.462019 0.0401442 0.0740385
0 0.108262 0.155529 0.302885 0.0336538 0.0891026
0 0.12403 0.856731 0.679487 0.0365385 0.0551282
0 0.127553 0.0409856 0.424359 0.0819712 0.130128
0 0.129005 0.957692 0.877083 0.0783654 0.0932692
0 0.154091 0.403726 0.576603 0.0459135 0.0692308
0 0.159168 0.789303 0.08125 0.034375 0.105449
0 0.173601 0.034976 0.689263 0.0550481 0.0778846
0 0.176072 0.980288 0.928846 0.0394231 0.132051
0 0.1809 0.0319712 0.394391 0.0639423 0.0682692
0 0.182929 0.646514 0.0195513 0.0757212 0.0391026
0 0.189137 0.0716346 0.191346 0.0524038 0.0705128
0 0.20444 0.230048 0.0972756 0.0293269 0.0285256
0 0.212532 0.779327 0.596474 0.0471154 0.0615385
0 0.224718 0.0263221 0.620833 0.0502404 0.0769231
0 0.230448 0.149279 0.339263 0.0408654 0.0451923
0 0.235681 0.204207 0.293109 0.0463942 0.0676282
0 0.244994 0.0201923 0.277564 0.0389423 0.0839744
0 0.245002 0.840865 0.166026 0.0677885 0.124359
0 0.258233 0.526322 0.350321 0.0175481 0.0461538
0 0.259764 0.484615 0.347436 0.0269231 0.0391026
0 0.271656 0.711058 0.0753205 0.0509615 0.103205
0 0.284682 0.952404 0.0224359 0.0557692 0.0448718
0 0.309142 0.833413 0.018109 0.0538462 0.036218
0 0.338497 0.412981 0.55609 0.0605769 0.0955128
0 0.346399 0.155769 0.289904 0.0259615 0.0439103
0 0.349444 0.41875 0.341667 0.0370192 0.0660256
0 0.349653 0.249399 0.186538 0.028125 0.0653846
0 0.364154 0.522716 0.168269 0.0257212 0.0455128
0 0.390766 0.0965144 0.56282 0.0478365 0.0480769
0 0.423424 0.847115 0.819872 0.0557692 0.0961538
0 0.42671 0.343149 0.579968 0.0286058 0.0419872
0 0.432931 0.984135 0.114744 0.0307692 0.098718
0 0.453733 0.519591 0.579006 0.0262019 0.0464744
0 0.485473 0.43125 0.433013 0.0524038 0.0615385
0 0.485846 0.255409 0.094391 0.0435096 0.063141
0 0.490303 0.496635 0.490224 0.0543269 0.0599359
0 0.50633 0.114543 0.388141 0.053125 0.0865385
0 0.527562 0.0772837 0.152244 0.053125 0.0551282
0 0.531119 0.116346 0.517628 0.0538462 0.074359
0 0.545891 0.206851 0.526122 0.0473558 0.0560897
0 0.562016 0.911899 0.115545 0.0805288 0.110577
0 0.573803 0.0341346 0.670353 0.0682692 0.145833
0 0.601847 0.033774 0.459135 0.0627404 0.0778846
0 0.607997 0.367428 0.471955 0.0579327 0.0817308
0 0.659503 0.0600962 0.216667 0.0490385 0.0525641
0 0.666195 0.624399 0.440545 0.0497596 0.100962
