0 0.0308468 0.626683 0.496154 0.0514423 0.0435897
0 0.032349 0.530168 0.375 0.0420673 0.102564
0 0.0329803 0.229327 0.620833 0.0201923 0.0410256
0 0.0350459 0.442067 0.972596 0.0649038 0.0548077
0 0.0352487 0.475962 0.0451923 0.0298077 0.0480769
0 0.0360804 0.0634615 0.979006 0.0221154 0.0330128
0 0.0373776 0.521394 0.801923 0.0134615 0.0282051
0 0.0390223 0.34387 0.282212 0.0319712 0.036859
0 0.0424352 0.0526442 0.976282 0.0543269 0.0423077
0 0.0440115 0.847356 0.983814 0.0788462 0.0253205
0 0.0496503 0.522957 0.560096 0.0175481 0.0471154
0 0.0519629 0.88762 0.965224 0.0935096 0.0695513
0 0.0521142 0.0763221 0.627404 0.0324519 0.0528846
0 0.0554459 0.792668 0.607853 0.059375 0.0817308
0 0.0613345 0.81887 0.777404 0.040625 0.0599359
0 0.0661183 0.127404 0.983814 0.0418269 0.0259615
0 0.0760393 0.616346 0.488942 0.0346154 0.0310897
0 0.100538 0.299279 0.043109 0.0153846 0.0407051
0 0.105873 0.0340144 0.974519 0.0675481 0.0509615
0 0.114902 0.0177885 0.985096 0.0355769 0.0298077
0 0.115849 0.514543 0.0221154 0.0213942 0.0442308
0 0.118809 0.479087 0.0633013 0.0259615 0.0387821
0 0.124764 0.654087 0.0426282 0.0528846 0.0846154
0 0.133234 0.985216 0.963141 0.0290865 0.073718
0 0.137028 0.832572 0.791186 0.0627404 0.0791667
0 0.139229 0.965986 0.10609 0.0550481 0.0487179
0 0.139801 0.864904 0.97484 0.107212 0.0432692
0 0.156128 0.410457 0.0580128 0.0194712 0.0397436
0 0.190065 0.450962 0.808013 0.0293269 0.0429487
0 0.259876 0.963341 0.723718 0.046875 0.0576923
0 0.433065 0.408654 0.842949 0.0384615 0.0782051
0 0.50686 0.198077 0.848237 0.05 0.0689103
0 0.560429 0.59399 0.0461538 0.0528846 0.0910256
