0 0.0338877 0.427163 0.644231 0.0298077 0.0410256
0 0.0339116 0.608293 0.025 0.0512019 0.0397436
0 0.0348733 0.588582 0.983814 0.0382212 0.0272436
0 0.0360101 0.366346 0.584135 0.0423077 0.0650641
0 0.0360155 0.633053 0.0197115 0.0776442 0.0375
0 0.0363427 0.547236 0.319872 0.0483173 0.0551282
0 0.037893 0.425361 0.522917 0.0723558 0.0798077
0 0.0388045 0.849519 0.289744 0.06875 0.0910256
0 0.0389261 0.373437 0.280609 0.0204327 0.0419872
0 0.039164 0.59976 0.807212 0.0427885 0.0548077
0 0.0404045 0.0706731 0.0150641 0.0519231 0.0301282
0 0.0404948 0.50012 0.675321 0.0252404 0.0301282
0 0.041584 0.444231 0.900641 0.0245192 0.0487179
0 0.0416711 0.346875 0.136859 0.0370192 0.0423077
0 0.0441301 0.436659 0.617468 0.0545673 0.0567308
0 0.0460204 0.732452 0.263622 0.0221154 0.0323718
0 0.0465899 0.449159 0.640865 0.0391827 0.0426282
0 0.0492756 0.599159 0.917468 0.0483173 0.0669872
0 0.0514781 0.490264 0.657051 0.0305288 0.0378205
0 0.0515897 0.573438 0.396795 0.0228365 0.0301282
0 0.0527864 0.517548 0.154487 0.0322115 0.0487179
0 0.0536034 0.482212 0.649359 0.0384615 0.0442308
0 0.0546001 0.741106 0.19984 0.0245192 0.0394231
0 0.0552506 0.57488 0.825962 0.0766827 0.0961538
0 0.0553635 0.441827 0.5875 0.0519231 0.0455128
0 0.0560261 0.648678 0.587981 0.0377404 0.0669872
0 0.0584305 0.453846 0.530609 0.0235577 0.0285256
0 0.0587803 0.480889 0.149519 0.0444712 0.0432692
0 0.0639806 0.536058 0.797596 0.0331731 0.0407051
0 0.06464 0.627644 0.573397 0.0504808 0.0660256
0 0.0716205 0.389423 0.0804487 0.0206731 0.0262821
0 0.0747819 0.502404 0.688462 0.0399038 0.0512821
0 0.0750825 0.38149 0.983333 0.0884615 0.0307692
0 0.075172 0.569591 0.935737 0.0266827 0.0285256
0 0.0774551 0.521755 0.507212 0.0262019 0.0323718
0 0.0786678 0.40024 0.642468 0.05 0.0560897
0 0.0817801 0.389423 0.123558 0.0283654 0.036218
0 0.0845299 0.461298 0.439263 0.0365385 0.0464744
0 0.0846258 0.527764 0.297276 0.0233173 0.0323718
0 0.0861161 0.620313 0.543109 0.0300481 0.0496795
0 0.0866436 0.555288 0.332051 0.0370192 0.05
0 0.0910271 0.583173 0.976603 0.0605769 0.0346154
0 0.0947389 0.0106971 0.0206731 0.0209135 0.0413462
0 0.0955616 0.495192 0.698718 0.0259615 0.0467949
0 0.0958461 0.344712 0.0219551 0.0423077 0.0419872
0 0.104774 0.0257212 0.891667 0.0514423 0.0858974
0 0.119978 0.376803 0.126282 0.0425481 0.0371795
0 0.12136 0.565625 0.983013 0.0822115 0.0326923
0 0.139978 0.626442 0.528205 0.0197115 0.0307692
0 0.150239 0.965144 0.339904 0.0375 0.0958333
0 0.157937 0.647957 0.583814 0.0747596 0.0753205
0 0.168967 0.389904 0.570192 0.0307692 0.1
0 0.169051 0.0521635 0.0227564 0.0302885 0.0410256
0 0.173595 0.221154 0.171154 0.0298077 0.0532051
0 0.17818 0.367668 0.870353 0.028125 0.0342949
0 0.181996 0.415865 0.648077 0.0350962 0.0467949
0 0.213335 0.445673 0.376442 0.0418269 0.0516026
0 0.23085 0.396875 0.605929 0.0341346 0.0592949
0 0.239283 0.0311298 0.0216346 0.059375 0.0419872
0 0.242579 0.584014 0.81282 0.0483173 0.0679487
0 0.2589 0.453365 0.742147 0.0427885 0.0375
0 0.269389 0.570793 0.852724 0.0401442 0.0477564
0 0.272814 0.459495 0.451282 0.0300481 0.0320513
0 0.317055 0.39387 0.588782 0.0334135 0.0467949
0 0.329784 0.517548 0.693109 0.0475962 0.0522436
0 0.340574 0.615505 0.564423 0.0319712 0.0570513
0 0.346299 0.271274 0.235577 0.0103365 0.0288462
0 0.37664 0.528606 0.810096 0.05 0.0625
0 0.385156 0.362861 0.976282 0.0709135 0.0474359
0 0.387578 0.610697 0.658333 0.0396635 0.0775641
0 0.391004 0.601562 0.945353 0.0314904 0.0503205
0 0.393364 0.384976 0.665545 0.0329327 0.0528846
0 0.399785 0.407452 0.627404 0.0326923 0.0330128
0 0.413876 0.427163 0.504167 0.0514423 0.0429487
0 0.414966 0.495553 0.160577 0.078125 0.073718
0 0.430623 0.972837 0.412019 0.0543269 0.0939103
0 0.472003 0.355769 0.601923 0.0360577 0.0487179
0 0.523677 0.666346 0.595513 0.05625 0.0833333
0 0.530716 0.363101 0.130288 0.053125 0.0483974
0 0.635246 0.603846 0.889744 0.0451923 0.05
0 0.644314 0.463462 0.642147 0.0615385 0.0612179
0 0.648367 0.547957 0.471474 0.0266827 0.0378205
0 0.721223 0.777524 0.318269 0.0622596 0.0717949
