0 0.030584 0.376442 0.109455 0.0418269 0.0599359
0 0.0307193 0.0920673 0.254167 0.0432692 0.0826923
0 0.0338408 0.788101 0.339744 0.0747596 0.100641
0 0.0355318 0.123678 0.473558 0.0444712 0.0778846
0 0.035852 0.452284 0.108494 0.0213942 0.0330128
0 0.0360958 0.186779 0.419391 0.0552885 0.0650641
0 0.037274 0.182572 0.011859 0.0704327 0.0237179
0 0.037516 0.691827 0.0246795 0.0471154 0.0416667
0 0.0380172 0.821034 0.384615 0.0473558 0.0628205
0 0.0399765 0.011899 0.279487 0.0213942 0.0557692
0 0.0400061 0.263101 0.179487 0.0790865 0.0711538
0 0.0431643 0.416106 0.178526 0.01875 0.0576923
0 0.0436778 0.15613 0.892147 0.176202 0.147115
0 0.0461414 0.471274 0.983654 0.0574519 0.0326923
0 0.0472103 0.0651442 0.261378 0.0418269 0.0451923
0 0.0487942 0.0652644 0.207853 0.0425481 0.0516026
0 0.0492891 0.68137 0.211058 0.13774 0.333654
0 0.0557544 0.897356 0.467468 0.0158654 0.0464744
0 0.059661 0.526683 0.0775641 0.0326923 0.0525641
0 0.0614831 0.94976 0.110577 0.0336538 0.0467949
0 0.0703136 0.713221 0.0216346 0.0769231 0.0419872
0 0.0703952 0.436779 0.178205 0.0567308 0.0801282
0 0.0709548 0.202043 0.38109 0.0901442 0.0641026
0 0.0716831 0.519712 0.0621795 0.0408654 0.0673077
0 0.0721269 0.896154 0.13734 0.0533654 0.0644231
0 0.0734705 0.702644 0.180288 0.0591346 0.111218
0 0.0745145 0.7 0.0564103 0.0293269 0.0442308
0 0.0766297 0.54399 0.178686 0.0572115 0.0842949
0 0.0768829 0.284615 0.0892628 0.0283654 0.0612179
0 0.0784386 0.251563 0.797115 0.0540865 0.0532051
0 0.0825618 0.69363 0.170994 0.0939904 0.208013
0 0.0833934 0.200361 0.298077 0.0305288 0.0365385
0 0.0847577 0.0939904 0.413301 0.0769231 0.150962
0 0.0945523 0.09375 0.349359 0.0471154 0.0794872
0 0.095117 0.840865 0.210577 0.0408654 0.0660256
0 0.0972292 0.878365 0.524038 0.0322115 0.0826923
0 0.101577 0.126322 0.891346 0.0507212 0.0826923
0 0.105395 0.957452 0.128526 0.0697115 0.0910256
0 0.1071 0.370553 0.0176282 0.0290865 0.0352564
0 0.108565 0.720072 0.392308 0.0295673 0.0717949
0 0.110208 0.320673 0.0168269 0.0456731 0.0336538
0 0.113176 0.376202 0.148878 0.0605769 0.0586538
0 0.117321 0.202163 0.896635 0.0408654 0.0791667
0 0.128586 0.699519 0.0451923 0.0451923 0.075641
0 0.129314 0.294351 0.499519 0.0127404 0.0278846
0 0.135849 0.393269 0.061859 0.0509615 0.0820513
0 0.137302 0.0198317 0.290385 0.0362981 0.0532051
0 0.1393 0.552644 0.391987 0.0350962 0.0525641
0 0.139446 0.752885 0.15625 0.0317308 0.036218
0 0.148991 0.0513221 0.308974 0.0463942 0.0576923
0 0.16083 0.882933 0.0150641 0.0586538 0.0282051
0 0.169079 0.920793 0.139583 0.053125 0.0496795
0 0.178773 0.71226 0.176763 0.0495192 0.0483974
0 0.181735 0.0534856 0.269551 0.0435096 0.0391026
0 0.188121 0.742668 0.0165064 0.0459135 0.0330128
0 0.203926 0.0735577 0.245833 0.0673077 0.0967949
0 0.215527 0.0362981 0.287179 0.0677885 0.0717949
0 0.23877 0.0655048 0.190705 0.0560096 0.0782051
0 0.267344 0.931731 0.139583 0.0408654 0.0342949
0 0.287277 0.404808 0.0445513 0.0240385 0.0788462
0 0.298991 0.983293 0.148397 0.0324519 0.0814103
0 0.305462 0.803005 0.368269 0.0507212 0.0730769
0 0.307945 0.0169471 0.529006 0.0319712 0.0599359
0 0.320553 0.327524 0.150801 0.0536058 0.0907051
0 0.321407 0.647716 0.20609 0.0612981 0.167949
0 0.348615 0.503125 0.396474 0.0375 0.0416667
0 0.428261 0.105769 0.457212 0.0745192 0.100962
0 0.435049 0.714663 0.65593 0.0274038 0.0516026
0 0.458823 0.134856 0.24984 0.0355769 0.0708333
0 0.458901 0.488221 0.120192 0.0360577 0.0525641
0 0.462724 0.0766827 0.21891 0.0591346 0.0660256
0 0.463029 0.0573317 0.168429 0.0512019 0.0586538
0 0.472225 0.184976 0.291186 0.0579327 0.0426282
0 0.493515 0.282212 0.0775641 0.0177885 0.0448718
0 0.503739 0.224519 0.188301 0.0490385 0.0586538
0 0.541349 0.352885 0.152724 0.112019 0.0798077
0 0.558471 0.814062 0.533013 0.0348558 0.0865385
0 0.561681 0.0955529 0.363141 0.0805288 0.108974
0 0.563877 0.857091 0.424679 0.0463942 0.100641
0 0.567832 0.139904 0.877724 0.0927885 0.124038
0 0.570225 0.189784 0.570513 0.0454327 0.0371795
0 0.583329 0.374639 0.0793269 0.0401442 0.0548077
0 0.585129 0.50012 0.0421474 0.0641827 0.0842949
0 0.60937 0.794712 0.602564 0.0254808 0.0679487
0 0.614889 0.0328125 0.442308 0.046875 0.0903846
0 0.623802 0.688101 0.445032 0.0978365 0.109936
0 0.636121 0.0508413 0.888782 0.0560096 0.0782051
0 0.651037 0.529808 0.678526 0.0389423 0.125
0 0.685469 0.248437 0.254167 0.0473558 0.075641
0 0.721486 0.185337 0.400641 0.0774038 0.107051
0 0.824033 0.450601 0.514263 0.0713942 0.108654
