0 0.0387287 0.989784 0.614423 0.0204327 0.0948718
0 0.0491231 0.782212 0.986058 0.0567308 0.0278846
0 0.0496791 0.441466 0.241346 0.0516827 0.0762821
0 0.0620816 0.284375 0.963942 0.0442308 0.0483974
0 0.0632932 0.53137 0.532692 0.0247596 0.0320513
0 0.0657831 0.0115385 0.257853 0.0225962 0.0714744
0 0.069665 0.270673 0.909455 0.0370192 0.0676282
0 0.0994931 0.743029 0.186538 0.0399038 0.0621795
0 0.115989 0.274519 0.975 0.0649038 0.05
0 0.125099 0.330769 0.904647 0.0456731 0.0567308
0 0.1278 0.606731 0.235737 0.0509615 0.0919872
0 0.137513 0.987139 0.643109 0.0257212 0.0804487
0 0.140348 0.31899 0.917628 0.0197115 0.0384615
0 0.150195 0.378365 0.204968 0.0192308 0.0477564
0 0.18968 0.40649 0.432212 0.04375 0.0554487
0 0.219808 0.879327 0.278686 0.0403846 0.0721154
0 0.29549 0.406851 0.351763 0.0925481 0.0599359
0 0.322783 0.929567 0.224359 0.0408654 0.0487179
0 0.324245 0.977404 0.217628 0.0451923 0.0775641
