0 0.0309376 0.256971 0.370192 0.126442 0.0730769
0 0.0321459 0.75024 0.0854167 0.0644231 0.0971154
0 0.0331894 0.969111 0.737179 0.0483173 0.0532051
0 0.0339053 0.83738 0.359776 0.0579327 0.0599359
0 0.0341981 0.309976 0.389583 0.059375 0.0445513
0 0.0350546 0.48762 0.196314 0.0612981 0.0682692
0 0.0358009 0.59399 0.0267628 0.127404 0.0535256
0 0.0367097 0.634135 0.0705128 0.100962 0.0935897
0 0.0375497 0.477163 0.142468 0.0490385 0.0996795
0 0.0505608 0.920433 0.156571 0.0572115 0.0817308
0 0.0522102 0.502043 0.0120192 0.0502404 0.0240385
0 0.0562309 0.689183 0.0533654 0.0966346 0.106731
0 0.0572963 0.656611 0.0447115 0.0372596 0.0778846
0 0.0582008 0.928606 0.216827 0.04375 0.0701923
0 0.061448 0.553125 0.139583 0.0625 0.0919872
0 0.0635619 0.737861 0.249359 0.0286058 0.0544872
0 0.0732837 0.972837 0.81266 0.0543269 0.114423
0 0.0779449 0.330409 0.397756 0.0829327 0.0608974
0 0.0960185 0.387861 0.441667 0.0425481 0.0596154
0 0.0963303 0.670913 0.0190705 0.0355769 0.036218
0 0.105679 0.195192 0.3875 0.0408654 0.0564103
0 0.10636 0.349038 0.409776 0.0524038 0.0503205
0 0.11294 0.385697 0.0546474 0.0295673 0.0483974
0 0.122935 0.386538 0.0371795 0.0653846 0.0717949
0 0.159223 0.421635 0.301442 0.0495192 0.0490385
0 0.174329 0.477644 0.174359 0.0461538 0.0538462
0 0.17692 0.400601 0.466186 0.0314904 0.061859
0 0.190405 0.789303 0.250801 0.0502404 0.0548077
0 0.196171 0.378966 0.341827 0.0492788 0.0471154
0 0.219027 0.819111 0.180609 0.0665865 0.0753205
0 0.25519 0.404808 0.491186 0.0264423 0.0375
0 0.284349 0.366947 0.41891 0.0603365 0.0570513
0 0.301885 0.651322 0.366346 0.0372596 0.0717949
0 0.315335 0.667308 0.0336538 0.0432692 0.0673077
0 0.345265 0.463341 0.114263 0.0757212 0.0740385
0 0.356933 0.392067 0.0197115 0.0677885 0.0394231
0 0.376651 0.859615 0.347596 0.0711538 0.0695513
0 0.453129 0.966226 0.753205 0.0675481 0.0871795
0 0.489434 0.733053 0.0600962 0.0915865 0.120192
0 0.537829 0.602885 0.102244 0.0677885 0.0730769
0 0.54486 0.694351 0.234776 0.0439904 0.107372
0 0.546386 0.599519 0.366186 0.0653846 0.125321
0 0.594192 0.499038 0.347756 0.0432692 0.049359
0 0.617907 0.393269 0.156891 0.0225962 0.0413462
0 0.68109 0.537861 0.166186 0.0425481 0.0727564
0 0.685401 0.533293 0.271955 0.0973558 0.110577
