0 0.0316194 0.189303 0.0258013 0.0487981 0.0471154
0 0.0349362 0.177644 0.210417 0.0302885 0.0330128
0 0.0353607 0.265505 0.204647 0.0512019 0.0657051
0 0.0370718 0.456971 0.894872 0.0413462 0.0474359
0 0.0388549 0.581611 0.509776 0.0314904 0.0387821
0 0.0397723 0.459856 0.981571 0.112981 0.036859
0 0.0461762 0.216827 0.178365 0.0240385 0.0445513
0 0.0473997 0.0175481 0.594231 0.0341346 0.147436
0 0.0527774 0.37488 0.937981 0.0454327 0.0823718
0 0.0556386 0.424399 0.938141 0.0338942 0.0275641
0 0.0570537 0.58149 0.231891 0.0442308 0.0317308
0 0.0571148 0.573438 0.889423 0.0569712 0.0730769
0 0.092522 0.788702 0.255609 0.0322115 0.0612179
0 0.119367 0.14399 0.0354167 0.0322115 0.0637821
0 0.173762 0.199279 0.176603 0.0423077 0.0448718
0 0.290698 0.282332 0.247917 0.0295673 0.0644231
0 0.484414 0.639063 0.353846 0.034375 0.0538462
0 0.497741 0.203365 0.0331731 0.0423077 0.063141
