0 0.0327248 0.555649 0.34359 0.0151442 0.0384615
0 0.0390298 0.653846 0.783333 0.0139423 0.0416667
0 0.0633404 0.620553 0.470994 0.0165865 0.0541667
0 0.0666392 0.915144 0.667147 0.0490385 0.0592949
0 0.0692068 0.47476 0.667628 0.0230769 0.0416667
0 0.0875018 0.428606 0.859776 0.0278846 0.0503205
0 0.137994 0.923798 0.680288 0.0346154 0.0458333
0 0.227169 0.595433 0.893109 0.0293269 0.0580128
0 0.270271 0.897476 0.658494 0.0439904 0.0669872
0 0.306257 0.28738 0.795032 0.0213942 0.0535256
0 0.365045 0.622356 0.191186 0.025 0.0541667
0 0.388405 0.649519 0.15609 0.0192308 0.0384615
0 0.396188 0.448678 0.604487 0.0612981 0.0910256
0 0.398588 0.480288 0.655769 0.0336538 0.0583333
0 0.474839 0.532332 0.632853 0.0415865 0.0644231
0 0.582492 0.474038 0.435256 0.0480769 0.125641
0 0.646036 0.384135 0.605929 0.0552885 0.1125
0 0.696119 0.548197 0.868429 0.0463942 0.0932692
0 0.717812 0.409014 0.297436 0.0314904 0.0775641
0 0.723843 0.35 0.704968 0.0572115 0.061859
0 0.776957 0.68149 0.827885 0.0576923 0.0929487
0 0.792184 0.601082 0.424359 0.0805288 0.153846
