0 0.0300286 0.660216 0.0245192 0.109375 0.036218
0 0.0300664 0.041226 0.936699 0.0800481 0.10609
0 0.0307714 0.463341 0.962821 0.0603365 0.0673077
0 0.030874 0.617668 0.979006 0.0930288 0.0400641
0 0.0312442 0.540385 0.0157051 0.0600962 0.0314103
0 0.0328858 0.699038 0.0158654 0.0283654 0.0304487
0 0.0338108 0.428245 0.983173 0.11226 0.0298077
0 0.0340556 0.502885 0.845192 0.0264423 0.0532051
0 0.0356762 0.763221 0.924519 0.0519231 0.0625
0 0.0377539 0.889303 0.946474 0.0396635 0.0589744
0 0.039373 0.7875 0.970192 0.0615385 0.0576923
0 0.0395822 0.732452 0.939263 0.0918269 0.0977564
0 0.040823 0.982332 0.41234 0.0310096 0.0342949
0 0.041337 0.497236 0.928365 0.0848558 0.0644231
0 0.044585 0.519471 0.920353 0.0509615 0.0592949
0 0.047669 0.654087 0.419712 0.0615385 0.0477564
0 0.0491547 0.375601 0.920994 0.10601 0.0842949
0 0.049197 0.532332 0.985417 0.0862981 0.0214744
0 0.0495109 0.485938 0.86266 0.0584135 0.0804487
0 0.0511247 0.51238 0.825321 0.0425481 0.0916667
0 0.0514308 0.870913 0.732692 0.0620192 0.130128
0 0.0516492 0.634615 0.413622 0.0475962 0.0451923
0 0.0516922 0.889784 0.96234 0.0882212 0.0753205
0 0.0529255 0.842788 0.976763 0.0884615 0.0400641
0 0.0547966 0.564183 0.980449 0.0860577 0.0352564
0 0.0560733 0.7625 0.779167 0.0360577 0.0467949
0 0.0561793 0.645433 0.984135 0.0908654 0.0317308
0 0.0564098 0.518149 0.551122 0.0733173 0.0528846
0 0.0609014 0.552404 0.928846 0.0336538 0.0371795
0 0.0629949 0.870313 0.60641 0.0334135 0.0448718
0 0.0644495 0.78113 0.405609 0.0838942 0.0740385
0 0.0649417 0.988942 0.907051 0.0216346 0.0429487
0 0.0651816 0.417428 0.245192 0.0637019 0.0833333
0 0.0658699 0.888702 0.627564 0.0557692 0.073718
0 0.0663478 0.783534 0.68109 0.0324519 0.0602564
0 0.0666687 0.485216 0.979808 0.116106 0.0403846
0 0.0683491 0.508654 0.855449 0.0504808 0.0679487
0 0.0705478 0.94363 0.987019 0.0560096 0.0259615
0 0.071051 0.766707 0.832051 0.0262019 0.0544872
0 0.0716769 0.592548 0.0169872 0.0769231 0.0339744
0 0.0723899 0.416827 0.908173 0.0524038 0.0817308
0 0.0756329 0.521274 0.868429 0.0257212 0.0426282
0 0.0759731 0.73101 0.885096 0.0423077 0.0849359
0 0.0762331 0.96863 0.763141 0.0516827 0.0551282
0 0.0789572 0.913582 0.792308 0.0651442 0.0730769
0 0.0806739 0.831611 0.131731 0.0632212 0.0858974
0 0.0905052 0.688822 0.0245192 0.0444712 0.0419872
0 0.0919721 0.933654 0.78141 0.0504808 0.0564103
0 0.103975 0.869471 0.195192 0.0418269 0.0570513
0 0.107844 0.448317 0.712179 0.0158654 0.0461538
0 0.112032 0.963582 0.972917 0.0685096 0.0541667
0 0.112949 0.989904 0.529487 0.0201923 0.0551282
0 0.120989 0.563822 0.0133013 0.0348558 0.0266026
0 0.123838 0.888582 0.797276 0.0391827 0.0355769
0 0.131204 0.734856 0.440545 0.0985577 0.114423
0 0.135631 0.722356 0.871474 0.0307692 0.0608974
0 0.143698 0.742067 0.852083 0.0615385 0.0689103
0 0.151731 0.866346 0.748718 0.0480769 0.074359
0 0.153044 0.975962 0.255769 0.0302885 0.0455128
0 0.155117 0.898558 0.811378 0.05 0.0528846
0 0.164584 0.984495 0.775641 0.0286058 0.0871795
0 0.165147 0.794231 0.390224 0.0620192 0.0471154
0 0.171456 0.834856 0.561218 0.0322115 0.0333333
0 0.175536 0.744111 0.432853 0.0497596 0.0951923
0 0.179881 0.830649 0.249679 0.0420673 0.0698718
0 0.180519 0.758774 0.842628 0.0391827 0.0544872
0 0.207541 0.75 0.914263 0.0639423 0.0900641
0 0.211557 0.867548 0.326923 0.0649038 0.0608974
0 0.212431 0.774639 0.694551 0.0444712 0.0794872
0 0.223368 0.878486 0.958654 0.0521635 0.0525641
0 0.230568 0.984976 0.0597756 0.0300481 0.0740385
0 0.246679 0.763702 0.426282 0.0788462 0.115385
0 0.249823 0.983173 0.954647 0.0336538 0.0907051
0 0.259975 0.984615 0.391827 0.0307692 0.0836538
0 0.265639 0.526803 0.0216346 0.0439904 0.0432692
0 0.271552 0.641827 0.431731 0.0610577 0.0788462
0 0.278376 0.35613 0.93125 0.0771635 0.0541667
0 0.278856 0.912019 0.829968 0.0384615 0.0586538
0 0.332368 0.399038 0.977404 0.0711538 0.0426282
0 0.338393 0.922476 0.144712 0.0411058 0.0445513
0 0.352693 0.663101 0.967788 0.0915865 0.0592949
0 0.357249 0.629327 0.0179487 0.0870192 0.0358974
0 0.402936 0.348798 0.179808 0.0293269 0.0679487
0 0.408079 0.481851 0.867628 0.0439904 0.0435897
0 0.41767 0.952644 0.783974 0.0846154 0.0967949
0 0.44801 0.223438 0.297115 0.0425481 0.0852564
0 0.453076 0.527644 0.930929 0.0850962 0.0644231
0 0.456334 0.678125 0.038141 0.0634615 0.0724359
0 0.504436 0.704087 0.455449 0.0442308 0.0833333
0 0.513361 0.501322 0.0447115 0.0699519 0.0855769
0 0.575405 0.867548 0.357372 0.0793269 0.127564
0 0.678578 0.727043 0.746955 0.0584135 0.0560897
0 0.696729 0.510096 0.577885 0.0889423 0.120513
0 0.764289 0.56274 0.786058 0.0908654 0.122756
