0 0.0305767 0.275721 0.102885 0.0677885 0.0942308
0 0.031441 0.386298 0.975962 0.0836538 0.0423077
0 0.0314879 0.836298 0.380769 0.0322115 0.0576923
0 0.0320183 0.652163 0.0815705 0.0663462 0.0727564
0 0.0322936 0.378966 0.599519 0.0396635 0.0560897
0 0.0345136 0.38774 0.83141 0.0692308 0.0448718
0 0.0351958 0.561659 0.970032 0.13726 0.0599359
0 0.0369009 0.458293 0.466987 0.0382212 0.049359
0 0.0376598 0.297476 0.88766 0.0838942 0.11891
0 0.0377946 0.260096 0.0900641 0.0418269 0.0532051
0 0.0400784 0.0186298 0.708333 0.0310096 0.0839744
0 0.0401867 0.57512 0.245994 0.0396635 0.0862179
0 0.0406847 0.0133413 0.27516 0.0266827 0.198397
0 0.0409015 0.596394 0.196635 0.0355769 0.0708333
0 0.0412809 0.826563 0.355449 0.0324519 0.0839744
0 0.0427621 0.339904 0.559936 0.0322115 0.0596154
0 0.042825 0.763221 0.63125 0.0283654 0.0810897
0 0.0433745 0.302163 0.313942 0.0432692 0.0503205
0 0.0445266 0.457812 0.131891 0.0189904 0.0663462
0 0.0448013 0.327043 0.067468 0.0271635 0.0477564
0 0.0450686 0.828606 0.436859 0.0302885 0.0544872
0 0.0450745 0.552764 0.202724 0.0247596 0.0528846
0 0.0450795 0.466707 0.576603 0.0608173 0.134615
0 0.0466519 0.0252404 0.0429487 0.0485577 0.0858974
0 0.0487455 0.560817 0.204167 0.0403846 0.0891026
0 0.0491636 0.857933 0.391987 0.0581731 0.0878205
0 0.0492506 0.372596 0.194551 0.0259615 0.0307692
0 0.0503926 0.195312 0.0689103 0.0295673 0.0532051
0 0.0517423 0.831731 0.523718 0.0216346 0.050641
0 0.0518327 0.453486 0.320353 0.0213942 0.0701923
0 0.0524612 0.876923 0.699519 0.0283654 0.0304487
0 0.0546627 0.877524 0.530449 0.0257212 0.0326923
0 0.0571421 0.398558 0.849359 0.0538462 0.0769231
0 0.057752 0.320192 0.936378 0.0725962 0.0945513
0 0.057792 0.435697 0.590224 0.0329327 0.0913462
0 0.0583641 0.409976 0.563462 0.0387019 0.105128
0 0.0600794 0.819471 0.335577 0.0379808 0.0641026
0 0.0604207 0.853486 0.5125 0.0314904 0.0583333
0 0.0611906 0.128966 0.98109 0.0997596 0.0378205
0 0.0612963 0.477284 0.59391 0.0377404 0.0903846
0 0.063307 0.754327 0.738462 0.0692308 0.073718
0 0.0660921 0.422236 0.574359 0.0348558 0.110256
0 0.0660954 0.217548 0.685256 0.0985577 0.0961538
0 0.0663805 0.550601 0.0150641 0.0387019 0.0275641
0 0.0674468 0.0109375 0.108654 0.0194712 0.132692
0 0.0681892 0.59387 0.036859 0.0487981 0.0583333
0 0.0759908 0.719712 0.13766 0.0350962 0.0695513
0 0.0777641 0.0890625 0.736699 0.046875 0.0599359
0 0.0802732 0.586538 0.212981 0.0725962 0.110577
0 0.0807207 0.570793 0.265064 0.0175481 0.0608974
0 0.0813135 0.645072 0.303205 0.059375 0.0846154
0 0.0817996 0.26238 0.27516 0.0622596 0.0977564
0 0.0819811 0.290144 0.560897 0.0336538 0.0679487
0 0.0844878 0.988582 0.605128 0.0209135 0.0391026
0 0.0858821 0.607091 0.208494 0.0348558 0.0778846
0 0.0867999 0.369591 0.955929 0.0454327 0.0503205
0 0.08799 0.855649 0.0169872 0.0420673 0.0339744
0 0.088464 0.285216 0.105609 0.0257212 0.0592949
0 0.0886092 0.0161058 0.0814103 0.0322115 0.151282
0 0.0891027 0.985577 0.713301 0.0235577 0.036859
0 0.0894353 0.083774 0.0141026 0.0564904 0.0282051
0 0.0931339 0.0753606 0.753365 0.028125 0.0541667
0 0.0973227 0.765745 0.583333 0.0286058 0.0339744
0 0.0983482 0.203365 0.0790064 0.0230769 0.0419872
0 0.104304 0.619591 0.967308 0.0737981 0.0596154
0 0.105175 0.984856 0.942628 0.0302885 0.0576923
0 0.10995 0.408173 0.024359 0.0456731 0.0480769
0 0.113493 0.522356 0.972917 0.0538462 0.0496795
0 0.114139 0.016226 0.349038 0.0324519 0.152564
0 0.124258 0.472957 0.619872 0.0329327 0.0794872
0 0.129225 0.417308 0.572756 0.0245192 0.0608974
0 0.129605 0.498918 0.376603 0.0247596 0.0602564
0 0.130854 0.377404 0.524199 0.0269231 0.0663462
0 0.136393 0.0109375 0.245032 0.021875 0.0932692
0 0.144944 0.41238 0.0426282 0.0569712 0.0801282
0 0.159677 0.327885 0.567308 0.0427885 0.0724359
0 0.165775 0.220673 0.0240385 0.05625 0.0474359
0 0.167604 0.175721 0.0565705 0.0245192 0.0387821
0 0.168682 0.279087 0.862019 0.0778846 0.0810897
0 0.180942 0.992548 0.433333 0.0149038 0.0416667
0 0.182064 0.0699519 0.728365 0.0471154 0.0766026
0 0.182713 0.529688 0.632532 0.0319712 0.0573718
0 0.208599 0.393029 0.280769 0.025 0.0807692
0 0.211356 0.0227163 0.752083 0.0425481 0.166987
0 0.211699 0.319231 0.909295 0.05625 0.0929487
0 0.212784 0.483774 0.265224 0.0271635 0.0349359
0 0.218169 0.381611 0.545833 0.0430288 0.117308
0 0.233231 0.028726 0.781731 0.0401442 0.0961538
0 0.282019 0.420673 0.15609 0.0158654 0.0429487
0 0.287057 0.275481 0.10641 0.0384615 0.073718
0 0.28934 0.759976 0.655609 0.0348558 0.0496795
0 0.300313 0.891827 0.868429 0.0682692 0.0682692
0 0.327645 0.273317 0.64984 0.0360577 0.0676282
0 0.333581 0.415264 0.0501603 0.0449519 0.0432692
0 0.340721 0.810697 0.315545 0.0502404 0.0900641
0 0.378295 0.282933 0.789583 0.0432692 0.0509615
0 0.381813 0.317187 0.0762821 0.0382212 0.0647436
0 0.396343 0.259736 0.872276 0.0521635 0.0759615
0 0.398608 0.303486 0.571474 0.0550481 0.0839744
0 0.411009 0.0612981 0.710256 0.0567308 0.0474359
0 0.428545 0.75024 0.314744 0.0528846 0.0666667
0 0.436096 0.831971 0.411538 0.0307692 0.0935897
0 0.439094 0.40601 0.836218 0.0475962 0.0416667
0 0.441256 0.15024 0.643429 0.0346154 0.0516026
0 0.474919 0.446274 0.574199 0.0512019 0.150321
0 0.503817 0.876803 0.379167 0.0425481 0.0762821
0 0.528262 0.603245 0.123237 0.0382212 0.063141
0 0.585139 0.865264 0.511218 0.0415865 0.0711538
