0 0.0353149 0.434736 0.507051 0.157452 0.269872
0 0.0401646 0.507212 0.0225962 0.0230769 0.0451923
0 0.0409812 0.367428 0.108494 0.0334135 0.0714744
0 0.0429756 0.435937 0.595032 0.0310096 0.0714744
0 0.0434362 0.0752404 0.0697115 0.0947115 0.13109
0 0.0441073 0.993149 0.236538 0.0137019 0.0448718
0 0.0460193 0.506851 0.370513 0.0617788 0.147436
0 0.04663 0.504087 0.438782 0.0663462 0.138462
0 0.0469785 0.973437 0.225641 0.0189904 0.0346154
0 0.0480383 0.422596 0.498878 0.0899038 0.209295
0 0.0526713 0.554447 0.0120192 0.0338942 0.0240385
0 0.0527953 0.0536058 0.0889423 0.0620192 0.0836538
0 0.0544995 0.428726 0.508013 0.0396635 0.0858974
0 0.0554407 0.594471 0.0177885 0.0379808 0.0355769
0 0.0557961 0.541707 0.0150641 0.0252404 0.0301282
0 0.0612405 0.0920673 0.0402244 0.06875 0.0740385
0 0.0746514 0.0963942 0.374038 0.0350962 0.0564103
0 0.0753291 0.0947115 0.0206731 0.0620192 0.0407051
0 0.0811215 0.983173 0.237821 0.0245192 0.0705128
0 0.0837309 0.507812 0.298878 0.0137019 0.0490385
0 0.105997 0.223678 0.736859 0.0430288 0.0596154
0 0.106727 0.539784 0.341346 0.0425481 0.0705128
0 0.137691 0.568029 0.519551 0.0326923 0.0538462
0 0.147819 0.0165865 0.0658654 0.0307692 0.0650641
0 0.165376 0.969351 0.218429 0.0185096 0.0349359
0 0.182156 0.32524 0.588141 0.0875 0.157051
0 0.183759 0.507452 0.0157051 0.0149038 0.0314103
0 0.195022 0.535216 0.0116987 0.0185096 0.0233974
0 0.22343 0.594351 0.0157051 0.0199519 0.0314103
0 0.287199 0.640144 0.858974 0.0307692 0.0423077
0 0.307879 0.327644 0.135256 0.0375 0.0653846
0 0.30836 0.0591346 0.204808 0.0375 0.0583333
0 0.313259 0.771995 0.283974 0.0338942 0.0519231
0 0.329728 0.447596 0.463462 0.0817308 0.180769
0 0.338665 0.991587 0.254487 0.0158654 0.0692308
0 0.344343 0.459615 0.241667 0.025 0.0538462
0 0.361951 0.446755 0.227404 0.0487981 0.0612179
0 0.361988 0.44988 0.288942 0.0329327 0.0522436
0 0.389407 0.433774 0.21891 0.0377404 0.0435897
0 0.414985 0.359255 0.0908654 0.0415865 0.0830128
0 0.484899 0.514543 0.342308 0.0920673 0.0794872
0 0.485182 0.375 0.523397 0.175481 0.28141
0 0.536192 0.511058 0.429808 0.0557692 0.0711538
0 0.594983 0.212861 0.721635 0.0579327 0.0836538
0 0.609443 0.528125 0.498237 0.0826923 0.100962
0 0.680951 0.396034 0.183013 0.0348558 0.0903846
0 0.706381 0.582332 0.687981 0.0901442 0.200321
0 0.717932 0.332572 0.41891 0.0665865 0.148718
0 0.734449 0.528245 0.240064 0.0305288 0.10641
0 0.773 0.83137 0.226603 0.120913 0.214103
