0 0.0303418 0.957091 0.145353 0.0694712 0.0894231
0 0.0304173 0.427764 0.55609 0.0372596 0.0467949
0 0.0304477 0.545313 0.485256 0.0329327 0.0294872
0 0.0310001 0.667308 0.521955 0.0442308 0.0342949
0 0.0335349 0.989183 0.388622 0.0206731 0.0496795
0 0.0336473 0.73137 0.584295 0.0819712 0.125
0 0.0358043 0.97524 0.384776 0.0413462 0.0682692
0 0.0364338 0.565625 0.525641 0.0322115 0.0416667
0 0.0364422 0.567187 0.312821 0.0425481 0.0474359
0 0.0368635 0.489663 0.72484 0.0524038 0.0625
0 0.0372231 0.983293 0.539744 0.0314904 0.116026
0 0.0374206 0.189543 0.367788 0.0459135 0.0682692
0 0.0382125 0.993389 0.272115 0.0132212 0.0448718
0 0.0390284 0.712019 0.298718 0.0360577 0.0551282
0 0.0395791 0.65625 0.630128 0.0466346 0.0455128
0 0.0397723 0.916707 0.151763 0.0228365 0.0477564
0 0.0427983 0.346875 0.41891 0.0269231 0.0294872
0 0.044175 0.162019 0.676763 0.0379808 0.0663462
0 0.0448586 0.466226 0.208333 0.0199519 0.0371795
0 0.045158 0.334856 0.101763 0.0182692 0.0400641
0 0.0457905 0.580529 0.520353 0.0375 0.038141
0 0.0462283 0.497236 0.710897 0.0382212 0.0442308
0 0.0479425 0.704087 0.597756 0.0870192 0.0820513
0 0.0486659 0.910457 0.423558 0.0415865 0.0637821
0 0.0490505 0.0335337 0.451603 0.059375 0.121795
0 0.049336 0.360817 0.963141 0.0543269 0.0621795
0 0.049802 0.441587 0.409776 0.0211538 0.0496795
0 0.0513103 0.021875 0.424679 0.0408654 0.115385
0 0.0516583 0.375601 0.948237 0.046875 0.0387821
0 0.0542131 0.107572 0.708654 0.034375 0.050641
0 0.0548817 0.908654 0.552885 0.0908654 0.0858974
0 0.0577898 0.188221 0.354167 0.0394231 0.0352564
0 0.0593829 0.730409 0.564103 0.0324519 0.0544872
0 0.0628399 0.484375 0.0592949 0.0403846 0.0673077
0 0.0629231 0.407813 0.103846 0.0276442 0.0416667
0 0.0659382 0.499159 0.245353 0.0122596 0.0323718
0 0.0664111 0.72512 0.274679 0.034375 0.05
0 0.0694025 0.157452 0.657532 0.0278846 0.036218
0 0.0714468 0.0371394 0.154808 0.0358173 0.0564103
0 0.0735783 0.0998798 0.395192 0.0372596 0.0666667
0 0.0748804 0.397716 0.439904 0.0213942 0.0291667
0 0.0780624 0.10649 0.608654 0.0336538 0.0384615
0 0.0793608 0.98726 0.515865 0.0245192 0.0669872
0 0.0853722 0.594832 0.546955 0.0338942 0.0490385
0 0.0936273 0.478606 0.746955 0.0399038 0.0451923
0 0.0943087 0.441707 0.458333 0.0334135 0.0371795
0 0.0972062 0.807692 0.451282 0.0495192 0.11859
0 0.0983515 0.680168 0.645353 0.0733173 0.0778846
0 0.105982 0.0307692 0.460577 0.0557692 0.0596154
0 0.107443 0.167788 0.0179487 0.0331731 0.0358974
0 0.108085 0.140745 0.401122 0.0362981 0.0323718
0 0.112964 0.823077 0.489583 0.0336538 0.0567308
0 0.150674 0.497716 0.29391 0.040625 0.0384615
0 0.155717 0.239423 0.188141 0.0336538 0.0358974
0 0.161606 0.0278846 0.140064 0.0495192 0.0846154
0 0.163984 0.897356 0.411859 0.0586538 0.0788462
0 0.170105 0.566226 0.508654 0.0492788 0.0647436
0 0.173741 0.0542067 0.408654 0.046875 0.0551282
0 0.180485 0.04375 0.419231 0.0663462 0.0916667
0 0.190895 0.913942 0.136218 0.0322115 0.0762821
0 0.194879 0.558053 0.488942 0.0487981 0.0407051
0 0.199181 0.154087 0.414583 0.0596154 0.0650641
0 0.225615 0.584255 0.536859 0.0463942 0.0487179
0 0.245544 0.447957 0.425962 0.0286058 0.0820513
0 0.246859 0.426923 0.104647 0.0692308 0.0407051
0 0.248664 0.98137 0.669391 0.0372596 0.101603
0 0.250312 0.885577 0.183013 0.0432692 0.05
0 0.253274 0.554327 0.175 0.0557692 0.0602564
0 0.262521 0.419591 0.692308 0.0391827 0.0557692
0 0.283337 0.730889 0.264744 0.0247596 0.0352564
0 0.293446 0.0182692 0.592788 0.0346154 0.11891
0 0.314796 0.600841 0.23766 0.0223558 0.0387821
0 0.326798 0.103125 0.209455 0.0442308 0.0727564
0 0.340731 0.442187 0.546795 0.0463942 0.0551282
0 0.354354 0.650962 0.617147 0.0663462 0.0541667
0 0.409213 0.719471 0.313942 0.0408654 0.0669872
0 0.430737 0.685457 0.0283654 0.0411058 0.0490385
0 0.449339 0.861779 0.678686 0.0677885 0.0701923
0 0.475923 0.734495 0.580449 0.0512019 0.0897436
0 0.500817 0.354327 0.42516 0.0471154 0.0464744
0 0.503295 0.951322 0.385256 0.0699519 0.0814103
0 0.525848 0.461058 0.528526 0.05 0.0448718
0 0.55405 0.580649 0.410417 0.0512019 0.0458333
0 0.634024 0.630409 0.472436 0.0247596 0.050641
0 0.635063 0.696394 0.662179 0.0442308 0.0814103
