0 0.0387219 0.0137019 0.688942 0.0245192 0.0580128
0 0.0390205 0.331611 0.958654 0.0661058 0.0525641
0 0.040722 0.0146635 0.37516 0.0288462 0.0926282
0 0.0451662 0.441947 0.645994 0.0300481 0.0458333
0 0.0499039 0.37524 0.0535256 0.0245192 0.0307692
0 0.0549666 0.519351 0.428526 0.0228365 0.0538462
0 0.0561568 0.0451923 0.704647 0.0528846 0.0695513
0 0.0597571 0.46851 0.967788 0.107212 0.0599359
0 0.102478 0.615024 0.439423 0.0574519 0.0596154
0 0.117693 0.0225962 0.683333 0.0451923 0.0705128
0 0.141409 0.0147837 0.482051 0.0295673 0.126282
0 0.145664 0.625841 0.427083 0.0377404 0.0400641
0 0.165099 0.0621394 0.716827 0.0295673 0.0528846
0 0.202913 0.523438 0.420994 0.0151442 0.0330128
0 0.462718 0.506731 0.282372 0.0168269 0.0352564
