0 0.0307661 0.163582 0.436058 0.0502404 0.0740385
0 0.0309779 0.650601 0.0698718 0.0310096 0.0435897
0 0.0309991 0.95649 0.207853 0.0317308 0.0560897
0 0.0316991 0.57512 0.0741987 0.0233173 0.0785256
0 0.0318073 0.240024 0.678205 0.101683 0.139103
0 0.0320857 0.810577 0.0328526 0.0149038 0.036218
0 0.0326481 0.204327 0.985737 0.0423077 0.0285256
0 0.0339704 0.96851 0.211058 0.0538462 0.0727564
0 0.0343661 0.770673 0.333654 0.0293269 0.0564103
0 0.0356864 0.170553 0.529167 0.0853365 0.0858974
0 0.036774 0.985817 0.507212 0.0264423 0.158654
0 0.0367894 0.283173 0.305769 0.0307692 0.0615385
0 0.0374014 0.605288 0.0129808 0.0610577 0.0246795
0 0.0375912 0.563101 0.473397 0.059375 0.202564
0 0.038776 0.77524 0.475481 0.0336538 0.101603
0 0.0391239 0.28101 0.337019 0.0485577 0.105449
0 0.0393188 0.166346 0.985577 0.0596154 0.025641
0 0.0411108 0.364183 0.348397 0.0548077 0.152564
0 0.042631 0.130769 0.782372 0.101923 0.128205
0 0.0441083 0.292668 0.294231 0.0512019 0.0865385
0 0.0442066 0.272356 0.391346 0.0807692 0.157692
0 0.0456862 0.931851 0.513462 0.0617788 0.144872
0 0.0466469 0.892668 0.465865 0.0435096 0.0778846
0 0.0477922 0.523678 0.157532 0.0449519 0.0875
0 0.0480499 0.789183 0.409776 0.0298077 0.0407051
0 0.051093 0.232692 0.419071 0.0307692 0.0522436
0 0.0528091 0.575 0.0607372 0.0139423 0.0650641
0 0.0541946 0.398197 0.274038 0.0353365 0.0730769
0 0.0544663 0.794351 0.258494 0.0310096 0.0528846
0 0.054658 0.236779 0.628686 0.0668269 0.0637821
0 0.0558248 0.229087 0.597756 0.0384615 0.0429487
0 0.0563295 0.42488 0.521795 0.0257212 0.0487179
0 0.0563985 0.903005 0.423397 0.0185096 0.0314103
0 0.0566018 0.930288 0.968109 0.0807692 0.0637821
0 0.057096 0.560457 0.570032 0.0944712 0.340064
0 0.0584771 0.505769 0.121154 0.0269231 0.073718
0 0.0609086 0.934135 0.228846 0.0254808 0.0384615
0 0.0614494 0.533654 0.172756 0.0322115 0.0576923
0 0.0637627 0.905769 0.438301 0.0375 0.0669872
0 0.0640858 0.214663 0.819551 0.0692308 0.0724359
0 0.0698269 0.809615 0.795833 0.05 0.0525641
0 0.0733396 0.262019 0.589263 0.0350962 0.0407051
0 0.0749132 0.186178 0.975481 0.0829327 0.0483974
0 0.0756384 0.759135 0.783333 0.0605769 0.0692308
0 0.0767148 0.759615 0.328365 0.0384615 0.0586538
0 0.0779509 0.368389 0.291186 0.053125 0.115705
0 0.0780985 0.541707 0.0190705 0.0362981 0.036859
0 0.07891 0.614543 0.0972756 0.0223558 0.0644231
0 0.0795918 0.221394 0.0201923 0.0278846 0.0403846
0 0.081475 0.240264 0.404327 0.0449519 0.0817308
0 0.0833174 0.670192 0.206891 0.0423077 0.101603
0 0.0872351 0.978846 0.618109 0.0413462 0.0580128
0 0.0992377 0.58149 0.213301 0.0451923 0.0394231
0 0.101913 0.496635 0.333333 0.0451923 0.0858974
0 0.102138 0.222356 0.642949 0.0634615 0.0429487
0 0.102596 0.466226 0.219391 0.021875 0.0445513
0 0.102945 0.898077 0.303526 0.0528846 0.0602564
0 0.109379 0.779327 0.423718 0.0360577 0.0570513
0 0.114292 0.991587 0.23734 0.0168269 0.0791667
0 0.115381 0.142668 0.803365 0.257452 0.277885
0 0.117129 0.0194712 0.727885 0.0350962 0.128205
0 0.123144 0.799519 0.705128 0.0620192 0.0653846
0 0.128175 0.202404 0.538462 0.0725962 0.0865385
0 0.129016 0.496875 0.104968 0.0423077 0.0810897
0 0.133172 0.98774 0.212019 0.0240385 0.129167
0 0.135881 0.876683 0.283013 0.0432692 0.0589744
0 0.139599 0.51851 0.611538 0.0668269 0.232692
0 0.142483 0.93101 0.445513 0.0418269 0.0826923
0 0.146134 0.659375 0.18766 0.0605769 0.0605769
0 0.149966 0.943029 0.174038 0.0875 0.103846
0 0.160549 0.749038 0.325641 0.0221154 0.0474359
0 0.163938 0.249639 0.588462 0.0670673 0.0480769
0 0.166436 0.121995 0.539583 0.0646635 0.0958333
0 0.173099 0.91226 0.477724 0.08125 0.145833
0 0.175899 0.820433 0.534776 0.0389423 0.0733974
0 0.178449 0.508173 0.5875 0.0514423 0.146154
0 0.188664 0.447716 0.29359 0.0237981 0.0801282
0 0.210106 0.143389 0.780288 0.159375 0.193269
0 0.21749 0.988221 0.457692 0.0211538 0.158333
0 0.268128 0.234014 0.860417 0.0800481 0.165705
0 0.286971 0.543269 0.700962 0.0389423 0.124359
0 0.292126 0.250361 0.425962 0.0617788 0.0698718
0 0.295277 0.881611 0.478205 0.0290865 0.0653846
0 0.311307 0.229327 0.73734 0.0485577 0.0669872
0 0.361094 0.284976 0.745032 0.0338942 0.0682692
0 0.363565 0.373317 0.272596 0.0850962 0.177885
0 0.381613 0.300721 0.269712 0.09375 0.185577
0 0.381643 0.914062 0.307853 0.0387019 0.0522436
0 0.403092 0.61899 0.509615 0.0692308 0.1
0 0.433413 0.190865 0.547115 0.112019 0.132051
0 0.52519 0.719351 0.413942 0.0492788 0.0830128
0 0.545914 0.144231 0.428045 0.0764423 0.0913462
0 0.585644 0.249159 0.659455 0.0992788 0.0682692
0 0.61888 0.933053 0.950481 0.120433 0.0990385
0 0.622189 0.690625 0.634936 0.110096 0.250641
0 0.659689 0.394832 0.0607372 0.0247596 0.0721154
0 0.660131 0.19363 0.350641 0.0766827 0.123077
0 0.678343 0.0504808 0.445833 0.0985577 0.146795
0 0.689748 0.783894 0.127564 0.0408654 0.0826923
