0 0.0303024 0.511418 0.988141 0.046875 0.0230769
0 0.0318811 0.863582 0.0894231 0.0454327 0.0570513
0 0.032279 0.163582 0.205288 0.0396635 0.0785256
0 0.0323114 0.581731 0.825641 0.0706731 0.0538462
0 0.0356079 0.611779 0.262019 0.0451923 0.0663462
0 0.0368828 0.457212 0.977083 0.0961538 0.0426282
0 0.0387422 0.897236 0.690865 0.0891827 0.121474
0 0.0396492 0.39387 0.97484 0.0478365 0.0407051
0 0.0435817 0.0694712 0.316506 0.0360577 0.0471154
0 0.0456497 0.629808 0.254006 0.0581731 0.0682692
0 0.0476349 0.0115385 0.596314 0.0230769 0.0778846
0 0.0477175 0.511779 0.982692 0.0740385 0.0320513
0 0.0482636 0.187981 0.0216346 0.0668269 0.0375
0 0.0486464 0.855288 0.175481 0.0408654 0.0599359
0 0.0489889 0.634135 0.161218 0.0379808 0.0512821
0 0.0495289 0.851683 0.0600962 0.0456731 0.0759615
0 0.0511366 0.358534 0.178045 0.0526442 0.0496795
0 0.0522213 0.0691106 0.24984 0.065625 0.108654
0 0.053286 0.00913462 0.0972756 0.0177885 0.0721154
0 0.0548086 0.966226 0.0766026 0.0415865 0.0653846
0 0.0553909 0.603486 0.728846 0.0569712 0.101923
0 0.0563248 0.966106 0.479808 0.0639423 0.0974359
0 0.0576908 0.178966 0.15625 0.0295673 0.0875
0 0.058401 0.975361 0.973558 0.0492788 0.0528846
0 0.0722194 0.0586538 0.307853 0.0610577 0.0625
0 0.0766822 0.182452 0.179167 0.0475962 0.124359
0 0.0856063 0.867548 0.182051 0.05625 0.0833333
0 0.0892347 0.54988 0.0259615 0.0507212 0.0519231
0 0.0935487 0.834976 0.19359 0.0608173 0.104487
0 0.093748 0.0927885 0.182853 0.0399038 0.0791667
0 0.12366 0.608413 0.833654 0.1 0.0820513
0 0.128516 0.0790865 0.239423 0.0480769 0.0653846
0 0.133443 0.570192 0.290545 0.0519231 0.0573718
0 0.159547 0.804447 0.191346 0.0314904 0.050641
0 0.160247 0.965986 0.842468 0.0680288 0.0766026
0 0.162152 0.648197 0.876603 0.034375 0.0429487
0 0.17431 0.489303 0.0225962 0.0362981 0.0451923
0 0.177862 0.339183 0.175481 0.0216346 0.0432692
0 0.184439 0.715865 0.490064 0.0302885 0.0467949
0 0.193927 0.878606 0.182372 0.0403846 0.0570513
0 0.197749 0.708053 0.823558 0.0497596 0.0528846
0 0.198352 0.379567 0.170032 0.0254808 0.0554487
0 0.209667 0.919231 0.789103 0.0475962 0.0608974
0 0.214039 0.706731 0.290705 0.0399038 0.0570513
0 0.238935 0.154447 0.0884615 0.0324519 0.0653846
0 0.247911 0.756611 0.840865 0.040625 0.0541667
0 0.263267 0.877043 0.080609 0.0459135 0.0528846
0 0.264088 0.837861 0.0299679 0.0310096 0.0599359
0 0.268437 0.598197 0.755929 0.0588942 0.0586538
0 0.282616 0.205409 0.0282051 0.0492788 0.0544872
0 0.300577 0.0872596 0.0293269 0.0423077 0.0586538
0 0.383341 0.818269 0.215064 0.0418269 0.0788462
0 0.384172 0.764904 0.215545 0.0375 0.0676282
0 0.391849 0.290745 0.201763 0.0435096 0.0541667
0 0.392414 0.0969952 0.212019 0.0512019 0.134936
0 0.408232 0.0438702 0.288141 0.0834135 0.110897
0 0.576296 0.466226 0.208173 0.0473558 0.0939103
0 0.589964 0.203966 0.213141 0.0608173 0.121795
0 0.606332 0.653606 0.325321 0.0879808 0.0705128
0 0.625648 0.371154 0.304647 0.0389423 0.0855769
0 0.626908 0.715024 0.158494 0.0401442 0.0778846
0 0.649051 0.825962 0.815865 0.0769231 0.197115
0 0.748289 0.684615 0.597596 0.0860577 0.181731
0 0.78072 0.841106 0.377244 0.0625 0.122436
