0 0.0467886 0.565625 0.501923 0.0495192 0.120513
0 0.047962 0.645553 0.46234 0.0252404 0.0471154
0 0.0483573 0.494952 0.707051 0.0274038 0.0397436
0 0.0608047 0.55613 0.574038 0.0545673 0.0557692
0 0.0686407 0.511178 0.493109 0.0853365 0.156731
0 0.0696407 0.505529 0.486058 0.0447115 0.0522436
0 0.0718092 0.589063 0.554327 0.0661058 0.0740385
0 0.0761829 0.557813 0.566987 0.0911058 0.0762821
0 0.100551 0.493149 0.379808 0.0588942 0.147436
0 0.106214 0.507572 0.554487 0.0670673 0.0653846
0 0.107811 0.516827 0.593109 0.0846154 0.0830128
0 0.1226 0.521635 0.430128 0.0697115 0.171154
0 0.125635 0.506611 0.706731 0.0492788 0.0583333
0 0.146207 0.527163 0.502083 0.119231 0.258654
0 0.149329 0.494591 0.539263 0.0569712 0.0554487
0 0.286137 0.568269 0.468109 0.0456731 0.0746795
0 0.297306 0.483293 0.343109 0.0545673 0.0913462
0 0.336739 0.529207 0.573558 0.084375 0.0567308
0 0.352988 0.520553 0.408173 0.0550481 0.088782
0 0.457867 0.542548 0.20625 0.0360577 0.0714744
0 0.592058 0.653606 0.448397 0.0399038 0.0717949
0 0.605899 0.500601 0.623718 0.0665865 0.0788462
0 0.607676 0.524159 0.711218 0.0598558 0.0942308
0 0.766242 0.620913 0.349199 0.0355769 0.061859
0 0.781369 0.437981 0.70016 0.0716346 0.0637821
