0 0.0300308 0.0153846 0.38125 0.0307692 0.0945513
0 0.0314146 0.890745 0.36234 0.0507212 0.0778846
0 0.0328451 0.991226 0.0581731 0.0175481 0.0951923
0 0.0363968 0.171875 0.985577 0.0572115 0.0217949
0 0.0369921 0.0100962 0.390064 0.0192308 0.0647436
0 0.0426119 0.855168 0.0895833 0.0430288 0.0535256
0 0.0465002 0.132091 0.988301 0.0459135 0.0221154
0 0.0543984 0.116947 0.980128 0.0521635 0.0358974
0 0.0677318 0.880769 0.976923 0.100962 0.0461538
0 0.101378 0.694111 0.0314103 0.021875 0.0628205
0 0.108833 0.0302885 0.0722756 0.0581731 0.100321
0 0.194222 0.0426683 0.359135 0.084375 0.116987
0 0.43272 0.90637 0.345994 0.0766827 0.107372
0 0.461644 0.457933 0.292628 0.0475962 0.0698718
