0 0.0301217 0.649038 0.972756 0.0394231 0.0455128
0 0.0307995 0.988462 0.191667 0.0230769 0.0801282
0 0.0328019 0.388101 0.0113782 0.0387019 0.0227564
0 0.0353653 0.0524038 0.692788 0.05 0.0451923
0 0.0413531 0.625601 0.923558 0.0415865 0.0695513
0 0.0493862 0.992308 0.114423 0.0153846 0.107692
0 0.0549749 0.400601 0.664904 0.0170673 0.0663462
0 0.070851 0.516707 0.019391 0.0550481 0.0387821
0 0.0744439 0.883774 0.517949 0.0569712 0.0570513
0 0.0803933 0.400721 0.0205128 0.0567308 0.0378205
0 0.0839581 0.98762 0.14984 0.0247596 0.139423
0 0.0851461 0.769471 0.791667 0.0379808 0.0564103
0 0.134943 0.970673 0.190705 0.0490385 0.0525641
0 0.139099 0.189663 0.036218 0.0302885 0.0403846
0 0.157045 0.141707 0.147276 0.0242788 0.0336538
0 0.217637 0.771875 0.594231 0.0591346 0.0775641
0 0.346902 0.419111 0.0245192 0.0425481 0.0471154
0 0.472345 0.179207 0.109776 0.0257212 0.0310897
0 0.507884 0.23137 0.443429 0.0228365 0.0451923
