0 0.0325001 0.0189904 0.722276 0.0365385 0.150321
0 0.0344622 0.0230769 0.987179 0.0461538 0.025641
0 0.0403441 0.00973558 0.0141026 0.0194712 0.0282051
0 0.0405249 0.629687 0.0373397 0.0367788 0.0439103
0 0.0415169 0.11274 0.0703526 0.0158654 0.0278846
0 0.0440448 0.682091 0.0125 0.0454327 0.025
0 0.0456009 0.983173 0.251282 0.0336538 0.0371795
0 0.0464595 0.720913 0.0179487 0.0326923 0.0358974
0 0.04784 0.971755 0.233013 0.0430288 0.0628205
0 0.0483454 0.861899 0.751923 0.0242788 0.0416667
0 0.0597741 0.0123798 0.505929 0.0247596 0.139423
0 0.0679449 0.988221 0.31266 0.0235577 0.0528846
0 0.0685052 0.958534 0.212981 0.046875 0.0471154
0 0.0851755 0.563341 0.763301 0.0242788 0.0304487
0 0.0864011 0.819832 0.607853 0.0271635 0.036859
0 0.0887409 0.798918 0.0125 0.0228365 0.0224359
0 0.098029 0.400601 0.222756 0.040625 0.0384615
0 0.10404 0.855288 0.390224 0.0528846 0.0625
0 0.144413 0.431611 0.184936 0.0276442 0.0660256
0 0.156733 0.779567 0.415545 0.0302885 0.0451923
0 0.161042 0.621875 0.0370192 0.0235577 0.0323718
0 0.172477 0.733293 0.0141026 0.0415865 0.0269231
0 0.200387 0.987019 0.162179 0.0235577 0.0762821
0 0.27733 0.396875 0.102083 0.0298077 0.0567308
0 0.334509 0.75637 0.604808 0.0319712 0.0410256
0 0.367645 0.654567 0.0261218 0.0197115 0.0490385
0 0.467417 0.173438 0.659776 0.0314904 0.0862179
0 0.580244 0.710457 0.720994 0.0271635 0.0375
0 0.700264 0.66851 0.856891 0.0485577 0.0554487
