0 0.0309487 0.272236 0.276282 0.0262019 0.0455128
0 0.0315657 0.621394 0.0137821 0.0725962 0.0230769
0 0.0319875 0.90649 0.510577 0.105769 0.147436
0 0.0322145 0.0272837 0.0155449 0.0483173 0.0310897
0 0.032718 0.50024 0.0935897 0.0278846 0.0307692
0 0.032737 0.30613 0.796154 0.0367788 0.0352564
0 0.0339348 0.164904 0.641506 0.0259615 0.0605769
0 0.0340847 0.374038 0.599199 0.01875 0.0355769
0 0.0340983 0.554087 0.269231 0.01875 0.0583333
0 0.0342851 0.8875 0.155609 0.0413462 0.0657051
0 0.0347824 0.582332 0.0136218 0.0334135 0.0240385
0 0.0348132 0.406611 0.183494 0.0233173 0.0342949
0 0.0355901 0.250361 0.970673 0.028125 0.0586538
0 0.0358476 0.988101 0.120513 0.0228365 0.0589744
0 0.0360213 0.589063 0.199038 0.0310096 0.05
0 0.0360477 0.37476 0.386699 0.0230769 0.0522436
0 0.0365779 0.759255 0.191026 0.0213942 0.0570513
0 0.0365927 0.0102163 0.379167 0.0165865 0.0583333
0 0.0373744 0.290986 0.249679 0.0247596 0.0294872
0 0.0378662 0.460216 0.429006 0.00889423 0.0310897
0 0.0383967 0.751803 0.207372 0.034375 0.0711538
0 0.0394274 0.317909 0.326603 0.0319712 0.0538462
0 0.0399664 0.208293 0.167468 0.0338942 0.036859
0 0.04009 0.415986 0.790385 0.0266827 0.0448718
0 0.0413689 0.336178 0.585577 0.0396635 0.0570513
0 0.0431393 0.613702 0.199679 0.0384615 0.0525641
0 0.0433851 0.402524 0.0334936 0.0401442 0.0298077
0 0.0437758 0.216587 0.691186 0.0721154 0.0503205
0 0.0471169 0.985457 0.142308 0.0271635 0.114744
0 0.0489882 0.604447 0.20016 0.0189904 0.0413462
0 0.0495766 0.264663 0.255929 0.04375 0.0753205
0 0.0505671 0.247356 0.870513 0.0533654 0.0384615
0 0.0513473 0.145673 0.540865 0.0240385 0.0330128
0 0.0520522 0.00769231 0.0857372 0.0134615 0.0554487
0 0.0543023 0.413942 0.640385 0.0711538 0.107692
0 0.0554397 0.592308 0.0282051 0.0475962 0.05
0 0.057123 0.43125 0.876923 0.0192308 0.0416667
0 0.0580534 0.58738 0.53157 0.0348558 0.0580128
0 0.0588442 0.346034 0.431731 0.0180288 0.0288462
0 0.0589742 0.528486 0.138462 0.0252404 0.0326923
0 0.0603252 0.444952 0.154167 0.0322115 0.0429487
0 0.0625183 0.0721154 0.420513 0.0418269 0.0378205
0 0.065645 0.84988 0.408173 0.065625 0.0907051
0 0.0709213 0.910697 0.121154 0.0521635 0.0833333
0 0.0729814 0.00612981 0.385256 0.0103365 0.0423077
0 0.0740746 0.330048 0.598237 0.0283654 0.038141
0 0.0785971 0.822476 0.0294872 0.0896635 0.0589744
0 0.078823 0.9 0.14375 0.0576923 0.0900641
0 0.0822501 0.129567 0.539423 0.0572115 0.0391026
0 0.0888301 0.536058 0.421474 0.0211538 0.0461538
0 0.0897962 0.120433 0.652564 0.0519231 0.0423077
0 0.0919562 0.5875 0.055609 0.0769231 0.10609
0 0.0922455 0.333894 0.982372 0.0985577 0.0352564
0 0.0933343 0.513942 0.246635 0.0216346 0.0221154
0 0.0944914 0.233053 0.880609 0.0766827 0.0535256
0 0.0991772 0.380168 0.816346 0.0367788 0.0442308
0 0.100733 0.840385 0.0408654 0.0350962 0.0464744
0 0.102094 0.26238 0.941987 0.0329327 0.0487179
0 0.102202 0.378966 0.351603 0.0367788 0.0326923
0 0.107543 0.385577 0.651442 0.142308 0.128526
0 0.10766 0.383293 0.0280449 0.0622596 0.0445513
0 0.113491 0.977284 0.0721154 0.0411058 0.0576923
0 0.114763 0.302043 0.568429 0.0411058 0.0516026
0 0.123805 0.821154 0.503686 0.0370192 0.0355769
0 0.127086 0.982933 0.19391 0.0317308 0.0589744
0 0.13322 0.972837 0.292788 0.0533654 0.0477564
0 0.134461 0.566106 0.1875 0.0336538 0.0532051
0 0.135169 0.566707 0.504808 0.0459135 0.0487179
0 0.148868 0.984495 0.100962 0.0290865 0.0839744
0 0.149868 0.375721 0.98141 0.0413462 0.0371795
0 0.153594 0.354567 0.505128 0.0504808 0.0730769
0 0.153759 0.410457 0.417468 0.0387019 0.0400641
0 0.15997 0.0138221 0.0206731 0.0276442 0.0394231
0 0.162168 0.298077 0.98125 0.0721154 0.036218
0 0.18571 0.395793 0.0560897 0.0382212 0.0519231
0 0.191303 0.501442 0.285737 0.0360577 0.0509615
0 0.210322 0.641346 0.250481 0.0350962 0.0605769
0 0.214953 0.81226 0.0128205 0.0427885 0.025641
0 0.218982 0.364423 0.0229167 0.0331731 0.0349359
0 0.225228 0.985817 0.441987 0.0269231 0.0910256
0 0.274868 0.915024 0.550962 0.0824519 0.0858974
0 0.314542 0.556611 0.177564 0.0189904 0.0358974
0 0.323621 0.394712 0.0421474 0.0572115 0.0592949
0 0.32723 0.20649 0.88734 0.0399038 0.0439103
0 0.36811 0.267308 0.875641 0.0528846 0.0429487
0 0.381869 0.577885 0.197917 0.0182692 0.0471154
0 0.401611 0.573197 0.0653846 0.0411058 0.0782051
0 0.437387 0.016226 0.517788 0.0324519 0.0695513
0 0.456263 0.533293 0.0719551 0.0353365 0.0342949
0 0.456405 0.55024 0.289423 0.0322115 0.0903846
0 0.499089 0.133173 0.65016 0.0826923 0.0605769
0 0.53053 0.0155048 0.441186 0.0310096 0.0592949
0 0.548866 0.859856 0.0365385 0.0668269 0.0692308
0 0.563737 0.0442308 0.223878 0.0451923 0.0522436
0 0.569861 0.379447 0.370673 0.0377404 0.0753205
0 0.624605 0.390385 0.798077 0.0581731 0.0826923
0 0.64874 0.660937 0.317468 0.0555288 0.0541667
0 0.655849 0.317668 0.784455 0.0526442 0.0573718
0 0.659244 0.259375 0.958494 0.0432692 0.0791667
0 0.679233 0.438942 0.719551 0.0442308 0.0596154
