0 0.0307076 0.516947 0.469872 0.0622596 0.0474359
0 0.0311287 0.695553 0.935897 0.0497596 0.050641
0 0.034488 0.641106 0.775321 0.0346154 0.0589744
0 0.0378225 0.486298 0.976282 0.0903846 0.0455128
0 0.039076 0.442428 0.703686 0.0454327 0.0586538
0 0.0404753 0.0180288 0.202724 0.0341346 0.0823718
0 0.040605 0.0635817 0.470673 0.0473558 0.0342949
0 0.0416157 0.682572 0.935737 0.0689904 0.0817308
0 0.0490362 0.408293 0.597596 0.0454327 0.036218
0 0.0557363 0.234736 0.108173 0.0579327 0.0567308
0 0.0641271 0.415024 0.680609 0.0536058 0.0483974
0 0.0662892 0.274519 0.280449 0.0259615 0.0262821
0 0.0687728 0.323918 0.146474 0.0401442 0.0346154
0 0.0710451 0.67512 0.848718 0.0521635 0.049359
0 0.0823523 0.23137 0.112981 0.0401442 0.0342949
0 0.0852549 0.681971 0.913782 0.05 0.0807692
0 0.0861942 0.563462 0.227404 0.0514423 0.0426282
0 0.090495 0.0394231 0.420994 0.0673077 0.0413462
0 0.102589 0.248197 0.094391 0.0627404 0.0503205
0 0.110709 0.0872596 0.129647 0.0475962 0.0605769
0 0.122245 0.656731 0.914423 0.05 0.0557692
0 0.141757 0.430288 0.695353 0.0317308 0.0509615
0 0.158739 0.0264423 0.207853 0.0442308 0.0503205
0 0.172695 0.461899 0.723718 0.0242788 0.0410256
0 0.173736 0.31262 0.0376603 0.0353365 0.0419872
0 0.177058 0.0272837 0.13109 0.0483173 0.0826923
0 0.179949 0.290865 0.226603 0.0283654 0.0416667
0 0.211188 0.680529 0.884776 0.0442308 0.0342949
0 0.224657 0.419111 0.639744 0.0588942 0.0474359
0 0.268356 0.237861 0.239423 0.0247596 0.0429487
0 0.281325 0.386298 0.670513 0.0379808 0.0429487
0 0.313901 0.239663 0.380288 0.0451923 0.0394231
0 0.332871 0.70024 0.955128 0.05625 0.0666667
0 0.333626 0.757933 0.292147 0.0620192 0.0669872
0 0.361301 0.494111 0.216506 0.0372596 0.0439103
0 0.545105 0.941346 0.0870192 0.0360577 0.0490385
