0 0.0386976 0.488942 0.641827 0.0384615 0.036218
0 0.0478543 0.865505 0.0753205 0.0367788 0.049359
0 0.0548925 0.337981 0.244712 0.0475962 0.0323718
0 0.0682744 0.495192 0.620833 0.0201923 0.0301282
0 0.0697842 0.500601 0.642628 0.0401442 0.0455128
0 0.0835166 0.161418 0.273718 0.0314904 0.0455128
0 0.132572 0.867188 0.182372 0.028125 0.0653846
0 0.179108 0.572957 0.0544872 0.0151442 0.0378205
0 0.231645 0.49399 0.629327 0.03125 0.0483974
0 0.299536 0.848918 0.326442 0.059375 0.149038
0 0.34513 0.811298 0.0524038 0.0326923 0.0400641
0 0.423715 0.0823317 0.0251603 0.0262019 0.0503205
0 0.465273 0.0185096 0.0461538 0.0365385 0.0923077
