0 0.0303699 0.226082 0.543109 0.021875 0.0503205
0 0.0306864 0.507212 0.784936 0.0389423 0.0653846
0 0.0318466 0.9875 0.239904 0.0211538 0.0721154
0 0.0320077 0.980048 0.197436 0.0355769 0.0467949
0 0.0331238 0.131971 0.659936 0.0283654 0.0884615
0 0.0331625 0.307091 0.402083 0.0271635 0.0689103
0 0.0337104 0.811178 0.358173 0.0439904 0.0695513
0 0.034294 0.282572 0.202244 0.0372596 0.0371795
0 0.0347443 0.378365 0.0732372 0.01875 0.0464744
0 0.0353027 0.497236 0.882372 0.034375 0.0346154
0 0.0353707 0.789784 0.403045 0.0242788 0.0387821
0 0.0374965 0.753846 0.0926282 0.0225962 0.0391026
0 0.0375458 0.204808 0.679327 0.0399038 0.0560897
0 0.0388545 0.566947 0.551122 0.0271635 0.0791667
0 0.0392855 0.710577 0.38125 0.0346154 0.0413462
0 0.0400691 0.592188 0.38125 0.0185096 0.0349359
0 0.0401144 0.470192 0.320032 0.0365385 0.0522436
0 0.0411247 0.301923 0.0512821 0.0778846 0.0948718
0 0.0415171 0.422115 0.0142628 0.0442308 0.0259615
0 0.0429619 0.883053 0.655128 0.0411058 0.0948718
0 0.0441659 0.252163 0.0331731 0.0278846 0.0291667
0 0.0466505 0.648678 0.408013 0.0194712 0.0429487
0 0.047515 0.312139 0.874519 0.0314904 0.0259615
0 0.0476854 0.659615 0.584936 0.0322115 0.0346154
0 0.0478451 0.0186298 0.977724 0.0372596 0.0445513
0 0.0478472 0.642909 0.58125 0.0459135 0.0458333
0 0.0481829 0.153005 0.152404 0.0733173 0.134295
0 0.0499644 0.272716 0.566987 0.0185096 0.025641
0 0.0501103 0.630769 0.696474 0.0350962 0.0589744
0 0.0507917 0.976202 0.737019 0.0379808 0.0432692
0 0.0527833 0.989663 0.867468 0.0206731 0.0548077
0 0.0539615 0.52488 0.853205 0.0401442 0.0435897
0 0.0540102 0.813462 0.0221154 0.0173077 0.0442308
0 0.0562969 0.175721 0.0948718 0.0144231 0.05
0 0.0578736 0.701082 0.691506 0.0555288 0.0541667
0 0.0580755 0.945913 0.117949 0.0259615 0.0602564
0 0.061636 0.573678 0.371154 0.0560096 0.0980769
0 0.062364 0.701322 0.391506 0.0271635 0.0291667
0 0.0632961 0.842788 0.65657 0.0346154 0.0407051
0 0.0636615 0.665505 0.722276 0.0396635 0.0849359
0 0.063682 0.832212 0.182853 0.0350962 0.1125
0 0.0672559 0.473558 0.366506 0.0389423 0.0503205
0 0.0699718 0.655409 0.684455 0.0502404 0.0567308
0 0.0703273 0.541587 0.850481 0.0389423 0.0509615
0 0.0711971 0.301923 0.563942 0.0129808 0.036859
0 0.0721578 0.430048 0.975641 0.0495192 0.0410256
0 0.0728444 0.560817 0.821635 0.0495192 0.061859
0 0.0740824 0.959135 0.176122 0.0307692 0.038141
0 0.0750207 0.897236 0.653205 0.0632212 0.144872
0 0.0752519 0.388582 0.353526 0.0391827 0.0480769
0 0.0756803 0.303486 0.217949 0.0382212 0.0608974
0 0.0756879 0.623077 0.241346 0.0211538 0.0269231
0 0.0760376 0.910697 0.442949 0.0213942 0.0378205
0 0.0808747 0.6375 0.658654 0.0245192 0.0487179
0 0.0809627 0.629687 0.570513 0.0329327 0.0371795
0 0.0809727 0.13113 0.903686 0.0290865 0.0490385
0 0.081771 0.56875 0.782853 0.0375 0.036859
0 0.0838523 0.830168 0.334455 0.0310096 0.0586538
0 0.0844389 0.484976 0.850962 0.0242788 0.0397436
0 0.0849839 0.555649 0.758494 0.0439904 0.0919872
0 0.085159 0.984255 0.357692 0.0314904 0.0884615
0 0.0860167 0.284135 0.708814 0.0307692 0.0317308
0 0.0872184 0.310817 0.238942 0.0254808 0.0342949
0 0.0877045 0.952524 0.0798077 0.0271635 0.0615385
0 0.0915513 0.455409 0.363942 0.0170673 0.0432692
0 0.0937103 0.799519 0.360417 0.0254808 0.0304487
0 0.0945543 0.386178 0.141506 0.0319712 0.0477564
0 0.0956496 0.959856 0.167788 0.0197115 0.0285256
0 0.096811 0.640505 0.163462 0.0209135 0.0416667
0 0.101185 0.905649 0.70016 0.0415865 0.061859
0 0.105694 0.718269 0.367308 0.0240385 0.0512821
0 0.108534 0.550481 0.727564 0.0326923 0.0423077
0 0.109591 0.298438 0.204006 0.0420673 0.0323718
0 0.110034 0.579928 0.372756 0.046875 0.0551282
0 0.111776 0.982572 0.291987 0.028125 0.146795
0 0.116234 0.683654 0.171795 0.0269231 0.0615385
0 0.117234 0.657091 0.748077 0.0290865 0.0801282
0 0.127738 0.561178 0.842468 0.0459135 0.0394231
0 0.134273 0.986538 0.883333 0.0230769 0.104487
0 0.134582 0.261538 0.0456731 0.0274038 0.0413462
0 0.136222 0.556611 0.786859 0.0401442 0.0365385
0 0.136888 0.51262 0.209135 0.0127404 0.0419872
0 0.137223 0.343029 0.389263 0.0533654 0.249038
0 0.141157 0.77512 0.385737 0.0170673 0.0407051
0 0.14809 0.932332 0.0911859 0.046875 0.0516026
0 0.148121 0.532572 0.855929 0.021875 0.0355769
0 0.162637 0.956971 0.195032 0.0735577 0.0445513
0 0.17613 0.987981 0.375321 0.0240385 0.0461538
0 0.178119 0.695312 0.610577 0.0338942 0.0403846
0 0.184363 0.990144 0.903526 0.0197115 0.0410256
0 0.188719 0.574639 0.424199 0.0228365 0.038141
0 0.195867 0.282933 0.0232372 0.03125 0.0387821
0 0.197297 0.666587 0.594391 0.0418269 0.0496795
0 0.223663 0.641947 0.675 0.0266827 0.05
0 0.228993 0.641947 0.413301 0.0204327 0.0445513
0 0.23471 0.373918 0.349199 0.015625 0.0413462
0 0.243287 0.209736 0.188942 0.0189904 0.0586538
0 0.252661 0.685457 0.697756 0.0430288 0.0557692
0 0.269546 0.33774 0.834936 0.0259615 0.0333333
0 0.269949 0.982933 0.220032 0.0288462 0.0753205
0 0.280466 0.927163 0.110577 0.0653846 0.0833333
0 0.281049 0.218149 0.765865 0.0314904 0.0336538
0 0.286844 0.215144 0.685096 0.0278846 0.0516026
0 0.291423 0.765986 0.117468 0.0290865 0.0426282
0 0.291552 0.942909 0.0924679 0.0444712 0.0798077
0 0.30093 0.986899 0.846635 0.0247596 0.0817308
0 0.328382 0.596274 0.0525641 0.0161058 0.0320513
0 0.339307 0.983413 0.326603 0.0331731 0.0628205
0 0.354118 0.789543 0.382212 0.0435096 0.0746795
0 0.368891 0.342788 0.449199 0.0394231 0.111859
0 0.369811 0.833413 0.0668269 0.0322115 0.0560897
0 0.384755 0.140385 0.676603 0.0432692 0.0775641
0 0.387353 0.719832 0.358814 0.0170673 0.0323718
0 0.398499 0.979567 0.476763 0.0389423 0.0586538
0 0.405028 0.190505 0.569551 0.0314904 0.0423077
0 0.406004 0.56899 0.61266 0.0245192 0.0291667
0 0.408169 0.412019 0.362179 0.0235577 0.0403846
0 0.419767 0.314904 0.0817308 0.0576923 0.0685897
0 0.431277 0.454087 0.74375 0.0331731 0.0560897
0 0.483751 0.486538 0.365224 0.0302885 0.0503205
0 0.485342 0.620913 0.710737 0.0264423 0.0528846
0 0.488501 0.206851 0.262981 0.0367788 0.0490385
0 0.49148 0.808173 0.480609 0.0403846 0.0528846
0 0.516792 0.912019 0.126923 0.0399038 0.0583333
0 0.526267 0.240625 0.401603 0.0447115 0.075641
0 0.565537 0.356971 0.874038 0.0355769 0.0346154
0 0.616042 0.271875 0.180769 0.0307692 0.0589744
0 0.626292 0.322596 0.743429 0.0288462 0.0413462
0 0.703854 0.137861 0.468109 0.0507212 0.0810897
