0 0.0311562 0.472957 0.314423 0.0286058 0.0532051
0 0.0312837 0.989423 0.890224 0.0173077 0.0637821
0 0.0317054 0.673798 0.723718 0.0418269 0.075
0 0.0334788 0.677644 0.612019 0.0418269 0.0496795
0 0.0348388 0.514063 0.0165064 0.028125 0.0291667
0 0.0360996 0.384255 0.299679 0.0401442 0.112179
0 0.0368152 0.690745 0.545513 0.0329327 0.0429487
0 0.037031 0.63762 0.673558 0.0550481 0.0464744
0 0.0407068 0.855529 0.0251603 0.0394231 0.0483974
0 0.0422799 0.694231 0.560737 0.0610577 0.0612179
0 0.0433554 0.0905048 0.376923 0.0901442 0.144231
0 0.0461766 0.434736 0.0177885 0.0709135 0.0355769
0 0.046331 0.0614183 0.424199 0.0728365 0.0759615
0 0.0480298 0.360817 0.987821 0.0490385 0.0224359
0 0.0484094 0.646635 0.0658654 0.0192308 0.0407051
0 0.0498278 0.598918 0.0586538 0.0612981 0.0730769
0 0.0518765 0.264543 0.0189103 0.0550481 0.0326923
0 0.0522853 0.715264 0.486538 0.0507212 0.0339744
0 0.0524886 0.943029 0.525801 0.0240385 0.0471154
0 0.0526009 0.580889 0.719551 0.0338942 0.050641
0 0.0533166 0.826442 0.889583 0.0456731 0.0599359
0 0.0550777 0.778365 0.852083 0.0394231 0.0592949
0 0.0557557 0.150481 0.298718 0.0485577 0.0461538
0 0.055836 0.554207 0.380929 0.028125 0.0458333
0 0.0561186 0.817909 0.163141 0.0391827 0.0621795
0 0.0569701 0.284856 0.860096 0.0274038 0.0862179
0 0.0636745 0.128606 0.0777244 0.0610577 0.0798077
0 0.0667557 0.442187 0.340545 0.0492788 0.0663462
0 0.0681169 0.657332 0.727083 0.0550481 0.101603
0 0.0687476 0.3375 0.958013 0.0418269 0.0519231
0 0.0715696 0.940024 0.212179 0.0338942 0.0346154
0 0.0715732 0.635697 0.795192 0.0262019 0.0378205
0 0.073473 0.545072 0.01875 0.0334135 0.0342949
0 0.0792946 0.867428 0.1125 0.0324519 0.0557692
0 0.0821834 0.95012 0.548397 0.0319712 0.0788462
0 0.0868728 0.378365 0.630128 0.0519231 0.0769231
0 0.111322 0.66262 0.589103 0.0237981 0.0288462
0 0.11374 0.744351 0.436378 0.046875 0.0778846
0 0.119099 0.959856 0.574359 0.0288462 0.0397436
0 0.125378 0.552284 0.35609 0.0314904 0.0980769
0 0.129834 0.132933 0.140224 0.0865385 0.0785256
0 0.130109 0.221154 0.122756 0.0701923 0.0679487
0 0.141131 0.363702 0.645192 0.0548077 0.0948718
0 0.144013 0.367308 0.0310897 0.0408654 0.0596154
0 0.151389 0.614303 0.0673077 0.0463942 0.0583333
0 0.162659 0.73762 0.423558 0.0324519 0.0477564
0 0.170026 0.813462 0.391987 0.0269231 0.0602564
0 0.17178 0.449038 0.725321 0.0365385 0.0839744
0 0.173837 0.765385 0.459615 0.0375 0.0897436
0 0.184924 0.690625 0.632692 0.0293269 0.0371795
0 0.191639 0.377163 0.983013 0.0596154 0.0339744
0 0.20192 0.64399 0.750801 0.04375 0.0836538
0 0.22935 0.102524 0.348718 0.0598558 0.0538462
0 0.237029 0.697476 0.837179 0.0194712 0.0423077
0 0.26565 0.843029 0.0158654 0.0591346 0.0317308
0 0.307744 0.39387 0.323718 0.0617788 0.101923
0 0.31361 0.0942308 0.489904 0.0552885 0.111218
0 0.319953 0.141466 0.312179 0.0569712 0.0628205
0 0.336043 0.585096 0.0479167 0.127404 0.0958333
0 0.359145 0.241827 0.0197115 0.103846 0.0394231
0 0.364265 0.396875 0.613141 0.0336538 0.0596154
0 0.378289 0.0739183 0.441987 0.096875 0.135897
0 0.379551 0.122356 0.328686 0.0971154 0.088141
0 0.398642 0.520553 0.389103 0.0324519 0.05
0 0.425978 0.603365 0.73766 0.0600962 0.0862179
0 0.484121 0.61875 0.677724 0.0375 0.0458333
0 0.559033 0.222476 0.204647 0.0430288 0.0823718
0 0.562779 0.708534 0.548718 0.0555288 0.0455128
0 0.570055 0.0239183 0.257212 0.0338942 0.0496795
0 0.581399 0.415745 0.237821 0.0963942 0.154487
0 0.585272 0.348798 0.172756 0.0552885 0.0788462
0 0.607682 0.808774 0.883654 0.0901442 0.0724359
0 0.635203 0.309255 0.940865 0.0757212 0.0804487
0 0.654207 0.887861 0.494551 0.0305288 0.0570513
0 0.668786 0.458413 0.590705 0.0524038 0.0833333
0 0.671075 0.136779 0.105769 0.102404 0.142308
0 0.679089 0.210577 0.866346 0.114904 0.101923
0 0.679347 0.96226 0.848558 0.0682692 0.0759615
0 0.681051 0.705889 0.733013 0.0675481 0.0916667
0 0.747952 0.394832 0.474679 0.0391827 0.0512821
0 0.752664 0.507933 0.71266 0.08125 0.148397
