0 0.0422449 0.857212 0.0246795 0.0490385 0.0480769
0 0.0460228 0.753726 0.0307692 0.0348558 0.0519231
0 0.04686 0.528726 0.445513 0.0646635 0.0666667
0 0.0491483 0.796274 0.214583 0.0334135 0.0310897
0 0.0527104 0.337019 0.0248397 0.0360577 0.0496795
0 0.0540108 0.327163 0.0144231 0.0365385 0.0224359
0 0.0591578 0.881731 0.0139423 0.05 0.0266026
0 0.0604711 0.465024 0.183654 0.0536058 0.0596154
0 0.0607032 0.617788 0.412179 0.0168269 0.0371795
0 0.0609073 0.396394 0.0379808 0.0125 0.0278846
0 0.0653598 0.392788 0.0310897 0.025 0.0333333
0 0.0720112 0.430288 0.397596 0.0322115 0.0387821
0 0.0803445 0.77488 0.158333 0.0526442 0.0467949
0 0.0856817 0.745553 0.0232372 0.0233173 0.0419872
0 0.10148 0.848437 0.031891 0.0233173 0.0336538
0 0.104779 0.548558 0.420032 0.0384615 0.061859
0 0.147038 0.794832 0.342949 0.0276442 0.0564103
0 0.184191 0.464663 0.354647 0.0264423 0.0580128
0 0.193754 0.769952 0.0339744 0.0716346 0.0628205
0 0.229747 0.63125 0.479647 0.0408654 0.0669872
0 0.255505 0.375361 0.0240385 0.0545673 0.0480769
0 0.263088 0.459375 0.233013 0.0480769 0.0564103
0 0.338888 0.767548 0.0461538 0.0456731 0.050641
0 0.341971 0.789303 0.147436 0.0704327 0.0705128
0 0.345904 0.899639 0.0375 0.034375 0.0602564
0 0.357045 0.415505 0.0847756 0.0497596 0.0753205
0 0.390731 0.793029 0.0240385 0.05 0.0410256
0 0.408176 0.496274 0.0435897 0.040625 0.0807692
0 0.459713 0.853125 0.371635 0.0668269 0.061859
0 0.58736 0.461779 0.214583 0.0615385 0.0996795
0 0.601708 0.18125 0.333333 0.3625 0.664744
0 0.616882 0.50637 0.463782 0.0685096 0.0532051
