0 0.0386048 0.707212 0.414103 0.0615385 0.0532051
0 0.0471995 0.537861 0.291026 0.0454327 0.0711538
0 0.0500118 0.728245 0.0786859 0.0396635 0.0298077
0 0.0522205 0.746995 0.165385 0.0564904 0.0865385
0 0.0548971 0.492308 0.65 0.0442308 0.0564103
0 0.100802 0.659615 0.258814 0.0793269 0.0733974
0 0.100813 0.455769 0.266346 0.0408654 0.0371795
0 0.131584 0.736298 0.182692 0.03125 0.0358974
0 0.170021 0.78101 0.0163462 0.0322115 0.0326923
0 0.176136 0.742308 0.134776 0.0201923 0.038141
0 0.195514 0.549038 0.295353 0.0495192 0.0451923
0 0.21664 0.687139 0.233173 0.0670673 0.038141
0 0.238607 0.744952 0.174359 0.0379808 0.0532051
0 0.25708 0.765745 0.0692308 0.0237981 0.0326923
0 0.270577 0.559856 0.303846 0.0322115 0.0346154
0 0.312672 0.754087 0.162981 0.03125 0.0330128
0 0.335118 0.409495 0.545994 0.0247596 0.0317308
0 0.353756 0.740144 0.0844551 0.0317308 0.0317308
0 0.503237 0.671995 0.252885 0.0603365 0.0461538
0 0.51939 0.636659 0.265865 0.0338942 0.0567308
0 0.539701 0.533293 0.286218 0.0329327 0.0429487
0 0.616793 0.400962 0.504006 0.0471154 0.0548077
0 0.629246 0.481971 0.244391 0.0591346 0.0791667
0 0.709049 0.478966 0.566346 0.0555288 0.0621795
