0 0.0302297 0.00600962 0.629167 0.0120192 0.0448718
0 0.0315522 0.0972356 0.161538 0.0555288 0.0410256
0 0.0315782 0.909495 0.402404 0.0295673 0.0464744
0 0.0322819 0.685216 0.798077 0.0444712 0.0641026
0 0.0326645 0.159736 0.815705 0.0213942 0.0435897
0 0.0336774 0.17476 0.796474 0.05 0.0897436
0 0.0346198 0.26887 0.549519 0.0300481 0.0496795
0 0.034646 0.713942 0.874519 0.0317308 0.0567308
0 0.0347734 0.401442 0.0878205 0.0403846 0.0948718
0 0.0348181 0.266947 0.617147 0.0305288 0.036218
0 0.0355194 0.46875 0.716506 0.0283654 0.1125
0 0.0364207 0.930048 0.301763 0.0403846 0.0586538
0 0.037408 0.346394 0.958654 0.06875 0.0814103
0 0.0376428 0.10625 0.162019 0.0259615 0.0336538
0 0.0377851 0.482091 0.514904 0.0536058 0.0701923
0 0.0380773 0.00997596 0.0900641 0.0165865 0.0461538
0 0.0381518 0.00348558 0.253846 0.00697115 0.0416667
0 0.0383793 0.292188 0.171635 0.0415865 0.0637821
0 0.0386344 0.225601 0.395513 0.0449519 0.104487
0 0.0388145 0.988582 0.592468 0.0209135 0.122115
0 0.0392782 0.481611 0.722596 0.0502404 0.0823718
0 0.0396923 0.0584135 0.317468 0.0413462 0.0714744
0 0.0398276 0.980769 0.334135 0.0365385 0.0701923
0 0.0401839 0.110697 0.663141 0.0127404 0.0307692
0 0.0409268 0.100841 0.520353 0.0189904 0.0349359
0 0.0410114 0.321034 0.416827 0.0199519 0.0375
0 0.0420378 0.867308 0.707372 0.0706731 0.0903846
0 0.0427332 0.252524 0.984936 0.0574519 0.0301282
0 0.0428318 0.980889 0.684135 0.0382212 0.10609
0 0.0428653 0.397236 0.56875 0.0324519 0.0432692
0 0.0431772 0.161899 0.466506 0.0305288 0.0445513
0 0.0443947 0.252163 0.0458333 0.0884615 0.0673077
0 0.0445046 0.598798 0.892468 0.0394231 0.0836538
0 0.0462862 0.566587 0.733013 0.0278846 0.0314103
0 0.0463503 0.93726 0.617308 0.0730769 0.0519231
0 0.0466142 0.149038 0.448397 0.0552885 0.0814103
0 0.0475301 0.00949519 0.110417 0.0170673 0.105449
0 0.0481642 0.910337 0.712179 0.138942 0.114744
0 0.0490266 0.387981 0.636218 0.0326923 0.0570513
0 0.0511397 0.310937 0.208013 0.015625 0.0320513
0 0.051701 0.06875 0.328205 0.0283654 0.050641
0 0.0517155 0.765385 0.910256 0.0331731 0.0634615
0 0.0535155 0.27512 0.526763 0.0233173 0.0586538
0 0.0537281 0.327284 0.0644231 0.0194712 0.0474359
0 0.0540618 0.816106 0.859135 0.0471154 0.0682692
0 0.0544901 0.757332 0.779006 0.0502404 0.0798077
0 0.0563351 0.911418 0.401442 0.0377404 0.0907051
0 0.0565662 0.305409 0.0533654 0.0502404 0.0509615
0 0.0566661 0.0445913 0.410897 0.0271635 0.050641
0 0.0574149 0.864183 0.867628 0.0629808 0.107051
0 0.0574987 0.209255 0.0540064 0.021875 0.0426282
0 0.0587913 0.0177885 0.591667 0.0307692 0.0730769
0 0.059048 0.478245 0.541987 0.040625 0.0307692
0 0.061412 0.903365 0.620513 0.0985577 0.0673077
0 0.0624525 0.555288 0.728526 0.0403846 0.0339744
0 0.064765 0.379327 0.0600962 0.0528846 0.0451923
0 0.064769 0.971875 0.50016 0.0519231 0.113141
0 0.0673442 0.441346 0.633494 0.0677885 0.0522436
0 0.0675106 0.670793 0.791506 0.0295673 0.0708333
0 0.0709221 0.0393029 0.281891 0.0310096 0.061859
0 0.0730997 0.383654 0.549359 0.0235577 0.0596154
0 0.0731788 0.982813 0.405769 0.0314904 0.128846
0 0.0736655 0.361418 0.986699 0.0300481 0.0266026
0 0.0765082 0.23762 0.0137821 0.053125 0.0275641
0 0.0774966 0.363341 0.978205 0.0473558 0.0435897
0 0.0798252 0.261298 0.557212 0.0254808 0.0387821
0 0.0851102 0.394471 0.627404 0.01875 0.0413462
0 0.0875488 0.143389 0.380929 0.0487981 0.0766026
0 0.0879951 0.898197 0.885737 0.0853365 0.128526
0 0.088793 0.94399 0.493269 0.0298077 0.0365385
0 0.0901323 0.875841 0.615064 0.0521635 0.0596154
0 0.0950986 0.421514 0.0764423 0.0324519 0.0996795
0 0.0990016 0.852644 0.894231 0.0447115 0.0660256
0 0.105417 0.355409 0.929006 0.0463942 0.118269
0 0.110065 0.9625 0.329006 0.05 0.0708333
0 0.11279 0.733173 0.898077 0.0413462 0.0570513
0 0.114734 0.29375 0.120353 0.0514423 0.0939103
0 0.118682 0.989303 0.958173 0.0213942 0.0836538
0 0.119268 0.580288 0.740705 0.0427885 0.0480769
0 0.126021 0.804207 0.842468 0.0271635 0.0554487
0 0.126791 0.2625 0.119872 0.05625 0.0679487
0 0.127546 0.448678 0.770192 0.0262019 0.0576923
0 0.129085 0.237019 0.973718 0.0461538 0.05
0 0.131051 0.23774 0.0875 0.0629808 0.0846154
0 0.139254 0.117909 0.156731 0.0324519 0.0416667
0 0.139932 0.323678 0.405769 0.0290865 0.0461538
0 0.157871 0.512981 0.725481 0.0355769 0.0400641
0 0.158188 0.848918 0.673718 0.0396635 0.075641
0 0.166374 0.53125 0.718269 0.0610577 0.0628205
0 0.192713 0.897716 0.366506 0.0334135 0.0528846
0 0.193315 0.169832 0.808974 0.0372596 0.0538462
0 0.193796 0.37476 0.649679 0.0264423 0.0557692
0 0.200159 0.960577 0.850321 0.0745192 0.133974
0 0.203571 0.468029 0.541506 0.0519231 0.0458333
0 0.210906 0.279327 0.518109 0.0144231 0.0458333
0 0.214109 0.196635 0.163622 0.0134615 0.0400641
0 0.214785 0.323798 0.392949 0.0403846 0.0467949
0 0.215403 0.886178 0.835256 0.0449519 0.073718
0 0.215588 0.667067 0.771635 0.0235577 0.0560897
0 0.22443 0.129928 0.401442 0.0362981 0.0509615
0 0.240241 0.232812 0.357853 0.0233173 0.0759615
0 0.24522 0.841707 0.691026 0.0295673 0.0596154
0 0.245296 0.867308 0.649519 0.0423077 0.0592949
0 0.247167 0.985937 0.363622 0.0276442 0.113141
0 0.255805 0.269111 0.635577 0.0353365 0.0711538
0 0.259097 0.18137 0.818429 0.0444712 0.0573718
0 0.266918 0.459976 0.746474 0.0449519 0.0955128
0 0.267268 0.0139423 0.147436 0.0278846 0.108974
0 0.269056 0.0169471 0.455449 0.0314904 0.0512821
0 0.269231 0.0798077 0.75641 0.0697115 0.0647436
0 0.278267 0.98101 0.56266 0.0379808 0.0740385
0 0.282778 0.391466 0.539583 0.0377404 0.0894231
0 0.302207 0.128365 0.850481 0.0201923 0.0400641
0 0.320192 0.252284 0.0219551 0.0516827 0.0432692
0 0.32468 0.704687 0.857853 0.0286058 0.0490385
0 0.333167 0.630649 0.755929 0.0324519 0.0330128
0 0.344223 0.915505 0.413622 0.0353365 0.0458333
0 0.355708 0.967909 0.709615 0.0641827 0.104487
0 0.35861 0.264543 0.104327 0.0391827 0.0548077
0 0.361295 0.316707 0.977564 0.0338942 0.0448718
0 0.36595 0.191827 0.827083 0.0245192 0.0451923
0 0.380658 0.982572 0.478526 0.0348558 0.110256
0 0.398868 0.840144 0.883333 0.0759615 0.0948718
0 0.399791 0.027524 0.587821 0.0257212 0.0525641
0 0.403428 0.304808 0.127404 0.0288462 0.0740385
0 0.413825 0.221514 0.427885 0.0425481 0.0538462
0 0.426739 0.167308 0.726442 0.0399038 0.0599359
0 0.439461 0.31863 0.0586538 0.0348558 0.050641
0 0.449877 0.254327 0.136058 0.0461538 0.0535256
0 0.453732 0.39988 0.509936 0.0420673 0.125641
0 0.459235 0.748197 0.903045 0.0560096 0.0708333
0 0.470897 0.0457933 0.299199 0.0463942 0.0894231
0 0.473202 0.787139 0.518429 0.0290865 0.0663462
0 0.488678 0.0853365 0.222917 0.0192308 0.0477564
0 0.502319 0.918389 0.907853 0.0622596 0.115705
0 0.504483 0.944591 0.315385 0.0550481 0.0794872
0 0.505719 0.148438 0.461859 0.0319712 0.0570513
0 0.521195 0.223558 0.0607372 0.0504808 0.0580128
0 0.561498 0.22524 0.873397 0.0254808 0.0532051
0 0.565259 0.135337 0.176442 0.0269231 0.0817308
0 0.581113 0.494712 0.475 0.0384615 0.0698718
0 0.598325 0.275481 0.814263 0.0326923 0.0772436
0 0.602636 0.384856 0.0785256 0.0610577 0.0865385
0 0.608906 0.06875 0.176122 0.0269231 0.0432692
0 0.625706 0.667668 0.710577 0.0271635 0.0474359
0 0.647986 0.723918 0.776923 0.119952 0.098718
0 0.67162 0.229808 0.486538 0.05 0.0711538
0 0.687198 0.353606 0.48734 0.0490385 0.0810897
0 0.71884 0.879327 0.737179 0.0875 0.0724359
