0 0.0307365 0.669591 0.602564 0.0459135 0.0596154
0 0.0321099 0.790505 0.0480769 0.0473558 0.074359
0 0.0326554 0.729087 0.98141 0.075 0.0326923
0 0.0333844 0.0445913 0.609776 0.0338942 0.0548077
0 0.0335515 0.402284 0.984135 0.0463942 0.0317308
0 0.0339043 0.0667067 0.648237 0.0473558 0.0708333
0 0.0343017 0.963341 0.0161859 0.0435096 0.0323718
0 0.0345621 0.21899 0.697917 0.0413462 0.0548077
0 0.0375566 0.486298 0.897115 0.0259615 0.0346154
0 0.0403022 0.320673 0.986378 0.0730769 0.0272436
0 0.0406841 0.281851 0.854167 0.0372596 0.0564103
0 0.0412508 0.984976 0.93734 0.0295673 0.0913462
0 0.042208 0.546875 0.782532 0.0403846 0.0567308
0 0.0423862 0.511058 0.88766 0.0206731 0.0355769
0 0.0443861 0.207813 0.705609 0.0353365 0.0535256
0 0.0453214 0.270433 0.149199 0.0331731 0.0644231
0 0.0458328 0.279808 0.164263 0.0346154 0.0695513
0 0.0465036 0.271154 0.0426282 0.0480769 0.0788462
0 0.0497454 0.981971 0.237179 0.0360577 0.0794872
0 0.0510626 0.540505 0.877564 0.0521635 0.0551282
0 0.0512277 0.0263221 0.458654 0.0329327 0.0378205
0 0.052456 0.340505 0.157372 0.0473558 0.0685897
0 0.0527521 0.190865 0.420353 0.0586538 0.0907051
0 0.0542121 0.233894 0.675801 0.0629808 0.0830128
0 0.054555 0.632933 0.987821 0.0629808 0.0205128
0 0.0559885 0.264663 0.759135 0.0379808 0.0490385
0 0.056354 0.674159 0.945994 0.0776442 0.0714744
0 0.05988 0.558053 0.775962 0.0276442 0.0628205
0 0.0641823 0.255048 0.0245192 0.0413462 0.0445513
0 0.0731616 0.536899 0.872917 0.0319712 0.0375
0 0.0749176 0.966466 0.288622 0.0569712 0.0554487
0 0.0846201 0.670553 0.594872 0.0742788 0.0839744
0 0.0847883 0.261659 0.439263 0.0608173 0.0644231
0 0.0904158 0.207452 0.400321 0.0413462 0.0666667
0 0.0991523 0.0215144 0.445833 0.0377404 0.0717949
0 0.100009 0.169231 0.979327 0.0471154 0.0413462
0 0.101134 0.175962 0.446635 0.0350962 0.0644231
0 0.131598 0.496394 0.899038 0.0432692 0.0461538
0 0.135324 0.533654 0.794872 0.0254808 0.0480769
0 0.137235 0.389062 0.907051 0.0242788 0.0480769
0 0.147059 0.16863 0.184295 0.0608173 0.107051
0 0.157613 0.133774 0.661699 0.0310096 0.0798077
0 0.172743 0.627404 0.895673 0.0355769 0.0394231
0 0.190245 0.690986 0.51891 0.0978365 0.0948718
0 0.210948 0.337981 0.98125 0.0615385 0.0375
0 0.212258 0.0651442 0.666186 0.0365385 0.0400641
0 0.225585 0.33726 0.38141 0.0403846 0.075
0 0.226218 0.239663 0.607532 0.0384615 0.063141
0 0.232458 0.284135 0.424038 0.0432692 0.0461538
0 0.233477 0.283053 0.0613782 0.0521635 0.106731
0 0.258263 0.949279 0.0206731 0.0375 0.0413462
0 0.290623 0.452524 0.859776 0.0487981 0.0740385
0 0.302516 0.229447 0.706891 0.0752404 0.0842949
0 0.329431 0.290024 0.186218 0.0435096 0.0589744
0 0.354757 0.955769 0.167308 0.0591346 0.0961538
0 0.387576 0.569111 0.889904 0.0276442 0.0548077
0 0.415122 0.776322 0.0508013 0.0391827 0.0983974
0 0.433827 0.811058 0.0589744 0.0764423 0.0724359
0 0.473519 0.358534 0.641987 0.0622596 0.128846
0 0.492039 0.971875 0.261058 0.05625 0.108654
0 0.506797 0.0751202 0.449679 0.0512019 0.0820513
0 0.541787 0.242788 0.759135 0.0860577 0.0663462
0 0.557138 0.414062 0.561218 0.0497596 0.0685897
0 0.579514 0.682813 0.564103 0.0978365 0.153205
0 0.706187 0.908654 0.489744 0.0701923 0.099359
