0 0.0316369 0.836298 0.972917 0.103846 0.0483974
0 0.0322476 0.0140625 0.49359 0.0266827 0.0698718
0 0.0322568 0.722356 0.375641 0.0341346 0.0455128
0 0.0326493 0.30024 0.304327 0.0557692 0.086859
0 0.0341494 0.0322115 0.959295 0.0644231 0.0788462
0 0.0341802 0.482212 0.259295 0.0269231 0.0333333
0 0.037221 0.451322 0.257532 0.0180288 0.0419872
0 0.0380658 0.504087 0.327564 0.0528846 0.049359
0 0.0406599 0.0721154 0.725481 0.04375 0.036859
0 0.0417879 0.298798 0.292308 0.0379808 0.0532051
0 0.0437094 0.298077 0.159455 0.0173077 0.0426282
0 0.0520534 0.013101 0.454487 0.0257212 0.140385
0 0.054644 0.592067 0.247756 0.0644231 0.0794872
0 0.0562111 0.436899 0.205449 0.0689904 0.0679487
0 0.0564933 0.31899 0.981731 0.0793269 0.0339744
0 0.0570009 0.456971 0.254487 0.0466346 0.0435897
0 0.0611502 0.825721 0.954647 0.0817308 0.0907051
0 0.0649727 0.0199519 0.981891 0.0399038 0.036218
0 0.0650127 0.201562 0.831571 0.0521635 0.0496795
0 0.0677697 0.542548 0.266026 0.0418269 0.0314103
0 0.067906 0.599399 0.214423 0.0661058 0.105769
0 0.06795 0.0579327 0.652885 0.0331731 0.0519231
0 0.0683922 0.0198317 0.878526 0.0353365 0.0532051
0 0.0684011 0.755529 0.979647 0.0740385 0.036218
0 0.0705003 0.532572 0.107372 0.0194712 0.0448718
0 0.0716703 0.409856 0.223397 0.04375 0.0557692
0 0.0778802 0.280288 0.324359 0.0639423 0.0782051
0 0.0873714 0.387981 0.619071 0.0567308 0.0535256
0 0.0881847 0.541587 0.296635 0.104327 0.086859
0 0.0991718 0.370072 0.179968 0.0372596 0.0592949
0 0.100762 0.347837 0.690224 0.0533654 0.0746795
0 0.106933 0.403365 0.240545 0.0230769 0.0330128
0 0.109503 0.579207 0.270032 0.0689904 0.0996795
0 0.10966 0.589663 0.0208333 0.05625 0.0384615
0 0.117384 0.401202 0.230288 0.0288462 0.0342949
0 0.120462 0.282692 0.714583 0.0447115 0.0862179
0 0.133121 0.382452 0.475962 0.0336538 0.0570513
0 0.138151 0.442668 0.842949 0.0776442 0.0852564
0 0.16289 0.0120192 0.192788 0.0235577 0.0592949
0 0.164616 0.378005 0.65625 0.0810096 0.116346
0 0.203521 0.709255 0.258494 0.0685096 0.102885
0 0.221027 0.984736 0.317949 0.0300481 0.0711538
0 0.239939 0.328606 0.286859 0.0240385 0.0358974
0 0.252875 0.572356 0.570353 0.0423077 0.0804487
0 0.320274 0.0836538 0.0836538 0.0461538 0.050641
0 0.336052 0.563462 0.29359 0.0528846 0.074359
0 0.360267 0.377284 0.279808 0.0502404 0.0544872
0 0.381956 0.359135 0.678686 0.0908654 0.0964744
0 0.440173 0.41899 0.258974 0.0288462 0.0294872
0 0.450387 0.444231 0.197756 0.0394231 0.0487179
0 0.455536 0.461418 0.847596 0.128125 0.126603
0 0.554193 0.289303 0.279808 0.0425481 0.0807692
0 0.558158 0.501562 0.303526 0.0747596 0.0948718
0 0.569489 0.60637 0.180128 0.0463942 0.05
0 0.581421 0.603245 0.111538 0.0334135 0.0480769
0 0.603683 0.436418 0.661699 0.0670673 0.0804487
0 0.655372 0.700721 0.88109 0.0461538 0.0692308
