0 0.0410715 0.445793 0.982532 0.0930288 0.0349359
0 0.0445188 0.0413462 0.638141 0.0466346 0.0435897
0 0.0481333 0.682332 0.986378 0.0507212 0.0246795
0 0.0521258 0.709375 0.969231 0.0913462 0.0570513
0 0.0613801 0.723437 0.946635 0.0521635 0.0419872
0 0.0677051 0.54399 0.976282 0.0908654 0.0416667
0 0.0893754 0.684495 0.980449 0.071875 0.0391026
0 0.113199 0.0326923 0.0424679 0.0653846 0.0804487
0 0.121647 0.0147837 0.8125 0.028125 0.0692308
0 0.129465 0.586899 0.960256 0.123317 0.0769231
0 0.183402 0.979688 0.791987 0.0377404 0.075641
0 0.417823 0.610937 0.635417 0.0271635 0.0471154
0 0.549647 0.0251202 0.657853 0.0502404 0.0464744
