0 0.0308768 0.822356 0.714904 0.0336538 0.0323718
0 0.031545 0.197837 0.106571 0.0307692 0.0413462
0 0.0322722 0.680288 0.307372 0.0264423 0.0397436
0 0.0323792 0.846755 0.708494 0.0257212 0.0375
0 0.0333624 0.949519 0.59407 0.0230769 0.0285256
0 0.0346948 0.58137 0.01875 0.0276442 0.0375
0 0.0357646 0.672115 0.321314 0.0225962 0.0387821
0 0.0357784 0.750481 0.387981 0.0408654 0.0451923
0 0.0361562 0.179447 0.602404 0.0411058 0.036859
0 0.037343 0.723798 0.121474 0.0144231 0.0320513
0 0.0376973 0.626562 0.140865 0.0161058 0.0355769
0 0.03877 0.222356 0.158173 0.04375 0.0746795
0 0.0393165 0.184135 0.645673 0.0668269 0.088782
0 0.0397634 0.883293 0.200641 0.040625 0.0365385
0 0.0398008 0.497837 0.393109 0.0365385 0.0426282
0 0.0401187 0.121274 0.0844551 0.065625 0.0592949
0 0.0404732 0.0105769 0.0560897 0.0211538 0.0935897
0 0.0416804 0.424639 0.703846 0.0463942 0.0608974
0 0.0418361 0.675601 0.677564 0.0463942 0.0698718
0 0.0422521 0.412861 0.64375 0.0310096 0.0330128
0 0.0443024 0.242428 0.0899038 0.0146635 0.0349359
0 0.0444546 0.724159 0.346154 0.0353365 0.0416667
0 0.0446826 0.967788 0.982212 0.0591346 0.0355769
0 0.0458696 0.486538 0.704327 0.0355769 0.0541667
0 0.0461906 0.0954327 0.130288 0.0701923 0.0919872
0 0.0472282 0.233654 0.77516 0.025 0.0464744
0 0.0473807 0.950361 0.457532 0.0295673 0.0310897
0 0.0498573 0.455048 0.42484 0.0480769 0.0907051
0 0.0503882 0.519952 0.512019 0.0375 0.0445513
0 0.0504945 0.966466 0.811859 0.0233173 0.0301282
0 0.0511401 0.442067 0.266506 0.0442308 0.0580128
0 0.0522812 0.147476 0.203526 0.0675481 0.0775641
0 0.054467 0.375601 0.490865 0.0516827 0.0528846
0 0.0552296 0.00865385 0.0748397 0.0168269 0.0548077
0 0.0575726 0.0147837 0.484295 0.0295673 0.0769231
0 0.0587388 0.148798 0.595513 0.0447115 0.0384615
0 0.0594007 0.528245 0.0104167 0.0372596 0.0208333
0 0.0595495 0.211538 0.107051 0.0644231 0.103846
0 0.0598931 0.692308 0.297917 0.0322115 0.0432692
0 0.0603943 0.635337 0.378365 0.0514423 0.0535256
0 0.0612829 0.830769 0.19375 0.0394231 0.0599359
0 0.065515 0.671154 0.376282 0.0423077 0.0564103
0 0.0659308 0.540264 0.142788 0.0665865 0.0964744
0 0.0691012 0.179327 0.195192 0.0754808 0.0948718
0 0.0710316 0.417067 0.684295 0.0206731 0.0660256
0 0.071544 0.231611 0.613141 0.0353365 0.0423077
0 0.0735944 0.654567 0.388942 0.0288462 0.0342949
0 0.0736121 0.623918 0.355609 0.059375 0.0701923
0 0.0752147 0.479087 0.689103 0.0475962 0.0782051
0 0.0754393 0.23149 0.914583 0.0403846 0.0535256
0 0.0772083 0.539062 0.641346 0.0411058 0.0384615
0 0.0784075 0.989784 0.174038 0.0194712 0.0474359
0 0.082852 0.565625 0.728205 0.0201923 0.025641
0 0.083117 0.861418 0.221474 0.0382212 0.0378205
0 0.0863039 0.507212 0.401282 0.0379808 0.0403846
0 0.0864924 0.719351 0.650801 0.0382212 0.0355769
0 0.0966157 0.751683 0.392308 0.03125 0.025
0 0.0993142 0.404327 0.680449 0.0365385 0.0724359
0 0.107336 0.672957 0.357212 0.028125 0.0496795
0 0.107464 0.665865 0.338942 0.0370192 0.0567308
0 0.108163 0.895072 0.205288 0.0362981 0.0330128
0 0.108484 0.200361 0.240385 0.0252404 0.0538462
0 0.110596 0.679327 0.370353 0.025 0.0336538
0 0.119896 0.621635 0.637981 0.0274038 0.038141
0 0.121219 0.215264 0.610256 0.0444712 0.0416667
0 0.122687 0.83113 0.724679 0.0305288 0.0403846
0 0.125656 0.16226 0.598718 0.0490385 0.050641
0 0.131372 0.920072 0.225801 0.0425481 0.0483974
0 0.137563 0.879567 0.211378 0.0567308 0.0464744
0 0.141497 0.484495 0.41891 0.0675481 0.104487
0 0.142648 0.839063 0.740545 0.0348558 0.0554487
0 0.142673 0.716466 0.422276 0.0310096 0.0291667
0 0.143791 0.110337 0.920513 0.0658654 0.0653846
0 0.144901 0.661418 0.669872 0.0622596 0.0474359
0 0.148857 0.0862981 0.144071 0.0350962 0.0605769
0 0.155883 0.232692 0.178045 0.0471154 0.0759615
0 0.156138 0.678245 0.689423 0.0305288 0.0288462
0 0.157076 0.41899 0.658814 0.0278846 0.0490385
0 0.1676 0.435216 0.277724 0.0266827 0.0541667
0 0.169144 0.960337 0.752244 0.0341346 0.0365385
0 0.171446 0.640024 0.644551 0.0612981 0.0615385
0 0.174722 0.11238 0.121314 0.0771635 0.136218
0 0.176 0.482452 0.375321 0.0384615 0.0435897
0 0.183947 0.9875 0.258333 0.0245192 0.0474359
0 0.184647 0.571875 0.73125 0.0307692 0.036218
0 0.186714 0.68762 0.391186 0.0348558 0.038141
0 0.190553 0.203846 0.0900641 0.0471154 0.0512821
0 0.198407 0.170312 0.594551 0.0396635 0.0307692
0 0.203891 0.597596 0.726923 0.0519231 0.0570513
0 0.206181 0.583894 0.734936 0.0466346 0.0455128
0 0.216629 0.611418 0.342628 0.034375 0.0333333
0 0.221327 0.0299279 0.651122 0.0314904 0.0503205
0 0.227287 0.895433 0.511699 0.01875 0.0323718
0 0.234888 0.986659 0.624038 0.0257212 0.0442308
0 0.238386 0.203245 0.613622 0.0310096 0.036859
0 0.242446 0.674159 0.361378 0.0223558 0.0272436
0 0.255424 0.226202 0.138622 0.0798077 0.148397
0 0.27001 0.440745 0.713141 0.0473558 0.0448718
0 0.277222 0.907812 0.320833 0.0290865 0.0474359
0 0.281917 0.11238 0.709295 0.0598558 0.0346154
0 0.290229 0.467548 0.440865 0.0538462 0.0798077
0 0.323053 0.927885 0.233173 0.0278846 0.0317308
0 0.339834 0.551923 0.45609 0.0524038 0.0384615
0 0.353444 0.391707 0.683173 0.0295673 0.0650641
0 0.364001 0.183534 0.241506 0.0492788 0.0663462
0 0.366916 0.714543 0.638782 0.046875 0.0416667
0 0.380592 0.390865 0.220192 0.0216346 0.0525641
0 0.390634 0.178005 0.189904 0.0401442 0.0548077
0 0.39466 0.135337 0.187821 0.0389423 0.0564103
0 0.395845 0.369952 0.667949 0.0322115 0.0564103
0 0.40201 0.604207 0.721955 0.028125 0.0464744
0 0.412478 0.582692 0.0125 0.0197115 0.024359
0 0.415354 0.774159 0.0230769 0.0180288 0.0346154
0 0.42116 0.660937 0.323397 0.0415865 0.0474359
0 0.427177 0.641707 0.186378 0.0324519 0.0733974
0 0.444741 0.513582 0.418429 0.0449519 0.0708333
0 0.46485 0.726683 0.194712 0.0221154 0.0599359
0 0.471086 0.68101 0.669551 0.0432692 0.0339744
0 0.473008 0.413341 0.354487 0.0516827 0.0685897
0 0.510919 0.176923 0.673077 0.0466346 0.0717949
0 0.523594 0.821755 0.184776 0.0300481 0.0522436
0 0.544596 0.570192 0.377885 0.0336538 0.074359
0 0.629004 0.459135 0.665385 0.0764423 0.160256
0 0.641205 0.386178 0.484615 0.0766827 0.0801282
0 0.737511 0.679087 0.554006 0.0403846 0.0458333
0 0.752862 0.352764 0.255929 0.0564904 0.0496795
