0 0.0318663 0.00877404 0.964263 0.0161058 0.0708333
0 0.0320684 0.0180288 0.97516 0.0355769 0.0496795
0 0.0321299 0.636058 0.247276 0.0153846 0.0278846
0 0.0321807 0.988942 0.421635 0.0221154 0.0599359
0 0.0322228 0.552885 0.18109 0.05625 0.0903846
0 0.0333466 0.0789663 0.967308 0.0372596 0.0384615
0 0.033596 0.00901442 0.984135 0.0180288 0.0317308
0 0.0336603 0.886779 0.660417 0.0379808 0.0509615
0 0.033675 0.442067 0.478686 0.0475962 0.0458333
0 0.0346635 0.688822 0.31234 0.0180288 0.0394231
0 0.0347595 0.579447 0.187981 0.0742788 0.114423
0 0.0364791 0.855649 0.0886218 0.0435096 0.0772436
0 0.0366371 0.56899 0.762019 0.0509615 0.0490385
0 0.0368981 0.727764 0.480449 0.0661058 0.0423077
0 0.0384707 0.297236 0.508654 0.0276442 0.0352564
0 0.0395046 0.429207 0.479647 0.0401442 0.0355769
0 0.0395146 0.580288 0.0322115 0.0399038 0.0336538
0 0.0402004 0.653966 0.132051 0.0348558 0.0512821
0 0.0453785 0.880889 0.803526 0.0411058 0.0378205
0 0.0459016 0.212139 0.31875 0.021875 0.0336538
0 0.0467085 0.632332 0.0200321 0.0762019 0.0387821
0 0.0484269 0.791346 0.162019 0.0278846 0.0413462
0 0.0494651 0.791106 0.632372 0.0427885 0.0608974
0 0.0498055 0.855409 0.657532 0.0704327 0.0669872
0 0.0505011 0.245793 0.63125 0.0194712 0.0317308
0 0.0532698 0.515505 0.158494 0.046875 0.0669872
0 0.0599148 0.305529 0.503205 0.0509615 0.0474359
0 0.0622021 0.855409 0.0501603 0.0338942 0.0778846
0 0.0626323 0.65024 0.447436 0.06875 0.101923
0 0.0628804 0.810577 0.146955 0.0259615 0.0592949
0 0.064871 0.485096 0.630449 0.0245192 0.0397436
0 0.0692284 0.831731 0.661538 0.0673077 0.0660256
0 0.0714369 0.573438 0.572115 0.103606 0.105769
0 0.0729616 0.669712 0.423878 0.0725962 0.15609
0 0.0768778 0.64387 0.737821 0.0146635 0.0346154
0 0.0798141 0.81274 0.659295 0.0456731 0.0551282
0 0.0801251 0.727404 0.590385 0.05 0.0474359
0 0.0838573 0.796514 0.245513 0.0425481 0.0538462
0 0.0852515 0.55024 0.0355769 0.0168269 0.024359
0 0.0853802 0.678005 0.0235577 0.0334135 0.0471154
0 0.0875597 0.980409 0.756891 0.0372596 0.0637821
0 0.0886992 0.736779 0.660577 0.0278846 0.0615385
0 0.0916028 0.650841 0.803686 0.0382212 0.0580128
0 0.0961342 0.828005 0.264423 0.0401442 0.0602564
0 0.0989483 0.634014 0.132372 0.0444712 0.05
0 0.100167 0.519111 0.592308 0.0439904 0.0384615
0 0.100515 0.238582 0.669071 0.0550481 0.0554487
0 0.101804 0.750601 0.23125 0.0151442 0.0522436
0 0.10206 0.566947 0.0360577 0.0463942 0.0394231
0 0.107195 0.947837 0.754327 0.0288462 0.0451923
0 0.11035 0.53762 0.149519 0.0435096 0.0842949
0 0.115626 0.979567 0.415224 0.0360577 0.0522436
0 0.123412 0.559976 0.987019 0.0271635 0.0259615
0 0.123752 0.961779 0.754167 0.0548077 0.0628205
0 0.128017 0.632812 0.475641 0.0353365 0.0538462
0 0.129982 0.429688 0.930128 0.0536058 0.0717949
0 0.135347 0.635337 0.488301 0.0216346 0.0336538
0 0.137076 0.614062 0.148237 0.0314904 0.0464744
0 0.143219 0.857212 0.0330128 0.0206731 0.0544872
0 0.143372 0.553846 0.0357372 0.0326923 0.0330128
0 0.145365 0.535457 0.167628 0.0295673 0.0615385
0 0.150674 0.223558 0.650481 0.0793269 0.061859
0 0.15184 0.791106 0.573558 0.0394231 0.0637821
0 0.18776 0.605168 0.0176282 0.0391827 0.0352564
0 0.206892 0.955288 0.298237 0.06875 0.0490385
0 0.235468 0.802644 0.648237 0.0403846 0.0464744
0 0.254032 0.703726 0.491346 0.101683 0.0685897
0 0.255719 0.853966 0.229968 0.0271635 0.0400641
0 0.26706 0.378125 0.450321 0.0269231 0.0288462
0 0.276471 0.322476 0.493269 0.046875 0.0532051
0 0.280421 0.47488 0.142468 0.0372596 0.0407051
0 0.281715 0.669351 0.0195513 0.0310096 0.0365385
0 0.307615 0.635697 0.458654 0.0584135 0.0653846
0 0.326865 0.848678 0.690705 0.0483173 0.0371795
0 0.339581 0.551442 0.123397 0.0375 0.0455128
0 0.348814 0.646755 0.123237 0.0233173 0.0407051
0 0.495264 0.809976 0.258333 0.0689904 0.0647436
0 0.506996 0.69375 0.423718 0.128365 0.203846
0 0.507756 0.857212 0.0753205 0.0346154 0.0403846
0 0.533617 0.488822 0.15016 0.0603365 0.063141
0 0.536686 0.205769 0.635417 0.0519231 0.0483974
0 0.569817 0.801442 0.155769 0.0413462 0.0673077
0 0.596633 0.538462 0.67484 0.0403846 0.0650641
0 0.688494 0.947476 0.151763 0.0483173 0.0862179
