0 0.0313669 0.0163462 0.949679 0.0326923 0.100641
0 0.0359355 0.538582 0.446955 0.0766827 0.116346
0 0.0378667 0.738942 0.914103 0.0408654 0.0679487
0 0.0381837 0.0325721 0.974679 0.0651442 0.050641
0 0.0593185 0.127043 0.424199 0.0545673 0.0458333
0 0.0619046 0.634495 0.398397 0.0310096 0.0698718
0 0.0619741 0.988221 0.762019 0.0235577 0.0676282
0 0.0628553 0.766707 0.596955 0.040625 0.0733974
0 0.063315 0.160457 0.458974 0.0295673 0.074359
0 0.0692132 0.516827 0.502885 0.0480769 0.108333
0 0.0698042 0.848558 0.973878 0.075 0.0509615
0 0.0805602 0.804087 0.432372 0.0413462 0.0628205
0 0.0846997 0.684014 0.732372 0.0661058 0.0833333
0 0.0859997 0.623798 0.444872 0.04375 0.122436
0 0.0901769 0.744591 0.641667 0.0439904 0.0852564
0 0.103234 0.403245 0.529167 0.0444712 0.0557692
0 0.111583 0.420072 0.333173 0.034375 0.0682692
0 0.120323 0.633894 0.341346 0.0355769 0.0384615
0 0.13211 0.804207 0.951282 0.172356 0.0974359
0 0.163161 0.632091 0.410256 0.0425481 0.136538
0 0.171761 0.613341 0.461218 0.0353365 0.0897436
0 0.201382 0.139303 0.56266 0.0411058 0.0490385
0 0.228951 0.426923 0.596314 0.0408654 0.088782
0 0.238452 0.644351 0.383654 0.0564904 0.136538
0 0.242423 0.281851 0.403365 0.0338942 0.0862179
0 0.267675 0.538822 0.393269 0.0492788 0.0442308
0 0.289549 0.646514 0.26891 0.0415865 0.0461538
0 0.321803 0.730889 0.172276 0.0473558 0.0817308
0 0.358668 0.267428 0.404167 0.0680288 0.102564
0 0.364086 0.758293 0.627724 0.0569712 0.13109
0 0.364537 0.507812 0.483173 0.0334135 0.0951923
0 0.435657 0.545072 0.207051 0.0396635 0.0865385
0 0.442009 0.563221 0.455288 0.0384615 0.0875
0 0.452083 0.301442 0.555449 0.0206731 0.0608974
0 0.464208 0.0986779 0.491667 0.0540865 0.0673077
0 0.472858 0.793029 0.421314 0.0408654 0.0778846
0 0.493162 0.238702 0.479006 0.0451923 0.0701923
0 0.59314 0.088101 0.41891 0.0396635 0.0544872
0 0.631844 0.342788 0.589583 0.124519 0.1375
0 0.649668 0.63101 0.767468 0.0572115 0.129808
0 0.730335 0.187019 0.404487 0.0653846 0.099359
0 0.744932 0.545192 0.626282 0.0634615 0.113462
