0 0.0305444 0.45637 0.28141 0.0262019 0.0846154
0 0.0308385 0.85024 0.0411859 0.0225962 0.0349359
0 0.0310313 0.288101 0.729327 0.0377404 0.0464744
0 0.0326873 0.665625 0.494231 0.0524038 0.0878205
0 0.0327793 0.332452 0.0969551 0.0456731 0.124679
0 0.0329698 0.966947 0.0360577 0.0661058 0.0669872
0 0.0337707 0.988101 0.821154 0.0237981 0.0634615
0 0.0348983 0.802284 0.861859 0.0521635 0.0762821
0 0.0355019 0.657091 0.984295 0.0862981 0.025
0 0.0357581 0.502284 0.626442 0.0444712 0.116346
0 0.037175 0.0551683 0.0174679 0.0300481 0.0349359
0 0.0401487 0.158413 0.0855769 0.0173077 0.0371795
0 0.0414527 0.404928 0.353526 0.0329327 0.0346154
0 0.0428767 0.779207 0.0790064 0.0685096 0.0926282
0 0.045003 0.607572 0.331731 0.0459135 0.0480769
0 0.0458726 0.925361 0.788942 0.0334135 0.0407051
0 0.0486303 0.917308 0.0205128 0.0870192 0.0391026
0 0.0495633 0.932813 0.207853 0.0622596 0.0996795
0 0.051583 0.808774 0.0192308 0.0637019 0.0352564
0 0.0545731 0.288221 0.298237 0.0653846 0.0778846
0 0.0581895 0.572115 0.429647 0.0288462 0.0317308
0 0.058822 0.494591 0.570994 0.0526442 0.0907051
0 0.0609929 0.682212 0.488622 0.124038 0.114423
0 0.0669767 0.810337 0.74984 0.0331731 0.0830128
0 0.0700082 0.425361 0.263462 0.0233173 0.0384615
0 0.0717864 0.988462 0.742788 0.0230769 0.0445513
0 0.0750003 0.704687 0.0205128 0.0699519 0.0397436
0 0.0756089 0.743029 0.843269 0.0432692 0.0589744
0 0.0757891 0.274038 0.0299679 0.0206731 0.0464744
0 0.075966 0.803005 0.0698718 0.11226 0.132051
0 0.0763262 0.685938 0.969231 0.101202 0.0615385
0 0.0789291 0.0335337 0.0254808 0.0665865 0.0490385
0 0.0864093 0.75625 0.855609 0.0355769 0.0477564
0 0.0902851 0.955168 0.545513 0.0737981 0.117308
0 0.0922431 0.738942 0.975962 0.124038 0.0480769
0 0.0925961 0.637861 0.362981 0.0651442 0.124679
0 0.102135 0.473918 0.0483974 0.059375 0.0826923
0 0.102661 0.597716 0.945673 0.0449519 0.063141
0 0.115172 0.894351 0.0174679 0.0564904 0.0336538
0 0.122405 0.495793 0.14375 0.0512019 0.0701923
0 0.123492 0.635096 0.973397 0.0932692 0.050641
0 0.128128 0.341827 0.0389423 0.0331731 0.0727564
0 0.130029 0.61262 0.240705 0.0358173 0.0641026
0 0.132693 0.271995 0.0511218 0.0348558 0.0964744
0 0.132809 0.496034 0.0759615 0.0401442 0.075641
0 0.142599 0.602524 0.572115 0.0314904 0.0384615
0 0.147918 0.78738 0.784135 0.0574519 0.0669872
0 0.148377 0.590625 0.337179 0.0370192 0.0551282
0 0.150455 0.972115 0.555609 0.0475962 0.0746795
0 0.153216 0.960457 0.159135 0.0516827 0.122756
0 0.156639 0.615745 0.321795 0.0685096 0.0935897
0 0.158926 0.804447 0.695994 0.0310096 0.0490385
0 0.161972 0.782692 0.963301 0.0596154 0.0733974
0 0.169887 0.78113 0.860897 0.0675481 0.0685897
0 0.180233 0.933053 0.519872 0.0401442 0.0871795
0 0.188377 0.666106 0.632853 0.0461538 0.061859
0 0.208729 0.204567 0.255449 0.0495192 0.0801282
0 0.227457 0.727885 0.827404 0.0264423 0.0432692
0 0.230191 0.0139423 0.0538462 0.0278846 0.0955128
0 0.234111 0.906971 0.234135 0.0403846 0.0945513
0 0.234167 0.91262 0.783814 0.046875 0.0477564
0 0.271666 0.729447 0.485096 0.111779 0.131731
0 0.271728 0.975601 0.752724 0.0396635 0.0516026
0 0.281754 0.613221 0.962179 0.0644231 0.075
0 0.286431 0.51262 0.595192 0.034375 0.0826923
0 0.341346 0.500721 0.324519 0.0605769 0.0733974
0 0.387132 0.769351 0.211058 0.0622596 0.0701923
0 0.45989 0.498678 0.107212 0.0502404 0.134295
0 0.462434 0.952043 0.184455 0.0444712 0.0875
0 0.473517 0.186779 0.257212 0.0980769 0.0907051
0 0.485546 0.582212 0.710256 0.0572115 0.0596154
0 0.486449 0.46274 0.0317308 0.0519231 0.0634615
0 0.487425 0.276923 0.736218 0.0322115 0.0435897
0 0.491403 0.323678 0.124038 0.0420673 0.0961538
0 0.500211 0.868269 0.366987 0.0567308 0.150641
0 0.54597 0.650361 0.508494 0.0334135 0.0855769
0 0.551268 0.976442 0.809936 0.0418269 0.0673077
0 0.561535 0.975601 0.111699 0.0483173 0.0958333
0 0.564688 0.533534 0.327404 0.0516827 0.0939103
0 0.581614 0.965264 0.972436 0.0670673 0.0551282
0 0.622766 0.489904 0.662821 0.0413462 0.075
0 0.623305 0.648438 0.378686 0.0367788 0.101603
0 0.625083 0.435817 0.492468 0.0456731 0.0580128
0 0.636425 0.559255 0.527083 0.0579327 0.0900641
0 0.643205 0.585096 0.770513 0.0620192 0.0461538
0 0.651619 0.489183 0.321314 0.0298077 0.0560897
0 0.65442 0.586418 0.0629808 0.071875 0.125962
0 0.748211 0.390505 0.550962 0.0877404 0.111538
0 0.78579 0.474279 0.544872 0.0538462 0.098718
