0 0.0300799 0.125361 0.966667 0.0685096 0.0666667
0 0.0327418 0.843149 0.610897 0.0305288 0.0461538
0 0.0327807 0.108293 0.984295 0.0689904 0.0314103
0 0.0387022 0.889904 0.622917 0.0639423 0.0689103
0 0.0393266 0.14387 0.827885 0.111298 0.119872
0 0.0440357 0.192067 0.777564 0.115385 0.15641
0 0.0450749 0.616226 0.878526 0.0838942 0.148718
0 0.05953 0.707692 0.378045 0.0418269 0.0528846
0 0.0619436 0.732572 0.411378 0.0492788 0.106731
0 0.0802845 0.293029 0.448077 0.08125 0.14359
0 0.0811893 0.0335337 0.390385 0.0646635 0.254487
0 0.091739 0.646995 0.835256 0.0353365 0.0865385
0 0.138401 0.075601 0.955128 0.130048 0.0897436
0 0.148175 0.144351 0.663301 0.0377404 0.0695513
0 0.164181 0.315144 0.438301 0.0461538 0.127244
0 0.165453 0.80625 0.296635 0.0701923 0.155449
0 0.172079 0.230529 0.4375 0.0677885 0.171795
0 0.173429 0.719111 0.388141 0.0487981 0.0647436
0 0.221123 0.716106 0.464744 0.100481 0.198718
0 0.29794 0.172716 0.944551 0.0507212 0.0608974
0 0.335823 0.141947 0.551122 0.0713942 0.100962
0 0.336954 0.638341 0.858974 0.053125 0.127564
0 0.345859 0.495673 0.620192 0.0576923 0.0782051
0 0.372115 0.232332 0.758013 0.0752404 0.141026
0 0.373403 0.526082 0.525641 0.0550481 0.117949
0 0.405565 0.0317308 0.461699 0.0634615 0.127885
0 0.454115 0.221995 0.461859 0.131971 0.199359
0 0.467159 0.101923 0.952404 0.0600962 0.0951923
0 0.507002 0.426322 0.50641 0.0920673 0.100641
0 0.524776 0.110337 0.843269 0.0668269 0.0878205
0 0.537144 0.813341 0.947115 0.0387019 0.0782051
0 0.579185 0.857212 0.652404 0.119231 0.108013
0 0.588423 0.0379808 0.961218 0.0759615 0.0775641
0 0.612033 0.319952 0.598558 0.0894231 0.189423
0 0.640409 0.620313 0.524359 0.0766827 0.139103
0 0.661612 0.449159 0.817788 0.0430288 0.118269
0 0.672436 0.171995 0.810577 0.0675481 0.135897
0 0.732383 0.970793 0.204808 0.0584135 0.144872
0 0.747618 0.311779 0.846314 0.0600962 0.111218
