0 0.0302915 0.358293 0.985417 0.0512019 0.0253205
0 0.0304076 0.676803 0.542949 0.0536058 0.0692308
0 0.0309413 0.59988 0.982532 0.0771635 0.0349359
0 0.0321714 0.81899 0.983494 0.0514423 0.0310897
0 0.0323967 0.307692 0.151442 0.0528846 0.0439103
0 0.0324873 0.497476 0.319391 0.0478365 0.0663462
0 0.0326669 0.966346 0.0482372 0.0649038 0.088782
0 0.0341835 0.116346 0.767788 0.0274038 0.0266026
0 0.0343722 0.946274 0.0665064 0.0459135 0.0599359
0 0.0355762 0.696274 0.983494 0.0579327 0.0330128
0 0.0355886 0.919952 0.769872 0.0331731 0.0333333
0 0.0356631 0.0127404 0.954487 0.0254808 0.0910256
0 0.0365865 0.172356 0.651763 0.0346154 0.0439103
0 0.0379637 0.590745 0.207853 0.0314904 0.0625
0 0.0381905 0.0221154 0.969872 0.0432692 0.0602564
0 0.0382404 0.123317 0.182372 0.05625 0.0583333
0 0.0383089 0.682933 0.0153846 0.0557692 0.0307692
0 0.0388248 0.165264 0.721635 0.0194712 0.0330128
0 0.0415903 0.171274 0.622436 0.102644 0.0621795
0 0.0420156 0.535457 0.387821 0.0358173 0.0673077
0 0.0421857 0.0609375 0.785897 0.0329327 0.0307692
0 0.0442132 0.979087 0.476442 0.0413462 0.0560897
0 0.0448436 0.961779 0.760417 0.0418269 0.0496795
0 0.0461076 0.726803 0.974199 0.0526442 0.0503205
0 0.0464574 0.820913 0.746474 0.0447115 0.0519231
0 0.0467676 0.582692 0.986699 0.0706731 0.0208333
0 0.050286 0.246995 0.586538 0.0497596 0.0416667
0 0.0509343 0.49363 0.273718 0.0771635 0.0820513
0 0.0515893 0.562981 0.53734 0.0442308 0.0439103
0 0.0528378 0.577404 0.75641 0.0331731 0.0615385
0 0.0560342 0.605048 0.818109 0.0370192 0.0721154
0 0.0561481 0.0170673 0.738462 0.0288462 0.0358974
0 0.0564428 0.897596 0.893109 0.0456731 0.0355769
0 0.0564431 0.549519 0.530769 0.0326923 0.0371795
0 0.0573139 0.775841 0.194391 0.0204327 0.0298077
0 0.0575818 0.407212 0.984135 0.0754808 0.0266026
0 0.0581267 0.86851 0.975321 0.0899038 0.0480769
0 0.0593427 0.247476 0.210417 0.0382212 0.0477564
0 0.0594715 0.470313 0.241506 0.0521635 0.0669872
0 0.0602862 0.956971 0.472276 0.0860577 0.0580128
0 0.0605957 0.932091 0.767308 0.0411058 0.0339744
0 0.0631165 0.585337 0.427885 0.0427885 0.0564103
0 0.0642191 0.59387 0.784295 0.0512019 0.0724359
0 0.0650427 0.497596 0.341987 0.0375 0.0487179
0 0.0651942 0.830288 0.976122 0.0668269 0.0477564
0 0.0663677 0.504808 0.365064 0.0490385 0.0865385
0 0.067134 0.248437 0.875801 0.0314904 0.036859
0 0.0695343 0.517067 0.802404 0.0331731 0.0349359
0 0.0724405 0.986538 0.936218 0.0269231 0.0955128
0 0.074195 0.211418 0.556731 0.0189904 0.0262821
0 0.0761212 0.484255 0.245032 0.0911058 0.100321
0 0.0778999 0.430409 0.98125 0.0771635 0.0375
0 0.0803869 0.561659 0.983173 0.0925481 0.0336538
0 0.0817267 0.776442 0.170032 0.0317308 0.0483974
0 0.0818528 0.413462 0.728846 0.0692308 0.0391026
0 0.0861991 0.0950721 0.770032 0.0411058 0.0336538
0 0.0875029 0.663221 0.939904 0.0514423 0.0439103
0 0.0918639 0.89363 0.0169872 0.0685096 0.0326923
0 0.0934394 0.706971 0.950641 0.0399038 0.0820513
0 0.0940607 0.242909 0.14359 0.0382212 0.0608974
0 0.0950566 0.572957 0.770353 0.0257212 0.0413462
0 0.0955043 0.290865 0.986378 0.0394231 0.0272436
0 0.0974924 0.975962 0.755609 0.0442308 0.0605769
0 0.103468 0.982813 0.0248397 0.034375 0.0496795
0 0.103819 0.0450721 0.974359 0.0819712 0.0512821
0 0.10639 0.701923 0.657692 0.0331731 0.0525641
0 0.109577 0.387981 0.466827 0.0600962 0.0746795
0 0.11683 0.387139 0.98125 0.0742788 0.0375
0 0.117293 0.0301683 0.81875 0.0512019 0.0650641
0 0.118275 0.972837 0.889103 0.0495192 0.0628205
0 0.135218 0.580048 0.535737 0.0163462 0.0355769
0 0.135914 0.147837 0.0192308 0.0668269 0.0384615
0 0.147161 0.525481 0.941667 0.0576923 0.0762821
0 0.148789 0.197476 0.297436 0.110817 0.184615
0 0.158875 0.0194712 0.797596 0.0379808 0.0400641
0 0.162089 0.672837 0.561378 0.0740385 0.0599359
0 0.16284 0.323558 0.587821 0.0389423 0.0801282
0 0.169935 0.417548 0.554968 0.0533654 0.0503205
0 0.177512 0.236538 0.197276 0.0336538 0.0291667
0 0.179687 0.983534 0.903365 0.0314904 0.0740385
0 0.199137 0.0362981 0.840224 0.0408654 0.0330128
0 0.205056 0.98738 0.258814 0.0252404 0.0413462
0 0.224598 0.957812 0.874519 0.0737981 0.0554487
0 0.243713 0.384736 0.725481 0.0415865 0.0400641
0 0.254654 0.178846 0.775962 0.0225962 0.0378205
0 0.260966 0.186178 0.645994 0.0627404 0.0516026
0 0.267277 0.303125 0.281891 0.0278846 0.0785256
0 0.280203 0.403606 0.566186 0.0379808 0.0375
0 0.280652 0.611538 0.796474 0.0317308 0.074359
0 0.291959 0.43137 0.735256 0.0430288 0.0397436
0 0.300724 0.16899 0.78093 0.0399038 0.0471154
0 0.377702 0.326683 0.145192 0.0379808 0.0467949
0 0.380697 0.158774 0.784776 0.0262019 0.0387821
0 0.411836 0.29387 0.195994 0.0526442 0.0458333
0 0.415929 0.708413 0.969712 0.0605769 0.0605769
0 0.42571 0.34976 0.93782 0.0384615 0.0467949
0 0.439117 0.185817 0.985096 0.0423077 0.0298077
0 0.443765 0.215024 0.909455 0.0276442 0.036218
0 0.452133 0.464904 0.392147 0.0326923 0.0592949
0 0.453152 0.620673 0.326122 0.0442308 0.0701923
0 0.470927 0.515986 0.385897 0.0713942 0.075641
0 0.482124 0.597476 0.191026 0.0430288 0.0839744
0 0.528598 0.235457 0.123077 0.0430288 0.0923077
0 0.535069 0.435577 0.535577 0.0552885 0.0653846
0 0.53758 0.409856 0.465865 0.0350962 0.0753205
0 0.561247 0.371875 0.462821 0.0394231 0.0589744
0 0.590084 0.321635 0.515705 0.0451923 0.0397436
0 0.614758 0.659495 0.829487 0.0637019 0.0858974
0 0.66713 0.660697 0.378526 0.0588942 0.0769231
