0 0.0300014 0.0918269 0.111538 0.0418269 0.0320513
0 0.0319161 0.576923 0.98125 0.0836538 0.0375
0 0.0320632 0.158654 0.0934295 0.0658654 0.116346
0 0.0335189 0.107813 0.928526 0.0555288 0.107051
0 0.0337782 0.105048 0.125641 0.0701923 0.0929487
0 0.0341342 0.238101 0.43125 0.0728365 0.0855769
0 0.0405232 0.101322 0.122276 0.0564904 0.0400641
0 0.0426728 0.462019 0.652244 0.0375 0.0628205
0 0.0436727 0.0871394 0.0738782 0.0185096 0.0375
0 0.0509135 0.613462 0.486859 0.0283654 0.0358974
0 0.0545028 0.176923 0.0501603 0.0350962 0.0573718
0 0.0588201 0.87488 0.978205 0.0641827 0.0435897
0 0.0600312 0.14988 0.0956731 0.0353365 0.0451923
0 0.0631464 0.686899 0.013141 0.0564904 0.0262821
0 0.064424 0.547837 0.708173 0.0490385 0.061859
0 0.0824669 0.083774 0.809776 0.021875 0.0317308
0 0.0838992 0.671154 0.980929 0.0427885 0.038141
0 0.0965645 0.189423 0.0358974 0.0278846 0.0365385
0 0.0976269 0.601803 0.019391 0.0334135 0.0387821
0 0.10191 0.0117788 0.371314 0.0235577 0.0727564
0 0.114605 0.115264 0.130609 0.0954327 0.155449
0 0.12356 0.230409 0.411859 0.0603365 0.0442308
0 0.124927 0.0878606 0.152885 0.0617788 0.0608974
0 0.150303 0.226202 0.474038 0.0524038 0.050641
0 0.174449 0.157933 0.088782 0.0427885 0.0692308
0 0.182648 0.0695913 0.274679 0.120433 0.0602564
0 0.185391 0.697957 0.0206731 0.053125 0.0407051
0 0.185639 0.680769 0.972115 0.0533654 0.0519231
0 0.188925 0.102644 0.173718 0.0735577 0.112179
0 0.233047 0.0300481 0.816026 0.0274038 0.0346154
0 0.239735 0.0716346 0.165705 0.0365385 0.0512821
0 0.354994 0.113101 0.13766 0.0540865 0.0490385
0 0.356315 0.107212 0.210256 0.0596154 0.0711538
0 0.395156 0.476803 0.38125 0.053125 0.063141
0 0.451617 0.166707 0.0727564 0.0286058 0.0467949
0 0.611409 0.636298 0.0400641 0.0288462 0.05
0 0.623298 0.502163 0.473237 0.03125 0.0490385
0 0.639974 0.0171875 0.677724 0.034375 0.063141
