0 0.0311228 0.45649 0.770673 0.0504808 0.036859
0 0.032089 0.426082 0.560897 0.0223558 0.0294872
0 0.0347123 0.12524 0.224038 0.0399038 0.0532051
0 0.0379826 0.982332 0.739583 0.034375 0.0490385
0 0.0410843 0.156851 0.226282 0.0526442 0.0801282
0 0.0535804 0.314183 0.160096 0.03125 0.0464744
0 0.0573998 0.765024 0.129167 0.0439904 0.0474359
0 0.0681547 0.413582 0.607372 0.0396635 0.0429487
0 0.0744304 0.444231 0.983333 0.0533654 0.0294872
0 0.0831302 0.582212 0.0496795 0.0192308 0.0448718
0 0.280731 0.451442 0.785737 0.0673077 0.0733974
0 0.293001 0.423438 0.711378 0.0358173 0.0522436
0 0.338189 0.429928 0.454647 0.0459135 0.0477564
