0 0.0300408 0.241587 0.803686 0.0221154 0.0612179
0 0.0301985 0.542668 0.0546474 0.0310096 0.036859
0 0.0306393 0.282452 0.165545 0.0379808 0.0375
0 0.0315076 0.323077 0.714423 0.0360577 0.0461538
0 0.0318233 0.0876202 0.48141 0.0382212 0.0519231
0 0.0318993 0.490505 0.442468 0.0483173 0.0516026
0 0.0321046 0.320913 0.600481 0.0442308 0.0516026
0 0.0323029 0.610577 0.0669872 0.0399038 0.105128
0 0.0330669 0.244111 0.109135 0.0242788 0.0419872
0 0.0353181 0.0165865 0.550481 0.0331731 0.0490385
0 0.0359644 0.266346 0.59343 0.00865385 0.0400641
0 0.0360765 0.585697 0.359135 0.0132212 0.0323718
0 0.0368153 0.00961538 0.873718 0.01875 0.0762821
0 0.0379273 0.259976 0.800321 0.0425481 0.0820513
0 0.0388581 0.476202 0.441987 0.0230769 0.0269231
0 0.0390481 0.670793 0.0136218 0.0372596 0.0259615
0 0.0430527 0.223678 0.414103 0.0185096 0.0448718
0 0.0434726 0.802284 0.688141 0.0310096 0.0512821
0 0.0435623 0.419231 0.217468 0.0211538 0.0413462
0 0.0444004 0.136418 0.011859 0.0526442 0.0237179
0 0.0447005 0.628125 0.0838141 0.0461538 0.0791667
0 0.0471126 0.0120192 0.844231 0.0235577 0.110256
0 0.0472469 0.631971 0.011859 0.0413462 0.0237179
0 0.0472749 0.1625 0.599679 0.0216346 0.0282051
0 0.0476292 0.511178 0.56266 0.0338942 0.036218
0 0.0484805 0.913702 0.442147 0.0360577 0.0663462
0 0.049272 0.0185096 0.621635 0.0370192 0.110577
0 0.0496641 0.180769 0.938622 0.0620192 0.116987
0 0.0497702 0.46863 0.445513 0.0257212 0.0314103
0 0.050301 0.569832 0.0200321 0.0189904 0.0387821
0 0.0509858 0.109135 0.971154 0.100962 0.0576923
0 0.0595735 0.271034 0.773558 0.0290865 0.086859
0 0.0630498 0.408053 0.46891 0.0266827 0.0384615
0 0.066161 0.170553 0.909936 0.0314904 0.0628205
0 0.0665646 0.653726 0.274199 0.0372596 0.116346
0 0.0764053 0.502524 0.43141 0.0242788 0.0333333
0 0.0766308 0.182933 0.0189103 0.105288 0.0320513
0 0.0776009 0.0858173 0.475481 0.0201923 0.0407051
0 0.0779335 0.151923 0.458173 0.0298077 0.0394231
0 0.0785129 0.512139 0.425 0.046875 0.0589744
0 0.079475 0.541707 0.314263 0.0411058 0.061859
0 0.0809965 0.0310096 0.983974 0.0519231 0.0301282
0 0.0831056 0.215865 0.420513 0.0341346 0.050641
0 0.0853957 0.159976 0.973397 0.0911058 0.0480769
0 0.0860167 0.32512 0.375801 0.0372596 0.0689103
0 0.0985442 0.536779 0.0599359 0.0581731 0.0621795
0 0.103737 0.45601 0.445513 0.0278846 0.0487179
0 0.105838 0.820312 0.796795 0.0444712 0.0641026
0 0.112071 0.460697 0.450801 0.0180288 0.0317308
0 0.121996 0.0198317 0.854808 0.0396635 0.0705128
0 0.125961 0.391466 0.160417 0.0762019 0.0964744
0 0.135411 0.417188 0.830769 0.0314904 0.0551282
0 0.135561 0.15649 0.0136218 0.0644231 0.0240385
0 0.136894 0.316106 0.584776 0.025 0.036218
0 0.14245 0.448678 0.434135 0.0237981 0.0432692
0 0.145084 0.027524 0.851603 0.0372596 0.0416667
0 0.145964 0.021274 0.954487 0.0420673 0.0910256
0 0.155622 0.459615 0.280128 0.0423077 0.0673077
0 0.159721 0.078726 0.985417 0.0372596 0.0272436
0 0.179978 0.507572 0.322596 0.0233173 0.0535256
0 0.180499 0.32512 0.358654 0.028125 0.0461538
0 0.18317 0.518269 0.573718 0.0375 0.0576923
0 0.18992 0.335938 0.733333 0.0694712 0.101282
0 0.202041 0.555769 0.0660256 0.0533654 0.0621795
0 0.204195 0.168269 0.863462 0.0317308 0.0410256
0 0.207702 0.164663 0.457853 0.0451923 0.0464744
0 0.209153 0.75012 0.296955 0.0137019 0.0496795
0 0.227428 0.49399 0.391667 0.0480769 0.0339744
0 0.250435 0.0841346 0.975321 0.0543269 0.0480769
0 0.251881 0.261298 0.237019 0.0139423 0.0432692
0 0.256169 0.530168 0.436218 0.0271635 0.0333333
0 0.275483 0.253365 0.677724 0.0288462 0.0426282
0 0.279686 0.0383413 0.969391 0.0622596 0.0586538
0 0.281825 0.0652644 0.970833 0.0603365 0.0525641
0 0.285258 0.271394 0.338782 0.0235577 0.0352564
0 0.300584 0.344952 0.0461538 0.0581731 0.0923077
0 0.312367 0.271394 0.753365 0.025 0.0413462
0 0.32945 0.505649 0.061859 0.046875 0.0955128
0 0.335156 0.201803 0.960256 0.0459135 0.0730769
0 0.346953 0.149519 0.606731 0.0264423 0.0339744
0 0.393968 0.166947 0.884295 0.0367788 0.0884615
0 0.418329 0.114063 0.978045 0.0382212 0.0439103
0 0.440114 0.345793 0.923718 0.0314904 0.0474359
0 0.461804 0.563341 0.393109 0.0362981 0.0535256
0 0.467335 0.0239183 0.585096 0.0459135 0.0971154
0 0.483356 0.253606 0.876442 0.0413462 0.0676282
0 0.488297 0.844952 0.0241987 0.0259615 0.0483974
0 0.533491 0.324159 0.403365 0.0497596 0.0727564
0 0.544241 0.617909 0.103686 0.0670673 0.133013
0 0.585072 0.384014 0.616667 0.0276442 0.0429487
0 0.585889 0.531731 0.519231 0.0375 0.0429487
0 0.588047 0.50601 0.650962 0.0432692 0.0916667
0 0.591865 0.708534 0.0416667 0.0502404 0.0730769
0 0.602626 0.318389 0.74968 0.0444712 0.0814103
0 0.614266 0.105168 0.724199 0.0641827 0.100321
0 0.66591 0.661058 0.230449 0.0586538 0.189744
0 0.666314 0.105168 0.417628 0.0569712 0.0628205
0 0.666785 0.319231 0.617308 0.0629808 0.0583333
0 0.716877 0.367308 0.7125 0.0447115 0.105769
0 0.727973 0.174399 0.280929 0.065625 0.0663462
0 0.728481 0.0905048 0.547917 0.0762019 0.088782
