0 0.030204 0.115986 0.533654 0.0487981 0.0794872
0 0.0330702 0.453005 0.485096 0.0512019 0.0733974
0 0.0333979 0.616707 0.58734 0.0362981 0.0855769
0 0.0336693 0.184014 0.519391 0.0199519 0.0439103
0 0.0337054 0.335697 0.36266 0.0516827 0.0945513
0 0.0356356 0.0965144 0.98109 0.071875 0.0378205
0 0.0359523 0.357452 0.497596 0.0278846 0.0336538
0 0.0384158 0.549038 0.613462 0.0408654 0.0487179
0 0.0394219 0.378966 0.283333 0.0242788 0.0333333
0 0.0397074 0.865144 0.791827 0.0225962 0.0419872
0 0.0423094 0.578245 0.491667 0.0545673 0.0794872
0 0.043107 0.983894 0.895192 0.0298077 0.125641
0 0.0447188 0.434856 0.44359 0.0350962 0.0467949
0 0.0452629 0.0372596 0.635256 0.0735577 0.0480769
0 0.0453435 0.984615 0.8375 0.0283654 0.135897
0 0.0454502 0.471034 0.503045 0.0507212 0.0503205
0 0.0496062 0.313822 0.195994 0.0411058 0.0592949
0 0.0524083 0.13137 0.580929 0.0540865 0.0317308
0 0.0532903 0.422957 0.539744 0.0915865 0.0698718
0 0.0536338 0.212139 0.55625 0.0382212 0.0958333
0 0.0632322 0.298798 0.379968 0.0139423 0.0483974
0 0.0705286 0.352404 0.328686 0.0240385 0.0637821
0 0.075402 0.146995 0.582372 0.0838942 0.0673077
0 0.0887061 0.614543 0.54359 0.0276442 0.050641
0 0.0949393 0.978005 0.986218 0.0439904 0.0275641
0 0.10693 0.0100962 0.632212 0.0177885 0.0330128
0 0.119683 0.982692 0.722596 0.0346154 0.0451923
0 0.121276 0.38101 0.463942 0.0221154 0.0471154
0 0.123422 0.202284 0.478526 0.0435096 0.0564103
0 0.147935 0.524279 0.539263 0.0360577 0.0548077
0 0.156487 0.19399 0.467788 0.0759615 0.197756
0 0.166094 0.0560096 0.9625 0.0466346 0.0467949
0 0.181662 0.989303 0.808333 0.0213942 0.100641
0 0.187844 0.182212 0.441667 0.0639423 0.115385
0 0.191614 0.447716 0.463942 0.0372596 0.0554487
0 0.211866 0.0762019 0.987019 0.0524038 0.0259615
0 0.216694 0.0617788 0.96907 0.0836538 0.0560897
0 0.218451 0.613462 0.558654 0.0365385 0.0891026
0 0.267161 0.531731 0.516506 0.124038 0.102885
0 0.271773 0.471755 0.525641 0.0560096 0.0794872
0 0.274369 0.195433 0.478045 0.0591346 0.109936
0 0.280105 0.0667067 0.646314 0.0617788 0.0426282
0 0.326568 0.205769 0.539423 0.0350962 0.0519231
0 0.338109 0.571995 0.558173 0.0925481 0.154167
0 0.37654 0.559976 0.603045 0.0588942 0.0740385
0 0.382277 0.350361 0.315385 0.015625 0.0371795
0 0.406268 0.442548 0.547596 0.0471154 0.0605769
0 0.426599 0.786538 0.537981 0.0302885 0.0516026
0 0.444101 0.302163 0.508013 0.0360577 0.075641
0 0.447349 0.233173 0.0991987 0.0567308 0.0900641
0 0.449715 0.501082 0.53109 0.0689904 0.0820513
0 0.452111 0.250962 0.492468 0.0317308 0.0644231
0 0.46737 0.103125 0.507853 0.0442308 0.0503205
0 0.497034 0.163822 0.596795 0.0603365 0.107051
0 0.525591 0.571154 0.498397 0.0884615 0.110897
0 0.557165 0.206611 0.402885 0.0420673 0.073718
0 0.560127 0.318269 0.388141 0.0629808 0.0942308
0 0.616337 0.686058 0.25016 0.0451923 0.0791667
0 0.621345 0.662139 0.396635 0.0300481 0.0528846
0 0.621448 0.40637 0.379327 0.0358173 0.0721154
0 0.623471 0.93738 0.927724 0.117548 0.0945513
0 0.627899 0.401563 0.525801 0.0560096 0.0522436
0 0.679668 0.807813 0.814263 0.0699519 0.0516026
0 0.725791 0.238221 0.368429 0.0408654 0.0939103
0 0.751337 0.690986 0.579006 0.0670673 0.0983974
0 0.786844 0.429327 0.617468 0.0567308 0.0541667
