0 0.0305287 0.51887 0.324679 0.0435096 0.049359
0 0.0305426 0.638462 0.476442 0.0475962 0.0592949
0 0.0308173 0.385577 0.582532 0.0370192 0.0477564
0 0.0311172 0.497356 0.0235577 0.0365385 0.0471154
0 0.0313355 0.354447 0.570192 0.0646635 0.049359
0 0.03142 0.439904 0.0326923 0.0370192 0.0544872
0 0.0314379 0.622236 0.557051 0.0444712 0.0512821
0 0.0323809 0.396755 0.341827 0.0411058 0.0496795
0 0.0333855 0.154327 0.335897 0.0346154 0.0403846
0 0.0335465 0.411298 0.60609 0.0427885 0.0410256
0 0.0345645 0.373918 0.513301 0.0483173 0.036218
0 0.0355493 0.65012 0.463141 0.0319712 0.0423077
0 0.0389687 0.595793 0.98766 0.0382212 0.0246795
0 0.0392908 0.299399 0.0123397 0.0372596 0.0240385
0 0.0431083 0.344351 0.0176282 0.065625 0.0352564
0 0.0433975 0.260337 0.3875 0.0605769 0.0435897
0 0.0458884 0.163582 0.252564 0.0310096 0.0608974
0 0.0475273 0.415625 0.0282051 0.0413462 0.0403846
0 0.0490928 0.335697 0.0126603 0.0569712 0.0208333
0 0.0539442 0.297957 0.0275641 0.0396635 0.0467949
0 0.058446 0.855649 0.622276 0.0536058 0.0400641
0 0.060022 0.36863 0.0320513 0.0992788 0.0641026
0 0.0631625 0.634495 0.525321 0.0237981 0.0596154
0 0.0633022 0.396755 0.0139423 0.0444712 0.0227564
0 0.070131 0.796514 0.872596 0.0997596 0.127244
0 0.0715837 0.724159 0.4625 0.0257212 0.0564103
0 0.0717143 0.35601 0.828526 0.0475962 0.049359
0 0.0732417 0.981611 0.964423 0.0367788 0.0711538
0 0.0779205 0.3625 0.0222756 0.0682692 0.0387821
0 0.08888 0.325721 0.115865 0.0514423 0.0689103
0 0.0889089 0.46875 0.530609 0.0754808 0.0522436
0 0.0902327 0.678005 0.386218 0.0242788 0.0339744
0 0.092434 0.4 0.0272436 0.0346154 0.0397436
0 0.10781 0.39387 0.0286859 0.065625 0.0496795
0 0.10983 0.670913 0.510897 0.0408654 0.0692308
0 0.113328 0.327524 0.630769 0.0266827 0.0198718
0 0.115417 0.441226 0.0225962 0.0627404 0.0407051
0 0.119903 0.458894 0.458173 0.0423077 0.0419872
0 0.134325 0.414663 0.636218 0.0629808 0.074359
0 0.142949 0.355529 0.0142628 0.0495192 0.0227564
0 0.159491 0.446635 0.522596 0.0581731 0.0445513
0 0.162207 0.649639 0.593109 0.0401442 0.0548077
0 0.165018 0.298077 0.0451923 0.0336538 0.0480769
0 0.185295 0.977043 0.661699 0.0112981 0.0445513
0 0.207357 0.384495 0.520994 0.0338942 0.0375
0 0.214069 0.387139 0.38766 0.0324519 0.0509615
0 0.218617 0.257812 0.222917 0.0449519 0.0426282
0 0.219555 0.469231 0.0161859 0.0466346 0.0323718
0 0.225773 0.741947 0.478205 0.0290865 0.0378205
0 0.231588 0.586298 0.647115 0.0663462 0.0474359
0 0.232396 0.716106 0.445192 0.0158654 0.0378205
0 0.24873 0.015625 0.380288 0.03125 0.0810897
0 0.258175 0.31238 0.408814 0.0112981 0.0355769
0 0.262528 0.483534 0.0208333 0.0463942 0.0416667
0 0.262769 0.527524 0.389904 0.0896635 0.088141
0 0.269934 0.510457 0.64375 0.0637019 0.0701923
0 0.276919 0.704928 0.605449 0.0747596 0.0884615
0 0.282129 0.417909 0.620353 0.0435096 0.0413462
0 0.315668 0.888582 0.636218 0.0430288 0.0692308
0 0.323151 0.405168 0.0370192 0.0290865 0.036859
0 0.327372 0.454087 0.828846 0.0221154 0.0474359
0 0.368737 0.864423 0.631891 0.0798077 0.0605769
0 0.445381 0.341827 0.559455 0.0432692 0.0387821
0 0.466563 0.628245 0.538622 0.0319712 0.0644231
0 0.471999 0.401683 0.327885 0.0317308 0.0378205
0 0.475045 0.398918 0.652885 0.0425481 0.0583333
0 0.488957 0.666947 0.388141 0.0449519 0.0397436
0 0.490629 0.301923 0.143269 0.0259615 0.0391026
0 0.491468 0.151803 0.352564 0.0314904 0.0557692
0 0.521417 0.317067 0.484295 0.0365385 0.0467949
0 0.551346 0.630168 0.405609 0.0319712 0.0522436
0 0.586985 0.330769 0.276442 0.0341346 0.0599359
0 0.605245 0.490865 0.536859 0.0427885 0.0461538
0 0.62914 0.117067 0.230449 0.109135 0.0576923
0 0.744637 0.564183 0.270353 0.0658654 0.0823718
