0 0.0300997 0.453005 0.394391 0.0411058 0.0413462
0 0.0305883 0.375361 0.436538 0.0314904 0.0365385
0 0.030618 0.377163 0.0780449 0.0336538 0.0419872
0 0.0309694 0.0901442 0.917628 0.0923077 0.0621795
0 0.0313931 0.721755 0.979167 0.0651442 0.0403846
0 0.0315278 0.66851 0.869231 0.0514423 0.0525641
0 0.0315696 0.982692 0.55609 0.0346154 0.189103
0 0.03182 0.204447 0.973718 0.110817 0.0461538
0 0.0323876 0.522356 0.0527244 0.0490385 0.0849359
0 0.0324682 0.153486 0.88734 0.0377404 0.0451923
0 0.0326124 0.174639 0.0724359 0.0449519 0.0442308
0 0.0337792 0.0104567 0.985256 0.0209135 0.0294872
0 0.0341907 0.48774 0.548558 0.0326923 0.0253205
0 0.034193 0.750721 0.155288 0.0182692 0.0407051
0 0.0342302 0.0870192 0.0171474 0.0475962 0.0342949
0 0.0348092 0.282813 0.570833 0.0651442 0.0692308
0 0.0353907 0.702404 0.442308 0.0807692 0.0660256
0 0.0356006 0.259014 0.582853 0.0396635 0.0541667
0 0.0357936 0.43113 0.607051 0.0641827 0.098718
0 0.0359961 0.0532452 0.720353 0.034375 0.0400641
0 0.0362531 0.240865 0.21234 0.0211538 0.0221154
0 0.0363151 0.470673 0.410096 0.0350962 0.0400641
0 0.0379319 0.677885 0.659295 0.0528846 0.0576923
0 0.0379691 0.232933 0.15641 0.0346154 0.0647436
0 0.0386126 0.487981 0.566667 0.0389423 0.0647436
0 0.0386965 0.68137 0.946955 0.0372596 0.0471154
0 0.0391672 0.467788 0.488782 0.0514423 0.0698718
0 0.0395464 0.359495 0.590865 0.0420673 0.0554487
0 0.039621 0.499519 0.580609 0.0355769 0.0817308
0 0.0397316 0.375841 0.662179 0.0512019 0.0391026
0 0.0408549 0.381611 0.335256 0.0305288 0.0538462
0 0.0410634 0.361058 0.400962 0.0278846 0.0467949
0 0.0413505 0.0426683 0.0184295 0.0507212 0.0355769
0 0.0426965 0.665745 0.611538 0.0805288 0.164103
0 0.0427858 0.0550481 0.0136218 0.0427885 0.0272436
0 0.0429024 0.447476 0.624038 0.0286058 0.0487179
0 0.0430048 0.495553 0.0790064 0.0199519 0.0323718
0 0.0464761 0.773438 0.0134615 0.0338942 0.0262821
0 0.0465392 0.89363 0.505769 0.0521635 0.0698718
0 0.0471885 0.459014 0.410256 0.0420673 0.0634615
0 0.0473574 0.535577 0.525962 0.0591346 0.0660256
0 0.0479987 0.982572 0.486538 0.0334135 0.187179
0 0.0484046 0.0209135 0.479167 0.0418269 0.119872
0 0.048531 0.460457 0.604167 0.0473558 0.0698718
0 0.0511048 0.459255 0.429327 0.0257212 0.038141
0 0.0512382 0.526923 0.888782 0.0514423 0.0955128
0 0.0527376 0.01875 0.0179487 0.0375 0.0307692
0 0.056307 0.353486 0.682532 0.0560096 0.0560897
0 0.0568606 0.342668 0.211058 0.0516827 0.0426282
0 0.0569281 0.485337 0.0387821 0.0269231 0.0474359
0 0.0584018 0.677404 0.677885 0.0677885 0.0673077
0 0.0602701 0.668269 0.389583 0.0336538 0.038141
0 0.0616486 0.0135817 0.0262821 0.0237981 0.0467949
0 0.0626225 0.593269 0.121154 0.0533654 0.05
0 0.063731 0.643149 0.561058 0.0435096 0.0990385
0 0.0644287 0.56875 0.499038 0.0423077 0.0583333
0 0.0650004 0.0263221 0.889103 0.0478365 0.0762821
0 0.0672693 0.160216 0.873718 0.040625 0.0416667
0 0.0677551 0.347596 0.704968 0.0807692 0.0733974
0 0.0757849 0.675601 0.383333 0.0435096 0.0621795
0 0.0774986 0.0640625 0.926603 0.105048 0.0891026
0 0.0876949 0.0554087 0.024359 0.0834135 0.0487179
0 0.0884302 0.671635 0.560256 0.0475962 0.0583333
0 0.0913631 0.582812 0.460737 0.0295673 0.0580128
0 0.0929959 0.654808 0.591827 0.0350962 0.0772436
0 0.093061 0.49988 0.0714744 0.0300481 0.0410256
0 0.094696 0.978846 0.619712 0.0418269 0.0669872
0 0.0953574 0.200601 0.896314 0.0603365 0.0862179
0 0.108596 0.59399 0.429647 0.0538462 0.0400641
0 0.111161 0.670793 0.63734 0.0771635 0.0541667
0 0.119668 0.0552885 0.375321 0.104327 0.075
0 0.122515 0.370913 0.580769 0.0432692 0.0602564
0 0.129562 0.474399 0.59375 0.0295673 0.0637821
0 0.137525 0.58125 0.433173 0.0278846 0.0310897
0 0.14032 0.662139 0.614423 0.0670673 0.0871795
0 0.147271 0.36262 0.669231 0.0262019 0.0365385
0 0.150267 0.16875 0.977724 0.075 0.0445513
0 0.154829 0.41274 0.601923 0.05625 0.0794872
0 0.155408 0.736298 0.38141 0.138462 0.142949
0 0.15824 0.660216 0.576442 0.0588942 0.101603
0 0.158628 0.187019 0.155609 0.0153846 0.0375
0 0.169422 0.314784 0.269712 0.0401442 0.0650641
0 0.169675 0.760337 0.0206731 0.0451923 0.0413462
0 0.171802 0.528125 0.78141 0.0451923 0.0647436
0 0.180142 0.195433 0.287981 0.0495192 0.0682692
0 0.182389 0.213582 0.941506 0.0387019 0.0586538
0 0.186526 0.567548 0.0259615 0.0235577 0.0480769
0 0.192563 0.11226 0.394231 0.0543269 0.0532051
0 0.200375 0.227885 0.642308 0.0269231 0.0365385
0 0.200899 0.741346 0.337179 0.16875 0.101923
0 0.236101 0.378486 0.165705 0.0396635 0.0685897
0 0.252757 0.11226 0.331731 0.102404 0.0903846
0 0.264463 0.868149 0.526122 0.0704327 0.0983974
0 0.286186 0.783534 0.213462 0.0358173 0.0333333
0 0.287624 0.034976 0.944231 0.0608173 0.0705128
0 0.28813 0.419231 0.0137821 0.0475962 0.0275641
0 0.310419 0.377163 0.321154 0.0447115 0.0429487
0 0.315 0.454928 0.782372 0.0435096 0.0532051
0 0.316133 0.0322115 0.666026 0.05 0.0467949
0 0.324558 0.729447 0.43109 0.10601 0.0820513
0 0.334756 0.197957 0.558013 0.034375 0.0352564
0 0.338707 0.176683 0.87484 0.0625 0.0496795
0 0.359405 0.423798 0.447115 0.0375 0.0634615
0 0.375729 0.580889 0.474199 0.0237981 0.0298077
0 0.393075 0.552404 0.517308 0.05625 0.0589744
0 0.396315 0.412019 0.710256 0.0798077 0.0570513
0 0.411283 0.502885 0.0491987 0.0475962 0.088782
0 0.412425 0.277524 0.153365 0.0492788 0.0701923
0 0.450715 0.962019 0.075 0.0668269 0.0884615
0 0.470846 0.659736 0.78109 0.0646635 0.0698718
0 0.484554 0.483774 0.475641 0.0752404 0.0647436
0 0.485043 0.206971 0.925641 0.0567308 0.0891026
0 0.504952 0.366466 0.417147 0.0314904 0.0676282
0 0.53857 0.557332 0.834936 0.126202 0.205769
0 0.545982 0.129327 0.924679 0.0557692 0.05
0 0.55512 0.479207 0.306731 0.0516827 0.0974359
0 0.562745 0.0984375 0.0253205 0.0603365 0.050641
0 0.571337 0.213582 0.826442 0.0463942 0.0708333
0 0.574889 0.332692 0.695192 0.0471154 0.0602564
0 0.58887 0.0284856 0.0277244 0.0550481 0.0522436
0 0.592676 0.232572 0.15016 0.0286058 0.0330128
0 0.596942 0.774639 0.561699 0.059375 0.0766026
0 0.598344 0.589663 0.135897 0.0764423 0.0807692
0 0.676051 0.0241587 0.372917 0.0483173 0.0625
0 0.687874 0.390986 0.0778846 0.0497596 0.0474359
0 0.691348 0.461178 0.0919872 0.0435096 0.0641026
0 0.705859 0.716947 0.150641 0.0396635 0.0833333
0 0.735923 0.582572 0.246635 0.0617788 0.0650641
