0 0.0311006 0.920673 0.934455 0.0475962 0.0400641
0 0.034453 0.609856 0.747115 0.0485577 0.0487179
0 0.0359262 0.194471 0.821314 0.0379808 0.0573718
0 0.0364979 0.904928 0.946474 0.065625 0.0679487
0 0.0392538 0.85637 0.319872 0.0367788 0.0769231
0 0.0392951 0.517187 0.87532 0.0550481 0.0461538
0 0.0395478 0.684495 0.939744 0.0338942 0.0480769
0 0.0402969 0.183534 0.830769 0.034375 0.0429487
0 0.0404254 0.471394 0.980609 0.0600962 0.0272436
0 0.0422923 0.376082 0.0607372 0.0300481 0.0464744
0 0.0430602 0.517668 0.982212 0.0670673 0.0336538
0 0.0434903 0.404087 0.855128 0.0307692 0.0525641
0 0.0442865 0.784615 0.978526 0.0461538 0.0333333
0 0.0464326 0.863942 0.762179 0.0322115 0.0525641
0 0.0467583 0.635337 0.982372 0.0629808 0.0307692
0 0.0468583 0.976082 0.973558 0.0478365 0.0528846
0 0.0517081 0.00997596 0.0951923 0.0175481 0.0608974
0 0.0517309 0.194952 0.276282 0.0447115 0.0307692
0 0.0526976 0.685337 0.909615 0.0418269 0.0435897
0 0.0550578 0.979567 0.418429 0.0336538 0.086859
0 0.0556431 0.680889 0.923558 0.0391827 0.0342949
0 0.056206 0.767909 0.936538 0.0358173 0.0673077
0 0.061465 0.339543 0.05 0.0189904 0.0262821
0 0.0629433 0.249519 0.950641 0.0442308 0.0794872
0 0.0633779 0.807212 0.977083 0.0932692 0.0458333
0 0.0646008 0.400481 0.227083 0.05 0.0451923
0 0.0697178 0.548317 0.974519 0.0447115 0.0509615
0 0.0986744 0.496154 0.886218 0.0740385 0.0628205
0 0.107074 0.886538 0.968109 0.0586538 0.0560897
0 0.115549 0.19363 0.977885 0.0507212 0.0442308
0 0.124179 0.483654 0.895032 0.0471154 0.0413462
0 0.142933 0.392067 0.729808 0.0211538 0.0288462
0 0.143321 0.821755 0.958974 0.0848558 0.0775641
0 0.155263 0.490024 0.978686 0.0834135 0.0426282
0 0.200217 0.695553 0.902404 0.0286058 0.0407051
0 0.201232 0.0257212 0.370353 0.0350962 0.0541667
0 0.21872 0.166226 0.018109 0.0439904 0.036218
0 0.219045 0.634736 0.973718 0.0915865 0.0525641
0 0.248185 0.53137 0.967788 0.0699519 0.0644231
0 0.254208 0.13149 0.729808 0.0336538 0.0589744
0 0.259362 0.293029 0.379487 0.0240385 0.0326923
0 0.34696 0.74976 0.748558 0.0278846 0.0509615
0 0.449017 0.033774 0.432853 0.0387019 0.0535256
0 0.451021 0.980048 0.472276 0.0399038 0.0932692
0 0.528892 0.96238 0.389423 0.0334135 0.0596154
0 0.552956 0.309135 0.0764423 0.0581731 0.0528846
0 0.567266 0.209135 0.795994 0.0403846 0.0842949
