0 0.0304817 0.517067 0.423558 0.0610577 0.086859
0 0.0324431 0.503606 0.496314 0.0399038 0.0323718
0 0.0348988 0.829447 0.690545 0.0516827 0.0451923
0 0.0349556 0.442067 0.397596 0.0355769 0.0753205
0 0.0357204 0.0111779 0.128846 0.0223558 0.123077
0 0.0373867 0.146755 0.225962 0.0204327 0.0673077
0 0.0386087 0.773798 0.842788 0.0168269 0.0496795
0 0.0388185 0.377524 0.375481 0.0560096 0.0990385
0 0.0392948 0.424519 0.442468 0.0216346 0.0400641
0 0.0400619 0.564423 0.490064 0.0278846 0.0423077
0 0.0420635 0.506731 0.0599359 0.0264423 0.0346154
0 0.0427283 0.361418 0.567628 0.0473558 0.0391026
0 0.043417 0.148077 0.242147 0.03125 0.088141
0 0.0437329 0.0641827 0.294551 0.0552885 0.0634615
0 0.0444475 0.0768029 0.241827 0.0358173 0.0810897
0 0.0475558 0.0179087 0.633333 0.0338942 0.121154
0 0.0499351 0.48726 0.538782 0.01875 0.0403846
0 0.0511678 0.653365 0.218109 0.0254808 0.0291667
0 0.0519866 0.324038 0.225321 0.0173077 0.0416667
0 0.0531849 0.623798 0.787019 0.0774038 0.105449
0 0.0553007 0.570793 0.449359 0.046875 0.0621795
0 0.0556773 0.435216 0.460737 0.0550481 0.0682692
0 0.0572383 0.343149 0.513622 0.0492788 0.0458333
0 0.0577087 0.139784 0.227724 0.0574519 0.0907051
0 0.0600694 0.507572 0.449359 0.0555288 0.0833333
0 0.0615447 0.533654 0.401442 0.0745192 0.0746795
0 0.0629608 0.20637 0.0346154 0.0584135 0.0653846
0 0.0644387 0.333894 0.487821 0.0471154 0.0884615
0 0.0685535 0.751803 0.0950321 0.0338942 0.063141
0 0.069334 0.695192 0.344712 0.0846154 0.0766026
0 0.0725191 0.708053 0.678846 0.0377404 0.0391026
0 0.0733929 0.332332 0.472436 0.0290865 0.0384615
0 0.0742757 0.492548 0.535897 0.0322115 0.0583333
0 0.0743709 0.169471 0.222436 0.0423077 0.123718
0 0.0747523 0.559856 0.445673 0.0822115 0.114423
0 0.0749927 0.108293 0.233173 0.0588942 0.0977564
0 0.0772085 0.346034 0.558974 0.0786058 0.0685897
0 0.0775053 0.504087 0.491186 0.0567308 0.0528846
0 0.0782296 0.573077 0.498397 0.0423077 0.0532051
0 0.0784113 0.376202 0.393429 0.0346154 0.0733974
0 0.087873 0.809736 0.986699 0.0305288 0.0266026
0 0.0890223 0.114904 0.229167 0.0355769 0.0487179
0 0.0969593 0.361779 0.413622 0.0201923 0.036859
0 0.102496 0.339303 0.523718 0.0723558 0.119872
0 0.109416 0.0757212 0.591346 0.0341346 0.0435897
0 0.116569 0.595793 0.816026 0.139663 0.144231
0 0.126321 0.489062 0.0464744 0.0247596 0.0487179
0 0.137129 0.370913 0.414904 0.0403846 0.0528846
0 0.137248 0.445553 0.0197115 0.0396635 0.036218
0 0.148529 0.641707 0.461378 0.0276442 0.0323718
0 0.153055 0.383654 0.417468 0.0302885 0.0451923
0 0.154694 0.389904 0.420513 0.0581731 0.0634615
0 0.156023 0.09375 0.211378 0.0524038 0.088141
0 0.16328 0.772115 0.696795 0.0403846 0.0628205
0 0.17919 0.81863 0.765385 0.0766827 0.0532051
0 0.181128 0.715505 0.348397 0.0439904 0.0538462
0 0.186088 0.097476 0.210577 0.0319712 0.0621795
0 0.187504 0.245312 0.429327 0.0733173 0.0682692
0 0.193127 0.497957 0.515545 0.034375 0.0458333
0 0.207863 0.0643029 0.139103 0.0377404 0.0852564
0 0.216783 0.0907452 0.239263 0.0824519 0.184295
0 0.218086 0.679087 0.594551 0.0721154 0.0820513
0 0.220112 0.450721 0.411378 0.0360577 0.0637821
0 0.222777 0.368389 0.208974 0.0127404 0.0371795
0 0.244203 0.809375 0.693109 0.112981 0.0548077
0 0.250817 0.897236 0.0604167 0.0540865 0.0810897
0 0.280222 0.0882212 0.173397 0.075 0.135256
0 0.282868 0.0157452 0.103846 0.0286058 0.0916667
0 0.302196 0.16238 0.249519 0.0401442 0.0862179
0 0.318265 0.0866587 0.298878 0.0848558 0.0791667
0 0.335007 0.463462 0.0371795 0.05625 0.0576923
0 0.349188 0.0106971 0.226122 0.0180288 0.134295
0 0.376457 0.0364183 0.104968 0.0612981 0.0817308
0 0.381061 0.588582 0.665064 0.0483173 0.0455128
0 0.396658 0.0302885 0.392949 0.0528846 0.073718
0 0.426021 0.574159 0.474359 0.0569712 0.103205
0 0.462602 0.656971 0.642628 0.0379808 0.0615385
0 0.486993 0.367428 0.352885 0.0401442 0.0544872
0 0.513973 0.414663 0.425801 0.0336538 0.0823718
0 0.520382 0.391947 0.292308 0.0396635 0.0814103
0 0.554817 0.509375 0.561859 0.0663462 0.104487
0 0.599819 0.676442 0.277885 0.120192 0.151282
0 0.638194 0.0998798 0.0581731 0.0362981 0.0439103
0 0.67557 0.453125 0.478205 0.0423077 0.0615385
0 0.683685 0.417067 0.113782 0.04375 0.0403846
0 0.690935 0.380048 0.0551282 0.03125 0.0852564
0 0.759263 0.605529 0.582372 0.0543269 0.0910256
