0 0.030186 0.469351 0.450641 0.0257212 0.049359
0 0.031084 0.370553 0.199519 0.0382212 0.038141
0 0.0312345 0.64399 0.860096 0.0442308 0.0375
0 0.0313433 0.58738 0.190705 0.0233173 0.0660256
0 0.0318039 0.396274 0.834135 0.0276442 0.0458333
0 0.0319129 0.91238 0.0875 0.0146635 0.0512821
0 0.0320739 0.206971 0.59375 0.0759615 0.113141
0 0.0324954 0.500481 0.434455 0.0394231 0.0419872
0 0.0333032 0.441466 0.87516 0.0237981 0.0567308
0 0.0335414 0.482572 0.572276 0.0324519 0.0310897
0 0.0337648 0.979207 0.440385 0.0415865 0.0730769
0 0.0343828 0.396875 0.976122 0.0615385 0.0400641
0 0.0346066 0.880168 0.0668269 0.0228365 0.0317308
0 0.0352778 0.434736 0.747756 0.0295673 0.0455128
0 0.035832 0.403726 0.844872 0.0512019 0.0634615
0 0.0365226 0.283293 0.367147 0.0257212 0.0259615
0 0.0372728 0.98762 0.275641 0.0233173 0.075641
0 0.038555 0.514904 0.496474 0.0326923 0.0397436
0 0.0387457 0.774519 0.548237 0.0192308 0.0400641
0 0.0390006 0.537861 0.507532 0.0401442 0.0407051
0 0.0393403 0.0284856 0.891987 0.0276442 0.0384615
0 0.0398961 0.656611 0.862019 0.0204327 0.0330128
0 0.0399958 0.925361 0.788462 0.0276442 0.0455128
0 0.0408967 0.547236 0.384615 0.0223558 0.0448718
0 0.0411962 0.791947 0.706891 0.0689904 0.0592949
0 0.0421544 0.552644 0.445032 0.0139423 0.0246795
0 0.0422464 0.232212 0.224519 0.0293269 0.0567308
0 0.0429477 0.361779 0.892468 0.0230769 0.0310897
0 0.0433489 0.439183 0.372917 0.0322115 0.0560897
0 0.043502 0.36899 0.716186 0.0365385 0.0330128
0 0.0447694 0.588101 0.519551 0.0286058 0.0358974
0 0.0452034 0.875361 0.84359 0.0362981 0.0570513
0 0.0461539 0.40613 0.116827 0.0175481 0.0323718
0 0.0463784 0.541827 0.397917 0.0331731 0.0778846
0 0.0469965 0.444712 0.389263 0.0221154 0.0342949
0 0.0470704 0.836178 0.964744 0.0516827 0.0576923
0 0.048941 0.600841 0.771955 0.0314904 0.0458333
0 0.0531291 0.479207 0.600801 0.0252404 0.0432692
0 0.0536064 0.185457 0.0144231 0.0713942 0.0217949
0 0.0542789 0.928966 0.502885 0.0449519 0.0871795
0 0.0544662 0.95649 0.265385 0.0384615 0.0782051
0 0.0563106 0.196635 0.415545 0.0274038 0.0253205
0 0.0583318 0.989183 0.679647 0.0206731 0.121474
0 0.0636544 0.59363 0.7625 0.0305288 0.0384615
0 0.0664101 0.505769 0.622756 0.0370192 0.0487179
0 0.0667291 0.735817 0.533814 0.0317308 0.0336538
0 0.0670775 0.0554087 0.966506 0.103125 0.0644231
0 0.0675501 0.185337 0.429167 0.0302885 0.0467949
0 0.0688111 0.359255 0.637981 0.021875 0.0516026
0 0.0706818 0.365986 0.208333 0.0579327 0.0570513
0 0.0708375 0.00817308 0.0956731 0.0139423 0.0400641
0 0.0720005 0.51238 0.511218 0.0295673 0.0442308
0 0.0735279 0.11887 0.808333 0.0733173 0.0717949
0 0.0759127 0.525361 0.381891 0.0204327 0.0304487
0 0.0783521 0.531851 0.391667 0.0262019 0.0410256
0 0.0785292 0.350841 0.629808 0.0305288 0.0641026
0 0.0807582 0.0704327 0.101603 0.0298077 0.0532051
0 0.0926492 0.144591 0.788622 0.0415865 0.0458333
0 0.0942522 0.169712 0.769712 0.0384615 0.0291667
0 0.0955429 0.178606 0.98734 0.0379808 0.0253205
0 0.104268 0.114904 0.967628 0.131731 0.0647436
0 0.107754 0.414423 0.971154 0.0822115 0.0576923
0 0.108197 0.84399 0.776923 0.0514423 0.0583333
0 0.110336 0.128486 0.0775641 0.034375 0.0666667
0 0.111885 0.101683 0.796154 0.0370192 0.0467949
0 0.112534 0.597115 0.271314 0.0519231 0.0407051
0 0.120996 0.542067 0.621314 0.0307692 0.0355769
0 0.123301 0.921875 0.484936 0.0384615 0.0519231
0 0.128648 0.604087 0.915545 0.0211538 0.0323718
0 0.13157 0.963942 0.796635 0.0706731 0.0932692
0 0.132187 0.140625 0.497115 0.0389423 0.0564103
0 0.136058 0.517187 0.435577 0.021875 0.0282051
0 0.136333 0.482452 0.435577 0.0350962 0.0544872
0 0.144633 0.139663 0.975481 0.0855769 0.0458333
0 0.148816 0.978365 0.270833 0.0307692 0.0564103
0 0.152275 0.136659 0.821635 0.0358173 0.0413462
0 0.15992 0.419591 0.0326923 0.0286058 0.0532051
0 0.161985 0.767788 0.541506 0.03125 0.0471154
0 0.170631 0.513101 0.390545 0.0382212 0.0394231
0 0.176344 0.561899 0.679647 0.0425481 0.0567308
0 0.176958 0.229687 0.961218 0.0391827 0.0583333
0 0.177038 0.496755 0.413462 0.0338942 0.0557692
0 0.196579 0.865505 0.0641026 0.021875 0.0410256
0 0.207862 0.182091 0.954167 0.0497596 0.0365385
0 0.210529 0.0192308 0.377404 0.0384615 0.100321
0 0.216906 0.348197 0.212019 0.0487981 0.0503205
0 0.22389 0.479327 0.613782 0.0307692 0.0391026
0 0.231096 0.509014 0.614423 0.0242788 0.0314103
0 0.232812 0.0979567 0.820192 0.0420673 0.0935897
0 0.244513 0.028726 0.977564 0.0516827 0.0448718
0 0.252276 0.159856 0.78125 0.0528846 0.0451923
0 0.252864 0.183534 0.430769 0.0237981 0.0262821
0 0.264626 0.490385 0.62484 0.0288462 0.0310897
0 0.269529 0.708894 0.644391 0.0298077 0.0682692
0 0.278084 0.917308 0.558013 0.0591346 0.209615
0 0.289545 0.564303 0.726923 0.0415865 0.0442308
0 0.29272 0.0942308 0.85016 0.0370192 0.0394231
0 0.293787 0.947356 0.282212 0.0173077 0.0560897
0 0.29507 0.41851 0.870032 0.0649038 0.0990385
0 0.296721 0.235697 0.723718 0.0185096 0.0583333
0 0.298997 0.263702 0.575641 0.0423077 0.0525641
0 0.300467 0.972115 0.423077 0.0389423 0.0358974
0 0.313513 0.472356 0.692788 0.0293269 0.0490385
0 0.316103 0.340144 0.209936 0.0269231 0.0391026
0 0.330066 0.470433 0.0366987 0.0274038 0.0407051
0 0.331579 0.299038 0.520353 0.0394231 0.036859
0 0.335661 0.50649 0.396314 0.0283654 0.0259615
0 0.34458 0.269471 0.236058 0.0211538 0.0387821
0 0.356877 0.649519 0.537179 0.0197115 0.0358974
0 0.366203 0.380529 0.279487 0.0740385 0.0570513
0 0.398695 0.544471 0.402885 0.025 0.0423077
0 0.439209 0.983774 0.475801 0.0310096 0.061859
0 0.459087 0.75649 0.536058 0.0427885 0.0548077
0 0.461049 0.490986 0.429006 0.0247596 0.0375
0 0.519269 0.170192 0.152885 0.0629808 0.0480769
0 0.531194 0.570793 0.531891 0.0228365 0.0483974
0 0.546387 0.443269 0.774519 0.0480769 0.0567308
0 0.562882 0.336538 0.620833 0.0346154 0.0711538
0 0.619414 0.52524 0.504808 0.0557692 0.0564103
0 0.625341 0.432692 0.358494 0.0360577 0.0445513
0 0.638246 0.467909 0.469231 0.0242788 0.0467949
0 0.647999 0.570433 0.764423 0.0418269 0.0551282
0 0.652563 0.528486 0.151923 0.0396635 0.0775641
0 0.696822 0.619591 0.855929 0.0473558 0.0535256
