0 0.0321917 0.480769 0.986218 0.0783654 0.0275641
0 0.035014 0.476082 0.704968 0.0228365 0.0342949
0 0.0352874 0.303966 0.20641 0.0473558 0.0371795
0 0.0352949 0.683413 0.112179 0.0427885 0.0653846
0 0.0374738 0.334375 0.0573718 0.0548077 0.073718
0 0.0441314 0.43137 0.989583 0.0194712 0.0208333
0 0.0460159 0.0716346 0.120833 0.0706731 0.0903846
0 0.0468082 0.484375 0.975 0.114423 0.0467949
0 0.047212 0.69375 0.11234 0.0692308 0.0919872
0 0.049443 0.0138221 0.943109 0.0276442 0.113782
0 0.0592315 0.557933 0.0126603 0.0658654 0.0240385
0 0.0602672 0.0540865 0.0833333 0.0375 0.0685897
0 0.065644 0.591466 0.438942 0.021875 0.036859
0 0.0673692 0.361779 0.376923 0.0293269 0.0679487
0 0.0833334 0.279327 0.119231 0.0341346 0.0942308
0 0.0910121 0.0526442 0.126442 0.0298077 0.0355769
0 0.095572 0.279928 0.0905449 0.0478365 0.133013
0 0.112185 0.182452 0.586538 0.0288462 0.0532051
0 0.130945 0.46863 0.043109 0.0507212 0.0862179
0 0.134438 0.302043 0.626763 0.0516827 0.0541667
0 0.170831 0.135937 0.18125 0.0603365 0.0842949
0 0.190163 0.0158654 0.522436 0.0317308 0.0621795
0 0.232832 0.256971 0.0230769 0.0490385 0.0448718
0 0.28289 0.467308 0.692628 0.0360577 0.0532051
0 0.316702 0.421635 0.397115 0.0850962 0.0858974
0 0.366047 0.05625 0.108654 0.0423077 0.0653846
0 0.658823 0.541106 0.454808 0.0375 0.0525641
