0 0.0310288 0.380409 0.986859 0.0536058 0.0262821
0 0.0338884 0.690865 0.890545 0.123077 0.0535256
0 0.0365159 0.829327 0.349038 0.114423 0.163462
0 0.0392153 0.753005 0.427404 0.14976 0.204808
0 0.0396864 0.690385 0.43141 0.100481 0.116667
0 0.0427345 0.801683 0.378205 0.0615385 0.0711538
0 0.0428836 0.431611 0.359615 0.0391827 0.0397436
0 0.0458434 0.417909 0.749038 0.0439904 0.0557692
0 0.0510644 0.58113 0.871314 0.0939904 0.0849359
0 0.0518153 0.467668 0.354808 0.0415865 0.0275641
0 0.0539659 0.732692 0.803686 0.0697115 0.120192
0 0.0606601 0.608894 0.89391 0.0355769 0.0384615
0 0.0666522 0.364663 0.715064 0.0451923 0.0814103
0 0.0671281 0.82524 0.496795 0.199038 0.139103
0 0.0786917 0.668149 0.923878 0.0935096 0.0971154
0 0.0863342 0.922957 0.525641 0.132452 0.102564
0 0.0943679 0.473197 0.779167 0.0564904 0.075
0 0.107899 0.815505 0.49391 0.0959135 0.0897436
0 0.120341 0.673918 0.423077 0.0608173 0.0858974
0 0.120828 0.657332 0.357212 0.0449519 0.0522436
0 0.125582 0.433534 0.383013 0.0454327 0.0814103
0 0.131359 0.708293 0.828526 0.0564904 0.0358974
0 0.155458 0.894832 0.287019 0.0492788 0.0964744
0 0.238862 0.726923 0.875801 0.0504808 0.0432692
0 0.265689 0.204087 0.74984 0.0346154 0.0535256
0 0.330824 0.442548 0.396955 0.0336538 0.0644231
0 0.413597 0.655769 0.936058 0.0399038 0.0721154
0 0.432857 0.45601 0.356891 0.0697115 0.0432692
0 0.446352 0.58726 0.888782 0.0605769 0.0621795
0 0.484575 0.291587 0.742147 0.0918269 0.0522436
0 0.575592 0.242788 0.810737 0.0725962 0.0804487
0 0.575987 0.847115 0.41859 0.241827 0.308974
0 0.58714 0.703365 0.409135 0.119231 0.213782
0 0.628371 0.935457 0.294071 0.125721 0.0958333
0 0.665544 0.790865 0.75032 0.0673077 0.0596154
0 0.679836 0.733654 0.750641 0.0725962 0.0884615
0 0.681127 0.54351 0.836058 0.0841346 0.109295
0 0.784675 0.0334135 0.959936 0.0668269 0.0801282
0 0.801006 0.184976 0.652724 0.133413 0.183654
