0 0.0329422 0.326322 0.544872 0.0521635 0.0480769
0 0.035667 0.353726 0.0636218 0.0108173 0.0317308
0 0.0357306 0.233774 0.0578526 0.0569712 0.105449
0 0.0366746 0.31899 0.0112179 0.0379808 0.0217949
0 0.0386976 0.0890625 0.0277244 0.0444712 0.0554487
0 0.0397073 0.590625 0.644391 0.0471154 0.0387821
0 0.039818 0.127043 0.45641 0.0252404 0.0480769
0 0.0406475 0.270553 0.0754808 0.10649 0.150962
0 0.0468927 0.718389 0.666026 0.0516827 0.0551282
0 0.0585496 0.754808 0.972596 0.0548077 0.0541667
0 0.0625126 0.351322 0.60609 0.0175481 0.0333333
0 0.0767346 0.520192 0.485737 0.0307692 0.0939103
0 0.0813739 0.0251202 0.977083 0.0478365 0.0458333
0 0.0846246 0.24399 0.118109 0.0572115 0.0778846
0 0.0953242 0.642909 0.684455 0.0622596 0.0727564
0 0.10299 0.390745 0.804006 0.0382212 0.0573718
0 0.110838 0.436298 0.498558 0.01875 0.0240385
0 0.114134 0.589663 0.658013 0.0846154 0.0865385
0 0.117059 0.290865 0.0411859 0.0355769 0.061859
0 0.187905 0.167187 0.101442 0.0382212 0.0541667
0 0.195908 0.610817 0.580609 0.0149038 0.0272436
0 0.219487 0.39375 0.343109 0.025 0.0503205
0 0.268596 0.579687 0.641987 0.0560096 0.0576923
0 0.269453 0.415625 0.0176282 0.0572115 0.0352564
0 0.285229 0.392428 0.0730769 0.0223558 0.0589744
0 0.366112 0.0947115 0.472756 0.04375 0.0583333
0 0.413644 0.296034 0.659776 0.046875 0.0387821
0 0.451669 0.247236 0.099359 0.0867788 0.132692
0 0.486473 0.728365 0.654968 0.0394231 0.0535256
0 0.563749 0.875962 0.685897 0.0384615 0.0544872
0 0.632062 0.0379808 0.459295 0.0370192 0.0538462
