0 0.0403973 0.027524 0.623237 0.0295673 0.0554487
0 0.0406291 0.321394 0.974679 0.08125 0.0416667
0 0.0422268 0.615385 0.839904 0.0389423 0.0496795
0 0.0515991 0.649519 0.358333 0.0639423 0.0910256
0 0.0517404 0.0135817 0.571154 0.0271635 0.114103
0 0.0590766 0.211779 0.507051 0.0259615 0.0435897
0 0.06621 0.0538462 0.973397 0.107692 0.0532051
0 0.0675931 0.297837 0.182853 0.0317308 0.0355769
0 0.0791579 0.477764 0.390865 0.0213942 0.0394231
0 0.081296 0.0230769 0.640705 0.0259615 0.0576923
0 0.0949779 0.704327 0.326122 0.189423 0.256731
0 0.110063 0.0176683 0.694872 0.0338942 0.0897436
0 0.130229 0.309736 0.175 0.0463942 0.0429487
0 0.165272 0.0332933 0.625481 0.0209135 0.036859
0 0.197485 0.541587 0.373077 0.0274038 0.0358974
0 0.204858 0.624279 0.826122 0.0375 0.0400641
0 0.21643 0.016226 0.660897 0.0324519 0.05
0 0.220834 0.320793 0.167147 0.0276442 0.0323718
0 0.328986 0.260577 0.152244 0.100962 0.0935897
0 0.337693 0.664784 0.731571 0.0415865 0.0496795
0 0.361004 0.620913 0.486058 0.0355769 0.0509615
0 0.384129 0.630529 0.945513 0.0528846 0.0698718
0 0.443825 0.660577 0.794391 0.0350962 0.0554487
0 0.52094 0.371274 0.206571 0.0449519 0.0522436
0 0.625871 0.494832 0.395353 0.0569712 0.0464744
0 0.734161 0.312861 0.85625 0.0810096 0.111218
