0 0.0300658 0.406851 0.257051 0.0170673 0.049359
0 0.0324293 0.621875 0.452404 0.0182692 0.0676282
0 0.0333563 0.28101 0.877083 0.0235577 0.036218
0 0.0342429 0.862139 0.576603 0.0286058 0.0391026
0 0.0346472 0.0247596 0.772115 0.0461538 0.0570513
0 0.0354743 0.647236 0.985737 0.0415865 0.0285256
0 0.0365416 0.520312 0.210577 0.0146635 0.0275641
0 0.0376792 0.262139 0.56282 0.0526442 0.109615
0 0.0378822 0.86262 0.280609 0.034375 0.0407051
0 0.0381116 0.36274 0.306571 0.0206731 0.0471154
0 0.0387069 0.796875 0.984776 0.0533654 0.0246795
0 0.0395813 0.409976 0.707853 0.034375 0.0644231
0 0.0411432 0.277524 0.925481 0.0233173 0.0400641
0 0.0422045 0.400481 0.897276 0.03125 0.0471154
0 0.0441839 0.782452 0.308173 0.0240385 0.0503205
0 0.0442916 0.197236 0.593269 0.0228365 0.0685897
0 0.0445348 0.79375 0.90593 0.0134615 0.0490385
0 0.0450122 0.0454327 0.670032 0.0326923 0.0516026
0 0.0497669 0.360697 0.294071 0.0329327 0.0733974
0 0.049831 0.41887 0.966667 0.0435096 0.0641026
0 0.05169 0.448678 0.354167 0.0175481 0.0339744
0 0.0518778 0.498077 0.25625 0.0456731 0.0913462
0 0.053452 0.87488 0.274359 0.0540865 0.073718
0 0.0543454 0.882812 0.250801 0.0487981 0.0573718
0 0.05589 0.350841 0.240545 0.0137019 0.0387821
0 0.0568504 0.789183 0.298397 0.0379808 0.0711538
0 0.0660921 0.201562 0.611859 0.0252404 0.0371795
0 0.0685795 0.436779 0.887019 0.0235577 0.0528846
0 0.0715516 0.0319712 0.200481 0.0639423 0.123397
0 0.072324 0.544231 0.53093 0.0533654 0.0522436
0 0.0754636 0.252043 0.0203526 0.0348558 0.0407051
0 0.0816212 0.420433 0.944231 0.0399038 0.0455128
0 0.0853622 0.249639 0.0157051 0.021875 0.0185897
0 0.0854236 0.636659 0.279327 0.0175481 0.0342949
0 0.0926566 0.877644 0.585897 0.0456731 0.0480769
0 0.0953976 0.315745 0.907051 0.0348558 0.0525641
0 0.0957962 0.406851 0.240224 0.0237981 0.0708333
0 0.102452 0.255409 0.565705 0.028125 0.0698718
0 0.10945 0.28149 0.339423 0.0591346 0.105128
0 0.111209 0.247596 0.0176282 0.0149038 0.0352564
0 0.11747 0.385337 0.742949 0.0197115 0.0448718
0 0.123392 0.382933 0.870513 0.0471154 0.0711538
0 0.12627 0.563221 0.351442 0.0216346 0.0560897
0 0.12791 0.853966 0.579327 0.028125 0.0278846
0 0.133543 0.269591 0.0166667 0.0492788 0.0333333
0 0.142147 0.897236 0.251603 0.0252404 0.0403846
0 0.146455 0.570913 0.913462 0.0139423 0.0429487
0 0.151191 0.257332 0.570833 0.0867788 0.172436
0 0.194665 0.973558 0.645032 0.0211538 0.0317308
0 0.230151 0.83762 0.297436 0.0949519 0.0775641
0 0.238118 0.608413 0.240705 0.0197115 0.0512821
0 0.241321 0.428125 0.649038 0.0274038 0.0589744
0 0.241522 0.303245 0.468269 0.0334135 0.0429487
0 0.246479 0.701202 0.823558 0.0379808 0.0714744
0 0.275712 0.486298 0.439103 0.0173077 0.0525641
0 0.289162 0.622115 0.472596 0.0274038 0.0714744
0 0.313525 0.582572 0.973558 0.0300481 0.0503205
0 0.38924 0.446755 0.567468 0.0358173 0.0708333
0 0.405385 0.872716 0.535256 0.0382212 0.0423077
0 0.413623 0.623197 0.975 0.0286058 0.0480769
0 0.418319 0.857572 0.300801 0.0463942 0.0663462
0 0.427178 0.417788 0.0301282 0.0245192 0.0596154
0 0.435048 0.5 0.790224 0.0288462 0.063141
0 0.49083 0.485817 0.257372 0.0254808 0.0705128
0 0.522522 0.304808 0.940545 0.0307692 0.061859
0 0.532981 0.482091 0.359936 0.0252404 0.0391026
0 0.543371 0.871274 0.236218 0.0478365 0.0557692
0 0.553243 0.220793 0.52516 0.0199519 0.0548077
0 0.599114 0.44363 0.73734 0.0348558 0.0810897
0 0.616168 0.805288 0.285737 0.0451923 0.0689103
0 0.642276 0.914303 0.91859 0.0415865 0.0429487
0 0.648598 0.889063 0.597917 0.0334135 0.0541667
