0 0.0304536 0.697356 0.638782 0.0350962 0.0589744
0 0.0305614 0.111298 0.124359 0.0552885 0.0698718
0 0.0307858 0.583053 0.114583 0.0209135 0.0394231
0 0.0351404 0.0152644 0.3375 0.0305288 0.0730769
0 0.0398878 0.0152644 0.497917 0.0290865 0.124038
0 0.0454878 0.41887 0.0679487 0.0300481 0.0608974
0 0.0484131 0.458293 0.70641 0.0483173 0.0583333
0 0.0520702 0.661298 0.213301 0.0504808 0.036218
0 0.0563212 0.0103365 0.0389423 0.0206731 0.0778846
0 0.0649812 0.642067 0.330449 0.0485577 0.0711538
0 0.0654874 0.596635 0.521635 0.025 0.0304487
0 0.0695057 0.13125 0.114103 0.0423077 0.0666667
0 0.0717092 0.744351 0.847436 0.0237981 0.0455128
0 0.0818059 0.50613 0.0166667 0.0257212 0.0333333
0 0.0848727 0.333894 0.0426282 0.0293269 0.0480769
0 0.107133 0.394591 0.0807692 0.0324519 0.0647436
0 0.120178 0.0324519 0.139744 0.0293269 0.0519231
0 0.135158 0.015024 0.312179 0.0290865 0.0519231
0 0.158336 0.407091 0.0775641 0.0492788 0.0775641
0 0.193214 0.18149 0.0389423 0.0346154 0.0746795
0 0.386254 0.467548 0.230128 0.0375 0.0403846
0 0.388569 0.515745 0.226442 0.0295673 0.063141
0 0.399974 0.669952 0.226122 0.0581731 0.0592949
0 0.629393 0.966106 0.710737 0.0427885 0.0451923
