0 0.0331078 0.560457 0.721314 0.0262019 0.0342949
0 0.0371692 0.493029 0.128686 0.0177885 0.0323718
0 0.0382568 0.371875 0.0115385 0.0538462 0.0205128
0 0.0398076 0.535937 0.295032 0.0310096 0.0522436
0 0.041769 0.0742788 0.258333 0.0230769 0.0282051
0 0.0449555 0.758053 0.0301282 0.0194712 0.0333333
0 0.0465834 0.571394 0.655449 0.0293269 0.0448718
0 0.0531132 0.983053 0.976763 0.0338942 0.0464744
0 0.0751421 0.366226 0.389583 0.0180288 0.0310897
0 0.103544 0.69387 0.0123397 0.0252404 0.0246795
0 0.154993 0.273077 0.282212 0.0201923 0.0336538
0 0.159948 0.623558 0.0516026 0.04375 0.0391026
0 0.200806 0.291346 0.465865 0.0211538 0.0266026
0 0.282201 0.429447 0.0429487 0.021875 0.0467949
0 0.342923 0.227043 0.294231 0.0324519 0.0435897
0 0.351137 0.657933 0.892788 0.0331731 0.0439103
0 0.385759 0.179447 0.602083 0.0444712 0.0342949
