0 0.0304605 0.339183 0.241987 0.0302885 0.0474359
0 0.0319619 0.234375 0.648558 0.0519231 0.100321
0 0.0336247 0.516587 0.287179 0.0298077 0.0679487
0 0.0356216 0.66899 0.675 0.0677885 0.0852564
0 0.0357573 0.606611 0.0554487 0.071875 0.0929487
0 0.0360349 0.993269 0.939423 0.0134615 0.121154
0 0.0370356 0.557692 0.497276 0.0783654 0.101603
0 0.037441 0.291106 0.24375 0.0451923 0.0503205
0 0.0417526 0.21262 0.223718 0.0444712 0.0820513
0 0.0421916 0.727644 0.0163462 0.0745192 0.0326923
0 0.0426148 0.472476 0.382051 0.0699519 0.0807692
0 0.0427284 0.671394 0.651282 0.0259615 0.0397436
0 0.0433409 0.674279 0.700641 0.0692308 0.049359
0 0.0466815 0.523918 0.197756 0.0257212 0.0384615
0 0.0467676 0.492188 0.260417 0.0824519 0.116987
0 0.0468418 0.011899 0.121154 0.0223558 0.109615
0 0.047513 0.0165865 0.142949 0.0264423 0.0647436
0 0.0477281 0.18726 0.194391 0.0427885 0.0458333
0 0.0481517 0.21863 0.170673 0.0430288 0.0439103
0 0.0481557 0.469712 0.206891 0.0346154 0.0285256
0 0.0491632 0.554327 0.0128205 0.0591346 0.025
0 0.0501137 0.364062 0.281891 0.104567 0.0926282
0 0.0503581 0.655288 0.688782 0.0341346 0.0301282
0 0.0537663 0.248918 0.592147 0.0516827 0.0682692
0 0.0581259 0.420312 0.415545 0.0637019 0.0592949
0 0.0590182 0.798317 0.978846 0.0466346 0.0365385
0 0.0611726 0.442428 0.247756 0.0665865 0.0884615
0 0.0624475 0.256611 0.213942 0.0262019 0.0285256
0 0.062677 0.0277644 0.204327 0.0507212 0.0451923
0 0.0629206 0.447957 0.300801 0.0146635 0.063141
0 0.0707699 0.690264 0.709776 0.0512019 0.0496795
0 0.073266 0.327404 0.244231 0.0293269 0.0448718
0 0.0758894 0.359135 0.249519 0.0317308 0.0439103
0 0.0776188 0.313822 0.631891 0.0550481 0.0791667
0 0.0792625 0.495192 0.263462 0.0451923 0.0634615
0 0.0800028 0.334615 0.246314 0.0581731 0.0573718
0 0.0810748 0.522716 0.499199 0.0877404 0.0862179
0 0.081296 0.978966 0.402083 0.0420673 0.0509615
0 0.0813958 0.726202 0.646795 0.110096 0.105769
0 0.083422 0.651322 0.774359 0.0257212 0.0467949
0 0.0840327 0.590505 0.0860577 0.0632212 0.107372
0 0.0840468 0.672957 0.652724 0.103125 0.0746795
0 0.0892582 0.407933 0.214744 0.0586538 0.0551282
0 0.0914543 0.269952 0.410417 0.0610577 0.0842949
0 0.0916689 0.308774 0.557051 0.0300481 0.049359
0 0.092971 0.438462 0.220032 0.114423 0.0580128
0 0.100877 0.0313702 0.171635 0.0540865 0.1125
0 0.104821 0.590625 0.426122 0.0423077 0.0676282
0 0.11505 0.467428 0.238462 0.0838942 0.098718
0 0.115219 0.484255 0.132212 0.046875 0.0375
0 0.121089 0.46899 0.401282 0.0384615 0.050641
0 0.121148 0.0126202 0.392468 0.0252404 0.0516026
0 0.127353 0.384615 0.574519 0.06875 0.0798077
0 0.134869 0.251202 0.627083 0.0875 0.130449
0 0.137677 0.5125 0.272917 0.0221154 0.0477564
0 0.143402 0.066226 0.195513 0.0536058 0.0628205
0 0.145423 0.0168269 0.187821 0.0317308 0.0961538
0 0.15196 0.471394 0.0895833 0.0495192 0.086859
0 0.156533 0.30625 0.249038 0.0495192 0.0474359
0 0.166457 0.355529 0.595192 0.0346154 0.0320513
0 0.167333 0.520553 0.310577 0.0444712 0.0564103
0 0.177305 0.743269 0.0116987 0.0658654 0.0214744
0 0.184834 0.533413 0.0152244 0.0538462 0.0291667
0 0.226286 0.015024 0.207212 0.0300481 0.036859
0 0.233 0.482452 0.246955 0.0442308 0.0785256
0 0.239646 0.235096 0.625481 0.0461538 0.0458333
0 0.259954 0.5875 0.772115 0.0432692 0.0467949
0 0.260975 0.51226 0.490064 0.0788462 0.0448718
0 0.263109 0.57512 0.0796474 0.0295673 0.0496795
0 0.264259 0.582812 0.0913462 0.0449519 0.0660256
0 0.308357 0.179087 0.193429 0.0610577 0.0740385
0 0.316745 0.605769 0.408013 0.0336538 0.0576923
0 0.321168 0.622236 0.0520833 0.0382212 0.0432692
0 0.351016 0.240144 0.611859 0.0581731 0.0852564
0 0.37221 0.548197 0.525481 0.0574519 0.0766026
0 0.372982 0.411058 0.486699 0.0653846 0.0528846
0 0.403685 0.311538 0.464423 0.0605769 0.0602564
0 0.438501 0.583654 0.442468 0.0375 0.0612179
0 0.451559 0.175481 0.177083 0.0697115 0.147756
0 0.485987 0.514663 0.191987 0.0375 0.0570513
0 0.494757 0.210337 0.23734 0.0259615 0.0464744
0 0.519736 0.446154 0.288622 0.0240385 0.088141
0 0.522899 0.24387 0.666667 0.0391827 0.075
0 0.527685 0.0504808 0.188782 0.0855769 0.0903846
0 0.539577 0.50637 0.44391 0.0550481 0.050641
0 0.555998 0.599279 0.107692 0.0307692 0.0602564
0 0.593344 0.305769 0.0485577 0.0649038 0.0971154
0 0.595574 0.382933 0.303045 0.107212 0.0682692
0 0.620391 0.383293 0.0665064 0.0680288 0.120192
0 0.623563 0.226683 0.188301 0.0596154 0.0772436
0 0.671519 0.700601 0.655288 0.172837 0.152885
0 0.726296 0.727284 0.970032 0.0617788 0.0599359
0 0.730938 0.161779 0.553526 0.0774038 0.0935897
