0 0.0305474 0.64351 0.853365 0.0336538 0.0496795
0 0.0305566 0.989784 0.521314 0.0199519 0.0548077
0 0.030698 0.421875 0.359615 0.0384615 0.0705128
0 0.0309202 0.597476 0.372596 0.0310096 0.0740385
0 0.0315146 0.361899 0.983173 0.0420673 0.0278846
0 0.0316376 0.190144 0.978846 0.0855769 0.0423077
0 0.0319925 0.367788 0.11875 0.0163462 0.0541667
0 0.0320003 0.882572 0.0649038 0.0661058 0.102885
0 0.0322005 0.761538 0.797596 0.0221154 0.0464744
0 0.0356861 0.414663 0.355609 0.0302885 0.0471154
0 0.0367128 0.968149 0.0642628 0.0632212 0.113782
0 0.0367304 0.835817 0.135897 0.0975962 0.119872
0 0.0368887 0.564663 0.482372 0.0221154 0.0448718
0 0.0377462 0.416106 0.378045 0.0274038 0.0496795
0 0.0396856 0.583293 0.09375 0.0425481 0.0657051
0 0.0409954 0.361538 0.344551 0.0283654 0.0666667
0 0.0410197 0.613942 0.377083 0.0331731 0.0817308
0 0.04142 0.778846 0.109135 0.0442308 0.0548077
0 0.0418841 0.264663 0.427564 0.0355769 0.074359
0 0.0422895 0.980288 0.225481 0.0394231 0.0599359
0 0.0423432 0.672837 0.222276 0.0322115 0.0554487
0 0.0444493 0.903846 0.0424679 0.0384615 0.0740385
0 0.0445516 0.221154 0.145353 0.0197115 0.0548077
0 0.0452972 0.685216 0.554968 0.0194712 0.0490385
0 0.0473868 0.903125 0.414583 0.0389423 0.0753205
0 0.0478994 0.276803 0.0831731 0.0194712 0.0298077
0 0.048132 0.0146635 0.560256 0.0293269 0.0705128
0 0.0482373 0.45601 0.0376603 0.0524038 0.061859
0 0.048786 0.685457 0.0402244 0.0237981 0.0451923
0 0.0494724 0.579808 0.394231 0.0221154 0.0480769
0 0.0512099 0.521995 0.647756 0.028125 0.0660256
0 0.0516971 0.707572 0.184455 0.0377404 0.0535256
0 0.0520952 0.395673 0.45625 0.0182692 0.0592949
0 0.0523206 0.440505 0.581891 0.0310096 0.0560897
0 0.0543863 0.24351 0.290064 0.0427885 0.0461538
0 0.054719 0.880889 0.982372 0.0757212 0.0352564
0 0.0548084 0.985577 0.0668269 0.0283654 0.1125
0 0.0553941 0.175481 0.127083 0.0365385 0.0573718
0 0.056809 0.529327 0.465545 0.0293269 0.0900641
0 0.0570044 0.817067 0.166987 0.0519231 0.0615385
0 0.0580084 0.171635 0.70641 0.0413462 0.05
0 0.0615031 0.0967548 0.980929 0.0661058 0.0375
0 0.0617295 0.260096 0.104167 0.0528846 0.0634615
0 0.0656966 0.687981 0.908494 0.0336538 0.0516026
0 0.067014 0.357933 0.691026 0.0394231 0.0679487
0 0.0676459 0.557212 0.487821 0.0245192 0.0487179
0 0.0682134 0.49387 0.0467949 0.0199519 0.049359
0 0.0701914 0.585938 0.220192 0.0223558 0.0378205
0 0.0760712 0.491587 0.604968 0.0331731 0.0573718
0 0.0802151 0.506971 0.604167 0.0485577 0.0653846
0 0.0814672 0.604688 0.391987 0.0276442 0.0596154
0 0.0820364 0.405529 0.398077 0.0240385 0.0608974
0 0.0835181 0.640385 0.341186 0.0413462 0.0426282
0 0.0837427 0.285216 0.833814 0.0319712 0.0439103
0 0.0838957 0.731731 0.326923 0.05625 0.0673077
0 0.0840847 0.502043 0.647917 0.0396635 0.0567308
0 0.086034 0.588702 0.425801 0.0264423 0.0964744
0 0.0872939 0.19988 0.100481 0.0358173 0.0746795
0 0.0911437 0.784255 0.110417 0.0276442 0.0278846
0 0.0916544 0.847115 0.134615 0.0668269 0.073718
0 0.0929444 0.601082 0.334776 0.0228365 0.036859
0 0.0953615 0.0331731 0.828686 0.0533654 0.119551
0 0.0955656 0.980409 0.253846 0.0391827 0.0487179
0 0.096745 0.764303 0.796795 0.0151442 0.0282051
0 0.106216 0.704687 0.977404 0.0290865 0.0451923
0 0.109213 0.86226 0.79375 0.0336538 0.0567308
0 0.11078 0.662139 0.324359 0.0574519 0.0442308
0 0.113161 0.486779 0.602404 0.025 0.0310897
0 0.118466 0.413822 0.338942 0.0358173 0.0426282
0 0.124502 0.424279 0.580609 0.0298077 0.0669872
0 0.127366 0.593149 0.653205 0.0237981 0.0711538
0 0.129371 0.683774 0.439904 0.0382212 0.0400641
0 0.130622 0.619231 0.661538 0.0254808 0.0551282
0 0.130645 0.60649 0.650321 0.0427885 0.074359
0 0.135041 0.742188 0.796795 0.0223558 0.0282051
0 0.140272 0.68113 0.209615 0.0449519 0.075
0 0.14293 0.231731 0.112019 0.0269231 0.0721154
0 0.147128 0.978125 0.35609 0.0427885 0.11859
0 0.150672 0.655769 0.349519 0.0596154 0.10609
0 0.154929 0.586058 0.453365 0.0211538 0.063141
0 0.15862 0.694832 0.923878 0.0463942 0.0862179
0 0.163536 0.617067 0.018109 0.0346154 0.036218
0 0.174726 0.396154 0.477724 0.0173077 0.0445513
0 0.179927 0.953125 0.760256 0.0399038 0.05
0 0.182552 0.874639 0.103686 0.0564904 0.0548077
0 0.182691 0.514663 0.658013 0.0596154 0.0544872
0 0.193649 0.237139 0.108494 0.0213942 0.0464744
0 0.19581 0.486899 0.671474 0.0338942 0.049359
0 0.197963 0.835938 0.157532 0.0584135 0.0657051
0 0.198135 0.34399 0.189263 0.0456731 0.0625
0 0.205603 0.427043 0.185737 0.0420673 0.100321
0 0.207762 0.447837 0.38766 0.0644231 0.0599359
0 0.209292 0.190264 0.0916667 0.0305288 0.0467949
0 0.209861 0.37524 0.975641 0.0480769 0.0487179
0 0.220188 0.600361 0.348237 0.0300481 0.0676282
0 0.220204 0.604567 0.378686 0.0355769 0.121474
0 0.23396 0.655048 0.390865 0.0408654 0.0804487
0 0.242668 0.98113 0.513141 0.0367788 0.0660256
0 0.253534 0.0789663 0.0261218 0.0425481 0.0522436
0 0.294603 0.246875 0.47516 0.0682692 0.0983974
0 0.298185 0.533413 0.486859 0.0403846 0.0583333
0 0.335729 0.280769 0.0940705 0.0307692 0.0464744
0 0.360414 0.491106 0.482372 0.0235577 0.0442308
0 0.36401 0.188582 0.163782 0.0266827 0.049359
0 0.367018 0.702404 0.948718 0.0413462 0.102564
0 0.388486 0.869231 0.969872 0.0740385 0.0602564
0 0.396921 0.492308 0.658974 0.0302885 0.0487179
0 0.402992 0.399279 0.4125 0.0211538 0.0525641
0 0.406853 0.836779 0.219872 0.0307692 0.0512821
0 0.472499 0.530048 0.658814 0.0254808 0.0464744
0 0.481132 0.704207 0.206571 0.0415865 0.086859
0 0.543888 0.167788 0.109615 0.0418269 0.0576923
0 0.56724 0.223678 0.124199 0.0338942 0.0939103
