0 0.0302993 0.337139 0.696955 0.0579327 0.0740385
0 0.0310367 0.0471154 0.984455 0.0485577 0.0278846
0 0.032835 0.0186298 0.761699 0.0372596 0.0528846
0 0.0342723 0.519591 0.378686 0.0516827 0.036218
0 0.0358605 0.410817 0.093109 0.0466346 0.0451923
0 0.0359605 0.561418 0.597115 0.0401442 0.0384615
0 0.036305 0.666827 0.183494 0.0355769 0.0791667
0 0.0368748 0.346154 0.571955 0.0346154 0.0785256
0 0.0377271 0.462861 0.947115 0.0348558 0.0429487
0 0.0377431 0.223438 0.582212 0.0324519 0.0483974
0 0.0399594 0.694712 0.130609 0.03125 0.0291667
0 0.0400132 0.795913 0.63125 0.0557692 0.0509615
0 0.0403051 0.658053 0.21234 0.0314904 0.0471154
0 0.0411619 0.986298 0.977244 0.0274038 0.0455128
0 0.0428059 0.987981 0.235096 0.0240385 0.0387821
0 0.0430864 0.455168 0.0878205 0.0247596 0.0294872
0 0.0433119 0.884976 0.719551 0.0728365 0.0705128
0 0.0434032 0.505048 0.427244 0.0365385 0.0775641
0 0.0440251 0.377644 0.0958333 0.0576923 0.0442308
0 0.0443946 0.484255 0.477885 0.0401442 0.0461538
0 0.0450691 0.0682692 0.253686 0.0447115 0.0387821
0 0.0456661 0.501322 0.372596 0.0362981 0.0342949
0 0.0468686 0.0447115 0.283013 0.0543269 0.074359
0 0.0469005 0.0987981 0.783013 0.04375 0.0570513
0 0.048014 0.561659 0.22516 0.0146635 0.0259615
0 0.0480287 0.173438 0.823558 0.0396635 0.0445513
0 0.0482334 0.956731 0.261058 0.0259615 0.0342949
0 0.0498667 0.3625 0.530288 0.0293269 0.0516026
0 0.051005 0.498317 0.709295 0.0485577 0.0397436
0 0.051179 0.665385 0.239744 0.03125 0.0346154
0 0.0531887 0.325841 0.676122 0.0329327 0.0407051
0 0.0549466 0.676683 0.154647 0.0225962 0.0387821
0 0.0566133 0.502644 0.931891 0.0375 0.0419872
0 0.0576142 0.979808 0.848878 0.0384615 0.061859
0 0.0607852 0.98149 0.787821 0.0360577 0.179487
0 0.0659015 0.454207 0.722756 0.0411058 0.0512821
0 0.0728695 0.505168 0.964904 0.0641827 0.0701923
0 0.0743675 0.527524 0.885577 0.0396635 0.0416667
0 0.0784739 0.505409 0.399199 0.0324519 0.0413462
0 0.0788356 0.47512 0.685577 0.0612981 0.0878205
0 0.083102 0.485577 0.459135 0.0442308 0.0285256
0 0.0842169 0.455769 0.342468 0.0302885 0.0266026
0 0.0848739 0.517909 0.848237 0.0425481 0.0496795
0 0.0852592 0.661779 0.313141 0.0288462 0.0282051
0 0.0900836 0.753966 0.141026 0.0401442 0.0378205
0 0.0904717 0.454447 0.938622 0.0305288 0.038141
0 0.0917475 0.899639 0.185897 0.0382212 0.0358974
0 0.094565 0.536779 0.385897 0.0307692 0.0320513
0 0.0990882 0.393389 0.0942308 0.0377404 0.0346154
0 0.103785 0.988942 0.0456731 0.0211538 0.0432692
0 0.106003 0.494832 0.710096 0.0300481 0.0259615
0 0.107049 0.659375 0.23109 0.0427885 0.0602564
0 0.10926 0.48113 0.509135 0.0271635 0.0278846
0 0.129072 0.425962 0.0942308 0.0201923 0.0346154
0 0.137216 0.284615 0.723237 0.0341346 0.0535256
0 0.138195 0.515144 0.541667 0.04375 0.0346154
0 0.155021 0.515505 0.709615 0.0420673 0.0326923
0 0.155764 0.788942 0.648878 0.0774038 0.0727564
0 0.162384 0.339784 0.604647 0.0237981 0.0451923
0 0.175055 0.414784 0.578365 0.0415865 0.038141
0 0.184617 0.71274 0.16891 0.0721154 0.0891026
0 0.185968 0.495673 0.945192 0.0567308 0.0570513
0 0.188031 0.353005 0.509936 0.0329327 0.0557692
0 0.202335 0.847957 0.755449 0.0737981 0.121795
0 0.208607 0.915865 0.710897 0.0528846 0.0762821
0 0.211706 0.452764 0.700962 0.0555288 0.0801282
0 0.212587 0.177404 0.408654 0.0336538 0.0724359
0 0.22829 0.331611 0.320513 0.0271635 0.0525641
0 0.230643 0.457812 0.285897 0.0502404 0.0467949
0 0.243216 0.639423 0.241667 0.0543269 0.0538462
0 0.265987 0.627163 0.228526 0.0298077 0.0371795
0 0.276919 0.0938702 0.502244 0.0324519 0.0455128
0 0.317798 0.506611 0.415064 0.0266827 0.0455128
0 0.318596 0.722596 0.173878 0.0451923 0.0625
0 0.32106 0.858053 0.73109 0.0497596 0.0692308
0 0.340011 0.230409 0.592147 0.0305288 0.0336538
0 0.356622 0.322476 0.709455 0.0512019 0.0862179
0 0.36491 0.0588942 0.26859 0.0557692 0.0596154
0 0.385699 0.352644 0.534776 0.0403846 0.0759615
0 0.435105 0.347115 0.138301 0.0394231 0.0432692
0 0.501194 0.978245 0.248397 0.0425481 0.0602564
0 0.591022 0.0336538 0.752404 0.0649038 0.0528846
0 0.661305 0.260817 0.885897 0.0600962 0.0660256
0 0.673953 0.350361 0.209295 0.0382212 0.0467949
