0 0.0301932 0.575841 0.0141026 0.0185096 0.0282051
0 0.0305922 0.576803 0.830288 0.0247596 0.0233974
0 0.0323023 0.05625 0.175 0.0644231 0.0698718
0 0.035131 0.627043 0.80609 0.0305288 0.0339744
0 0.0351921 0.963341 0.970673 0.0733173 0.0573718
0 0.0365032 0.611418 0.889103 0.0430288 0.0384615
0 0.0378739 0.780649 0.400481 0.0449519 0.036859
0 0.0389544 0.28137 0.236218 0.0492788 0.0371795
0 0.0417022 0.332933 0.290705 0.0384615 0.0544872
0 0.0426316 0.0572115 0.269231 0.0375 0.0615385
0 0.0435856 0.59363 0.244391 0.028125 0.061859
0 0.0462932 0.333534 0.208974 0.0209135 0.0314103
0 0.04786 0.336298 0.782212 0.0389423 0.0727564
0 0.0488342 0.0419471 0.51234 0.0276442 0.0349359
0 0.0495385 0.373317 0.225321 0.0192308 0.0307692
0 0.0496542 0.30601 0.018109 0.0403846 0.0336538
0 0.0500192 0.444952 0.699519 0.0264423 0.0355769
0 0.0504789 0.168029 0.608974 0.0432692 0.0461538
0 0.0512551 0.877404 0.364583 0.0625 0.0875
0 0.0526605 0.194712 0.572115 0.0360577 0.0480769
0 0.0538539 0.592668 0.890545 0.071875 0.0445513
0 0.0550997 0.421394 0.402724 0.0269231 0.0317308
0 0.0569685 0.845793 0.195192 0.104567 0.0679487
0 0.0573334 0.530409 0.375481 0.028125 0.0317308
0 0.0589463 0.326923 0.282372 0.0259615 0.0288462
0 0.0596461 0.885938 0.376603 0.0310096 0.0333333
0 0.061203 0.430168 0.424679 0.0319712 0.0512821
0 0.0616032 0.281851 0.453686 0.0372596 0.0407051
0 0.0667602 0.115385 0.272276 0.0206731 0.0330128
0 0.0729737 0.648918 0.307372 0.0382212 0.0403846
0 0.0783357 0.809976 0.718269 0.0540865 0.0596154
0 0.0783727 0.469952 0.257532 0.025 0.0496795
0 0.079517 0.430168 0.627885 0.0579327 0.0467949
0 0.0875307 0.155288 0.235417 0.0293269 0.0330128
0 0.090184 0.576683 0.0141026 0.00913462 0.024359
0 0.0906201 0.460577 0.237981 0.0350962 0.0586538
0 0.0981078 0.432332 0.801763 0.0290865 0.0330128
0 0.100581 0.281851 0.576763 0.0877404 0.0836538
0 0.106475 0.297476 0.0291667 0.0300481 0.0339744
0 0.108267 0.312139 0.162179 0.021875 0.0339744
0 0.112268 0.0153846 0.788301 0.0307692 0.13109
0 0.11549 0.0596154 0.570353 0.0355769 0.0336538
0 0.137939 0.0673077 0.240224 0.0221154 0.0310897
0 0.15218 0.302524 0.0445513 0.0358173 0.0589744
0 0.188858 0.435337 0.429327 0.0235577 0.0266026
0 0.197071 0.302764 0.328686 0.0338942 0.0336538
0 0.202256 0.541707 0.704167 0.0430288 0.0564103
0 0.202313 0.453486 0.225 0.0358173 0.0442308
0 0.204811 0.199519 0.384135 0.0326923 0.0349359
0 0.205708 0.303365 0.0596154 0.0298077 0.0403846
0 0.211881 0.651563 0.701122 0.0411058 0.0535256
0 0.219682 0.353245 0.309936 0.0257212 0.0371795
0 0.245614 0.679688 0.063141 0.0276442 0.0301282
0 0.252185 0.634495 0.303526 0.0516827 0.0474359
0 0.271324 0.296034 0.342308 0.0290865 0.0294872
0 0.274808 0.5875 0.228686 0.0240385 0.0599359
0 0.275965 0.878726 0.372276 0.0473558 0.0496795
0 0.285303 0.177284 0.209135 0.0334135 0.0516026
0 0.332439 0.60637 0.705128 0.0324519 0.0442308
0 0.335493 0.621755 0.296474 0.0257212 0.0583333
0 0.347466 0.128365 0.149199 0.0326923 0.0407051
0 0.454027 0.0486779 0.280288 0.0372596 0.0285256
0 0.466578 0.465144 0.913301 0.0538462 0.0419872
0 0.517932 0.215024 0.965224 0.0776442 0.0657051
0 0.524556 0.404327 0.0423077 0.0206731 0.0352564
0 0.730079 0.529808 0.817147 0.0480769 0.0599359
