0 0.0301575 0.856731 0.83109 0.0399038 0.0660256
0 0.0310848 0.540625 0.0192308 0.0514423 0.0384615
0 0.0323659 0.320553 0.186218 0.0199519 0.0480769
0 0.0334388 0.0711538 0.563301 0.0216346 0.0483974
0 0.0340535 0.052524 0.177083 0.0372596 0.0657051
0 0.0341511 0.399159 0.0775641 0.021875 0.0429487
0 0.0382435 0.0471154 0.986378 0.0634615 0.0259615
0 0.0384672 0.161779 0.163942 0.0442308 0.0785256
0 0.0393119 0.803486 0.234936 0.0314904 0.0474359
0 0.0394487 0.678606 0.355288 0.0153846 0.0445513
0 0.0400563 0.225481 0.880609 0.0341346 0.0817308
0 0.0406028 0.382091 0.0512821 0.0262019 0.0692308
0 0.0429445 0.439063 0.379487 0.015625 0.0294872
0 0.0464974 0.54363 0.895673 0.0555288 0.086859
0 0.0470019 0.0316106 0.980128 0.0632212 0.0365385
0 0.0484125 0.15649 0.18125 0.0177885 0.0419872
0 0.0540504 0.985337 0.571314 0.0293269 0.0746795
0 0.0587162 0.502284 0.321795 0.0286058 0.0455128
0 0.0607781 0.378365 0.344391 0.0293269 0.0567308
0 0.0630594 0.290024 0.475 0.0271635 0.0352564
0 0.068248 0.676082 0.525962 0.0454327 0.0474359
0 0.0691046 0.723558 0.569231 0.0399038 0.135256
0 0.0736564 0.373317 0.354487 0.0211538 0.0339744
0 0.0786456 0.557452 0.961218 0.0206731 0.0641026
0 0.0790916 0.752524 0.401603 0.0459135 0.0852564
0 0.0806687 0.40649 0.358494 0.01875 0.0560897
0 0.0840161 0.19387 0.140865 0.0512019 0.0413462
0 0.0927479 0.0153846 0.263622 0.0283654 0.086859
0 0.0935446 0.479207 0.758173 0.0574519 0.0977564
0 0.0987684 0.466106 0.373878 0.0322115 0.0458333
0 0.106216 0.650841 0.78125 0.0675481 0.117628
0 0.114778 0.98149 0.542949 0.0346154 0.136538
0 0.118022 0.712139 0.602564 0.0257212 0.0814103
0 0.125606 0.390625 0.0657051 0.0240385 0.0634615
0 0.128454 0.0140625 0.198237 0.028125 0.0387821
0 0.138844 0.246875 0.725801 0.0341346 0.0541667
0 0.159302 0.555649 0.90625 0.0314904 0.0387821
0 0.163608 0.288822 0.59375 0.0189904 0.036859
0 0.170061 0.131851 0.224679 0.0257212 0.049359
0 0.174436 0.155529 0.167468 0.0235577 0.063141
0 0.184303 0.0266827 0.76266 0.0341346 0.0426282
0 0.219035 0.36226 0.473077 0.0221154 0.0487179
0 0.230626 0.716947 0.447596 0.0213942 0.0682692
0 0.289567 0.236659 0.855769 0.0473558 0.117949
0 0.321242 0.315024 0.173558 0.0252404 0.0689103
0 0.331571 0.26887 0.792147 0.0262019 0.0625
0 0.341629 0.177524 0.278365 0.0492788 0.0637821
0 0.403408 0.202043 0.820833 0.0362981 0.0692308
0 0.423124 0.489303 0.766346 0.0353365 0.0673077
0 0.428387 0.532572 0.0344551 0.0483173 0.0689103
0 0.482643 0.747837 0.780769 0.0778846 0.0814103
0 0.494073 0.111418 0.71875 0.0334135 0.0535256
0 0.532745 0.43113 0.123397 0.0276442 0.0769231
0 0.565279 0.5625 0.17516 0.0302885 0.0785256
0 0.602668 0.201923 0.210256 0.0355769 0.0615385
0 0.62291 0.869231 0.312179 0.0240385 0.0608974
0 0.657479 0.820553 0.408013 0.0415865 0.0487179
0 0.677619 0.539183 0.308494 0.0365385 0.0785256
0 0.678957 0.0679087 0.175 0.0612981 0.0782051
0 0.681214 0.228846 0.086859 0.0283654 0.0660256
