0 0.0305063 0.960817 0.885897 0.0471154 0.0916667
0 0.0334706 0.0201923 0.690545 0.0379808 0.125962
0 0.0342114 0.929207 0.836538 0.021875 0.0410256
0 0.0364187 0.290505 0.10625 0.0223558 0.0342949
0 0.038153 0.317548 0.231571 0.0254808 0.0451923
0 0.040455 0.456971 0.432692 0.0163462 0.0307692
0 0.0420606 0.0360577 0.176122 0.0625 0.102244
0 0.0427982 0.257332 0.986378 0.0680288 0.0246795
0 0.0428585 0.403846 0.126122 0.0254808 0.0394231
0 0.0433888 0.351202 0.739583 0.03125 0.0387821
0 0.0447632 0.675361 0.674519 0.0362981 0.0355769
0 0.0464244 0.730168 0.799359 0.0237981 0.0480769
0 0.0471818 0.561779 0.0142628 0.0206731 0.0259615
0 0.0471948 0.185216 0.0724359 0.0247596 0.0474359
0 0.0474637 0.397596 0.116346 0.0355769 0.0576923
0 0.0532535 0.124038 0.400321 0.0461538 0.0403846
0 0.0534593 0.686779 0.708974 0.0384615 0.0358974
0 0.055432 0.233413 0.074359 0.0278846 0.025641
0 0.0607675 0.340385 0.733494 0.0504808 0.0573718
0 0.0635941 0.845072 0.627564 0.0324519 0.0429487
0 0.0642487 0.723077 0.860096 0.0413462 0.0330128
0 0.0644559 0.0112981 0.737821 0.0225962 0.100641
0 0.0650474 0.198197 0.698718 0.0391827 0.0269231
0 0.0687255 0.503726 0.136859 0.0319712 0.0429487
0 0.0704421 0.151202 0.907212 0.0370192 0.0483974
0 0.0735971 0.140024 0.372276 0.0367788 0.0471154
0 0.0803825 0.318389 0.644712 0.0536058 0.0323718
0 0.0826557 0.817788 0.529968 0.0158654 0.0471154
0 0.0861559 0.278966 0.138942 0.0295673 0.0522436
0 0.0865772 0.529327 0.292147 0.0264423 0.0285256
0 0.0968848 0.495433 0.149199 0.0302885 0.0548077
0 0.098671 0.0108173 0.22484 0.01875 0.0432692
0 0.102991 0.717548 0.767308 0.0432692 0.0474359
0 0.118234 0.11875 0.469391 0.03125 0.0298077
0 0.118455 0.0465144 0.201763 0.0512019 0.0573718
0 0.144641 0.689423 0.292308 0.0394231 0.0589744
0 0.146675 0.432572 0.720833 0.0430288 0.0339744
0 0.197299 0.153365 0.93141 0.0307692 0.0391026
0 0.199684 0.695793 0.279487 0.0362981 0.0371795
0 0.216009 0.303005 0.563942 0.0319712 0.0304487
0 0.218444 0.147356 0.891827 0.0384615 0.0336538
0 0.219644 0.680168 0.309295 0.0237981 0.0429487
0 0.233426 0.568269 0.0644231 0.0447115 0.0544872
0 0.272567 0.0313702 0.129647 0.0555288 0.0522436
0 0.28112 0.724279 0.782372 0.0370192 0.0666667
0 0.295664 0.0957933 0.403526 0.0401442 0.0371795
0 0.29615 0.525 0.0360577 0.0370192 0.0432692
0 0.312868 0.489904 0.164103 0.0235577 0.0346154
0 0.346033 0.53774 0.257853 0.0302885 0.038141
0 0.346172 0.927404 0.850641 0.0326923 0.0673077
0 0.402384 0.0300481 0.666667 0.0533654 0.0551282
0 0.41046 0.285817 0.122756 0.0283654 0.0602564
0 0.505441 0.148438 0.751282 0.0329327 0.050641
0 0.514206 0.390865 0.101282 0.0533654 0.0814103
0 0.618609 0.192188 0.744071 0.0377404 0.0682692
