0 0.0318089 0.91851 0.776442 0.0370192 0.0554487
0 0.0321034 0.307452 0.0113782 0.0413462 0.0227564
0 0.0322841 0.353606 0.81875 0.01875 0.0573718
0 0.032773 0.985216 0.62468 0.0262019 0.139744
0 0.0336411 0.0372596 0.685256 0.0668269 0.166026
0 0.0344578 0.989303 0.575962 0.0213942 0.10641
0 0.034515 0.0663462 0.966346 0.10625 0.0673077
0 0.0356253 0.978125 0.934135 0.04375 0.0586538
0 0.0357316 0.694832 0.588301 0.0459135 0.0669872
0 0.0360355 0.521154 0.341186 0.0298077 0.0439103
0 0.0363936 0.919832 0.453045 0.0540865 0.0663462
0 0.0387042 0.37512 0.647115 0.0204327 0.0487179
0 0.0392364 0.868149 0.842308 0.0362981 0.0442308
0 0.0414004 0.687019 0.445833 0.0548077 0.108974
0 0.0425503 0.164303 0.580929 0.0362981 0.0650641
0 0.0454342 0.97524 0.385096 0.0461538 0.0663462
0 0.0482601 0.876082 0.438622 0.0362981 0.0682692
0 0.0485837 0.482933 0.977404 0.0615385 0.0426282
0 0.0495844 0.169712 0.607051 0.0293269 0.0525641
0 0.0554312 0.228966 0.714263 0.0420673 0.0778846
0 0.0561262 0.473077 0.863782 0.0365385 0.0480769
0 0.0575895 0.0215144 0.971474 0.0425481 0.0570513
0 0.0615601 0.183654 0.654006 0.0692308 0.125321
0 0.0655855 0.053125 0.984455 0.0658654 0.0298077
0 0.0660352 0.741587 0.460256 0.0653846 0.0923077
0 0.0661206 0.665024 0.387981 0.0338942 0.0612179
0 0.0677919 0.084375 0.979487 0.0860577 0.0410256
0 0.0681161 0.987019 0.221955 0.025 0.0849359
0 0.0730847 0.140385 0.518429 0.0283654 0.0330128
0 0.0743296 0.236538 0.726603 0.0216346 0.0557692
0 0.0769317 0.610457 0.315385 0.0276442 0.0262821
0 0.0799534 0.971394 0.845192 0.0572115 0.0807692
0 0.0802675 0.0114183 0.196795 0.0223558 0.099359
0 0.0820432 0.322115 0.81891 0.0149038 0.0314103
0 0.0909766 0.971514 0.748397 0.0560096 0.1
0 0.091749 0.902764 0.457212 0.0396635 0.0592949
0 0.0918837 0.34988 0.83141 0.0175481 0.0525641
0 0.0931564 0.176803 0.527244 0.0228365 0.0467949
0 0.0953277 0.973437 0.658173 0.0454327 0.0971154
0 0.0987806 0.887139 0.200962 0.034375 0.0685897
0 0.102855 0.295793 0.821955 0.0271635 0.0394231
0 0.107932 0.0365385 0.978846 0.0600962 0.0423077
0 0.116842 0.0519231 0.712179 0.0350962 0.0416667
0 0.127577 0.0108173 0.762179 0.0201923 0.0474359
0 0.135177 0.480769 0.741026 0.0471154 0.108974
0 0.137073 0.483654 0.679968 0.0375 0.0663462
0 0.168444 0.0978365 0.960256 0.0442308 0.073718
0 0.191256 0.984856 0.541026 0.0283654 0.103846
0 0.193232 0.684495 0.600321 0.0305288 0.0608974
0 0.203791 0.888702 0.447756 0.0480769 0.0698718
0 0.21004 0.389663 0.795833 0.0240385 0.0269231
0 0.210978 0.00961538 0.21875 0.01875 0.0496795
0 0.216741 0.146755 0.528846 0.0396635 0.0480769
0 0.222334 0.033774 0.705609 0.0675481 0.0791667
0 0.263492 0.172115 0.632372 0.0427885 0.0903846
0 0.270373 0.393029 0.284135 0.0259615 0.036218
0 0.407694 0.0140625 0.138622 0.028125 0.0650641
0 0.443407 0.208894 0.69375 0.0841346 0.10609
0 0.446556 0.976082 0.957532 0.0478365 0.0849359
0 0.453737 0.159976 0.5375 0.0516827 0.0519231
0 0.54818 0.329207 0.467147 0.0237981 0.0387821
0 0.588942 0.331851 0.0440705 0.0377404 0.0407051
0 0.590038 0.337861 0.297596 0.0800481 0.0977564
0 0.613426 0.682572 0.513301 0.0665865 0.110577
0 0.624685 0.155649 0.480128 0.0295673 0.0538462
