0 0.0309674 0.127043 0.0623397 0.0723558 0.0951923
0 0.0311634 0.401082 0.358173 0.059375 0.0554487
0 0.03135 0.200361 0.347276 0.0608173 0.0490385
0 0.0318234 0.224279 0.781891 0.0456731 0.0477564
0 0.0335348 0.429567 0.472115 0.0336538 0.0538462
0 0.0338798 0.321755 0.0134615 0.0444712 0.0224359
0 0.0348675 0.445673 0.461378 0.0346154 0.0445513
0 0.0354773 0.260817 0.0232372 0.0365385 0.038141
0 0.0360807 0.20601 0.357051 0.0389423 0.0320513
0 0.0361279 0.0429087 0.433013 0.0766827 0.0762821
0 0.0395724 0.14363 0.320192 0.14351 0.0865385
0 0.040077 0.626442 0.15625 0.0423077 0.0298077
0 0.0438636 0.0237981 0.185417 0.0475962 0.0733974
0 0.0439186 0.290625 0.260577 0.0495192 0.0442308
0 0.0448224 0.291947 0.0447115 0.111298 0.0836538
0 0.0448763 0.0545673 0.545673 0.0927885 0.0823718
0 0.0451469 0.0384615 0.253045 0.0673077 0.149038
0 0.0456704 0.306851 0.0625 0.0569712 0.0557692
0 0.0481813 0.0354567 0.170513 0.0627404 0.0871795
0 0.0510243 0.237981 0.278686 0.0177885 0.0483974
0 0.053429 0.520553 0.557051 0.0579327 0.0480769
0 0.0556931 0.226202 0.299679 0.0490385 0.0826923
0 0.0590382 0.282212 0.271795 0.0552885 0.0788462
0 0.0665682 0.446635 0.683654 0.0725962 0.0653846
0 0.0666314 0.328125 0.0528846 0.0889423 0.101923
0 0.0693143 0.336779 0.173077 0.0221154 0.0416667
0 0.0740907 0.398678 0.602564 0.0338942 0.0333333
0 0.0785455 0.507572 0.159615 0.046875 0.0621795
0 0.0963083 0.430168 0.463462 0.0579327 0.0628205
0 0.0998466 0.0710337 0.164103 0.110817 0.0557692
0 0.111953 0.219952 0.572917 0.0485577 0.0349359
0 0.129397 0.454327 0.277885 0.0259615 0.0282051
0 0.149809 0.0901442 0.504487 0.0980769 0.0769231
0 0.151088 0.0199519 0.16266 0.0399038 0.0714744
0 0.169078 0.435937 0.863942 0.0382212 0.0464744
0 0.221725 0.505168 0.600481 0.0338942 0.0458333
0 0.252394 0.209014 0.28734 0.0497596 0.0605769
0 0.275167 0.074399 0.555128 0.145913 0.117949
0 0.294654 0.177764 0.405929 0.0425481 0.0490385
0 0.297607 0.511298 0.270833 0.0509615 0.0576923
0 0.30041 0.580288 0.621635 0.0480769 0.0490385
0 0.335778 0.244351 0.01875 0.0675481 0.036218
0 0.359533 0.379327 0.245994 0.0485577 0.0663462
0 0.379286 0.0544471 0.292468 0.108894 0.122115
0 0.404993 0.470313 0.717949 0.0439904 0.0525641
0 0.410075 0.0282452 0.409455 0.0564904 0.0522436
0 0.429527 0.383894 0.142788 0.0572115 0.0862179
0 0.43693 0.601322 0.480449 0.034375 0.050641
0 0.461819 0.180529 0.337179 0.08125 0.0705128
0 0.499218 0.416827 0.656731 0.0735577 0.0416667
0 0.508249 0.102043 0.0738782 0.130048 0.123397
0 0.57407 0.515986 0.308173 0.0252404 0.0560897
0 0.604402 0.575841 0.532532 0.0382212 0.0503205
0 0.609611 0.12524 0.975801 0.0346154 0.0483974
0 0.621788 0.616707 0.210737 0.0574519 0.0637821
0 0.633487 0.215144 0.18125 0.144712 0.113141
0 0.63355 0.509375 0.252244 0.0653846 0.05
0 0.64388 0.187861 0.888301 0.0925481 0.0721154
0 0.670134 0.506611 0.0365385 0.078125 0.0717949
0 0.692177 0.559856 0.391026 0.0634615 0.0583333
