0 0.0304292 0.619832 0.986859 0.0526442 0.0237179
0 0.034045 0.34387 0.206891 0.0757212 0.0798077
0 0.034136 0.988462 0.445994 0.0221154 0.0599359
0 0.0342821 0.507692 0.561378 0.0533654 0.0471154
0 0.0371028 0.466106 0.98125 0.0423077 0.0278846
0 0.0376481 0.0174279 0.977244 0.0348558 0.0455128
0 0.0378293 0.605288 0.983013 0.0692308 0.0339744
0 0.0390507 0.416466 0.748878 0.0324519 0.0490385
0 0.0390991 0.783654 0.984615 0.0793269 0.0307692
0 0.0402669 0.525841 0.571795 0.0396635 0.0275641
0 0.0404554 0.743149 0.924519 0.0295673 0.0836538
0 0.0433841 0.734976 0.943109 0.0588942 0.0983974
0 0.0462801 0.744231 0.46234 0.0235577 0.0503205
0 0.0477967 0.248437 0.419231 0.021875 0.0333333
0 0.0494246 0.448317 0.508974 0.0139423 0.0320513
0 0.052431 0.424399 0.801763 0.0314904 0.0669872
0 0.0527323 0.584736 0.986058 0.0276442 0.0221154
0 0.056299 0.460216 0.676763 0.0223558 0.0548077
0 0.0615292 0.378726 0.537821 0.0199519 0.0391026
0 0.063109 0.483413 0.982051 0.0826923 0.0358974
0 0.0631745 0.434495 0.949359 0.0415865 0.0929487
0 0.0682978 0.318029 0.980288 0.0254808 0.0394231
0 0.0687008 0.682692 0.460096 0.0519231 0.0426282
0 0.0738117 0.0451923 0.746795 0.0336538 0.0455128
0 0.0753458 0.761899 0.979808 0.0713942 0.0403846
0 0.0803635 0.551923 0.258494 0.03125 0.0375
0 0.0952113 0.455649 0.980449 0.0463942 0.0391026
0 0.0960756 0.410817 0.538622 0.0399038 0.0464744
0 0.111147 0.345673 0.462981 0.01875 0.0317308
0 0.112967 0.334495 0.76875 0.0194712 0.0310897
0 0.117349 0.987139 0.595032 0.0228365 0.0586538
0 0.123731 0.366226 0.55641 0.0372596 0.0519231
0 0.146002 0.732091 0.899359 0.0454327 0.134615
0 0.178277 0.75625 0.469551 0.04375 0.0596154
0 0.186397 0.615986 0.748237 0.0348558 0.0894231
0 0.186884 0.976683 0.441346 0.0442308 0.0692308
0 0.201212 0.0331731 0.73766 0.0596154 0.0612179
0 0.209831 0.67512 0.977083 0.0324519 0.0400641
0 0.250796 0.554447 0.753686 0.0358173 0.0451923
0 0.293705 0.421875 0.532692 0.0235577 0.0378205
0 0.302196 0.26863 0.867788 0.0334135 0.0496795
0 0.314332 0.534615 0.578526 0.0322115 0.0339744
0 0.324679 0.382452 0.547436 0.0403846 0.05
0 0.357402 0.417308 0.784936 0.0355769 0.0948718
0 0.489269 0.447957 0.679006 0.0411058 0.0586538
0 0.506571 0.73125 0.392308 0.0346154 0.0570513
0 0.636556 0.551202 0.35641 0.0230769 0.0403846
