0 0.0344926 0.572115 0.376282 0.0201923 0.0333333
0 0.0351612 0.135096 0.616186 0.0668269 0.0990385
0 0.0357044 0.0520433 0.724519 0.100721 0.0676282
0 0.0362121 0.721875 0.0197115 0.0778846 0.0394231
0 0.0370321 0.210577 0.557212 0.0346154 0.0464744
0 0.037427 0.517788 0.58125 0.0153846 0.0419872
0 0.0380524 0.15024 0.554167 0.0961538 0.223718
0 0.038288 0.9375 0.319551 0.0370192 0.0570513
0 0.0389692 0.583774 0.637981 0.0733173 0.0939103
0 0.0463603 0.0201923 0.0615385 0.0403846 0.111538
0 0.0660354 0.65637 0.0346154 0.0867788 0.0384615
0 0.0804614 0.0161058 0.427404 0.0322115 0.225321
0 0.10016 0.482332 0.824038 0.0757212 0.0692308
0 0.106524 0.272596 0.587821 0.075 0.0826923
0 0.129204 0.511178 0.305769 0.0257212 0.0365385
0 0.131691 0.471514 0.898077 0.0338942 0.0801282
0 0.144822 0.0269231 0.0883013 0.0538462 0.0560897
0 0.158535 0.979327 0.273397 0.0384615 0.0589744
0 0.194483 0.228125 0.4875 0.0370192 0.0416667
0 0.217349 0.0294471 0.315385 0.0540865 0.0711538
0 0.238175 0.314423 0.612179 0.0269231 0.0339744
0 0.270573 0.644111 0.278686 0.0324519 0.061859
0 0.459331 0.477764 0.87516 0.0762019 0.182372
0 0.459442 0.945793 0.310256 0.0276442 0.0512821
0 0.487769 0.628005 0.796474 0.0420673 0.050641
