0 0.0305974 0.873317 0.338141 0.0451923 0.0467949
0 0.0306927 0.877524 0.319071 0.0391827 0.0676282
0 0.0308218 0.378966 0.606571 0.0310096 0.0413462
0 0.0313284 0.390024 0.525321 0.0435096 0.0487179
0 0.031925 0.0262019 0.984455 0.0480769 0.0291667
0 0.0320485 0.990144 0.59407 0.0163462 0.0586538
0 0.0331407 0.438462 0.22484 0.0514423 0.0605769
0 0.0333638 0.366466 0.98734 0.0478365 0.0253205
0 0.0339131 0.114904 0.0522436 0.0735577 0.0775641
0 0.0350472 0.244952 0.95641 0.0528846 0.0666667
0 0.0351032 0.478245 0.834135 0.0814904 0.0836538
0 0.0351273 0.534495 0.754167 0.0425481 0.0788462
0 0.0355131 0.476082 0.591987 0.078125 0.0897436
0 0.0362465 0.115745 0.0171474 0.0540865 0.0278846
0 0.0363089 0.673197 0.692628 0.0286058 0.0596154
0 0.0369097 0.838101 0.23141 0.0632212 0.0602564
0 0.0370648 0.441106 0.894712 0.0495192 0.0708333
0 0.0371244 0.914183 0.375321 0.0442308 0.0647436
0 0.0385338 0.527043 0.788301 0.0483173 0.101603
0 0.0387188 0.438462 0.725801 0.0225962 0.0355769
0 0.0388313 0.378606 0.679167 0.0326923 0.0403846
0 0.039803 0.0100962 0.1875 0.0201923 0.0474359
0 0.0405282 0.336058 0.922276 0.0581731 0.0951923
0 0.0413958 0.426683 0.0727564 0.0586538 0.0852564
0 0.0429769 0.628486 0.471474 0.0786058 0.1
0 0.0430772 0.192668 0.401442 0.0329327 0.0323718
0 0.0432543 0.479688 0.229487 0.0204327 0.0314103
0 0.0433776 0.36875 0.726282 0.0298077 0.0717949
0 0.043543 0.327163 0.986378 0.0418269 0.0272436
0 0.0436027 0.989423 0.620192 0.0192308 0.126282
0 0.0436698 0.510938 0.760417 0.021875 0.038141
0 0.0443646 0.470433 0.621955 0.0475962 0.0926282
0 0.0447422 0.489904 0.626442 0.0514423 0.0701923
0 0.0448802 0.470553 0.224359 0.0391827 0.0288462
0 0.0463463 0.240264 0.0121795 0.0425481 0.0237179
0 0.0466369 0.0308894 0.0551282 0.0560096 0.0878205
0 0.0469473 0.0111779 0.173077 0.0223558 0.0910256
0 0.0470801 0.274279 0.383333 0.0283654 0.0551282
0 0.047492 0.319471 0.371955 0.0783654 0.0689103
0 0.0493923 0.171995 0.987981 0.0435096 0.0189103
0 0.0499806 0.0159856 0.0485577 0.0319712 0.0926282
0 0.0501955 0.415625 0.401282 0.05 0.074359
0 0.0508012 0.56899 0.259295 0.0240385 0.0333333
0 0.0510166 0.976322 0.310737 0.0329327 0.0387821
0 0.0513762 0.347115 0.98734 0.0538462 0.0253205
0 0.0523894 0.702644 0.300481 0.0600962 0.0900641
0 0.0548021 0.0751202 0.0774038 0.0598558 0.0439103
0 0.0553351 0.989183 0.969872 0.0216346 0.0602564
0 0.055576 0.659375 0.513301 0.0307692 0.0560897
0 0.0568019 0.320553 0.433333 0.0536058 0.050641
0 0.0575294 0.429327 0.730128 0.0293269 0.0346154
0 0.0577286 0.990986 0.383333 0.0180288 0.0621795
0 0.0582044 0.211899 0.397115 0.0387019 0.0339744
0 0.0586453 0.78762 0.0197115 0.0492788 0.0394231
0 0.0601266 0.173197 0.0932692 0.0362981 0.0615385
0 0.0618096 0.63101 0.525641 0.0456731 0.0647436
0 0.062905 0.431611 0.966987 0.0588942 0.0660256
0 0.0656036 0.456611 0.578686 0.0747596 0.0625
0 0.066241 0.746755 0.352564 0.0391827 0.0602564
0 0.0663619 0.454207 0.203205 0.0367788 0.0576923
0 0.0674336 0.404928 0.384135 0.0353365 0.0451923
0 0.069096 0.482812 0.883333 0.0733173 0.05
0 0.0694271 0.463462 0.640865 0.0317308 0.0394231
0 0.0698927 0.966466 0.397276 0.0314904 0.036859
0 0.0715736 0.429808 0.0488782 0.0403846 0.0862179
0 0.0743057 0.5375 0.396955 0.0625 0.0567308
0 0.0768195 0.840745 0.360417 0.065625 0.0426282
0 0.0770752 0.351923 0.414103 0.0307692 0.0282051
0 0.0785347 0.398438 0.513301 0.0338942 0.0355769
0 0.0801512 0.215865 0.281891 0.0576923 0.0573718
0 0.0809908 0.261178 0.390865 0.028125 0.0394231
0 0.0816548 0.467909 0.792788 0.0310096 0.0477564
0 0.0831908 0.359495 0.460417 0.0877404 0.0644231
0 0.0850969 0.32512 0.960417 0.0295673 0.0432692
0 0.0853292 0.404207 0.978686 0.0396635 0.0394231
0 0.0876834 0.235337 0.97516 0.0644231 0.0496795
0 0.0897285 0.346635 0.0112179 0.0326923 0.0224359
0 0.0918599 0.552043 0.842949 0.0266827 0.0532051
0 0.0936496 0.398678 0.45625 0.0713942 0.0516026
0 0.0946169 0.394832 0.757212 0.0233173 0.0560897
0 0.0952959 0.00961538 0.884455 0.0153846 0.0477564
0 0.096022 0.801082 0.013141 0.0415865 0.025
0 0.0975669 0.432452 0.390705 0.0379808 0.0570513
0 0.103877 0.615144 0.439583 0.05625 0.0554487
0 0.104126 0.820072 0.588942 0.0338942 0.0759615
0 0.106241 0.416346 0.734615 0.0418269 0.0455128
0 0.107357 0.767788 0.56282 0.0264423 0.0384615
0 0.108427 0.332933 0.873397 0.0375 0.0519231
0 0.115319 0.271755 0.977404 0.0617788 0.0400641
0 0.115341 0.443029 0.352404 0.0350962 0.0394231
0 0.116781 0.570433 0.421955 0.0552885 0.0682692
0 0.117577 0.439543 0.977885 0.0435096 0.0435897
0 0.118604 0.477163 0.625641 0.0423077 0.05
0 0.12991 0.230649 0.471154 0.0305288 0.0442308
0 0.133304 0.984255 0.319391 0.0286058 0.0496795
0 0.133463 0.990745 0.98766 0.0185096 0.0246795
0 0.135084 0.426803 0.917788 0.0411058 0.0913462
0 0.150466 0.474279 0.417147 0.0418269 0.0496795
0 0.150755 0.277404 0.470673 0.0225962 0.0355769
0 0.151625 0.952163 0.391506 0.0485577 0.0483974
0 0.158545 0.316707 0.976603 0.0430288 0.0467949
0 0.159961 0.0561298 0.0769231 0.101683 0.0647436
0 0.161758 0.419471 0.374519 0.0514423 0.0554487
0 0.164344 0.731971 0.34359 0.0504808 0.0801282
0 0.164349 0.10613 0.0238782 0.0622596 0.0477564
0 0.173706 0.0179087 0.977404 0.0358173 0.0451923
0 0.176165 0.36262 0.409615 0.0411058 0.0365385
0 0.17844 0.258774 0.986538 0.0444712 0.0237179
0 0.18092 0.51238 0.810256 0.0372596 0.0544872
0 0.18208 0.79363 0.253686 0.0237981 0.0330128
0 0.183654 0.524639 0.385417 0.0622596 0.0451923
0 0.189002 0.520553 0.606891 0.0387019 0.036859
0 0.19041 0.699279 0.370192 0.0466346 0.0923077
0 0.19321 0.342668 0.888141 0.0483173 0.0647436
0 0.193295 0.468269 0.873077 0.0639423 0.0378205
0 0.200083 0.438221 0.392949 0.0639423 0.0967949
0 0.200234 0.543389 0.864263 0.0247596 0.0458333
0 0.203852 0.863221 0.352404 0.0538462 0.0407051
0 0.209828 0.887981 0.550962 0.0341346 0.0455128
0 0.224872 0.333413 0.448237 0.0586538 0.0657051
0 0.235665 0.445072 0.157051 0.0276442 0.0371795
0 0.238547 0.458173 0.801603 0.0427885 0.0576923
0 0.239899 0.863702 0.460577 0.0389423 0.0692308
0 0.244105 0.492909 0.0283654 0.0574519 0.0554487
0 0.245481 0.98762 0.352724 0.021875 0.0939103
0 0.254947 0.245673 0.397276 0.0418269 0.038141
0 0.264541 0.455168 0.658814 0.0247596 0.0477564
0 0.266018 0.524038 0.821154 0.0514423 0.0660256
0 0.271249 0.364423 0.685577 0.0293269 0.0512821
0 0.272209 0.543029 0.846795 0.0355769 0.0788462
0 0.277769 0.436058 0.361218 0.0543269 0.049359
0 0.28391 0.529327 0.727564 0.0456731 0.0980769
0 0.316848 0.424279 0.0272436 0.03125 0.0519231
0 0.321548 0.0921875 0.0179487 0.0473558 0.0358974
0 0.325379 0.478245 0.0394231 0.0305288 0.0435897
0 0.328672 0.453365 0.220192 0.0466346 0.0474359
0 0.346505 0.596274 0.435897 0.102163 0.073718
0 0.350883 0.505889 0.0192308 0.0483173 0.0384615
0 0.350916 0.228966 0.398237 0.0459135 0.0407051
0 0.357388 0.233534 0.0548077 0.0338942 0.050641
0 0.378651 0.295553 0.972436 0.0540865 0.0512821
0 0.379523 0.505529 0.816506 0.0278846 0.0355769
0 0.394055 0.241346 0.475962 0.0538462 0.0615385
0 0.403591 0.643269 0.535096 0.0375 0.0477564
0 0.441449 0.245433 0.651603 0.0341346 0.0429487
0 0.45738 0.708774 0.34391 0.0637019 0.123077
0 0.464084 0.419591 0.977724 0.0545673 0.0445513
0 0.465472 0.451683 0.417949 0.05 0.075641
0 0.499655 0.441346 0.0876603 0.0370192 0.0490385
0 0.503446 0.684856 0.558494 0.0403846 0.0753205
0 0.508525 0.934255 0.387019 0.0588942 0.0625
0 0.525564 0.386538 0.472756 0.0634615 0.0602564
0 0.531657 0.746274 0.475641 0.0324519 0.050641
0 0.532586 0.782572 0.373718 0.0454327 0.0532051
0 0.545171 0.621755 0.341506 0.0444712 0.0528846
0 0.570091 0.770072 0.0330128 0.0574519 0.0653846
0 0.577156 0.40625 0.745994 0.0403846 0.0663462
0 0.579835 0.447356 0.812019 0.0360577 0.0509615
0 0.597963 0.703125 0.0567308 0.0350962 0.0467949
0 0.598454 0.662019 0.682853 0.0447115 0.0823718
0 0.622106 0.809135 0.229006 0.119712 0.0721154
0 0.63534 0.368149 0.733333 0.0223558 0.0378205
0 0.637723 0.358293 0.0838141 0.0425481 0.0419872
0 0.651431 0.49375 0.148718 0.0466346 0.0628205
0 0.6599 0.344952 0.179487 0.0653846 0.0884615
0 0.664738 0.133293 0.107853 0.0396635 0.0932692
0 0.669042 0.215986 0.256891 0.065625 0.113782
0 0.669701 0.330168 0.339904 0.0834135 0.10609
0 0.683522 0.257332 0.926122 0.0286058 0.0573718
0 0.715806 0.63137 0.790705 0.0584135 0.099359
