0 0.0300282 0.972837 0.979808 0.0543269 0.0403846
0 0.031664 0.315625 0.162821 0.01875 0.0333333
0 0.0340951 0.0143029 0.645353 0.0276442 0.132372
0 0.0341034 0.103606 0.58109 0.0201923 0.0403846
0 0.0354394 0.0145433 0.543429 0.0252404 0.0413462
0 0.0358575 0.705048 0.984295 0.0769231 0.024359
0 0.0368404 0.0203125 0.192788 0.0348558 0.0862179
0 0.0392522 0.0188702 0.249359 0.0372596 0.146795
0 0.0460264 0.0304087 0.229006 0.0598558 0.0778846
0 0.0528057 0.246875 0.258333 0.0216346 0.0352564
0 0.0529898 0.0498798 0.186699 0.0771635 0.152885
0 0.0574396 0.759976 0.969391 0.0598558 0.0612179
0 0.0584753 0.367668 0.551442 0.0286058 0.0503205
0 0.0628842 0.071875 0.839423 0.0384615 0.0814103
0 0.0645949 0.170433 0.559455 0.0451923 0.0509615
0 0.0681775 0.0288462 0.70016 0.0394231 0.0458333
0 0.0809139 0.0152644 0.150641 0.0262019 0.110256
0 0.0851735 0.160096 0.526603 0.0201923 0.0429487
0 0.0893009 0.874639 0.354487 0.0560096 0.0429487
0 0.093175 0.061899 0.178526 0.0536058 0.0948718
0 0.0970582 0.0298077 0.213462 0.0581731 0.177564
0 0.103321 0.822236 0.984776 0.0444712 0.0304487
0 0.105642 0.639183 0.537821 0.0769231 0.10641
0 0.111095 0.753365 0.775481 0.0379808 0.0413462
0 0.14129 0.0132212 0.302724 0.0264423 0.0939103
0 0.141461 0.0872596 0.563622 0.0235577 0.036218
0 0.194334 0.0948317 0.569872 0.0353365 0.05
0 0.236087 0.407091 0.410256 0.0449519 0.0538462
0 0.256025 0.657091 0.569231 0.0574519 0.0730769
0 0.3826 0.0179087 0.194391 0.0319712 0.0439103
0 0.387047 0.616707 0.506891 0.0641827 0.0759615
0 0.404897 0.0274038 0.544712 0.0466346 0.0419872
0 0.653022 0.546394 0.481891 0.0278846 0.0599359
