0 0.0307511 0.0429087 0.188782 0.0444712 0.0391026
0 0.0308251 0.191346 0.596635 0.0269231 0.036859
0 0.0308342 0.538942 0.179808 0.0389423 0.0525641
0 0.0312446 0.248077 0.985096 0.0610577 0.0201923
0 0.031932 0.0338942 0.971474 0.05625 0.0461538
0 0.0327851 0.318269 0.984776 0.0533654 0.0304487
0 0.0336098 0.110937 0.839423 0.0262019 0.0564103
0 0.0350809 0.328125 0.932532 0.0408654 0.0458333
0 0.0351507 0.984976 0.523878 0.0247596 0.0650641
0 0.0399059 0.31274 0.941827 0.0408654 0.0483974
0 0.0413841 0.433173 0.350641 0.0322115 0.0384615
0 0.042148 0.357933 0.315545 0.0245192 0.0535256
0 0.0429647 0.0707933 0.754167 0.0728365 0.0826923
0 0.043665 0.514543 0.256891 0.015625 0.0317308
0 0.0465745 0.418269 0.33734 0.0331731 0.0458333
0 0.0467449 0.445072 0.355449 0.0310096 0.0352564
0 0.049812 0.236779 0.465064 0.0269231 0.0461538
0 0.0514066 0.00901442 0.0298077 0.0151442 0.0403846
0 0.0530404 0.260697 0.0849359 0.0194712 0.0346154
0 0.053368 0.458173 0.350481 0.0461538 0.0535256
0 0.0543526 0.292668 0.0660256 0.0310096 0.0378205
0 0.0547049 0.828365 0.961859 0.0769231 0.0679487
0 0.0573447 0.353966 0.627404 0.0252404 0.0445513
0 0.05799 0.312861 0.955769 0.0790865 0.0884615
0 0.0585011 0.285216 0.914904 0.0487981 0.0759615
0 0.0590961 0.280529 0.0679487 0.0302885 0.0391026
0 0.0600466 0.428005 0.863462 0.0411058 0.0403846
0 0.0601774 0.0542067 0.690865 0.0651442 0.0964744
0 0.0624684 0.399399 0.325641 0.0324519 0.0512821
0 0.0632119 0.196394 0.501122 0.0399038 0.0432692
0 0.0641005 0.372837 0.727885 0.0658654 0.0403846
0 0.0644685 0.370913 0.617628 0.0326923 0.0519231
0 0.064646 0.228606 0.15641 0.0331731 0.049359
0 0.0652819 0.149639 0.751923 0.0704327 0.128205
0 0.0661217 0.733654 0.474359 0.0302885 0.0365385
0 0.0673007 0.0157452 0.0339744 0.0286058 0.0480769
0 0.0693347 0.0127404 0.549199 0.0240385 0.0875
0 0.0704301 0.264784 0.979006 0.0637019 0.0330128
0 0.0714968 0.423077 0.66891 0.0413462 0.0455128
0 0.0757537 0.266346 0.0788462 0.0254808 0.0307692
0 0.0763041 0.0564904 0.192308 0.0360577 0.0384615
0 0.0795367 0.986418 0.817949 0.0271635 0.0557692
0 0.0825722 0.979808 0.212019 0.0403846 0.0759615
0 0.0826084 0.476322 0.328365 0.0257212 0.0355769
0 0.0839385 0.0231971 0.209455 0.0377404 0.0496795
0 0.0841128 0.334495 0.94375 0.0420673 0.0342949
0 0.0858002 0.160938 0.714263 0.0790865 0.0746795
0 0.092597 0.240745 0.149519 0.0487981 0.0528846
0 0.0938538 0.009375 0.570353 0.01875 0.0625
0 0.0960805 0.0280048 0.0429487 0.0430288 0.05
0 0.0968458 0.374519 0.327564 0.0288462 0.0461538
0 0.0972892 0.184255 0.0692308 0.0314904 0.0391026
0 0.0982605 0.391707 0.716186 0.0545673 0.063141
0 0.10004 0.332812 0.415385 0.0439904 0.0576923
0 0.100228 0.319591 0.956891 0.0487981 0.0580128
0 0.100374 0.289663 0.978205 0.0903846 0.0397436
0 0.102273 0.698197 0.866667 0.0603365 0.0442308
0 0.105554 0.499519 0.313622 0.0149038 0.0266026
0 0.107247 0.407091 0.0128205 0.0257212 0.025641
0 0.109493 0.261298 0.0121795 0.0480769 0.0230769
0 0.111585 0.403005 0.707853 0.0286058 0.0496795
0 0.11725 0.113702 0.789744 0.0504808 0.113462
0 0.121995 0.526923 0.180449 0.0283654 0.0442308
0 0.128193 0.313101 0.971635 0.0675481 0.0471154
0 0.139343 0.0830529 0.742147 0.0473558 0.0535256
0 0.148318 0.248798 0.230929 0.0379808 0.0426282
0 0.151913 0.091226 0.744231 0.0353365 0.0346154
0 0.157318 0.314904 0.226763 0.0331731 0.0400641
0 0.162818 0.0078125 0.567308 0.0127404 0.0435897
0 0.172829 0.255168 0.138942 0.0228365 0.0445513
0 0.181114 0.245553 0.475321 0.0348558 0.0410256
0 0.19524 0.409736 0.324359 0.0276442 0.0429487
0 0.217546 0.296154 0.484615 0.0355769 0.0519231
0 0.217549 0.0429087 0.546955 0.0603365 0.0509615
0 0.232867 0.102404 0.817788 0.0365385 0.103526
0 0.241539 0.363942 0.328686 0.0355769 0.0548077
0 0.246987 0.0356971 0.202083 0.0512019 0.0548077
0 0.248034 0.0387019 0.939583 0.0456731 0.0522436
0 0.248757 0.0611779 0.734936 0.046875 0.0596154
0 0.259139 0.542909 0.747596 0.028125 0.0407051
0 0.262566 0.509495 0.0158654 0.0276442 0.0317308
0 0.281249 0.226803 0.479968 0.0588942 0.0458333
0 0.329729 0.264183 0.94391 0.0245192 0.0378205
0 0.346792 0.104207 0.0261218 0.0213942 0.0477564
0 0.349011 0.361178 0.629968 0.034375 0.061859
0 0.353041 0.989303 0.507692 0.0209135 0.0608974
0 0.36197 0.0408654 0.804006 0.0557692 0.0458333
0 0.384643 0.413462 0.441186 0.0644231 0.0528846
0 0.416782 0.214303 0.479327 0.0358173 0.0349359
0 0.418459 0.457452 0.0788462 0.0197115 0.0378205
0 0.438767 0.141106 0.78109 0.0528846 0.0852564
0 0.532914 0.190264 0.517308 0.0377404 0.0455128
0 0.560825 0.0435096 0.661378 0.0620192 0.0695513
0 0.571485 0.0155048 0.391026 0.0310096 0.0615385
0 0.578386 0.864904 0.714904 0.0524038 0.0900641
0 0.600907 0.271394 0.418269 0.0461538 0.0692308
0 0.681634 0.0270433 0.321154 0.0540865 0.0570513
