0 0.0337527 0.179447 0.980609 0.065625 0.036218
0 0.035093 0.561058 0.282853 0.0322115 0.0407051
0 0.0360615 0.203005 0.308333 0.0324519 0.0346154
0 0.0363394 0.188702 0.908654 0.0495192 0.0487179
0 0.0374229 0.748918 0.103205 0.0185096 0.0467949
0 0.0383913 0.425481 0.407372 0.0384615 0.0352564
0 0.0392435 0.45024 0.953526 0.0519231 0.0647436
0 0.0433526 0.389663 0.734615 0.0288462 0.0371795
0 0.044954 0.132212 0.903045 0.0336538 0.0407051
0 0.0453588 0.513101 0.581891 0.0141827 0.0310897
0 0.0464595 0.436899 0.986218 0.0555288 0.0217949
0 0.0524521 0.538221 0.565865 0.0341346 0.0285256
0 0.0566805 0.343389 0.96843 0.0617788 0.0535256
0 0.0566953 0.595673 0.0144231 0.0653846 0.025641
0 0.0803146 0.0147837 0.303045 0.0295673 0.0349359
0 0.109465 0.55637 0.133494 0.0454327 0.0701923
0 0.153414 0.0320913 0.281571 0.0463942 0.0432692
0 0.196821 0.450601 0.982692 0.0627404 0.0346154
0 0.211576 0.529688 0.575481 0.0473558 0.0419872
0 0.230068 0.301683 0.818269 0.05625 0.0512821
0 0.238507 0.569712 0.144071 0.0447115 0.0541667
0 0.250725 0.283413 0.130769 0.0533654 0.0794872
0 0.285312 0.249279 0.289583 0.01875 0.0355769
0 0.319757 0.187981 0.148077 0.0399038 0.074359
0 0.376328 0.539663 0.0996795 0.0466346 0.0589744
0 0.461452 0.45601 0.926282 0.0278846 0.0615385
0 0.462005 0.335216 0.949519 0.0435096 0.0548077
