0 0.031155 0.145192 0.885096 0.0254808 0.0516026
0 0.0317957 0.135577 0.82484 0.0341346 0.0221154
0 0.0359832 0.981731 0.983494 0.0365385 0.0330128
0 0.0393826 0.14399 0.810737 0.0370192 0.0554487
0 0.0440934 0.416106 0.96234 0.0552885 0.0740385
0 0.0467678 0.125361 0.769391 0.0329327 0.0407051
0 0.0494074 0.617668 0.544551 0.0305288 0.0519231
0 0.0498311 0.516707 0.921474 0.0252404 0.0301282
0 0.0510377 0.303726 0.0463141 0.0127404 0.036859
0 0.0632667 0.0840144 0.625641 0.0516827 0.0762821
0 0.0635203 0.147837 0.772596 0.0528846 0.0560897
0 0.06621 0.135337 0.822276 0.0442308 0.0439103
0 0.0768812 0.153726 0.896154 0.040625 0.0769231
0 0.0781606 0.416346 0.979808 0.0394231 0.0403846
0 0.121908 0.409014 0.21234 0.0348558 0.0509615
0 0.131291 0.352284 0.395513 0.0290865 0.0282051
0 0.206446 0.50012 0.759295 0.0329327 0.0692308
0 0.222087 0.405889 0.880288 0.0728365 0.0509615
0 0.280574 0.0128606 0.392308 0.0257212 0.0929487
0 0.297218 0.510817 0.476122 0.0192308 0.0278846
0 0.301123 0.455649 0.69359 0.0295673 0.0538462
0 0.3377 0.364303 0.370032 0.0439904 0.0560897
0 0.40524 0.166707 0.770513 0.0391827 0.0564103
0 0.506106 0.559736 0.877564 0.034375 0.0891026
0 0.525771 0.416947 0.90641 0.0896635 0.176923
0 0.543907 0.338462 0.0366987 0.0350962 0.0560897
0 0.666389 0.660457 0.55 0.0401442 0.0455128
0 0.667597 0.0354567 0.610577 0.0709135 0.134615
0 0.675348 0.203846 0.675 0.0480769 0.126282
0 0.700573 0.506851 0.65657 0.0228365 0.0464744
0 0.742847 0.107332 0.885737 0.0588942 0.133013
0 0.804876 0.341587 0.175321 0.0639423 0.110256
