0 0.0319112 0.458053 0.485096 0.0295673 0.0445513
0 0.0332751 0.869351 0.945994 0.0560096 0.0778846
0 0.03413 0.00925481 0.235417 0.0146635 0.0560897
0 0.0363298 0.869712 0.926603 0.0346154 0.0666667
0 0.0366559 0.601803 0.27484 0.0237981 0.0599359
0 0.0367205 0.483894 0.973237 0.0413462 0.0528846
0 0.0367225 0.658413 0.0458333 0.0149038 0.0403846
0 0.0398029 0.769351 0.11859 0.0411058 0.109615
0 0.0403916 0.70637 0.652244 0.0367788 0.0615385
0 0.0413483 0.844471 0.695994 0.0389423 0.0471154
0 0.0472492 0.358534 0.0171474 0.0555288 0.0342949
0 0.0472581 0.652885 0.0471154 0.01875 0.0467949
0 0.0472624 0.632452 0.911218 0.0504808 0.0435897
0 0.0498921 0.43738 0.511538 0.0358173 0.0282051
0 0.0505971 0.889543 0.963301 0.0920673 0.0733974
0 0.0536524 0.295913 0.0714744 0.0456731 0.0673077
0 0.0543183 0.0258413 0.583494 0.0487981 0.1375
0 0.0571716 0.483053 0.2875 0.0252404 0.0564103
0 0.0632702 0.0126202 0.807051 0.0247596 0.0583333
0 0.0640032 0.732933 0.965705 0.0221154 0.0666667
0 0.0655064 0.608173 0.260096 0.0504808 0.105449
0 0.0698355 0.0289663 0.616987 0.0411058 0.0653846
0 0.071468 0.028125 0.541987 0.0533654 0.0724359
0 0.0733586 0.284856 0.0572115 0.0548077 0.0695513
0 0.0757524 0.6 0.628846 0.0408654 0.05
0 0.0820504 0.952644 0.391667 0.0485577 0.0942308
0 0.0875854 0.465865 0.340385 0.0480769 0.0532051
0 0.0945582 0.861899 0.701442 0.0670673 0.0669872
0 0.103869 0.856851 0.610577 0.0372596 0.0666667
0 0.104236 0.355769 0.197756 0.0336538 0.050641
0 0.115243 0.830409 0.977083 0.0757212 0.0426282
0 0.117838 0.596394 0.134936 0.0274038 0.0544872
0 0.119254 0.790024 0.964744 0.0670673 0.0685897
0 0.122936 0.96226 0.970192 0.0754808 0.0576923
0 0.123576 0.912981 0.974199 0.09375 0.0464744
0 0.142022 0.403245 0.62484 0.0377404 0.0464744
0 0.147772 0.0237981 0.456731 0.0418269 0.0480769
0 0.147787 0.525721 0.172115 0.0408654 0.0692308
0 0.175418 0.0207933 0.245673 0.0353365 0.0535256
0 0.186466 0.364663 0.0322115 0.0524038 0.0637821
0 0.186905 0.60649 0.290064 0.0216346 0.0724359
0 0.189205 0.476803 0.525801 0.0334135 0.0451923
0 0.196233 0.0167067 0.74391 0.0290865 0.0384615
0 0.216748 0.00985577 0.253846 0.0168269 0.0512821
0 0.231306 0.770312 0.949519 0.0762019 0.100962
0 0.247911 0.514183 0.261218 0.0355769 0.0410256
0 0.264765 0.395192 0.233494 0.0355769 0.0586538
0 0.284383 0.65613 0.0637821 0.0199519 0.075
0 0.312055 0.383413 0.49984 0.0331731 0.0375
0 0.416691 0.0365385 0.238622 0.0346154 0.0375
0 0.419432 0.50613 0.0190705 0.0463942 0.038141
0 0.430129 0.346755 0.187821 0.0512019 0.075641
0 0.442942 0.652524 0.611699 0.0463942 0.0804487
0 0.537435 0.788942 0.345353 0.0456731 0.088141
0 0.573055 0.721274 0.112179 0.0473558 0.121154
0 0.599974 0.570793 0.043109 0.0617788 0.0849359
0 0.710689 0.270673 0.175321 0.0427885 0.0685897
