0 0.0367522 0.0298077 0.980929 0.0509615 0.038141
0 0.0375956 0.524279 0.345353 0.0389423 0.0451923
0 0.0409682 0.627284 0.478045 0.0478365 0.0516026
0 0.0435158 0.524519 0.0149038 0.0283654 0.0298077
0 0.0435495 0.609856 0.257853 0.0221154 0.0727564
0 0.0557497 0.498678 0.347276 0.0185096 0.0355769
0 0.0572056 0.691466 0.695353 0.0228365 0.0272436
0 0.0608978 0.648798 0.328045 0.0264423 0.0753205
0 0.0706492 0.572115 0.258333 0.0173077 0.0467949
0 0.0840923 0.180529 0.348718 0.0485577 0.050641
0 0.0959568 0.358413 0.484295 0.0211538 0.0333333
0 0.0964555 0.166707 0.709135 0.0521635 0.0439103
0 0.100413 0.539904 0.323878 0.0394231 0.0516026
0 0.101098 0.328125 0.513942 0.0245192 0.036218
0 0.109376 0.561659 0.0536859 0.0492788 0.0657051
0 0.133533 0.015024 0.604167 0.0300481 0.103205
0 0.154014 0.516346 0.0206731 0.0355769 0.0413462
0 0.212418 0.529207 0.340705 0.0237981 0.0326923
0 0.334601 0.684615 0.126923 0.025 0.098718
