0 0.030674 0.979447 0.0184295 0.0411058 0.036859
0 0.0337241 0.0159856 0.9625 0.0319712 0.073718
0 0.0339535 0.672837 0.0998397 0.0350962 0.0528846
0 0.0351503 0.91899 0.732692 0.0639423 0.0474359
0 0.0384226 0.0407452 0.972115 0.0786058 0.0557692
0 0.0404181 0.835096 0.65016 0.0201923 0.0285256
0 0.0422206 0.211538 0.982853 0.06875 0.0342949
0 0.0646265 0.692788 0.0645833 0.0663462 0.109295
0 0.0695564 0.919591 0.684135 0.0329327 0.0298077
0 0.0756135 0.982452 0.375801 0.0350962 0.0477564
0 0.0799555 0.907933 0.279327 0.0490385 0.0375
0 0.080824 0.147115 0.955288 0.0639423 0.086859
0 0.0950074 0.0236779 0.6625 0.0473558 0.0897436
0 0.10142 0.923317 0.278846 0.0355769 0.0314103
0 0.146736 0.911298 0.744872 0.0471154 0.0442308
0 0.192726 0.68125 0.0897436 0.0581731 0.0775641
0 0.317199 0.98774 0.528365 0.0225962 0.0663462
0 0.339143 0.765024 0.0761218 0.0348558 0.0541667
0 0.507404 0.626322 0.0549679 0.0444712 0.0733974
0 0.543715 0.566226 0.0307692 0.0564904 0.0538462
