0 0.0300931 0.835457 0.454327 0.0603365 0.0483974
0 0.0304654 0.243149 0.567788 0.0372596 0.0355769
0 0.0312356 0.515625 0.645994 0.0384615 0.0323718
0 0.0325185 0.471995 0.260256 0.0362981 0.0429487
0 0.0327462 0.849399 0.581731 0.0588942 0.0435897
0 0.0335242 0.986779 0.0326923 0.0245192 0.0429487
0 0.0361152 0.339543 0.226122 0.0473558 0.100962
0 0.03643 0.583894 0.629968 0.0769231 0.0721154
0 0.0368081 0.691587 0.308654 0.158654 0.14359
0 0.0368205 0.683053 0.982692 0.127163 0.0346154
0 0.0374726 0.211418 0.401122 0.0497596 0.063141
0 0.0386356 0.914303 0.0498397 0.0329327 0.0637821
0 0.0390121 0.525962 0.126603 0.0461538 0.0602564
0 0.0390934 0.0216346 0.949519 0.0432692 0.100962
0 0.0395484 0.400481 0.402564 0.0475962 0.0544872
0 0.0397172 0.515264 0.554167 0.028125 0.0692308
0 0.0401243 0.94976 0.0144231 0.0254808 0.0269231
0 0.041567 0.93149 0.455929 0.0447115 0.0573718
0 0.0420129 0.485096 0.568109 0.0432692 0.0669872
0 0.0420455 0.631731 0.254808 0.0293269 0.0711538
0 0.0420896 0.252524 0.90016 0.0526442 0.0560897
0 0.0432233 0.616707 0.637019 0.0276442 0.0342949
0 0.0442795 0.850601 0.304327 0.0444712 0.0714744
0 0.0444137 0.605889 0.982532 0.0901442 0.0233974
0 0.0464853 0.626803 0.978526 0.182933 0.0429487
0 0.0475215 0.654928 0.0189103 0.0459135 0.0365385
0 0.0494983 0.403245 0.795833 0.0310096 0.0602564
0 0.0515255 0.280889 0.977564 0.0627404 0.0429487
0 0.0515412 0.0776442 0.121795 0.0384615 0.05
0 0.0600745 0.690625 0.564904 0.0206731 0.0272436
0 0.0601067 0.633894 0.05625 0.0403846 0.0394231
0 0.0620119 0.332091 0.257051 0.0459135 0.0833333
0 0.0630643 0.50601 0.245833 0.0759615 0.0679487
0 0.0646417 0.869111 0.0439103 0.0954327 0.0673077
0 0.0650326 0.208173 0.64984 0.0600962 0.0625
0 0.0652311 0.0950721 0.868269 0.0632212 0.0839744
0 0.0654166 0.453365 0.341346 0.05 0.0487179
0 0.0688927 0.329567 0.463942 0.0399038 0.0560897
0 0.0710825 0.536298 0.133974 0.0649038 0.0955128
0 0.0738156 0.123438 0.0126603 0.0483173 0.0253205
0 0.0747888 0.654447 0.288622 0.0617788 0.102244
0 0.0766173 0.865865 0.465385 0.0408654 0.0442308
0 0.0801583 0.573317 0.46875 0.0293269 0.0419872
0 0.0823488 0.922476 0.0331731 0.0415865 0.0625
0 0.0832822 0.464543 0.979327 0.0680288 0.0413462
0 0.0874159 0.483053 0.645833 0.0579327 0.0474359
0 0.0932033 0.629928 0.332051 0.0295673 0.0429487
0 0.0955664 0.313582 0.481891 0.0661058 0.0900641
0 0.0971764 0.640986 0.0434295 0.0497596 0.0612179
0 0.101523 0.940865 0.0179487 0.0365385 0.0358974
0 0.108076 0.691947 0.572917 0.0329327 0.0387821
0 0.113504 0.484135 0.0467949 0.0360577 0.050641
0 0.131941 0.569712 0.648237 0.0389423 0.0432692
0 0.136012 0.753245 0.494551 0.0521635 0.0807692
0 0.145461 0.19387 0.666987 0.0536058 0.0884615
0 0.152893 0.194471 0.163942 0.0274038 0.0349359
0 0.157028 0.991947 0.0411859 0.0161058 0.0471154
0 0.159813 0.588462 0.980128 0.102404 0.0397436
0 0.170027 0.694471 0.590064 0.0663462 0.0673077
0 0.177898 0.788822 0.148077 0.0430288 0.0480769
0 0.180807 0.483894 0.545353 0.0288462 0.0689103
0 0.19814 0.747236 0.296635 0.0372596 0.0586538
0 0.20294 0.48726 0.254808 0.0528846 0.0615385
0 0.208083 0.40012 0.786859 0.0233173 0.0339744
0 0.215336 0.221034 0.411538 0.0300481 0.0525641
0 0.237652 0.88101 0.457212 0.0639423 0.0560897
0 0.239871 0.226683 0.497115 0.0471154 0.0544872
0 0.265238 0.961178 0.671314 0.0747596 0.115705
0 0.286578 0.90625 0.0355769 0.0408654 0.0711538
0 0.300647 0.434856 0.727404 0.0466346 0.0407051
0 0.301787 0.870192 0.312821 0.0543269 0.0865385
0 0.328879 0.901683 0.269712 0.0447115 0.0625
0 0.361817 0.500361 0.553205 0.0507212 0.0801282
0 0.386725 0.868149 0.0259615 0.0319712 0.0480769
0 0.398211 0.894351 0.0237179 0.040625 0.0442308
0 0.447999 0.828486 0.0703526 0.0516827 0.0721154
0 0.610188 0.789303 0.204327 0.0680288 0.0586538
0 0.618798 0.674639 0.679487 0.0612981 0.0621795
0 0.67536 0.959014 0.250641 0.0387019 0.0564103
0 0.682412 0.867668 0.672917 0.071875 0.0791667
