0 0.0301995 0.490385 0.735737 0.05625 0.0535256
0 0.0308074 0.595072 0.352244 0.0252404 0.0346154
0 0.0314378 0.419952 0.0544872 0.0427885 0.0564103
0 0.0315428 0.390865 0.556571 0.0394231 0.0496795
0 0.0325354 0.860216 0.177083 0.0358173 0.0432692
0 0.0326451 0.652885 0.442147 0.0538462 0.0516026
0 0.0330373 0.643389 0.0258013 0.0348558 0.0496795
0 0.0332016 0.818389 0.807853 0.0459135 0.0477564
0 0.0348539 0.549038 0.0267628 0.0490385 0.0509615
0 0.0352142 0.507452 0.0291667 0.0567308 0.0512821
0 0.0358425 0.369471 0.320032 0.0682692 0.0740385
0 0.0363471 0.882091 0.435737 0.0454327 0.0451923
0 0.0367124 0.917308 0.453365 0.0581731 0.0490385
0 0.0375394 0.396635 0.59375 0.0201923 0.0253205
0 0.0385904 0.664062 0.678686 0.0420673 0.0426282
0 0.0386531 0.453966 0.951763 0.0358173 0.0496795
0 0.0391073 0.767067 0.323077 0.0533654 0.0525641
0 0.0408301 0.735937 0.988462 0.0617788 0.0230769
0 0.0412491 0.427644 0.227244 0.0807692 0.0903846
0 0.0412958 0.591466 0.131731 0.0608173 0.0807692
0 0.0413869 0.410577 0.638301 0.0461538 0.0573718
0 0.0432206 0.696154 0.755769 0.0375 0.0705128
0 0.0437352 0.267428 0.265705 0.0560096 0.0641026
0 0.0452505 0.527043 0.417949 0.0603365 0.0705128
0 0.045867 0.627524 0.10016 0.0305288 0.0657051
0 0.0470095 0.424279 0.0177885 0.0519231 0.0355769
0 0.0475424 0.599399 0.762981 0.040625 0.0541667
0 0.049351 0.79988 0.556891 0.0348558 0.0503205
0 0.0510208 0.680288 0.420032 0.0485577 0.0496795
0 0.051422 0.639063 0.834776 0.0242788 0.0291667
0 0.0531352 0.559255 0.429487 0.0497596 0.0685897
0 0.0532036 0.763822 0.875962 0.0425481 0.0480769
0 0.0554605 0.845433 0.987821 0.0322115 0.0230769
0 0.0560246 0.807813 0.56234 0.0805288 0.0689103
0 0.0570065 0.532212 0.0163462 0.0572115 0.0314103
0 0.0622677 0.489303 0.435577 0.0242788 0.0352564
0 0.0628012 0.634255 0.941346 0.0353365 0.0608974
0 0.0662816 0.640144 0.0495192 0.0490385 0.0907051
0 0.0694041 0.588221 0.775321 0.0288462 0.0371795
0 0.0720973 0.805409 0.468269 0.0536058 0.0538462
0 0.074519 0.610096 0.274679 0.0783654 0.0839744
0 0.0749517 0.642187 0.851923 0.034375 0.050641
0 0.0817023 0.892067 0.815064 0.0399038 0.074359
0 0.0835993 0.61863 0.621474 0.0348558 0.0423077
0 0.0853392 0.611659 0.623237 0.0454327 0.0669872
0 0.0882322 0.802524 0.821635 0.0295673 0.038141
0 0.0889735 0.517187 0.391506 0.0449519 0.0996795
0 0.0904108 0.770913 0.790865 0.03125 0.0528846
0 0.0941129 0.669111 0.431891 0.0348558 0.0426282
0 0.0997946 0.805048 0.80625 0.05 0.0650641
0 0.100114 0.455529 0.0363782 0.0894231 0.0669872
0 0.109977 0.621995 0.830128 0.0358173 0.0384615
0 0.111054 0.66887 0.446474 0.0459135 0.0724359
0 0.113498 0.671394 0.919712 0.0432692 0.0650641
0 0.122842 0.648558 0.315705 0.0375 0.0685897
0 0.128482 0.473437 0.867788 0.021875 0.0342949
0 0.13213 0.573077 0.978846 0.0375 0.0416667
0 0.142427 0.61875 0.0857372 0.0413462 0.0746795
0 0.143237 0.600962 0.405288 0.03125 0.061859
0 0.143953 0.600601 0.155769 0.0483173 0.0544872
0 0.144553 0.124639 0.0227564 0.0497596 0.0455128
0 0.154105 0.451082 0.895673 0.0334135 0.0330128
0 0.178839 0.799038 0.790385 0.0745192 0.0865385
0 0.182477 0.772596 0.413141 0.0346154 0.0455128
0 0.203339 0.783894 0.553205 0.0586538 0.05
0 0.213121 0.695913 0.0261218 0.0552885 0.0477564
0 0.21701 0.396154 0.977885 0.0466346 0.0442308
0 0.238105 0.632692 0.837981 0.0399038 0.0445513
0 0.284943 0.696635 0.853526 0.0485577 0.0435897
0 0.285268 0.441827 0.460577 0.0331731 0.0673077
0 0.286454 0.831731 0.564423 0.0389423 0.0724359
0 0.311323 0.488582 0.0339744 0.0338942 0.0660256
0 0.330135 0.671875 0.489423 0.0413462 0.0621795
0 0.35938 0.782933 0.785096 0.0485577 0.0644231
0 0.36755 0.673077 0.686218 0.0490385 0.0660256
0 0.375324 0.594952 0.614263 0.0697115 0.0804487
0 0.392648 0.513221 0.358974 0.0317308 0.0519231
0 0.408679 0.694832 0.37516 0.0463942 0.0458333
0 0.423391 0.892308 0.448397 0.0668269 0.0576923
0 0.427001 0.533053 0.0354167 0.053125 0.0708333
0 0.457833 0.58137 0.258333 0.0512019 0.0544872
0 0.474579 0.96863 0.685737 0.0627404 0.0573718
0 0.504413 0.424519 0.635417 0.0677885 0.0842949
0 0.506495 0.569952 0.0894231 0.0605769 0.0974359
0 0.509445 0.430048 0.0378205 0.0543269 0.075
0 0.521041 0.714423 0.754968 0.0634615 0.0778846
0 0.527323 0.64375 0.286538 0.0418269 0.0884615
0 0.550514 0.617668 0.751603 0.0487981 0.0685897
0 0.600357 0.452644 0.773718 0.0668269 0.0628205
0 0.603615 0.544712 0.769551 0.0625 0.0660256
0 0.630412 0.534856 0.6625 0.0490385 0.0794872
0 0.63946 0.352043 0.309295 0.071875 0.117949
0 0.644783 0.382812 0.0543269 0.0401442 0.0522436
0 0.668436 0.255409 0.243109 0.0612981 0.0932692
0 0.669011 0.404207 0.23734 0.0632212 0.0894231
0 0.6705 0.440264 0.850641 0.0454327 0.0596154
0 0.698416 0.401442 0.548077 0.0490385 0.0724359
0 0.702733 0.403966 0.910577 0.103606 0.0846154
0 0.712019 0.491827 0.636538 0.0596154 0.102564
0 0.748285 0.459976 0.111538 0.0776442 0.0903846
