0 0.0305067 0.675601 0.982051 0.0555288 0.025641
0 0.0306087 0.292308 0.977244 0.0774038 0.0455128
0 0.0329838 0.686659 0.937019 0.0997596 0.0939103
0 0.0333466 0.871034 0.920673 0.102163 0.124679
0 0.0336187 0.705769 0.0134615 0.0591346 0.025641
0 0.034171 0.582212 0.453846 0.0408654 0.0320513
0 0.0342113 0.580889 0.880609 0.096875 0.0964744
0 0.0342335 0.734736 0.405449 0.0305288 0.0339744
0 0.0362473 0.126202 0.62532 0.0370192 0.0448718
0 0.0381565 0.0653846 0.89375 0.0716346 0.0791667
0 0.0402001 0.0149038 0.510897 0.0278846 0.101923
0 0.0411416 0.561538 0.0182692 0.05625 0.0365385
0 0.0430079 0.79976 0.946154 0.0480769 0.05
0 0.0431163 0.961538 0.487821 0.0403846 0.0775641
0 0.0445163 0.658774 0.689103 0.0290865 0.0442308
0 0.0448992 0.979688 0.960096 0.040625 0.0798077
0 0.0450059 0.015625 0.745673 0.03125 0.036859
0 0.052165 0.6375 0.707212 0.0548077 0.0721154
0 0.0522935 0.555769 0.538942 0.0302885 0.0304487
0 0.0531712 0.690865 0.647917 0.0442308 0.0509615
0 0.0534259 0.146274 0.622115 0.0680288 0.0865385
0 0.0541392 0.60012 0.828205 0.0492788 0.0570513
0 0.056072 0.665865 0.0136218 0.0552885 0.0246795
0 0.0561415 0.550721 0.75016 0.0379808 0.0310897
0 0.0577091 0.0823317 0.981731 0.0776442 0.0365385
0 0.0577797 0.990144 0.263141 0.0197115 0.0519231
0 0.0578991 0.180889 0.340865 0.0329327 0.0349359
0 0.0592115 0.264183 0.979167 0.0822115 0.0416667
0 0.060105 0.0329327 0.983974 0.0615385 0.0320513
0 0.0620358 0.889063 0.950321 0.071875 0.0807692
0 0.0621316 0.0174279 0.760256 0.0329327 0.0455128
0 0.0628105 0.0546875 0.608494 0.101202 0.0971154
0 0.0647996 0.728606 0.390224 0.0403846 0.063141
0 0.0656327 0.612981 0.0253205 0.0894231 0.0384615
0 0.0656759 0.319952 0.975321 0.0322115 0.0429487
0 0.0675019 0.878365 0.0746795 0.0293269 0.0320513
0 0.0686367 0.539543 0.928205 0.0487981 0.0711538
0 0.0687578 0.11851 0.633654 0.0254808 0.0352564
0 0.0734152 0.666707 0.673237 0.0646635 0.0817308
0 0.0734714 0.0149038 0.482051 0.0269231 0.0525641
0 0.0767162 0.91863 0.976763 0.0737981 0.0426282
0 0.0786125 0.078726 0.902083 0.0564904 0.0496795
0 0.0789372 0.0518029 0.977083 0.0757212 0.0439103
0 0.0795685 0.504687 0.969391 0.0536058 0.0567308
0 0.0838005 0.0295673 0.873718 0.0533654 0.108333
0 0.0840989 0.113822 0.55625 0.0127404 0.0278846
0 0.0857141 0.685938 0.0205128 0.090625 0.0384615
0 0.0885626 0.539303 0.771795 0.0127404 0.0352564
0 0.0917028 0.745313 0.909936 0.0579327 0.0846154
0 0.0951816 0.027524 0.779968 0.0526442 0.0458333
0 0.0983513 0.646875 0.430929 0.0206731 0.0298077
0 0.100143 0.603966 0.979808 0.0810096 0.0397436
0 0.103837 0.946154 0.961378 0.107692 0.0772436
0 0.106144 0.594712 0.449359 0.0480769 0.0410256
0 0.121249 0.653245 0.605128 0.0300481 0.0378205
0 0.128395 0.16262 0.965705 0.0487981 0.0666667
0 0.129416 0.634976 0.0304487 0.158413 0.0608974
0 0.132125 0.990745 0.366026 0.0180288 0.0448718
0 0.148845 0.730649 0.969551 0.0661058 0.0570513
0 0.153505 0.577524 0.0233974 0.0627404 0.0410256
0 0.162533 0.148918 0.607532 0.0411058 0.0503205
0 0.174747 0.713942 0.401603 0.0538462 0.0532051
0 0.175122 0.689904 0.978045 0.0697115 0.0387821
0 0.180128 0.710457 0.959135 0.0997596 0.0785256
0 0.188409 0.982933 0.129487 0.0259615 0.0294872
0 0.197436 0.728486 0.371955 0.0300481 0.0522436
0 0.197697 0.530288 0.574038 0.0370192 0.0410256
0 0.217602 0.552043 0.344231 0.0444712 0.05
0 0.218376 0.305649 0.780449 0.0319712 0.05
0 0.239117 0.590505 0.798718 0.0478365 0.0365385
0 0.250144 0.543029 0.760417 0.0235577 0.0483974
0 0.28327 0.665986 0.397917 0.0209135 0.0483974
0 0.283553 0.959014 0.497596 0.0295673 0.0419872
0 0.3465 0.0366587 0.96234 0.0704327 0.0753205
0 0.347489 0.685817 0.665224 0.0495192 0.0932692
0 0.378314 0.98113 0.462981 0.0377404 0.0663462
0 0.386769 0.664784 0.586859 0.0372596 0.0384615
0 0.395898 0.552885 0.548878 0.0432692 0.0490385
0 0.415805 0.827284 0.206891 0.0478365 0.113141
0 0.472553 0.529688 0.576923 0.0276442 0.024359
0 0.477434 0.690505 0.533814 0.0401442 0.0586538
0 0.480562 0.612861 0.104808 0.0516827 0.0589744
0 0.490328 0.649279 0.677724 0.0389423 0.0740385
0 0.502071 0.608053 0.85625 0.0641827 0.0785256
0 0.512608 0.907572 0.0839744 0.0521635 0.0442308
0 0.542119 0.790865 0.961378 0.0432692 0.0759615
0 0.545135 0.542188 0.114583 0.0545673 0.0490385
0 0.547021 0.627644 0.725 0.0485577 0.0448718
0 0.54763 0.750601 0.884135 0.0459135 0.0522436
0 0.564212 0.492909 0.61266 0.0367788 0.0394231
0 0.587156 0.768389 0.373077 0.0353365 0.0557692
0 0.645376 0.47488 0.221795 0.0334135 0.0391026
0 0.708037 0.881611 0.374038 0.0492788 0.0647436
