0 0.0303485 0.643149 0.70641 0.0401442 0.0448718
0 0.0307109 0.389663 0.341506 0.0418269 0.0676282
0 0.0316274 0.388221 0.31266 0.0629808 0.0945513
0 0.0316337 0.782332 0.248878 0.0598558 0.0714744
0 0.03267 0.515264 0.774359 0.0430288 0.0512821
0 0.0330877 0.225721 0.726763 0.0326923 0.0554487
0 0.0333431 0.565986 0.30609 0.0829327 0.113462
0 0.0333936 0.454688 0.51891 0.0454327 0.0698718
0 0.0336954 0.320913 0.346314 0.0298077 0.0355769
0 0.0368279 0.992428 0.240224 0.0151442 0.0733974
0 0.0368865 0.547596 0.509135 0.0538462 0.0528846
0 0.0381421 0.667188 0.939103 0.0497596 0.0814103
0 0.0388774 0.228966 0.627404 0.0358173 0.0586538
0 0.0389412 0.49399 0.340545 0.0725962 0.0855769
0 0.0394851 0.728005 0.259936 0.059375 0.0788462
0 0.0395227 0.0115385 0.0370192 0.0230769 0.0740385
0 0.0396712 0.759014 0.982853 0.0896635 0.0336538
0 0.0405212 0.202043 0.767468 0.0502404 0.0580128
0 0.0414155 0.593149 0.980929 0.0911058 0.0336538
0 0.0420108 0.6875 0.634615 0.0365385 0.0403846
0 0.0427741 0.98774 0.526122 0.0230769 0.10609
0 0.0430141 0.863221 0.0942308 0.0490385 0.0891026
0 0.0442491 0.172476 0.190705 0.0290865 0.0557692
0 0.0449303 0.326923 0.361859 0.0355769 0.073718
0 0.0460557 0.707212 0.232372 0.0375 0.0762821
0 0.0475495 0.258053 0.600321 0.0348558 0.0589744
0 0.0477663 0.651442 0.292949 0.0841346 0.116667
0 0.0482328 0.423077 0.441346 0.0423077 0.0782051
0 0.0496634 0.536418 0.980288 0.0776442 0.0310897
0 0.0515297 0.499038 0.525962 0.0336538 0.0435897
0 0.0538749 0.285577 0.0230769 0.0649038 0.0455128
0 0.0543306 0.709976 0.658654 0.0492788 0.0615385
0 0.0545289 0.227404 0.597917 0.0432692 0.0445513
0 0.0548716 0.70012 0.631571 0.0353365 0.0471154
0 0.0566153 0.546875 0.752724 0.0543269 0.0650641
0 0.0574206 0.821995 0.585417 0.0334135 0.0669872
0 0.0590987 0.413582 0.600481 0.0372596 0.0733974
0 0.0594612 0.946154 0.773878 0.107692 0.0791667
0 0.0599749 0.838822 0.958013 0.171394 0.0839744
0 0.0619778 0.644952 0.402083 0.0365385 0.0496795
0 0.0623292 0.829087 0.979327 0.114423 0.0407051
0 0.0628354 0.721995 0.648558 0.0487981 0.0516026
0 0.0636544 0.526803 0.509455 0.053125 0.0599359
0 0.0642172 0.605288 0.986699 0.0557692 0.0266026
0 0.0670846 0.336178 0.729487 0.0651442 0.0916667
0 0.0699989 0.292188 0.598397 0.0449519 0.0641026
0 0.0740202 0.532572 0.752244 0.0507212 0.0480769
0 0.0743786 0.321394 0.0536859 0.100962 0.0971154
0 0.0811982 0.583654 0.72516 0.0524038 0.0817308
0 0.0820219 0.392788 0.424679 0.0649038 0.099359
0 0.0823538 0.598317 0.316346 0.1125 0.141667
0 0.0830486 0.671755 0.253686 0.0497596 0.0605769
0 0.085616 0.63762 0.356891 0.0512019 0.0689103
0 0.0902002 0.657332 0.707212 0.046875 0.0554487
0 0.0950398 0.7875 0.977724 0.135096 0.0445513
0 0.100425 0.91863 0.0174679 0.0848558 0.0349359
0 0.103872 0.63101 0.979327 0.0927885 0.0413462
0 0.105948 0.382572 0.0838141 0.13101 0.146474
0 0.10741 0.323558 0.74359 0.0461538 0.0666667
0 0.116154 0.666106 0.146795 0.0283654 0.0596154
0 0.118105 0.689904 0.135737 0.0533654 0.0913462
0 0.12208 0.294591 0.66891 0.0444712 0.0730769
0 0.129602 0.688101 0.247596 0.0641827 0.0791667
0 0.137405 0.61863 0.0251603 0.046875 0.0490385
0 0.143936 0.509976 0.517628 0.0348558 0.0615385
0 0.1577 0.711058 0.248397 0.0591346 0.0903846
0 0.16443 0.846995 0.081891 0.0651442 0.120833
0 0.16582 0.396995 0.16266 0.0747596 0.0766026
0 0.175695 0.991466 0.209455 0.0170673 0.102244
0 0.186702 0.392428 0.753846 0.0396635 0.0608974
0 0.191898 0.88774 0.935737 0.0552885 0.0644231
0 0.195435 0.626923 0.885417 0.05 0.0503205
0 0.209655 0.557692 0.978526 0.0899038 0.0429487
0 0.21029 0.569231 0.273878 0.0447115 0.0689103
0 0.223003 0.889663 0.485417 0.0331731 0.0855769
0 0.266296 0.452284 0.501763 0.0334135 0.0490385
0 0.271398 0.984375 0.967468 0.03125 0.0650641
0 0.296237 0.734736 0.658173 0.040625 0.0573718
0 0.30623 0.339663 0.398558 0.0538462 0.0842949
0 0.320345 0.397476 0.657853 0.0338942 0.0496795
0 0.334762 0.694231 0.646955 0.0413462 0.0605769
0 0.342239 0.659976 0.926923 0.0949519 0.119231
0 0.36209 0.935817 0.629968 0.0533654 0.063141
0 0.371705 0.702043 0.148558 0.0387019 0.0753205
0 0.38153 0.218029 0.611859 0.0413462 0.0685897
0 0.392744 0.411899 0.450481 0.0545673 0.123397
0 0.395896 0.584736 0.0929487 0.0550481 0.0833333
0 0.425421 0.765505 0.0883013 0.0762019 0.133654
0 0.426968 0.625962 0.339744 0.0769231 0.112179
0 0.45858 0.528726 0.772596 0.0487981 0.0682692
0 0.472463 0.505649 0.135897 0.130529 0.137179
0 0.518429 0.308293 0.588782 0.0382212 0.0583333
0 0.562583 0.473317 0.565705 0.0682692 0.113462
0 0.609186 0.684255 0.0698718 0.0435096 0.105769
0 0.639843 0.211298 0.749359 0.0586538 0.0852564
0 0.643849 0.221875 0.140705 0.0567308 0.075641
0 0.644865 0.356971 0.715545 0.0783654 0.0900641
