0 0.0318432 0.729808 0.396474 0.0307692 0.0583333
0 0.0319574 0.898918 0.0192308 0.0641827 0.0384615
0 0.0337776 0.288101 0.129327 0.0574519 0.0932692
0 0.0357687 0.428245 0.629327 0.0257212 0.0355769
0 0.0397607 0.312019 0.348718 0.0341346 0.0346154
0 0.0405969 0.661659 0.152564 0.0170673 0.0435897
0 0.0411176 0.619712 0.394551 0.0403846 0.0589744
0 0.0425444 0.817909 0.700962 0.0497596 0.0403846
0 0.043769 0.865385 0.373077 0.0379808 0.0448718
0 0.0466492 0.68726 0.827564 0.0365385 0.0589744
0 0.0475688 0.534014 0.10609 0.0319712 0.0448718
0 0.0499106 0.347115 0.384776 0.0442308 0.0387821
0 0.0501374 0.715505 0.372917 0.0242788 0.0503205
0 0.0516716 0.868029 0.0262821 0.0485577 0.0480769
0 0.0518999 0.694471 0.116506 0.0461538 0.0451923
0 0.0614853 0.529207 0.216186 0.0632212 0.0496795
0 0.0636014 0.552764 0.211378 0.0319712 0.0227564
0 0.0726964 0.979808 0.922276 0.0403846 0.0785256
0 0.0781286 0.70613 0.151122 0.0502404 0.0490385
0 0.0888628 0.959736 0.493269 0.0800481 0.0871795
0 0.0929219 0.661659 0.140064 0.0237981 0.0576923
0 0.0939152 0.606971 0.666026 0.0427885 0.0942308
0 0.108477 0.270433 0.0794872 0.0586538 0.050641
0 0.12297 0.407933 0.612179 0.0427885 0.0660256
0 0.138288 0.73101 0.122115 0.0442308 0.0474359
0 0.139549 0.816827 0.6125 0.0442308 0.0423077
0 0.139865 0.558053 0.247756 0.0526442 0.0935897
0 0.167158 0.741947 0.444551 0.0459135 0.0717949
0 0.1772 0.359135 0.374199 0.0423077 0.0439103
0 0.182776 0.738101 0.418269 0.0401442 0.0455128
0 0.185688 0.419351 0.623878 0.0396635 0.0439103
0 0.232648 0.878726 0.0168269 0.0473558 0.0336538
0 0.233343 0.505048 0.217147 0.0625 0.0471154
0 0.240372 0.716346 0.172756 0.0610577 0.0916667
0 0.247976 0.604207 0.428526 0.0334135 0.05
0 0.266079 0.376442 0.286699 0.0490385 0.0483974
0 0.277641 0.722957 0.360417 0.0382212 0.0701923
0 0.382319 0.653966 0.12484 0.0362981 0.0541667
0 0.384181 0.321394 0.343109 0.0389423 0.0483974
0 0.410789 0.709375 0.130449 0.0759615 0.0711538
0 0.435627 0.60601 0.408654 0.0480769 0.0775641
0 0.564303 0.304928 0.165705 0.0502404 0.0846154
0 0.614182 0.958053 0.671474 0.0512019 0.0544872
0 0.638888 0.66863 0.82516 0.0805288 0.0650641
0 0.64015 0.615385 0.73109 0.0649038 0.0564103
0 0.675467 0.716587 0.198878 0.0485577 0.0503205
0 0.690454 0.661298 0.56875 0.0639423 0.0785256
0 0.75836 0.457091 0.944712 0.0670673 0.0983974
