0 0.0320977 0.823558 0.458654 0.0149038 0.0320513
0 0.0327789 0.738101 0.0514423 0.0420673 0.0689103
0 0.0402026 0.731731 0.0378205 0.0293269 0.0435897
0 0.0462909 0.564543 0.291827 0.0396635 0.0548077
0 0.0523149 0.94399 0.0115385 0.0548077 0.0230769
0 0.0581562 0.765745 0.0706731 0.0608173 0.0996795
0 0.0584864 0.762981 0.0955128 0.0274038 0.0589744
0 0.0599854 0.851202 0.0565705 0.0798077 0.0817308
0 0.061077 0.779567 0.244391 0.0158654 0.0483974
0 0.078109 0.669952 0.215865 0.0413462 0.0483974
0 0.0817903 0.808774 0.423237 0.0377404 0.0753205
0 0.0828704 0.66226 0.221314 0.0221154 0.0387821
0 0.0865308 0.623678 0.0173077 0.0185096 0.0301282
0 0.106434 0.676442 0.0543269 0.0350962 0.0394231
0 0.117477 0.795913 0.132372 0.0485577 0.0685897
0 0.126726 0.775962 0.0988782 0.103365 0.0926282
0 0.140331 0.505649 0.573558 0.0502404 0.0535256
0 0.147535 0.812019 0.102564 0.0639423 0.0955128
0 0.180614 0.988221 0.0969551 0.0225962 0.0926282
0 0.233292 0.555649 0.301923 0.0228365 0.0391026
0 0.250203 0.64375 0.341987 0.0240385 0.0416667
0 0.253423 0.395913 0.0850962 0.0331731 0.0573718
0 0.266228 0.735457 0.213301 0.0242788 0.0278846
0 0.268641 0.779087 0.0559295 0.0360577 0.0714744
0 0.349402 0.786298 0.145353 0.0331731 0.0644231
0 0.390825 0.83149 0.0802885 0.0399038 0.0644231
0 0.402931 0.746274 0.0971154 0.0463942 0.0685897
0 0.430476 0.648798 0.50609 0.0283654 0.0410256
0 0.502522 0.784014 0.254487 0.021875 0.0621795
0 0.536795 0.688462 0.221314 0.0754808 0.0778846
0 0.628495 0.870553 0.0344551 0.0415865 0.0682692
0 0.637643 0.668149 0.0469551 0.0358173 0.0586538
0 0.677131 0.4875 0.547917 0.0658654 0.0996795
0 0.738819 0.445913 0.468109 0.0504808 0.0727564
