0 0.0302673 0.897115 0.920032 0.0254808 0.0407051
0 0.0304964 0.679928 0.844872 0.0305288 0.0358974
0 0.0306336 0.988582 0.300962 0.0228365 0.0564103
0 0.0307485 0.608534 0.235737 0.071875 0.0625
0 0.0307613 0.137861 0.406731 0.0213942 0.0346154
0 0.0316387 0.621034 0.771635 0.0300481 0.036859
0 0.0326 0.0257212 0.700962 0.0350962 0.0320513
0 0.0334942 0.685697 0.936218 0.0459135 0.0826923
0 0.033909 0.800601 0.30625 0.0300481 0.0509615
0 0.0354078 0.711538 0.973718 0.0480769 0.0519231
0 0.0354147 0.985096 0.0697115 0.0298077 0.0939103
0 0.0365773 0.560337 0.459295 0.0682692 0.0935897
0 0.0392877 0.0127404 0.275321 0.0254808 0.141667
0 0.0392934 0.971635 0.805128 0.05625 0.0570513
0 0.0399795 0.0659856 0.97484 0.0439904 0.0413462
0 0.0400626 0.899399 0.221474 0.0396635 0.0391026
0 0.0408937 0.976082 0.977885 0.0478365 0.0442308
0 0.041205 0.145553 0.200481 0.0569712 0.0580128
0 0.042864 0.797356 0.986058 0.0519231 0.0246795
0 0.0437443 0.492067 0.601603 0.0913462 0.100641
0 0.0444032 0.834135 0.338782 0.0658654 0.0628205
0 0.0450014 0.230889 0.452083 0.0189904 0.0355769
0 0.0458843 0.199159 0.857532 0.0415865 0.0419872
0 0.0476652 0.753125 0.434295 0.0336538 0.0397436
0 0.0479139 0.886298 0.926923 0.0480769 0.0679487
0 0.0479538 0.561178 0.845994 0.0185096 0.0349359
0 0.0485602 0.518149 0.881571 0.0300481 0.0439103
0 0.0491651 0.969591 0.0209936 0.0473558 0.0407051
0 0.0494808 0.186298 0.982212 0.0533654 0.0259615
0 0.049516 0.104567 0.541667 0.0293269 0.0391026
0 0.0498041 0.954687 0.792628 0.0516827 0.0410256
0 0.0498996 0.460457 0.0128205 0.040625 0.025
0 0.0510493 0.983293 0.817628 0.0310096 0.0717949
0 0.0521794 0.262139 0.419391 0.0314904 0.0272436
0 0.0525968 0.0449519 0.979647 0.0826923 0.0407051
0 0.0530032 0.151442 0.223878 0.0721154 0.1125
0 0.053445 0.753966 0.879487 0.0252404 0.0544872
0 0.053456 0.977043 0.336378 0.0459135 0.0939103
0 0.0574895 0.126923 0.0235577 0.0447115 0.0407051
0 0.0578672 0.920192 0.736378 0.0923077 0.0753205
0 0.0651269 0.135457 0.985737 0.0459135 0.0285256
0 0.0675386 0.859856 0.957051 0.0504808 0.0762821
0 0.0682706 0.654327 0.894872 0.0403846 0.0596154
0 0.0689496 0.820433 0.789263 0.0456731 0.0817308
0 0.0693993 0.420433 0.0179487 0.0461538 0.0358974
0 0.0713539 0.886418 0.979647 0.0766827 0.0387821
0 0.0713602 0.126803 0.0435897 0.0545673 0.0871795
0 0.0751188 0.809615 0.0245192 0.0538462 0.0471154
0 0.0753638 0.669111 0.426923 0.0608173 0.073718
0 0.0759202 0.88762 0.338782 0.0819712 0.0794872
0 0.0772693 0.232091 0.452885 0.0353365 0.0455128
0 0.0775381 0.009375 0.454006 0.01875 0.0567308
0 0.0801358 0.986899 0.673878 0.0262019 0.0810897
0 0.0851587 0.727163 0.479487 0.0269231 0.0544872
0 0.086744 0.547115 0.894712 0.0245192 0.0317308
0 0.0873535 0.957933 0.176923 0.0841346 0.0807692
0 0.0875718 0.490144 0.0491987 0.0350962 0.0419872
0 0.0947935 0.219712 0.975801 0.0769231 0.0464744
0 0.0957494 0.860577 0.977724 0.0701923 0.0413462
0 0.0958438 0.610937 0.766026 0.0444712 0.0429487
0 0.0961753 0.447476 0.895833 0.0401442 0.0660256
0 0.113739 0.147837 0.980288 0.0581731 0.0394231
0 0.117298 0.250962 0.702244 0.0274038 0.0320513
0 0.121061 0.238221 0.461058 0.0649038 0.0567308
0 0.122187 0.364904 0.879968 0.0456731 0.0535256
0 0.131004 0.632091 0.891186 0.0507212 0.0516026
0 0.15687 0.813462 0.31875 0.0370192 0.0637821
0 0.157764 0.983534 0.0435897 0.0329327 0.0519231
0 0.169195 0.358534 0.455609 0.0310096 0.0528846
0 0.169684 0.388582 0.465385 0.0209135 0.0474359
0 0.183792 0.369712 0.970833 0.0399038 0.0576923
0 0.191384 0.989183 0.980449 0.0216346 0.0391026
0 0.191719 0.163702 0.964103 0.0322115 0.0467949
0 0.198057 0.501322 0.389263 0.0579327 0.038141
0 0.199541 0.396514 0.0182692 0.0439904 0.0358974
0 0.207175 0.183774 0.413301 0.0526442 0.0560897
0 0.224693 0.419832 0.822436 0.0358173 0.0570513
0 0.227188 0.465745 0.603526 0.0286058 0.0698718
0 0.237255 0.981611 0.314263 0.0367788 0.0586538
0 0.241958 0.643269 0.880929 0.0394231 0.0496795
0 0.251494 0.384375 0.8875 0.0413462 0.0525641
0 0.262253 0.91887 0.980929 0.0483173 0.038141
0 0.266981 0.897115 0.870994 0.0245192 0.036218
0 0.273802 0.903365 0.349519 0.0427885 0.0612179
0 0.275639 0.0127404 0.552724 0.0245192 0.0419872
0 0.278189 0.590385 0.434936 0.0610577 0.0769231
0 0.28147 0.970553 0.208974 0.0579327 0.0653846
0 0.293505 0.591827 0.756731 0.0552885 0.049359
0 0.307545 0.197115 0.975 0.0403846 0.0442308
0 0.311629 0.353245 0.871795 0.0329327 0.0467949
0 0.324837 0.679207 0.771955 0.0387019 0.0721154
0 0.325682 0.243389 0.975801 0.0473558 0.0483974
0 0.326898 0.272356 0.409936 0.0350962 0.0371795
0 0.374209 0.618029 0.895513 0.0360577 0.0455128
0 0.380405 0.890625 0.910737 0.0346154 0.0516026
0 0.382632 0.697957 0.9625 0.0454327 0.075
0 0.395097 0.0356971 0.704808 0.0555288 0.0474359
0 0.405724 0.508654 0.876442 0.0322115 0.0483974
0 0.408423 0.444712 0.0179487 0.0668269 0.0358974
0 0.411969 0.877524 0.284135 0.065625 0.0810897
0 0.431688 0.443149 0.603205 0.0463942 0.0967949
0 0.555574 0.39363 0.610417 0.0526442 0.110577
0 0.562849 0.722476 0.794391 0.0391827 0.0400641
0 0.579014 0.529087 0.510577 0.0466346 0.05
0 0.596826 0.213101 0.0349359 0.0507212 0.0685897
0 0.61382 0.357812 0.0932692 0.0334135 0.0557692
0 0.614412 0.429688 0.465224 0.0396635 0.0900641
0 0.647795 0.0620192 0.807692 0.0456731 0.0461538
0 0.655389 0.52488 0.0245192 0.0367788 0.0458333
0 0.672215 0.323197 0.570353 0.040625 0.0516026
0 0.675472 0.494952 0.424519 0.0610577 0.0798077
0 0.696912 0.522356 0.604327 0.0485577 0.0964744
0 0.781124 0.457091 0.752564 0.0737981 0.114103
