0 0.0301583 0.235337 0.770032 0.0567308 0.0586538
0 0.0306134 0.636058 0.781731 0.0418269 0.0820513
0 0.0349352 0.0538462 0.692628 0.0399038 0.0358974
0 0.0359581 0.494591 0.952724 0.0310096 0.0509615
0 0.0369057 0.723317 0.882212 0.0432692 0.108013
0 0.0369329 0.0676683 0.271955 0.0502404 0.0554487
0 0.037093 0.359255 0.44391 0.0420673 0.05
0 0.0397518 0.309375 0.371474 0.0211538 0.0320513
0 0.0406275 0.642548 0.81891 0.0524038 0.0929487
0 0.0431491 0.467548 0.947756 0.0427885 0.0583333
0 0.0434761 0.353125 0.131731 0.0197115 0.0679487
0 0.0445761 0.346274 0.370353 0.0262019 0.0400641
0 0.0467583 0.150481 0.607853 0.0778846 0.063141
0 0.0471707 0.284375 0.752244 0.0490385 0.0448718
0 0.0490257 0.664904 0.603205 0.0610577 0.075
0 0.0496091 0.352644 0.329808 0.0322115 0.0602564
0 0.0540385 0.517428 0.340865 0.0242788 0.0586538
0 0.055545 0.0170673 0.127083 0.0322115 0.114423
0 0.0571656 0.627404 0.77516 0.0206731 0.0394231
0 0.0721597 0.233413 0.176282 0.0331731 0.049359
0 0.0807936 0.249159 0.788462 0.0420673 0.0480769
0 0.0974966 0.479327 0.41875 0.0302885 0.0496795
0 0.10368 0.356611 0.345994 0.0492788 0.0804487
0 0.11858 0.372236 0.445673 0.0699519 0.0714744
0 0.127954 0.0449519 0.124679 0.0548077 0.098718
0 0.144469 0.555288 0.886218 0.0504808 0.0762821
0 0.148474 0.312861 0.379808 0.0305288 0.050641
0 0.157904 0.661538 0.742628 0.0543269 0.0903846
0 0.187842 0.491106 0.42516 0.0548077 0.0682692
0 0.195522 0.198197 0.96875 0.065625 0.061859
0 0.211723 0.482692 0.963782 0.0625 0.0717949
0 0.228822 0.891346 0.310577 0.0841346 0.137821
0 0.250964 0.56899 0.251763 0.0951923 0.105449
0 0.258697 0.577764 0.86891 0.0901442 0.121795
0 0.375748 0.294111 0.146314 0.0497596 0.0650641
0 0.394602 0.375601 0.0767628 0.0329327 0.0740385
0 0.474531 0.132452 0.609615 0.0576923 0.0474359
0 0.606772 0.683053 0.460737 0.0685096 0.109936
0 0.67895 0.0322115 0.624519 0.0620192 0.125321
