0 0.0301484 0.685938 0.86234 0.059375 0.0823718
0 0.0302526 0.98762 0.983013 0.0247596 0.0339744
0 0.0308271 0.0133413 0.149679 0.0266827 0.105769
0 0.0319907 0.584615 0.577244 0.0745192 0.0685897
0 0.0320425 0.413221 0.484936 0.03125 0.0512821
0 0.0321569 0.86262 0.973237 0.0550481 0.0535256
0 0.0330323 0.854447 0.935417 0.0372596 0.0701923
0 0.0340201 0.719591 0.791186 0.0314904 0.0528846
0 0.0342934 0.556731 0.312019 0.0668269 0.0682692
0 0.0347859 0.422716 0.296314 0.0329327 0.0541667
0 0.0354573 0.809856 0.79984 0.0807692 0.0490385
0 0.0375431 0.665264 0.837179 0.0391827 0.0538462
0 0.0380488 0.436418 0.756731 0.0487981 0.0961538
0 0.0381578 0.32476 0.625 0.0173077 0.0442308
0 0.0408341 0.270553 0.436859 0.0310096 0.0576923
0 0.042011 0.553486 0.0407051 0.0502404 0.075
0 0.0421239 0.274519 0.427244 0.0274038 0.0320513
0 0.0433437 0.403365 0.238462 0.0370192 0.0307692
0 0.045089 0.452885 0.716987 0.0370192 0.0576923
0 0.0464514 0.465264 0.30641 0.0324519 0.0512821
0 0.0472288 0.0109375 0.886699 0.021875 0.0855769
0 0.0481414 0.438462 0.494551 0.0341346 0.0628205
0 0.0512037 0.0268029 0.677885 0.0497596 0.0923077
0 0.0538076 0.013101 0.969551 0.021875 0.0564103
0 0.0552004 0.695433 0.867308 0.0461538 0.0519231
0 0.055362 0.0103365 0.879487 0.0177885 0.0467949
0 0.056649 0.0611779 0.308173 0.0430288 0.0387821
0 0.0569961 0.823798 0.986218 0.0519231 0.0275641
0 0.0580579 0.396875 0.122115 0.0418269 0.0589744
0 0.059233 0.0313702 0.324679 0.0617788 0.0673077
0 0.0634709 0.861779 0.648397 0.0264423 0.0839744
0 0.0654134 0.864183 0.754167 0.0629808 0.148718
0 0.0728306 0.677764 0.554808 0.0564904 0.139744
0 0.0748475 0.016226 0.340545 0.0314904 0.0682692
0 0.0791056 0.87524 0.720673 0.0365385 0.0862179
0 0.0815873 0.488822 0.746635 0.0348558 0.0804487
0 0.0840029 0.834135 0.978365 0.0533654 0.0432692
0 0.0872725 0.342067 0.361859 0.0216346 0.0538462
0 0.0883161 0.0478365 0.312981 0.0735577 0.0516026
0 0.100307 0.0205529 0.665865 0.0391827 0.0535256
0 0.103688 0.978245 0.976923 0.0435096 0.0461538
0 0.103887 0.158053 0.900641 0.0329327 0.0410256
0 0.114761 0.30625 0.668109 0.0432692 0.0599359
0 0.115887 0.825481 0.797276 0.0894231 0.0823718
0 0.128108 0.276202 0.185417 0.0298077 0.0733974
0 0.12976 0.0133413 0.950962 0.0266827 0.0980769
0 0.137121 0.229207 0.228365 0.0276442 0.0355769
0 0.141727 0.41863 0.344231 0.0223558 0.0679487
0 0.219821 0.297115 0.377083 0.0201923 0.0342949
0 0.237858 0.319712 0.65657 0.0596154 0.0727564
0 0.24797 0.231971 0.202564 0.0403846 0.0532051
0 0.264933 0.405168 0.721474 0.0252404 0.0339744
0 0.269928 0.104447 0.615705 0.0262019 0.0410256
0 0.287713 0.367788 0.182853 0.0322115 0.0432692
0 0.298406 0.601923 0.588301 0.123558 0.106731
0 0.298781 0.550721 0.791186 0.05 0.128526
0 0.309749 0.987139 0.649519 0.0257212 0.101603
0 0.320412 0.721635 0.521795 0.0346154 0.0583333
0 0.347182 0.290986 0.682051 0.0233173 0.0307692
0 0.35291 0.850361 0.958173 0.0473558 0.0836538
0 0.393361 0.337139 0.639263 0.0430288 0.0413462
0 0.401956 0.456611 0.293109 0.0444712 0.0778846
0 0.404457 0.395072 0.247756 0.0444712 0.0448718
0 0.417024 0.449279 0.741506 0.0423077 0.101603
0 0.451356 0.251923 0.741346 0.0288462 0.0480769
0 0.476715 0.417428 0.315545 0.0300481 0.088141
0 0.521302 0.383534 0.781731 0.0483173 0.0801282
0 0.55952 0.423077 0.494872 0.0490385 0.0801282
0 0.575119 0.466346 0.639744 0.0331731 0.0621795
