0 0.0372658 0.00769231 0.806731 0.0153846 0.0525641
0 0.0394828 0.927764 0.0886218 0.0512019 0.0939103
0 0.0407582 0.0129808 0.42516 0.0259615 0.086859
0 0.0408749 0.736058 0.193269 0.0225962 0.0410256
0 0.0443019 0.794712 0.0349359 0.0615385 0.0660256
0 0.0455902 0.769952 0.0136218 0.0466346 0.0259615
0 0.0488633 0.704327 0.0179487 0.0543269 0.0358974
0 0.0606115 0.0417067 0.659295 0.0314904 0.05
0 0.0636714 0.922115 0.114103 0.0644231 0.0564103
0 0.0725534 0.98762 0.329808 0.0228365 0.0685897
0 0.0908522 0.04375 0.382372 0.0480769 0.0442308
0 0.0919815 0.0415865 0.779808 0.0586538 0.0576923
0 0.123457 0.0103365 0.207692 0.0197115 0.0782051
0 0.134591 0.028726 0.971154 0.0564904 0.0576923
0 0.146453 0.662019 0.42516 0.0399038 0.0669872
0 0.183889 0.920192 0.0599359 0.0514423 0.049359
0 0.259433 0.286298 0.649038 0.0235577 0.0346154
