0 0.0304934 0.815144 0.224038 0.025 0.0711538
0 0.0306832 0.990865 0.0657051 0.0182692 0.0314103
0 0.0317559 0.849279 0.194071 0.0403846 0.0798077
0 0.0341163 0.415144 0.424038 0.0274038 0.0429487
0 0.0347862 0.0322115 0.972917 0.0644231 0.0541667
0 0.0375678 0.335938 0.975 0.0646635 0.0467949
0 0.0387584 0.380649 0.339744 0.0387019 0.0583333
0 0.0419176 0.276803 0.609615 0.0555288 0.253846
0 0.0423868 0.446274 0.656891 0.104087 0.0669872
0 0.0462989 0.441587 0.491346 0.0173077 0.025
0 0.0485863 0.0663462 0.975962 0.117788 0.0467949
0 0.048926 0.277644 0.532051 0.075 0.126923
0 0.0491493 0.362019 0.0975962 0.0134615 0.0317308
0 0.0498724 0.278005 0.552885 0.0401442 0.0814103
0 0.052098 0.598197 0.660577 0.0545673 0.0679487
0 0.0633568 0.735697 0.666667 0.0661058 0.0339744
0 0.0641694 0.366827 0.965385 0.0711538 0.0474359
0 0.0686441 0.220313 0.559455 0.0387019 0.0733974
0 0.0729859 0.663462 0.676282 0.0322115 0.0307692
0 0.100345 0.881611 0.566506 0.0367788 0.0509615
0 0.111529 0.235938 0.863141 0.0661058 0.0685897
0 0.118274 0.822957 0.223237 0.0329327 0.0990385
0 0.12847 0.382212 0.963782 0.0408654 0.0365385
0 0.131627 0.415385 0.60016 0.0543269 0.0573718
0 0.149507 0.282332 0.644071 0.0444712 0.0689103
0 0.167298 0.853606 0.396955 0.0197115 0.0342949
0 0.192833 0.866106 0.261538 0.0326923 0.050641
0 0.199228 0.353125 0.975801 0.0471154 0.0387821
0 0.218886 0.155168 0.941186 0.10649 0.0939103
0 0.229659 0.580168 0.664583 0.0305288 0.0490385
0 0.230613 0.423438 0.419712 0.0314904 0.0573718
0 0.275021 0.432692 0.602724 0.0336538 0.0676282
0 0.278382 0.803245 0.883654 0.132933 0.0608974
0 0.281453 0.390745 0.664103 0.0401442 0.0442308
0 0.292965 0.648317 0.40641 0.0158654 0.0307692
0 0.305546 0.745793 0.671314 0.0358173 0.0304487
0 0.331486 0.356731 0.608974 0.0177885 0.0544872
0 0.377568 0.285337 0.569712 0.0298077 0.0753205
0 0.431919 0.842308 0.211058 0.0620192 0.11891
0 0.467621 0.398918 0.59343 0.0401442 0.0503205
0 0.504287 0.878846 0.590865 0.0572115 0.0810897
0 0.566344 0.785216 0.0222756 0.0473558 0.0407051
0 0.567142 0.277404 0.495513 0.0870192 0.0653846
0 0.572506 0.971514 0.480128 0.0463942 0.0544872
0 0.654413 0.463462 0.457372 0.0389423 0.0525641
0 0.686063 0.890385 0.349519 0.0442308 0.0503205
0 0.733519 0.753486 0.579167 0.0487981 0.075641
0 0.736601 0.463942 0.289744 0.0567308 0.0839744
