0 0.0301604 0.981731 0.498718 0.0365385 0.0557692
0 0.0357627 0.608293 0.985897 0.0771635 0.0282051
0 0.0500765 0.371394 0.786378 0.0798077 0.0849359
0 0.0514599 0.254207 0.436859 0.0512019 0.0532051
0 0.0658263 0.356731 0.696635 0.0466346 0.0490385
0 0.073289 0.419712 0.983814 0.0485577 0.0323718
0 0.0770406 0.561899 0.978686 0.0507212 0.0426282
0 0.104925 0.667668 0.545032 0.0978365 0.100321
0 0.116207 0.629207 0.979968 0.0545673 0.0400641
0 0.116733 0.288942 0.40609 0.0293269 0.0403846
0 0.132815 0.688942 0.942949 0.0581731 0.110897
0 0.135443 0.327764 0.0740385 0.0199519 0.0589744
0 0.136328 0.68726 0.545994 0.0456731 0.0862179
0 0.16621 0.591466 0.457212 0.115625 0.103526
0 0.170639 0.386298 0.766987 0.0557692 0.0935897
0 0.199736 0.267188 0.121154 0.0617788 0.0621795
0 0.215315 0.725601 0.522276 0.0151442 0.0567308
0 0.216169 0.43101 0.754006 0.0317308 0.0714744
0 0.219418 0.359976 0.0788462 0.0497596 0.0429487
0 0.236882 0.509014 0.91266 0.0449519 0.102885
0 0.250522 0.429928 0.973718 0.059375 0.0525641
0 0.274577 0.632332 0.483974 0.183413 0.209615
0 0.298177 0.981611 0.546635 0.0367788 0.131731
0 0.493018 0.518029 0.889263 0.0701923 0.154808
0 0.507589 0.233654 0.421154 0.0442308 0.0551282
0 0.515258 0.321274 0.799038 0.059375 0.075641
0 0.516983 0.225721 0.750962 0.0346154 0.0570513
0 0.550957 0.796154 0.923237 0.0783654 0.153526
0 0.5682 0.385697 0.737981 0.0737981 0.163141
0 0.573072 0.327885 0.202564 0.0567308 0.0557692
0 0.585764 0.473558 0.752885 0.0423077 0.0724359
0 0.681624 0.364303 0.0544872 0.0935096 0.108974
0 0.704645 0.671034 0.807051 0.167067 0.166667
0 0.707681 0.963101 0.961218 0.0723558 0.0775641
0 0.72327 0.442308 0.347436 0.0625 0.0544872
0 0.770862 0.654808 0.651763 0.0889423 0.108654
0 0.842795 0.855409 0.281731 0.123798 0.176282
