0 0.0301151 0.840144 0.970192 0.0975962 0.0512821
0 0.0303824 0.58774 0.441827 0.0317308 0.0522436
0 0.031643 0.476923 0.361859 0.0567308 0.130769
0 0.0322877 0.930048 0.972756 0.0576923 0.050641
0 0.0342069 0.446875 0.445994 0.0870192 0.175321
0 0.0344461 0.810938 0.643109 0.0810096 0.1875
0 0.0359014 0.433053 0.335897 0.0257212 0.0352564
0 0.0360363 0.939784 0.199359 0.0766827 0.114744
0 0.0368755 0.978365 0.839904 0.0423077 0.133013
0 0.0380207 0.991226 0.728526 0.0170673 0.049359
0 0.0385784 0.361058 0.260417 0.0706731 0.10609
0 0.0386 0.457692 0.413782 0.0519231 0.0666667
0 0.0386963 0.935938 0.715705 0.0483173 0.0884615
0 0.0393257 0.313101 0.626603 0.0560096 0.0769231
0 0.0397937 0.514663 0.277724 0.0182692 0.0586538
0 0.0470163 0.983413 0.756571 0.0331731 0.109295
0 0.0480944 0.990264 0.687019 0.0194712 0.102244
0 0.0535268 0.759014 0.555449 0.0362981 0.126923
0 0.0566331 0.581611 0.424038 0.0387019 0.0871795
0 0.0569106 0.472716 0.494071 0.0540865 0.0971154
0 0.0660886 0.458053 0.413942 0.0319712 0.0355769
0 0.0666802 0.81238 0.244071 0.0492788 0.0567308
0 0.0784286 0.833053 0.575641 0.0560096 0.111538
0 0.0851551 0.863822 0.961699 0.126202 0.0766026
0 0.0908786 0.967909 0.410256 0.0492788 0.104487
0 0.0931409 0.322356 0.240865 0.0370192 0.0548077
0 0.0959526 0.983654 0.894391 0.0317308 0.120192
0 0.0981752 0.633534 0.472756 0.0680288 0.0897436
0 0.105726 0.985096 0.102083 0.0259615 0.0746795
0 0.107701 0.685337 0.128045 0.0461538 0.0785256
0 0.124927 0.879207 0.969872 0.0463942 0.0532051
0 0.13972 0.516106 0.612179 0.0538462 0.0884615
0 0.163045 0.332812 0.252404 0.0516827 0.0759615
0 0.164846 0.402404 0.259615 0.0341346 0.0416667
0 0.183274 0.166346 0.14984 0.0567308 0.136859
0 0.192785 0.0168269 0.965865 0.0336538 0.0682692
0 0.197588 0.656611 0.608494 0.0569712 0.101603
0 0.198665 0.173438 0.20641 0.0391827 0.075
0 0.199847 0.463341 0.383173 0.0935096 0.188782
0 0.213632 0.149159 0.28125 0.0516827 0.0733974
0 0.220369 0.335817 0.284776 0.0552885 0.0977564
0 0.24967 0.533053 0.617147 0.0382212 0.0823718
0 0.287901 0.982692 0.804327 0.0346154 0.102885
0 0.321178 0.56262 0.618109 0.0444712 0.104167
0 0.327946 0.380048 0.247917 0.0384615 0.0900641
0 0.339414 0.816707 0.960897 0.110817 0.0782051
0 0.358975 0.793029 0.68766 0.0596154 0.153526
0 0.368087 0.808413 0.361699 0.0322115 0.0766026
0 0.453558 0.430409 0.212019 0.0353365 0.0842949
0 0.500921 0.0572115 0.171314 0.0274038 0.0612179
0 0.513247 0.76863 0.577564 0.0420673 0.123718
0 0.520249 0.912139 0.957853 0.0959135 0.0810897
0 0.546557 0.955048 0.730288 0.0841346 0.124038
0 0.547222 0.243389 0.281731 0.0415865 0.112821
0 0.549321 0.346514 0.29375 0.0435096 0.0560897
0 0.561745 0.889183 0.633333 0.0543269 0.0775641
0 0.571333 0.871274 0.251122 0.0300481 0.0637821
0 0.58455 0.410337 0.502244 0.0418269 0.0807692
0 0.61183 0.149279 0.293429 0.0711538 0.123397
0 0.667364 0.83726 0.713462 0.0629808 0.115385
0 0.721478 0.484736 0.59984 0.0608173 0.145833
0 0.731129 0.491707 0.1875 0.0540865 0.0807692
0 0.744917 0.326923 0.606731 0.0903846 0.107051
