0 0.030216 0.0366587 0.8125 0.0444712 0.0589744
0 0.0302637 0.836298 0.839103 0.113462 0.111538
0 0.0305521 0.956971 0.375481 0.04375 0.0669872
0 0.0314491 0.0567308 0.0189103 0.0932692 0.0371795
0 0.0318269 0.694111 0.704647 0.0324519 0.0375
0 0.0318366 0.364904 0.752244 0.025 0.0397436
0 0.032803 0.0146635 0.959936 0.0293269 0.0801282
0 0.0333203 0.510337 0.773397 0.05 0.0602564
0 0.0335525 0.547236 0.0722756 0.0348558 0.0676282
0 0.0368573 0.158534 0.982692 0.0810096 0.0346154
0 0.0375348 0.50024 0.950321 0.0173077 0.0371795
0 0.0381433 0.510817 0.976122 0.0740385 0.0445513
0 0.0383862 0.281611 0.15 0.0329327 0.0442308
0 0.0384177 0.429207 0.71859 0.0334135 0.0301282
0 0.0391186 0.866827 0.0346154 0.0326923 0.0487179
0 0.039737 0.894952 0.0947115 0.0846154 0.0599359
0 0.0408266 0.342067 0.809615 0.0240385 0.0557692
0 0.0417924 0.396995 0.985737 0.0569712 0.0285256
0 0.0421987 0.189543 0.983173 0.0882212 0.0336538
0 0.04308 0.172236 0.0195513 0.0569712 0.0391026
0 0.0440503 0.207813 0.98734 0.0574519 0.0233974
0 0.0441029 0.784014 0.98109 0.0564904 0.0378205
0 0.0458671 0.0689904 0.473397 0.0495192 0.0705128
0 0.0469043 0.533173 0.820192 0.0413462 0.0724359
0 0.0477403 0.546514 0.83141 0.0319712 0.050641
0 0.0512185 0.645072 0.936699 0.0305288 0.0657051
0 0.0549701 0.304808 0.978526 0.0403846 0.0429487
0 0.0551757 0.185817 0.527244 0.0528846 0.0474359
0 0.0556422 0.54351 0.0358974 0.0298077 0.0461538
0 0.0566229 0.476562 0.980288 0.0622596 0.0387821
0 0.0574828 0.459615 0.814263 0.0259615 0.0830128
0 0.0605406 0.746034 0.801122 0.0228365 0.0375
0 0.0615606 0.361178 0.750962 0.0127404 0.0326923
0 0.0625393 0.295793 0.968109 0.0526442 0.0612179
0 0.062838 0.143029 0.9875 0.0509615 0.025
0 0.0637433 0.477043 0.0796474 0.028125 0.0426282
0 0.068583 0.560096 0.981731 0.0865385 0.0365385
0 0.0702488 0.697115 0.980288 0.0461538 0.0394231
0 0.0735423 0.494591 0.768429 0.0252404 0.0349359
0 0.0736075 0.525601 0.775 0.0237981 0.0474359
0 0.0739773 0.0200721 0.987019 0.0353365 0.0259615
0 0.0760743 0.79351 0.61266 0.0399038 0.0445513
0 0.0778404 0.334135 0.018109 0.0365385 0.036218
0 0.087933 0.417428 0.721955 0.0189904 0.0291667
0 0.0899862 0.165385 0.157853 0.0298077 0.0394231
0 0.0945342 0.241947 0.0919872 0.0189904 0.0346154
0 0.097185 0.466346 0.980288 0.0317308 0.0342949
0 0.102552 0.284615 0.151442 0.0206731 0.0304487
0 0.112853 0.277284 0.948558 0.0358173 0.0541667
0 0.11772 0.414904 0.797756 0.0293269 0.0692308
0 0.121481 0.93137 0.049359 0.0372596 0.0397436
0 0.124189 0.414543 0.103365 0.0247596 0.0342949
0 0.125925 0.616707 0.0214744 0.0588942 0.0429487
0 0.134463 0.0126202 0.860417 0.0252404 0.088782
0 0.143481 0.627284 0.809455 0.0425481 0.0650641
0 0.145437 0.534135 0.58766 0.0206731 0.0317308
0 0.150284 0.976803 0.96859 0.0463942 0.0628205
0 0.194157 0.933654 0.669071 0.0264423 0.0464744
0 0.222047 0.289062 0.58734 0.0305288 0.036859
0 0.240933 0.549279 0.0501603 0.0326923 0.0528846
0 0.27872 0.408534 0.976442 0.0588942 0.0471154
0 0.328037 0.534495 0.100481 0.0435096 0.0451923
0 0.33935 0.268149 0.75032 0.0228365 0.0442308
0 0.345908 0.631731 0.539263 0.0567308 0.0657051
0 0.356704 0.705889 0.591667 0.034375 0.0423077
0 0.359713 0.0560096 0.459135 0.0399038 0.0477564
0 0.388409 0.447716 0.717628 0.0189904 0.0320513
0 0.475243 0.348678 0.819872 0.0286058 0.0628205
0 0.577902 0.440264 0.0975962 0.0540865 0.128526
0 0.680246 0.209255 0.889583 0.0444712 0.0477564
