0 0.0302854 0.365385 0.230288 0.0336538 0.0426282
0 0.0310138 0.410337 0.088141 0.0855769 0.117949
0 0.0319614 0.280529 0.458654 0.117308 0.0666667
0 0.0344754 0.520673 0.13141 0.0548077 0.0641026
0 0.0411102 0.672957 0.463622 0.0622596 0.125321
0 0.0550394 0.302163 0.0762821 0.0254808 0.0371795
0 0.055691 0.730529 0.146314 0.0528846 0.0727564
0 0.072746 0.745793 0.166186 0.0536058 0.0592949
0 0.0745429 0.377163 0.333173 0.0567308 0.0426282
0 0.0848157 0.567548 0.526282 0.0326923 0.0352564
0 0.0861287 0.597236 0.557051 0.0685096 0.075641
0 0.0876294 0.677043 0.566186 0.0401442 0.100321
0 0.11702 0.432813 0.0616987 0.0540865 0.1125
0 0.12312 0.299038 0.320192 0.0557692 0.0839744
0 0.129934 0.667188 0.544872 0.0329327 0.0910256
0 0.165 0.646274 0.491346 0.0247596 0.0455128
0 0.187492 0.762981 0.172115 0.0283654 0.0410256
0 0.220214 0.655529 0.512981 0.0355769 0.0939103
0 0.24258 0.855409 0.223558 0.0483173 0.0541667
0 0.284487 0.738221 0.248397 0.0346154 0.0320513
0 0.303532 0.316707 0.323718 0.0526442 0.101282
0 0.373476 0.474279 0.0647436 0.0504808 0.11859
0 0.376977 0.596034 0.372596 0.0223558 0.0612179
0 0.388721 0.604087 0.574519 0.0427885 0.0445513
0 0.409047 0.367067 0.337179 0.0697115 0.0711538
0 0.456728 0.329688 0.329327 0.11899 0.106731
0 0.477889 0.685817 0.587821 0.0490385 0.0833333
0 0.48806 0.259976 0.409615 0.0810096 0.0589744
0 0.489089 0.376923 0.239904 0.05 0.0625
0 0.522256 0.427043 0.0434295 0.0262019 0.086859
0 0.534456 0.615144 0.520353 0.0480769 0.0772436
0 0.559444 0.313822 0.0682692 0.0449519 0.0519231
0 0.575086 0.388942 0.110256 0.0668269 0.0519231
0 0.584354 0.676442 0.423397 0.0524038 0.0814103
0 0.587229 0.453486 0.331731 0.0790865 0.0769231
0 0.626001 0.977163 0.763782 0.0456731 0.0974359
0 0.638916 0.80625 0.139904 0.0447115 0.0746795
0 0.780344 0.326082 0.487821 0.241106 0.183974
0 0.841599 0.892548 0.616186 0.146154 0.14391
