0 0.0307636 0.352043 0.461538 0.0329327 0.0339744
0 0.0310813 0.823197 0.512019 0.0574519 0.0516026
0 0.0320773 0.432933 0.714423 0.0485577 0.050641
0 0.0321543 0.280649 0.304968 0.028125 0.0298077
0 0.0330281 0.451923 0.49391 0.0413462 0.0628205
0 0.0353316 0.989303 0.477404 0.0209135 0.110577
0 0.0357292 0.779447 0.477564 0.0382212 0.0365385
0 0.0366862 0.613462 0.632692 0.0365385 0.0525641
0 0.0376077 0.323678 0.744391 0.0367788 0.0830128
0 0.0389476 0.34375 0.455449 0.0394231 0.0525641
0 0.039494 0.990264 0.635417 0.0189904 0.0753205
0 0.0414657 0.634135 0.437981 0.0524038 0.0509615
0 0.0428642 0.521154 0.333173 0.0663462 0.0746795
0 0.0450329 0.441226 0.417628 0.0603365 0.05
0 0.0470845 0.646755 0.557372 0.0492788 0.0384615
0 0.0479817 0.432332 0.469872 0.0814904 0.103205
0 0.0500707 0.548558 0.311058 0.0302885 0.0330128
0 0.0511688 0.771875 0.533173 0.0326923 0.0695513
0 0.0528594 0.496995 0.362821 0.0810096 0.0692308
0 0.0536949 0.552524 0.316346 0.0165865 0.0358974
0 0.0574372 0.610337 0.983814 0.0745192 0.0323718
0 0.0577946 0.488101 0.719872 0.0463942 0.0794872
0 0.0582203 0.672115 0.450962 0.0336538 0.0576923
0 0.0586958 0.967909 0.0190705 0.0641827 0.0375
0 0.0590424 0.408654 0.490385 0.0495192 0.0724359
0 0.0601303 0.579327 0.584615 0.0370192 0.0384615
0 0.0617585 0.855649 0.0908654 0.040625 0.0586538
0 0.066029 0.235577 0.545994 0.0274038 0.0342949
0 0.0682812 0.517067 0.603846 0.0326923 0.0448718
0 0.0701941 0.984495 0.640385 0.0295673 0.108333
0 0.0763719 0.600721 0.0434295 0.08125 0.0733974
0 0.0767348 0.326202 0.794071 0.0466346 0.0701923
0 0.0779625 0.635817 0.492628 0.0471154 0.0416667
0 0.0875879 0.620313 0.0270833 0.0853365 0.0496795
0 0.0876485 0.534495 0.317308 0.0507212 0.073718
0 0.0880428 0.786779 0.0599359 0.0629808 0.0884615
0 0.0881048 0.421755 0.460577 0.0478365 0.0397436
0 0.107578 0.98101 0.671474 0.0375 0.0423077
0 0.120313 0.357812 0.727724 0.0459135 0.0772436
0 0.123966 0.516226 0.634455 0.053125 0.100321
0 0.124605 0.557813 0.582692 0.0286058 0.049359
0 0.127108 0.666346 0.325321 0.0509615 0.0442308
0 0.127138 0.334615 0.779006 0.0336538 0.0573718
0 0.132709 0.971995 0.739103 0.0526442 0.0762821
0 0.133807 0.527284 0.295513 0.0310096 0.050641
0 0.138474 0.492548 0.707692 0.0379808 0.0416667
0 0.151559 0.896394 0.519391 0.0475962 0.0759615
0 0.154766 0.259255 0.0152244 0.0372596 0.0304487
0 0.158901 0.582692 0.84375 0.06875 0.113782
0 0.162143 0.516226 0.271474 0.0877404 0.0865385
0 0.165283 0.756731 0.291827 0.118269 0.114423
0 0.16976 0.407572 0.699679 0.0319712 0.0410256
0 0.189587 0.745553 0.795353 0.0454327 0.0426282
0 0.193252 0.774038 0.585577 0.0302885 0.0480769
0 0.193604 0.569471 0.590545 0.0480769 0.0573718
0 0.196913 0.855168 0.575 0.0411058 0.0474359
0 0.200283 0.422476 0.116667 0.0310096 0.0544872
0 0.215524 0.283413 0.317628 0.0355769 0.0532051
0 0.222577 0.670913 0.954647 0.0394231 0.0336538
0 0.227822 0.546394 0.805288 0.0413462 0.0849359
0 0.232844 0.647837 0.507372 0.0317308 0.0525641
0 0.259039 0.980649 0.348718 0.0382212 0.0846154
0 0.260533 0.987861 0.60625 0.0242788 0.108013
0 0.263997 0.350962 0.715064 0.03125 0.0467949
0 0.302341 0.502163 0.760256 0.05625 0.0794872
0 0.329171 0.394952 0.485737 0.0355769 0.0439103
0 0.330545 0.477764 0.350641 0.0435096 0.0538462
0 0.333722 0.430889 0.481731 0.0459135 0.0769231
0 0.342034 0.228125 0.54391 0.0355769 0.0487179
0 0.343905 0.532091 0.351923 0.0632212 0.0544872
0 0.351418 0.479928 0.42484 0.040625 0.0509615
0 0.39886 0.315745 0.737179 0.0266827 0.0448718
0 0.404511 0.410337 0.252885 0.0889423 0.0589744
0 0.421285 0.379207 0.744712 0.0641827 0.0817308
0 0.425047 0.450601 0.729487 0.053125 0.0762821
0 0.426852 0.788582 0.0461538 0.0430288 0.0583333
0 0.458541 0.430048 0.873397 0.0442308 0.0621795
0 0.4644 0.290144 0.422756 0.0283654 0.0442308
0 0.479613 0.681731 0.467308 0.0471154 0.0717949
0 0.491754 0.591106 0.732692 0.0730769 0.0724359
0 0.498825 0.842188 0.513942 0.0372596 0.0496795
0 0.499434 0.557692 0.250962 0.0379808 0.0666667
0 0.525039 0.783534 0.171955 0.0627404 0.088782
0 0.52521 0.779087 0.516827 0.0451923 0.0580128
0 0.540416 0.806731 0.633173 0.0423077 0.0766026
0 0.569289 0.320913 0.0645833 0.0403846 0.0612179
0 0.569398 0.508654 0.251603 0.0677885 0.0596154
0 0.585861 0.320433 0.820513 0.0432692 0.0403846
0 0.604957 0.298798 0.121154 0.0432692 0.0782051
0 0.635638 0.367668 0.525962 0.0550481 0.0673077
0 0.691401 0.229687 0.0711538 0.0358173 0.05
0 0.738624 0.311058 0.531731 0.0745192 0.1
