0 0.0476378 0.117308 0.553045 0.0302885 0.0785256
0 0.0583891 0.532091 0.443269 0.0550481 0.0705128
0 0.0631437 0.128486 0.959295 0.243029 0.0814103
0 0.109745 0.191827 0.473077 0.0394231 0.0955128
0 0.173927 0.543029 0.43109 0.0230769 0.0551282
0 0.246514 0.351082 0.717788 0.0497596 0.104167
0 0.303026 0.0355769 0.714583 0.0600962 0.0830128
0 0.343648 0.830889 0.240224 0.0752404 0.109936
0 0.349932 0.816226 0.0908654 0.0329327 0.0522436
0 0.398721 0.564183 0.432051 0.0461538 0.0583333
0 0.423886 0.41851 0.376763 0.04375 0.0432692
0 0.504043 0.047476 0.95625 0.0949519 0.0875
0 0.540914 0.041226 0.689744 0.0795673 0.0621795
0 0.576337 0.0266827 0.762019 0.0533654 0.0586538
0 0.611649 0.111178 0.476763 0.0713942 0.0753205
0 0.626373 0.143029 0.58125 0.0682692 0.0785256
0 0.653572 0.0653846 0.582692 0.0576923 0.0608974
0 0.654324 0.416466 0.476763 0.0545673 0.0766026
0 0.671821 0.342428 0.616987 0.0569712 0.0724359
0 0.760858 0.478726 0.564263 0.0579327 0.0798077
0 0.782781 0.507452 0.461859 0.0721154 0.0852564
