0 0.0303015 0.629207 0.732532 0.0209135 0.0439103
0 0.0304143 0.616106 0.491506 0.0394231 0.0701923
0 0.0305379 0.418389 0.366827 0.0252404 0.0336538
0 0.0315791 0.98113 0.397115 0.0353365 0.0371795
0 0.0319998 0.349519 0.435577 0.0408654 0.0576923
0 0.0320071 0.315024 0.164744 0.0223558 0.0461538
0 0.032758 0.344231 0.44375 0.025 0.0451923
0 0.0328631 0.863341 0.0903846 0.0310096 0.0403846
0 0.0329732 0.407692 0.694071 0.0230769 0.0669872
0 0.033166 0.703486 0.586699 0.0334135 0.0496795
0 0.0334721 0.222476 0.0182692 0.0228365 0.0365385
0 0.0342232 0.929447 0.0211538 0.0483173 0.0423077
0 0.0343749 0.491346 0.422596 0.0471154 0.0592949
0 0.0345721 0.660337 0.283333 0.0355769 0.0474359
0 0.0348453 0.942308 0.979808 0.0846154 0.0403846
0 0.0348671 0.332091 0.182532 0.0305288 0.0804487
0 0.0349035 0.30637 0.441827 0.0185096 0.0330128
0 0.0353816 0.625601 0.912179 0.0286058 0.0576923
0 0.0355275 0.583774 0.1 0.0257212 0.0570513
0 0.0357489 0.138221 0.463301 0.0307692 0.0637821
0 0.0361507 0.302404 0.0391026 0.0245192 0.0448718
0 0.0361594 0.496394 0.628045 0.0447115 0.0394231
0 0.0364142 0.284255 0.179487 0.0348558 0.0653846
0 0.0365885 0.784976 0.29984 0.0204327 0.0298077
0 0.036633 0.928125 0.986378 0.0567308 0.0272436
0 0.0369469 0.738341 0.740385 0.0358173 0.0628205
0 0.039131 0.574399 0.304808 0.0473558 0.0673077
0 0.0394329 0.503726 0.703365 0.0324519 0.036859
0 0.0394659 0.4375 0.511699 0.0158654 0.0291667
0 0.0398679 0.534856 0.466346 0.0533654 0.0467949
0 0.0407775 0.276683 0.192628 0.0307692 0.049359
0 0.0413387 0.758293 0.944551 0.046875 0.0442308
0 0.0414094 0.753486 0.775962 0.0516827 0.0641026
0 0.0417406 0.504207 0.410096 0.0242788 0.0342949
0 0.0420769 0.44375 0.464103 0.0456731 0.050641
0 0.0426793 0.907332 0.958494 0.0497596 0.0407051
0 0.0435768 0.531611 0.784936 0.0324519 0.0358974
0 0.0443668 0.489423 0.533654 0.0408654 0.0544872
0 0.044997 0.630529 0.889583 0.025 0.0612179
0 0.0463843 0.564904 0.467308 0.0408654 0.0487179
0 0.0466597 0.396995 0.747436 0.0137019 0.0391026
0 0.0474517 0.623317 0.541186 0.0331731 0.0580128
0 0.0477693 0.729087 0.957372 0.0302885 0.050641
0 0.0479724 0.126322 0.354167 0.0329327 0.050641
0 0.0487401 0.76899 0.210096 0.0221154 0.0490385
0 0.0493275 0.58149 0.695353 0.0216346 0.0349359
0 0.049452 0.470913 0.107853 0.0461538 0.0522436
0 0.049603 0.528365 0.895994 0.0264423 0.0464744
0 0.0499911 0.683654 0.771955 0.01875 0.0342949
0 0.0512755 0.420312 0.482692 0.0247596 0.0416667
0 0.0517524 0.610577 0.633654 0.0365385 0.0474359
0 0.0521077 0.289663 0.0405449 0.0475962 0.0657051
0 0.0526986 0.322837 0.987179 0.0389423 0.025641
0 0.0528702 0.313702 0.458333 0.0350962 0.0423077
0 0.0528935 0.169351 0.335737 0.028125 0.0330128
0 0.0536962 0.893389 0.957532 0.0372596 0.0310897
0 0.0537461 0.658774 0.458173 0.053125 0.0657051
0 0.0539585 0.349159 0.146795 0.0425481 0.0564103
0 0.054542 0.619231 0.927404 0.0283654 0.0342949
0 0.0563295 0.834255 0.977724 0.0838942 0.036218
0 0.0569179 0.929808 0.953045 0.0293269 0.0253205
0 0.0584668 0.726322 0.941346 0.034375 0.0307692
0 0.0602995 0.677885 0.479327 0.0480769 0.102885
0 0.0673223 0.598798 0.075 0.0298077 0.0378205
0 0.0694894 0.745072 0.757051 0.0411058 0.074359
0 0.0696138 0.463702 0.451763 0.0639423 0.0477564
0 0.07114 0.651923 0.740224 0.0293269 0.0503205
0 0.0715819 0.909375 0.985897 0.0581731 0.025
0 0.0724385 0.338221 0.473397 0.0230769 0.0544872
0 0.0727419 0.298678 0.158494 0.0300481 0.0439103
0 0.0739838 0.440385 0.331571 0.0192308 0.0477564
0 0.0764548 0.444351 0.875962 0.0146635 0.0487179
0 0.0768509 0.890986 0.980449 0.0709135 0.0384615
0 0.0775646 0.627284 0.759135 0.0290865 0.0407051
0 0.0780981 0.616106 0.519231 0.0346154 0.0666667
0 0.0822589 0.589423 0.802404 0.0389423 0.0599359
0 0.0842505 0.680649 0.286218 0.034375 0.0448718
0 0.0856955 0.732813 0.977885 0.0223558 0.0352564
0 0.0890115 0.615505 0.328526 0.0194712 0.05
0 0.0936005 0.703365 0.204167 0.0254808 0.050641
0 0.0956786 0.752163 0.703365 0.0274038 0.036859
0 0.0974209 0.633894 0.300481 0.0427885 0.0580128
0 0.0982712 0.862861 0.328045 0.0425481 0.0701923
0 0.099084 0.720072 0.191346 0.034375 0.0641026
0 0.0996702 0.177644 0.365224 0.0346154 0.0432692
0 0.101334 0.51238 0.635256 0.0286058 0.0326923
0 0.101345 0.291346 0.224519 0.05625 0.0560897
0 0.101409 0.607933 0.319712 0.0375 0.0663462
0 0.103361 0.823317 0.939583 0.0418269 0.0612179
0 0.108855 0.626202 0.763141 0.0471154 0.0570513
0 0.111082 0.128846 0.448397 0.04375 0.110256
0 0.11277 0.520312 0.428846 0.0439904 0.0474359
0 0.116174 0.166707 0.569872 0.053125 0.0602564
0 0.118043 0.971635 0.980449 0.0567308 0.0391026
0 0.120571 0.180529 0.574679 0.0331731 0.0448718
0 0.120845 0.601562 0.871314 0.021875 0.0323718
0 0.122572 0.308413 0.157212 0.0283654 0.036218
0 0.125729 0.122716 0.345032 0.0228365 0.0317308
0 0.126543 0.429207 0.477564 0.0338942 0.0461538
0 0.131281 0.914303 0.975 0.0670673 0.0435897
0 0.136754 0.589543 0.318269 0.0444712 0.0673077
0 0.137091 0.770913 0.960577 0.0394231 0.0557692
0 0.138053 0.413341 0.671635 0.0199519 0.0330128
0 0.144052 0.653486 0.300641 0.0439904 0.0589744
0 0.145533 0.613221 0.504808 0.0245192 0.0288462
0 0.146417 0.982572 0.985417 0.0348558 0.0291667
0 0.148554 0.271875 0.217628 0.0307692 0.0705128
0 0.149622 0.599038 0.100321 0.0394231 0.0621795
0 0.152411 0.380529 0.416827 0.05 0.0554487
0 0.155892 0.923798 0.957212 0.0495192 0.0342949
0 0.156009 0.636058 0.0679487 0.0543269 0.0679487
0 0.160988 0.651202 0.779808 0.0649038 0.0871795
0 0.167215 0.633413 0.454647 0.0360577 0.0567308
0 0.171779 0.217308 0.913141 0.0283654 0.0391026
0 0.172477 0.328966 0.462019 0.0454327 0.0669872
0 0.178992 0.565505 0.827244 0.0257212 0.0307692
0 0.179679 0.591106 0.0905449 0.0283654 0.0503205
0 0.181412 0.669471 0.290865 0.0322115 0.0496795
0 0.182352 0.61851 0.294712 0.0264423 0.0387821
0 0.187607 0.148678 0.556571 0.0329327 0.0592949
0 0.193775 0.269712 0.277244 0.0331731 0.0692308
0 0.198017 0.59387 0.335737 0.034375 0.038141
0 0.200936 0.70613 0.283974 0.0338942 0.0487179
0 0.215044 0.627404 0.0649038 0.0293269 0.0471154
0 0.224917 0.580168 0.287019 0.0300481 0.0464744
0 0.227447 0.454327 0.392308 0.0538462 0.0487179
0 0.228499 0.66887 0.879968 0.0415865 0.0682692
0 0.231415 0.636418 0.749519 0.0401442 0.0528846
0 0.24125 0.732091 0.190705 0.0478365 0.0794872
0 0.249163 0.982332 0.354487 0.0353365 0.0403846
0 0.252407 0.438101 0.467628 0.0300481 0.0326923
0 0.256022 0.339543 0.586538 0.0223558 0.0397436
0 0.257438 0.878245 0.338782 0.0699519 0.0820513
0 0.265637 0.654567 0.0588141 0.0384615 0.0810897
0 0.299325 0.784615 0.724199 0.0293269 0.0612179
0 0.305397 0.640625 0.292949 0.0307692 0.0365385
0 0.307943 0.366346 0.941026 0.0269231 0.049359
0 0.313532 0.61274 0.109135 0.0293269 0.0445513
0 0.320903 0.73113 0.757532 0.0382212 0.0554487
0 0.322345 0.986178 0.26266 0.0266827 0.0682692
0 0.326854 0.235216 0.239744 0.034375 0.0762821
0 0.333856 0.498197 0.228205 0.0300481 0.0403846
0 0.351456 0.624639 0.862019 0.028125 0.0490385
0 0.353131 0.692909 0.292308 0.0305288 0.0397436
0 0.377558 0.552043 0.475481 0.0526442 0.0477564
0 0.379687 0.563822 0.384295 0.0603365 0.0423077
0 0.380135 0.554928 0.205128 0.0439904 0.0666667
0 0.387426 0.680649 0.515545 0.0560096 0.0932692
0 0.396982 0.83125 0.255769 0.0504808 0.0794872
0 0.42837 0.602284 0.785737 0.0223558 0.0477564
0 0.432712 0.714303 0.278205 0.0209135 0.0519231
0 0.436874 0.310697 0.232212 0.0425481 0.0516026
0 0.440067 0.659495 0.803686 0.0569712 0.0657051
0 0.448825 0.171154 0.353846 0.0413462 0.0705128
0 0.458244 0.707452 0.604327 0.0413462 0.0676282
0 0.465299 0.618149 0.621474 0.0257212 0.0371795
0 0.467172 0.555288 0.536378 0.0269231 0.0451923
0 0.47695 0.274519 0.0471154 0.0375 0.0653846
0 0.514889 0.554207 0.0961538 0.0295673 0.0371795
0 0.550575 0.435337 0.0274038 0.0543269 0.0541667
0 0.570548 0.401563 0.722917 0.0300481 0.0875
0 0.600052 0.696995 0.389103 0.0324519 0.0544872
0 0.608228 0.176803 0.892468 0.0492788 0.0471154
0 0.617842 0.286178 0.539904 0.0310096 0.0708333
0 0.63134 0.87488 0.0815705 0.0420673 0.0592949
0 0.648836 0.534495 0.90609 0.0266827 0.0538462
0 0.698451 0.603966 0.972596 0.0555288 0.0458333
