0 0.0361768 0.608534 0.245032 0.0665865 0.145192
0 0.0385527 0.585938 0.230769 0.0213942 0.0371795
0 0.0439188 0.577644 0.283333 0.08125 0.117308
0 0.0515621 0.588101 0.239263 0.0276442 0.0682692
0 0.0570902 0.683534 0.312821 0.021875 0.0397436
0 0.0649577 0.596755 0.18109 0.0536058 0.113462
0 0.0973136 0.628005 0.284615 0.0425481 0.0608974
0 0.14182 0.884375 0.479808 0.0384615 0.0660256
0 0.176778 0.649639 0.290385 0.0665865 0.0641026
0 0.437596 0.43726 0.328686 0.075 0.0894231
0 0.506812 0.559135 0.305929 0.0836538 0.0900641
0 0.519079 0.600841 0.0415064 0.0459135 0.0830128
0 0.562941 0.665745 0.300321 0.0492788 0.0589744
0 0.5654 0.536538 0.421635 0.06875 0.115064
0 0.6745 0.666106 0.0535256 0.0649038 0.107051
