0 0.0306941 0.0549279 0.285897 0.0367788 0.0660256
0 0.0317795 0.645192 0.0171474 0.0567308 0.0342949
0 0.0336631 0.55649 0.0251603 0.0625 0.0496795
0 0.0426677 0.521034 0.65641 0.0338942 0.0397436
0 0.0434274 0.0802885 0.159776 0.0192308 0.0548077
0 0.0444608 0.0466346 0.792147 0.0860577 0.415705
0 0.0461764 0.795313 0.431571 0.034375 0.0599359
0 0.0470731 0.497957 0.764744 0.0233173 0.0378205
0 0.0473036 0.308654 0.0150641 0.0615385 0.0301282
0 0.0481293 0.770553 0.400481 0.0497596 0.0477564
0 0.0500014 0.666707 0.585577 0.113221 0.123718
0 0.0520571 0.0295673 0.277885 0.0591346 0.0891026
0 0.0558133 0.615865 0.425962 0.0259615 0.0333333
0 0.0607532 0.081851 0.013141 0.0622596 0.0262821
0 0.0667785 0.482933 0.781891 0.0350962 0.0522436
0 0.0829239 0.988341 0.580449 0.0233173 0.0455128
0 0.0885067 0.578726 0.0214744 0.071875 0.0416667
0 0.0995558 0.160457 0.363462 0.0146635 0.0480769
0 0.101637 0.0424279 0.221314 0.0137019 0.0400641
0 0.104482 0.489062 0.0161859 0.0420673 0.0323718
0 0.115289 0.521514 0.766506 0.015625 0.0317308
0 0.129699 0.0157452 0.269712 0.0295673 0.0810897
0 0.149203 0.89976 0.819551 0.0456731 0.0455128
0 0.152932 0.618269 0.453846 0.0346154 0.0692308
0 0.175328 0.698077 0.56266 0.0427885 0.0791667
0 0.176457 0.65012 0.536859 0.0305288 0.0371795
0 0.176609 0.283053 0.0185897 0.0391827 0.0365385
0 0.229021 0.983173 0.426442 0.0336538 0.0862179
0 0.243938 0.579087 0.503205 0.0370192 0.0576923
0 0.246079 0.55625 0.424679 0.0235577 0.0397436
0 0.25799 0.33113 0.0216346 0.0545673 0.0432692
0 0.270613 0.046875 0.295994 0.0644231 0.0785256
0 0.272063 0.491466 0.772596 0.0324519 0.0471154
0 0.346962 0.688221 0.652244 0.0524038 0.0801282
0 0.356099 0.782452 0.417308 0.0600962 0.0775641
0 0.444405 0.664543 0.957532 0.0228365 0.0650641
0 0.480185 0.47512 0.515385 0.0382212 0.0525641
0 0.514155 0.971034 0.58766 0.0555288 0.0586538
0 0.519463 0.175481 0.324038 0.0240385 0.0448718
0 0.5458 0.627764 0.615545 0.132933 0.0939103
0 0.554302 0.35024 0.221474 0.0408654 0.0820513
0 0.559318 0.191106 0.270513 0.0432692 0.0666667
0 0.604809 0.793389 0.528045 0.0420673 0.0817308
0 0.634569 0.0969952 0.383974 0.0415865 0.0544872
0 0.63986 0.396995 0.0589744 0.104567 0.117949
0 0.708143 0.869471 0.333173 0.0663462 0.0862179
0 0.719937 0.852284 0.484776 0.0463942 0.0644231
