0 0.0300702 0.380529 0.301122 0.0504808 0.0663462
0 0.0301391 0.557813 0.155128 0.0550481 0.0621795
0 0.0303606 0.13774 0.272756 0.0471154 0.0660256
0 0.0304473 0.352043 0.814103 0.0180288 0.0294872
0 0.0307948 0.804808 0.901923 0.0509615 0.0641026
0 0.031019 0.100962 0.960577 0.0596154 0.0532051
0 0.0310366 0.099399 0.487019 0.053125 0.0541667
0 0.0314809 0.86863 0.81234 0.059375 0.0990385
0 0.0320229 0.370192 0.923077 0.0451923 0.0365385
0 0.0325841 0.566947 0.122917 0.0540865 0.0842949
0 0.033151 0.0758413 0.0285256 0.0435096 0.0474359
0 0.0333729 0.130769 0.920994 0.0341346 0.0439103
0 0.0336231 0.653365 0.979647 0.0644231 0.0407051
0 0.0337877 0.0346154 0.661699 0.0504808 0.0528846
0 0.0343793 0.629567 0.920673 0.0211538 0.0355769
0 0.0362153 0.821635 0.607853 0.0514423 0.0695513
0 0.0363918 0.0174279 0.648077 0.034375 0.0852564
0 0.0366004 0.500962 0.250962 0.0269231 0.0525641
0 0.0366407 0.56863 0.823077 0.0286058 0.0525641
0 0.0367788 0.735577 0.718269 0.0365385 0.0320513
0 0.0369841 0.617067 0.407853 0.0427885 0.0471154
0 0.0370384 0.229447 0.678365 0.0382212 0.0573718
0 0.0379955 0.989663 0.675641 0.0206731 0.125
0 0.0386508 0.711298 0.848878 0.0389423 0.0407051
0 0.0394179 0.0625 0.625962 0.0913462 0.0961538
0 0.0395947 0.803726 0.0538462 0.0877404 0.0891026
0 0.0396086 0.511779 0.15641 0.0442308 0.0480769
0 0.0397109 0.00973558 0.985897 0.0194712 0.0282051
0 0.03994 0.980288 0.845673 0.0394231 0.0560897
0 0.040184 0.0127404 0.858494 0.0254808 0.061859
0 0.0404297 0.123317 0.941026 0.03125 0.0333333
0 0.0404793 0.858173 0.436538 0.04375 0.0435897
0 0.0405778 0.573558 0.129647 0.0341346 0.0483974
0 0.041084 0.644111 0.986859 0.0391827 0.024359
0 0.0414177 0.989904 0.728526 0.0182692 0.0653846
0 0.0414633 0.933173 0.98766 0.05 0.0227564
0 0.0414849 0.0991587 0.583494 0.0569712 0.0522436
0 0.0421857 0.0643029 0.966346 0.111298 0.0673077
0 0.0422077 0.332332 0.9875 0.0463942 0.0237179
0 0.042672 0.986418 0.233814 0.0252404 0.0798077
0 0.0432767 0.335817 0.396795 0.0725962 0.073718
0 0.0436133 0.11226 0.890385 0.0538462 0.0570513
0 0.0455183 0.779808 0.613141 0.0418269 0.0519231
0 0.0462731 0.710697 0.981891 0.0805288 0.036218
0 0.0462916 0.807572 0.652404 0.0290865 0.036859
0 0.0484478 0.791587 0.640064 0.0475962 0.0538462
0 0.0499263 0.0832933 0.451122 0.0338942 0.0586538
0 0.0502016 0.299159 0.338462 0.0237981 0.0429487
0 0.0506582 0.0716346 0.659455 0.0913462 0.0817308
0 0.0510454 0.101322 0.239263 0.0699519 0.0464744
0 0.0511638 0.330168 0.522436 0.0560096 0.0551282
0 0.0513149 0.683173 0.942788 0.0653846 0.0586538
0 0.0539486 0.0582933 0.25641 0.0435096 0.0532051
0 0.0545967 0.781971 0.0464744 0.0480769 0.0698718
0 0.0551436 0.429447 0.392788 0.0603365 0.063141
0 0.0553055 0.210577 0.691987 0.0375 0.0634615
0 0.0564285 0.501562 0.539744 0.0382212 0.0615385
0 0.0564294 0.892909 0.518269 0.0334135 0.0378205
0 0.057869 0.36274 0.383974 0.0855769 0.115385
0 0.0581573 0.4375 0.665705 0.0471154 0.049359
0 0.0592148 0.0859375 0.472917 0.0459135 0.0663462
0 0.0597074 0.352284 0.827724 0.0247596 0.0509615
0 0.0639652 0.759135 0.979327 0.0591346 0.0413462
0 0.0649861 0.114183 0.925962 0.0557692 0.0903846
0 0.065321 0.60012 0.980929 0.0766827 0.038141
0 0.0705614 0.405769 0.761538 0.0158654 0.0352564
0 0.0720125 0.976322 0.648718 0.0415865 0.074359
0 0.0731616 0.345433 0.838782 0.0201923 0.049359
0 0.0740971 0.986418 0.717147 0.0237981 0.117628
0 0.0745538 0.455769 0.625801 0.132692 0.0823718
0 0.0765702 0.341346 0.674359 0.0259615 0.0378205
0 0.07781 0.362981 0.292468 0.0466346 0.0810897
0 0.0789509 0.0840144 0.94375 0.121394 0.104808
0 0.0796623 0.109255 0.722115 0.0367788 0.0557692
0 0.0801957 0.141947 0.664263 0.0266827 0.0625
0 0.0803979 0.115865 0.429487 0.0605769 0.0512821
0 0.0807464 0.0365385 0.977083 0.0706731 0.0458333
0 0.0855872 0.872957 0.988782 0.0444712 0.0224359
0 0.0857424 0.919471 0.208173 0.0548077 0.0900641
0 0.0858179 0.869591 0.532372 0.0901442 0.0653846
0 0.0873094 0.109375 0.634776 0.0413462 0.0400641
0 0.0874568 0.11863 0.933974 0.0507212 0.0410256
0 0.0884388 0.990986 0.628686 0.0180288 0.0663462
0 0.088704 0.620793 0.985577 0.0877404 0.0237179
0 0.0896348 0.0706731 0.986218 0.0663462 0.025641
0 0.0897024 0.688582 0.699359 0.0473558 0.0532051
0 0.0924775 0.158654 0.433333 0.0653846 0.0480769
0 0.103023 0.332692 0.419551 0.100481 0.0538462
0 0.105642 0.743149 0.798077 0.0305288 0.0378205
0 0.106757 0.667188 0.528045 0.0675481 0.0772436
0 0.109079 0.405529 0.333013 0.0336538 0.0673077
0 0.110527 0.205048 0.669551 0.0201923 0.0339744
0 0.112482 0.0179087 0.843269 0.0314904 0.0602564
0 0.1127 0.871394 0.0639423 0.0389423 0.0657051
0 0.113089 0.82476 0.924679 0.0384615 0.0519231
0 0.113854 0.123077 0.903365 0.0451923 0.0413462
0 0.118364 0.0949519 0.859295 0.0600962 0.0416667
0 0.120163 0.436418 0.645994 0.0608173 0.088782
0 0.121264 0.309014 0.345353 0.0492788 0.0548077
0 0.121884 0.121755 0.64359 0.0444712 0.049359
0 0.125034 0.888341 0.585096 0.0536058 0.0528846
0 0.126104 0.354207 0.316827 0.0603365 0.0772436
0 0.126123 0.33125 0.353686 0.0817308 0.0926282
0 0.128988 0.0802885 0.217468 0.0307692 0.0663462
0 0.130214 0.654808 0.510096 0.0461538 0.0445513
0 0.130439 0.348918 0.514583 0.0560096 0.0439103
0 0.132728 0.88149 0.519712 0.0625 0.0458333
0 0.133619 0.397596 0.713622 0.0365385 0.0387821
0 0.136329 0.573918 0.896474 0.0170673 0.025641
0 0.137905 0.785337 0.806731 0.0360577 0.0442308
0 0.143349 0.0913462 0.678526 0.0442308 0.0647436
0 0.146036 0.0879808 0.979487 0.0774038 0.0397436
0 0.147609 0.986659 0.642147 0.0262019 0.0990385
0 0.151036 0.288702 0.602404 0.0293269 0.0387821
0 0.154993 0.769231 0.627885 0.0302885 0.0320513
0 0.160174 0.122596 0.985256 0.0413462 0.0294872
0 0.1605 0.153125 0.848397 0.0375 0.050641
0 0.175609 0.400841 0.752885 0.0252404 0.0416667
0 0.182515 0.528245 0.552244 0.0391827 0.0448718
0 0.183907 0.113822 0.976923 0.0569712 0.0410256
0 0.193394 0.747115 0.717147 0.0495192 0.0426282
0 0.194047 0.540505 0.472276 0.0449519 0.0458333
0 0.197032 0.134856 0.434776 0.0456731 0.0522436
0 0.202282 0.492788 0.610256 0.04375 0.0487179
0 0.204868 0.0852163 0.235897 0.0555288 0.0673077
0 0.207756 0.367909 0.855288 0.0569712 0.0849359
0 0.209905 0.410457 0.395833 0.0396635 0.0602564
0 0.211142 0.884135 0.785256 0.0394231 0.0660256
0 0.212378 0.0567308 0.65625 0.0620192 0.0503205
0 0.212987 0.182572 0.429808 0.0430288 0.0423077
0 0.214948 0.101082 0.705128 0.0478365 0.073718
0 0.21568 0.094351 0.876282 0.0911058 0.0788462
0 0.22333 0.110337 0.944872 0.0475962 0.0448718
0 0.23097 0.182212 0.613301 0.0278846 0.063141
0 0.239035 0.227764 0.700481 0.0377404 0.0560897
0 0.241127 0.0472356 0.842147 0.0132212 0.0387821
0 0.256743 0.536659 0.3875 0.0334135 0.0403846
0 0.274384 0.090024 0.0331731 0.0665865 0.0644231
0 0.292393 0.53149 0.160256 0.0831731 0.0641026
0 0.300053 0.396514 0.319872 0.0439904 0.0692308
0 0.30281 0.755889 0.172596 0.0411058 0.0554487
0 0.311906 0.566947 0.142468 0.0396635 0.0496795
0 0.314553 0.526923 0.29391 0.0322115 0.0410256
0 0.326838 0.361298 0.505769 0.0326923 0.0339744
0 0.327823 0.390865 0.740064 0.04375 0.0551282
0 0.346171 0.792308 0.889103 0.0403846 0.0525641
0 0.369324 0.132692 0.653205 0.0394231 0.0634615
0 0.370463 0.923197 0.853365 0.0334135 0.0483974
0 0.376999 0.365144 0.41875 0.0548077 0.0580128
0 0.384093 0.940986 0.751923 0.0487981 0.0525641
0 0.396992 0.83125 0.593269 0.0370192 0.0570513
0 0.403094 0.574639 0.807532 0.0286058 0.0387821
0 0.405961 0.090024 0.438301 0.0305288 0.0375
0 0.427029 0.302524 0.414904 0.0665865 0.0612179
0 0.44568 0.336779 0.338622 0.0504808 0.0669872
0 0.46167 0.844351 0.516827 0.0622596 0.0439103
0 0.469385 0.853005 0.454487 0.0425481 0.050641
0 0.469435 0.564303 0.0886218 0.0415865 0.0432692
0 0.47889 0.452043 0.0459936 0.0387019 0.0894231
0 0.495932 0.3125 0.0741987 0.0264423 0.0669872
0 0.542058 0.291587 0.558013 0.0451923 0.0596154
0 0.547028 0.517067 0.545353 0.0581731 0.0676282
0 0.547172 0.584135 0.401442 0.0644231 0.0875
0 0.548312 0.0234375 0.488942 0.0425481 0.0669872
0 0.551196 0.466106 0.397917 0.06875 0.0682692
0 0.554426 0.579087 0.55641 0.0379808 0.0410256
0 0.578939 0.249159 0.117147 0.0588942 0.0945513
0 0.585739 0.964904 0.135417 0.0701923 0.101603
0 0.614359 0.271995 0.272276 0.0362981 0.0637821
0 0.66029 0.164423 0.0352564 0.0596154 0.0685897
0 0.714874 0.702644 0.211538 0.0519231 0.109615
