0 0.0331402 0.686298 0.158814 0.0399038 0.0733974
0 0.0345125 0.507933 0.824199 0.0298077 0.0580128
0 0.03508 0.700601 0.38125 0.0334135 0.0330128
0 0.0393647 0.678486 0.504006 0.0387019 0.0458333
0 0.0410005 0.630889 0.281731 0.0252404 0.0365385
0 0.0417008 0.63149 0.357212 0.0379808 0.0323718
0 0.0430638 0.498558 0.806891 0.0177885 0.0477564
0 0.0453414 0.988942 0.292628 0.0201923 0.0858974
0 0.0487828 0.367308 0.150962 0.0408654 0.0512821
0 0.0518334 0.645793 0.366186 0.0295673 0.0278846
0 0.0549757 0.674038 0.476282 0.0350962 0.0352564
0 0.0622034 0.420433 0.417628 0.0346154 0.049359
0 0.0624612 0.56863 0.689423 0.0454327 0.0512821
0 0.0653722 0.53774 0.588301 0.0461538 0.0727564
0 0.0684996 0.959856 0.0557692 0.0485577 0.0519231
0 0.0743128 0.847236 0.0232372 0.0247596 0.0349359
0 0.0797073 0.644111 0.979647 0.0564904 0.0407051
0 0.0831507 0.679447 0.433173 0.0362981 0.0509615
0 0.0849956 0.715986 0.179327 0.0286058 0.0375
0 0.0850242 0.661058 0.534295 0.0365385 0.050641
0 0.0906731 0.530168 0.720032 0.0372596 0.0432692
0 0.107808 0.665385 0.367628 0.0528846 0.0352564
0 0.124374 0.479808 0.320833 0.0254808 0.0333333
0 0.134999 0.915986 0.959615 0.0521635 0.0711538
0 0.149698 0.684014 0.461699 0.0478365 0.0900641
0 0.155739 0.679087 0.0189103 0.0466346 0.0378205
0 0.182025 0.682572 0.411218 0.0401442 0.0634615
0 0.190607 0.687139 0.390385 0.0487981 0.0487179
0 0.200704 0.56262 0.870353 0.0233173 0.0413462
0 0.224691 0.58762 0.879968 0.0550481 0.0516026
0 0.226021 0.544351 0.706571 0.0425481 0.0413462
0 0.235921 0.465505 0.801763 0.0396635 0.0445513
0 0.266529 0.690625 0.298077 0.0211538 0.0320513
0 0.277682 0.652404 0.371474 0.0274038 0.0262821
0 0.360046 0.491106 0.62468 0.0389423 0.0416667
0 0.368572 0.578365 0.600962 0.0913462 0.1
0 0.412989 0.700361 0.183013 0.0555288 0.0557692
0 0.453179 0.691947 0.483814 0.053125 0.0580128
0 0.493135 0.603245 0.0370192 0.0372596 0.0516026
0 0.514961 0.84351 0.7125 0.0442308 0.0602564
0 0.589585 0.592067 0.14359 0.0514423 0.074359
0 0.619438 0.853365 0.321154 0.0466346 0.0621795
