0 0.0302048 0.570913 0.950801 0.0461538 0.063141
0 0.0308779 0.372476 0.377724 0.0194712 0.0330128
0 0.0310406 0.726562 0.692628 0.0449519 0.0891026
0 0.0311401 0.719712 0.316827 0.0375 0.0830128
0 0.0311687 0.171034 0.984455 0.0805288 0.0240385
0 0.0332409 0.323197 0.435897 0.0420673 0.0416667
0 0.0337763 0.791346 0.688141 0.0350962 0.0685897
0 0.0339086 0.321995 0.470353 0.0766827 0.0599359
0 0.034218 0.72524 0.709135 0.0927885 0.263141
0 0.0347294 0.373077 0.420513 0.0649038 0.075641
0 0.0359657 0.806731 0.946955 0.0399038 0.104808
0 0.0360815 0.0137019 0.309455 0.0269231 0.122756
0 0.0361207 0.740024 0.0120192 0.0396635 0.0240385
0 0.0371883 0.854327 0.983173 0.0495192 0.0317308
0 0.0376159 0.560457 0.17484 0.0507212 0.0721154
0 0.0376863 0.260457 0.526122 0.0425481 0.0407051
0 0.0398614 0.0570913 0.972436 0.0752404 0.0429487
0 0.0404282 0.83125 0.96234 0.0894231 0.0753205
0 0.0432192 0.471995 0.292788 0.0439904 0.0721154
0 0.0441529 0.774279 0.619872 0.0514423 0.155769
0 0.0444721 0.670192 0.227244 0.0471154 0.0852564
0 0.0446738 0.23726 0.710577 0.0692308 0.180769
0 0.0448917 0.21887 0.979167 0.0391827 0.0416667
0 0.0456878 0.847356 0.223878 0.04375 0.0477564
0 0.0463212 0.658293 0.468109 0.0411058 0.0913462
0 0.046972 0.622716 0.572276 0.0459135 0.0650641
0 0.0486661 0.820673 0.170032 0.0413462 0.0830128
0 0.0490187 0.229327 0.778526 0.04375 0.0717949
0 0.0496769 0.0268029 0.407212 0.0536058 0.0509615
0 0.0517349 0.156971 0.974519 0.104808 0.0509615
0 0.0554785 0.643389 0.876923 0.0439904 0.0967949
0 0.0574267 0.0123798 0.191827 0.0237981 0.0676282
0 0.0584172 0.728005 0.501282 0.034375 0.101923
0 0.059978 0.865505 0.914904 0.034375 0.0458333
0 0.0603775 0.625721 0.416026 0.0745192 0.0833333
0 0.0628523 0.642187 0.305769 0.053125 0.0974359
0 0.0633541 0.015625 0.761538 0.0298077 0.0519231
0 0.0643493 0.237981 0.859135 0.0442308 0.0445513
0 0.0681758 0.435697 0.947436 0.161298 0.105128
0 0.0778364 0.228726 0.803205 0.0540865 0.0897436
0 0.0862509 0.018149 0.391026 0.0362981 0.0910256
0 0.0875383 0.681971 0.337179 0.0774038 0.127564
0 0.0888614 0.0252404 0.312821 0.0403846 0.0858974
0 0.0931114 0.0170673 0.245513 0.0326923 0.11859
0 0.0975352 0.812019 0.174359 0.0365385 0.05
0 0.0986951 0.620192 0.446635 0.0447115 0.0682692
0 0.0988381 0.0301683 0.968269 0.0555288 0.0628205
0 0.0991723 0.130889 0.96843 0.0757212 0.0605769
0 0.105781 0.646394 0.23141 0.0894231 0.10641
0 0.120862 0.567067 0.480128 0.08125 0.0948718
0 0.1266 0.189663 0.980128 0.0875 0.0371795
0 0.126649 0.632692 0.330288 0.0403846 0.0727564
0 0.138346 0.843029 0.975321 0.0725962 0.0480769
0 0.140615 0.650481 0.104808 0.0927885 0.130128
0 0.144491 0.0326923 0.957532 0.0365385 0.0387821
0 0.145804 0.604928 0.461058 0.0680288 0.0932692
0 0.15032 0.644111 0.450481 0.0699519 0.108013
0 0.152879 0.272236 0.249199 0.0584135 0.0573718
0 0.157052 0.417548 0.389744 0.0413462 0.101923
0 0.161368 0.714904 0.352724 0.0533654 0.161218
0 0.169627 0.411659 0.406571 0.0401442 0.0567308
0 0.170694 0.690986 0.789904 0.0536058 0.11891
0 0.175259 0.274639 0.290064 0.040625 0.0410256
0 0.187637 0.790625 0.659615 0.0432692 0.119231
0 0.188133 0.15024 0.53734 0.0394231 0.0669872
0 0.199468 0.67512 0.608013 0.0612981 0.0942308
0 0.217092 0.926923 0.488622 0.0466346 0.0503205
0 0.22369 0.0805288 0.965385 0.0745192 0.0666667
0 0.228258 0.746755 0.4375 0.053125 0.0583333
0 0.230054 0.982212 0.433013 0.0336538 0.0692308
0 0.233829 0.83774 0.137019 0.0682692 0.120192
0 0.241754 0.657452 0.324038 0.0639423 0.0942308
0 0.245036 0.128005 0.961218 0.18149 0.0775641
0 0.248568 0.0206731 0.319551 0.0413462 0.183333
0 0.25482 0.615986 0.229647 0.0449519 0.110577
0 0.264092 0.915264 0.71891 0.0497596 0.0705128
0 0.276656 0.238822 0.785096 0.0819712 0.135577
0 0.276765 0.817428 0.410897 0.0401442 0.0679487
0 0.301598 0.673918 0.335577 0.0435096 0.0826923
0 0.316724 0.663582 0.438462 0.0415865 0.098718
0 0.318691 0.732933 0.691827 0.160577 0.349038
0 0.348165 0.238341 0.671154 0.0723558 0.0788462
0 0.349542 0.63101 0.90609 0.0370192 0.0724359
0 0.352882 0.90613 0.623718 0.0617788 0.0692308
0 0.422409 0.300841 0.0235577 0.0257212 0.0471154
0 0.438583 0.268269 0.539583 0.0495192 0.0650641
0 0.439819 0.422356 0.354968 0.0336538 0.0810897
0 0.44376 0.134135 0.620353 0.0629808 0.0951923
0 0.482246 0.279567 0.557372 0.0230769 0.049359
0 0.510864 0.591226 0.488782 0.0555288 0.0576923
0 0.525777 0.545673 0.0419872 0.0288462 0.0423077
0 0.528322 0.132812 0.424038 0.0377404 0.0602564
0 0.555577 0.804327 0.342308 0.0778846 0.0762821
0 0.587068 0.395553 0.412179 0.0675481 0.0730769
0 0.593989 0.299639 0.320994 0.084375 0.0682692
0 0.648597 0.612139 0.394071 0.0641827 0.0567308
0 0.685883 0.536538 0.463782 0.0605769 0.113462
0 0.745883 0.336178 0.449519 0.0819712 0.0971154
