0 0.0324374 0.654567 0.0129808 0.0442308 0.0240385
0 0.0326596 0.334375 0.147436 0.0245192 0.0339744
0 0.035614 0.655649 0.0294872 0.0459135 0.0429487
0 0.0377089 0.222236 0.0213141 0.040625 0.0400641
0 0.0380639 0.520433 0.589904 0.0591346 0.0753205
0 0.0381959 0.830409 0.0238782 0.0612981 0.0375
0 0.0424122 0.485697 0.395192 0.0271635 0.0282051
0 0.0436316 0.0657452 0.0741987 0.0478365 0.0894231
0 0.0442608 0.484736 0.314423 0.0329327 0.0371795
0 0.0452129 0.533053 0.896154 0.0358173 0.0358974
0 0.0452857 0.537019 0.267788 0.0490385 0.0516026
0 0.0458501 0.480168 0.33125 0.0737981 0.0682692
0 0.0463144 0.584255 0.0508013 0.065625 0.0727564
0 0.0468264 0.289543 0.421314 0.0387019 0.0541667
0 0.0478916 0.319471 0.0232372 0.0394231 0.0464744
0 0.048329 0.560337 0.325481 0.0355769 0.0464744
0 0.0501494 0.347476 0.407212 0.0439904 0.0689103
0 0.0521453 0.355409 0.377564 0.0314904 0.0474359
0 0.0599057 0.31226 0.153205 0.0375 0.0570513
0 0.0613952 0.969471 0.525481 0.0509615 0.0714744
0 0.0623147 0.985937 0.549679 0.0252404 0.132692
0 0.0624838 0.661298 0.0533654 0.0278846 0.061859
0 0.0655742 0.701563 0.0246795 0.0627404 0.049359
0 0.0665122 0.432212 0.0137821 0.0456731 0.0275641
0 0.0707497 0.220673 0.447756 0.0399038 0.0519231
0 0.0730962 0.549399 0.057532 0.0502404 0.0817308
0 0.0743291 0.954928 0.537981 0.0353365 0.0483974
0 0.0758841 0.948558 0.429006 0.0427885 0.0483974
0 0.0848013 0.615024 0.0496795 0.084375 0.0801282
0 0.0868565 0.0932692 0.073718 0.115385 0.116026
0 0.0871797 0.0792067 0.234135 0.0463942 0.0785256
0 0.0885062 0.66887 0.0389423 0.0507212 0.0733974
0 0.0912808 0.329688 0.406731 0.0526442 0.0641026
0 0.0943636 0.230769 0.0570513 0.0514423 0.0929487
0 0.0947197 0.967909 0.961538 0.0641827 0.0769231
0 0.106171 0.391827 0.331891 0.0322115 0.0407051
0 0.116093 0.0414663 0.941827 0.0819712 0.114423
0 0.118309 0.180529 0.369391 0.0379808 0.0740385
0 0.128566 0.419351 0.194712 0.0300481 0.0580128
0 0.131 0.535817 0.572115 0.0514423 0.0576923
0 0.131847 0.571635 0.334615 0.0413462 0.0730769
0 0.140848 0.0216346 0.211378 0.0418269 0.127244
0 0.143223 0.577404 0.338141 0.0264423 0.0461538
0 0.144385 0.0393029 0.0217949 0.0463942 0.0435897
0 0.146256 0.649279 0.287179 0.0379808 0.0724359
0 0.151536 0.319712 0.225641 0.0639423 0.0724359
0 0.178388 0.986418 0.612981 0.0252404 0.113141
0 0.179152 0.316947 0.403686 0.0286058 0.0471154
0 0.20233 0.368029 0.621154 0.04375 0.0858974
0 0.215531 0.309976 0.404327 0.0483173 0.063141
0 0.222429 0.0188702 0.0201923 0.0377404 0.0403846
0 0.289826 0.559255 0.0479167 0.034375 0.0554487
0 0.31693 0.364303 0.405128 0.0444712 0.0679487
0 0.318609 0.504567 0.423077 0.0543269 0.0852564
0 0.328104 0.526923 0.0828526 0.0302885 0.0753205
0 0.32962 0.68137 0.0240385 0.0435096 0.0467949
0 0.332697 0.478245 0.0488782 0.0444712 0.0945513
0 0.335261 0.645072 0.0517628 0.040625 0.0701923
0 0.368667 0.135096 0.232853 0.0394231 0.0785256
0 0.399825 0.522716 0.155929 0.0560096 0.0977564
0 0.439921 0.548558 0.5625 0.0442308 0.0564103
0 0.443057 0.608293 0.214263 0.0223558 0.0554487
0 0.459822 0.501683 0.303686 0.0495192 0.0464744
0 0.583398 0.604567 0.0530449 0.0394231 0.0714744
0 0.61238 0.448438 0.350481 0.0622596 0.0637821
