0 0.0300926 0.250361 0.0419872 0.0324519 0.0442308
0 0.0315737 0.773077 0.433654 0.0394231 0.073718
0 0.0319153 0.287861 0.347436 0.0127404 0.0237179
0 0.0333275 0.304087 0.0549679 0.0961538 0.0836538
0 0.0365572 0.576563 0.601282 0.0252404 0.0532051
0 0.0377442 0.600481 0.0216346 0.0221154 0.0394231
0 0.0381733 0.0173077 0.115545 0.0278846 0.0926282
0 0.0425543 0.115505 0.496314 0.0521635 0.0554487
0 0.0431161 0.466947 0.604487 0.0415865 0.0301282
0 0.0439806 0.326082 0.113782 0.0151442 0.0461538
0 0.0471768 0.517668 0.442308 0.0228365 0.0320513
0 0.0500683 0.584135 0.247115 0.0326923 0.0474359
0 0.0504852 0.282572 0.0165064 0.0300481 0.0246795
0 0.0506746 0.300962 0.0546474 0.0230769 0.0451923
0 0.0581473 0.604567 0.0495192 0.03125 0.0945513
0 0.0584624 0.494832 0.086859 0.0550481 0.0602564
0 0.0607688 0.524279 0.399679 0.0254808 0.0307692
0 0.0609341 0.286659 0.0274038 0.0353365 0.0464744
0 0.0662636 0.602284 0.252564 0.021875 0.0339744
0 0.069121 0.277764 0.170513 0.0165865 0.0397436
0 0.0743846 0.29375 0.0482372 0.0379808 0.0644231
0 0.074482 0.209255 0.280929 0.028125 0.0349359
0 0.0786187 0.227524 0.254968 0.0492788 0.063141
0 0.0801047 0.253846 0.961859 0.0475962 0.0673077
0 0.0834761 0.419351 0.551442 0.0146635 0.036859
0 0.0879515 0.0173077 0.01875 0.0346154 0.0375
0 0.0890038 0.467788 0.228686 0.0389423 0.0625
0 0.0980318 0.151202 0.464103 0.0341346 0.050641
0 0.107038 0.223317 0.0514423 0.0201923 0.0323718
0 0.117013 0.571154 0.488622 0.0230769 0.0580128
0 0.122065 0.175721 0.492147 0.0307692 0.100962
0 0.131664 0.234495 0.321314 0.0170673 0.0259615
0 0.169581 0.527885 0.0572115 0.0201923 0.0625
0 0.172024 0.584736 0.607692 0.0180288 0.0467949
0 0.172099 0.578125 0.800962 0.0480769 0.0647436
0 0.173244 0.576322 0.245673 0.0209135 0.0323718
0 0.176031 0.458293 0.239423 0.0362981 0.0371795
0 0.180185 0.570553 0.459455 0.0295673 0.105449
0 0.222666 0.181971 0.507532 0.0216346 0.0573718
0 0.22678 0.360216 0.392949 0.0194712 0.0346154
0 0.232453 0.439784 0.534615 0.0305288 0.0788462
0 0.233403 0.319471 0.108494 0.0278846 0.0458333
0 0.246065 0.987139 0.319391 0.0242788 0.0785256
0 0.259869 0.595793 0.253846 0.0367788 0.0461538
0 0.285682 0.155889 0.167788 0.0305288 0.0407051
0 0.286962 0.246274 0.187821 0.0180288 0.0384615
0 0.301134 0.157091 0.481571 0.0569712 0.0919872
0 0.341219 0.277644 0.0432692 0.0471154 0.0698718
0 0.367959 0.352163 0.0738782 0.0509615 0.0753205
0 0.370108 0.264784 0.0483974 0.0295673 0.049359
0 0.411084 0.162861 0.249359 0.0257212 0.0711538
0 0.542571 0.129688 0.493269 0.0795673 0.0807692
0 0.565107 0.743269 0.371795 0.0475962 0.0589744
0 0.578561 0.18762 0.0453526 0.0492788 0.0599359
0 0.587938 0.400361 0.0416667 0.046875 0.0589744
0 0.623883 0.300721 0.509615 0.0283654 0.0730769
0 0.660975 0.200841 0.350962 0.0454327 0.0589744
