0 0.0320313 0.976659 0.950103 0.0466821 0.0936214
0 0.0323318 0.795332 0.436986 0.0258488 0.0622428
0 0.0345232 0.280286 0.590792 0.0528549 0.0643004
0 0.0350185 0.733989 0.975823 0.0675154 0.0442387
0 0.0396235 0.612461 0.330761 0.023534 0.0236626
0 0.0433911 0.834491 0.979424 0.0810185 0.0401235
0 0.0440313 0.651427 0.658693 0.0374228 0.0488683
0 0.045363 0.0455247 0.0228909 0.0810185 0.0426955
0 0.0531889 0.599151 0.87963 0.0246914 0.0349794
0 0.0656134 0.816744 0.410751 0.0578704 0.0787037
0 0.108989 0.874035 0.41178 0.0613426 0.0601852
0 0.132157 0.50598 0.679012 0.0219907 0.0380658
0 0.231206 0.657215 0.43287 0.0266204 0.0385802
0 0.237053 0.611111 0.387346 0.0532407 0.0493827
