0 0.0306899 0.526042 0.397634 0.0258488 0.0298354
0 0.0372149 0.83179 0.210391 0.0324074 0.0545267
0 0.0376146 0.334491 0.98534 0.0570988 0.024177
0 0.0410134 0.241512 0.603652 0.0216049 0.0375514
0 0.0482385 0.3125 0.681327 0.0216049 0.0468107
0 0.0505224 0.25 0.0141461 0.033179 0.0221193
0 0.0517393 0.492863 0.449074 0.0289352 0.0390946
0 0.0668513 0.794753 0.399177 0.0285494 0.0421811
0 0.0718065 0.0135031 0.41178 0.025463 0.0807613
0 0.0749612 0.426312 0.445216 0.0208333 0.0488683
0 0.0789855 0.349537 0.209619 0.0231481 0.0375514
0 0.0984534 0.307292 0.718621 0.023534 0.0329218
0 0.100934 0.394676 0.367284 0.0231481 0.0246914
0 0.107171 0.500772 0.458848 0.0478395 0.0452675
0 0.11429 0.356096 0.790381 0.0277778 0.0478395
0 0.14205 0.19811 0.593107 0.0358796 0.0277778
0 0.155548 0.798418 0.723251 0.0428241 0.0390946
0 0.168159 0.206019 0.677469 0.0216049 0.0288066
0 0.284483 0.433835 0.441872 0.0420525 0.0524691
