0 0.0303594 0.117863 0.569187 0.0227623 0.0354938
0 0.0321999 0.522184 0.0123457 0.0196759 0.0236626
0 0.0330435 0.644483 0.571245 0.0628858 0.0715021
0 0.0336902 0.607832 0.593621 0.0381944 0.0555556
0 0.0339692 0.651427 0.425926 0.0297068 0.0565844
0 0.0352435 0.101659 0.533179 0.0181327 0.0303498
0 0.0354728 0.389661 0.156893 0.0216049 0.0380658
0 0.0356322 0.958333 0.561728 0.0439815 0.0442387
0 0.035943 0.824267 0.42644 0.0381944 0.0411523
0 0.038389 0.186535 0.30144 0.0289352 0.0411523
0 0.0384845 0.615741 0.577675 0.0285494 0.0308642
0 0.0396695 0.987269 0.402006 0.0246914 0.0478395
0 0.042043 0.920718 0.843107 0.0690586 0.0493827
0 0.0425835 0.952739 0.980453 0.0945216 0.0390946
0 0.0426823 0.0966435 0.209619 0.0304784 0.0704733
0 0.0430881 0.832369 0.464249 0.0304784 0.0334362
0 0.0466588 0.478974 0.729681 0.0250772 0.0313786
0 0.0512352 0.294946 0.0784465 0.0428241 0.061214
0 0.0515697 0.279707 0.638117 0.0378086 0.0488683
0 0.0520222 0.12365 0.404321 0.0227623 0.0329218
0 0.0535689 0.846836 0.677212 0.0339506 0.0498971
0 0.057536 0.971065 0.560185 0.0578704 0.0679012
0 0.0587916 0.390625 0.172068 0.0281636 0.0622428
0 0.0750629 0.493441 0.506944 0.0223765 0.0622428
0 0.084616 0.940586 0.855453 0.0516975 0.0504115
0 0.0872014 0.29321 0.62963 0.037037 0.0493827
0 0.0940473 0.141782 0.630144 0.0304784 0.0483539
0 0.106361 0.893326 0.811728 0.0790895 0.0823045
0 0.109026 0.974151 0.538323 0.0516975 0.0581276
0 0.127468 0.429205 0.393004 0.0212191 0.0483539
0 0.129177 0.666474 0.28678 0.0459105 0.0375514
0 0.129825 0.597222 0.613426 0.0285494 0.0776749
0 0.135119 0.370949 0.965792 0.0289352 0.066358
0 0.137739 0.43615 0.407922 0.0335648 0.06893
0 0.13846 0.514853 0.575617 0.0266204 0.0421811
0 0.146489 0.606867 0.429012 0.0393519 0.138889
0 0.147216 0.38233 0.199331 0.0308642 0.0591564
0 0.18217 0.986497 0.76106 0.0270062 0.0694444
0 0.2096 0.802276 0.506687 0.0528549 0.0596708
0 0.27514 0.115741 0.579733 0.0239198 0.026749
0 0.279398 0.970293 0.581276 0.0509259 0.0534979
0 0.366141 0.444252 0.41821 0.03125 0.0473251
0 0.433275 0.387153 0.0228909 0.0304784 0.0406379
