0 0.0305584 0.81115 0.377829 0.0343364 0.0365226
0 0.0316559 0.0395448 0.445988 0.0289352 0.037037
0 0.0322502 0.445409 0.0113169 0.0667438 0.0226337
0 0.0330437 0.20544 0.987654 0.0266204 0.0205761
0 0.0354724 0.0304784 0.45679 0.0354938 0.037037
0 0.0372487 0.635224 0.278292 0.0343364 0.0576132
0 0.037847 0.165702 0.981224 0.0628858 0.0375514
0 0.037853 0.309799 0.0339506 0.0200617 0.0246914
0 0.0384851 0.0958719 0.264403 0.0250772 0.0236626
0 0.0411662 0.440008 0.163837 0.0358796 0.0581276
0 0.0438858 0.1549 0.595422 0.0659722 0.0540123
0 0.0441961 0.159336 0.987912 0.0432099 0.0231481
0 0.0519176 0.790509 0.337449 0.0231481 0.0380658
0 0.0553347 0.358218 0.0385802 0.0196759 0.0246914
0 0.0565047 0.183256 0.264146 0.0154321 0.029321
0 0.0594256 0.205826 0.798868 0.027392 0.037037
0 0.0599353 0.0505401 0.320216 0.0416667 0.0437243
0 0.063645 0.630208 0.0529835 0.0358796 0.0390946
0 0.0691339 0.179398 0.986883 0.066358 0.0221193
0 0.0717162 0.640432 0.0483539 0.0462963 0.0534979
0 0.0921015 0.406057 0.140432 0.0466821 0.0545267
0 0.0941058 0.472994 0.985082 0.0300926 0.0246914
0 0.0963811 0.613233 0.143519 0.0266204 0.037037
0 0.110726 0.0102238 0.111883 0.0173611 0.0426955
0 0.140863 0.671296 0.0360082 0.037037 0.0329218
0 0.14706 0.220486 0.43287 0.0335648 0.0509259
0 0.148085 0.524498 0.868056 0.0374228 0.0509259
0 0.159724 0.0291281 0.345422 0.0266204 0.0252058
0 0.17593 0.0532407 0.309928 0.0316358 0.034465
0 0.176777 0.23804 0.842078 0.0200617 0.0349794
0 0.179253 0.159529 0.503858 0.0713735 0.066358
0 0.191698 0.188657 0.349023 0.0277778 0.0272634
0 0.197191 0.582755 0.709105 0.027392 0.0365226
0 0.198585 0.657215 0.0416667 0.0621142 0.0452675
0 0.227427 0.158179 0.231224 0.0246914 0.0334362
0 0.230603 0.514853 0.090535 0.0266204 0.0411523
0 0.300794 0.156443 0.418724 0.0243056 0.0349794
0 0.317459 0.421682 0.144547 0.0308642 0.0432099
0 0.344902 0.596258 0.278035 0.0289352 0.0643004
0 0.449362 0.384645 0.125514 0.0385802 0.0483539
0 0.560508 0.191358 0.899177 0.0486111 0.0483539
