0 0.0329434 0.054784 0.23894 0.0432099 0.0447531
0 0.0331072 0.559028 0.0141461 0.0493827 0.0262346
0 0.0345349 0.308063 0.433385 0.0219907 0.0375514
0 0.0363508 0.919367 0.284465 0.0848765 0.0534979
0 0.0445415 0.656057 0.0799897 0.068287 0.0396091
0 0.047974 0.579475 0.403549 0.0285494 0.0272634
0 0.0480976 0.800926 0.126029 0.0270062 0.0411523
0 0.049742 0.0283565 0.661523 0.0474537 0.0833333
0 0.0546371 0.0476466 0.550669 0.0860339 0.0643004
0 0.0741962 0.374228 0.592593 0.0154321 0.026749
0 0.101782 0.898534 0.273405 0.0532407 0.0601852
0 0.113707 0.730903 0.615484 0.0258488 0.0272634
0 0.250612 0.78723 0.355967 0.038966 0.0452675
0 0.253575 0.490162 0.25463 0.0320216 0.0401235
0 0.260747 0.45544 0.0990226 0.0250772 0.0601852
0 0.262852 0.278356 0.423611 0.0281636 0.0426955
0 0.266211 0.221065 0.473251 0.029321 0.0534979
