0 0.0308657 0.791088 0.502058 0.0366512 0.0277778
0 0.0309156 0.825424 0.436471 0.0327932 0.0622428
0 0.0342025 0.346451 0.507202 0.0447531 0.0565844
0 0.0356634 0.264468 0.417953 0.0212191 0.0313786
0 0.0362864 0.674961 0.238426 0.0250772 0.034465
0 0.0386993 0.850116 0.505401 0.0559414 0.0457819
0 0.0388583 0.460455 0.192387 0.027392 0.0493827
0 0.0390686 0.344907 0.526235 0.0246914 0.0390946
0 0.03923 0.859375 0.494599 0.0451389 0.0416667
0 0.04224 0.849923 0.457305 0.0524691 0.0483539
0 0.045881 0.344329 0.545525 0.0227623 0.034465
0 0.052033 0.233796 0.967593 0.0987654 0.0596708
0 0.0554805 0.11767 0.0655864 0.0262346 0.034465
0 0.0567328 0.467786 0.198817 0.0219907 0.029321
0 0.061411 0.0144676 0.897891 0.0289352 0.0529835
0 0.0661695 0.135031 0.605195 0.0169753 0.0426955
0 0.0682187 0.875 0.461934 0.0385802 0.0401235
0 0.0683669 0.231096 0.463992 0.0378086 0.0432099
0 0.068605 0.837191 0.47608 0.0385802 0.066358
0 0.0700276 0.871142 0.476595 0.0362654 0.0437243
0 0.0741067 0.815008 0.406636 0.0281636 0.0282922
0 0.0827333 0.555556 0.902263 0.0339506 0.0329218
0 0.10689 0.291088 0.227109 0.027392 0.0252058
0 0.111425 0.677469 0.390947 0.0339506 0.0298354
0 0.113162 0.0119599 0.210134 0.0223765 0.0550412
0 0.119245 0.472222 0.446502 0.0324074 0.031893
0 0.122798 0.859954 0.189815 0.0324074 0.0514403
0 0.183969 0.457755 0.182613 0.0150463 0.0288066
0 0.212046 0.147955 0.151492 0.0381944 0.0457819
0 0.216137 0.830633 0.0609568 0.0324074 0.0509259
0 0.23224 0.0204475 0.563272 0.037037 0.0699589
0 0.233355 0.421103 0.4393 0.0243056 0.0288066
0 0.244277 0.830633 0.518776 0.0486111 0.0354938
0 0.245324 0.83912 0.453447 0.0316358 0.0282922
0 0.278141 0.170525 0.100566 0.0324074 0.0478395
0 0.291814 0.945023 0.275206 0.0381944 0.0390946
0 0.333715 0.091821 0.596965 0.0378086 0.0581276
0 0.437585 0.325617 0.183642 0.0339506 0.0360082
0 0.471278 0.120756 0.0172325 0.0524691 0.034465
