0 0.0302302 0.360918 0.673097 0.0212191 0.0334362
0 0.0303295 0.314043 0.389661 0.0347222 0.0313786
0 0.0306378 0.210841 0.588735 0.0258488 0.034465
0 0.031324 0.291281 0.115741 0.0108025 0.0329218
0 0.0326609 0.410494 0.177212 0.0262346 0.0385802
0 0.0328932 0.210841 0.573817 0.03125 0.0570988
0 0.0329269 0.82311 0.353395 0.0258488 0.0349794
0 0.0329782 0.651042 0.128344 0.0119599 0.029321
0 0.034222 0.104938 0.480967 0.0617284 0.0462963
0 0.0371001 0.141011 0.386831 0.0536265 0.0555556
0 0.0373127 0.189043 0.0797325 0.0208333 0.0442387
0 0.0373435 0.345679 0.305298 0.0416667 0.0581276
0 0.0374578 0.0123457 0.311728 0.0239198 0.0679012
0 0.0391172 0.54784 0.971965 0.0362654 0.0488683
0 0.0394748 0.222801 0.117541 0.0297068 0.0540123
0 0.0396002 0.14159 0.347994 0.0354938 0.0591564
0 0.0402611 0.273534 0.142747 0.0200617 0.029321
0 0.0417561 0.304398 0.323302 0.0270062 0.0725309
0 0.0428822 0.277778 0.350051 0.025463 0.0221193
0 0.0455055 0.419946 0.186214 0.0250772 0.0349794
0 0.0455423 0.568673 0.688529 0.0262346 0.0354938
0 0.0456898 0.291281 0.382716 0.029321 0.0277778
0 0.0460323 0.293789 0.209105 0.0219907 0.0365226
0 0.0467209 0.374807 0.375 0.0258488 0.037037
0 0.0469459 0.550733 0.442901 0.0343364 0.0257202
0 0.0471196 0.165123 0.201132 0.0216049 0.0246914
0 0.0471333 0.083912 0.202675 0.0227623 0.0236626
0 0.051477 0.330826 0.457562 0.0505401 0.0447531
0 0.0518055 0.732446 0.737912 0.0451389 0.0447531
0 0.0518886 0.0295139 0.211677 0.0513117 0.0509259
0 0.0545637 0.303048 0.394033 0.0405093 0.0308642
0 0.0548217 0.321759 0.468107 0.0354938 0.0473251
0 0.0549591 0.0866127 0.484825 0.0366512 0.0385802
0 0.0550963 0.222801 0.404321 0.0127315 0.0257202
0 0.0554156 0.317708 0.452675 0.0250772 0.026749
0 0.0554753 0.549383 0.786523 0.029321 0.0401235
0 0.0555819 0.580826 0.109568 0.0212191 0.0349794
0 0.0563678 0.400463 0.589506 0.0393519 0.0329218
0 0.0569443 0.146412 0.461934 0.03125 0.0236626
0 0.0587828 0.511574 0.842078 0.0185185 0.0277778
0 0.0589174 0.379437 0.272634 0.0258488 0.0246914
0 0.0603932 0.516204 0.959105 0.033179 0.0447531
0 0.0610322 0.329861 0.917181 0.029321 0.06893
0 0.0620991 0.48804 0.711677 0.0169753 0.034465
0 0.0650412 0.209877 0.124743 0.0270062 0.0396091
0 0.0656194 0.371721 0.553755 0.0304784 0.0334362
0 0.066476 0.18885 0.371914 0.0327932 0.0339506
0 0.0673725 0.26794 0.0648148 0.0196759 0.0442387
0 0.0702916 0.334491 0.460648 0.0285494 0.029321
0 0.0720387 0.197917 0.432356 0.0239198 0.0262346
0 0.0722101 0.334105 0.0655864 0.0154321 0.029321
0 0.0768696 0.605517 0.694702 0.0289352 0.0354938
0 0.0778041 0.209684 0.552726 0.0304784 0.0365226
0 0.0842823 0.303627 0.293467 0.0308642 0.0354938
0 0.0843322 0.358603 0.448817 0.0189043 0.0313786
0 0.0845791 0.24865 0.902778 0.0366512 0.0493827
0 0.0895189 0.139275 0.338477 0.0270062 0.0339506
0 0.0919076 0.185957 0.0920782 0.0177469 0.0277778
0 0.0942577 0.432677 0.36214 0.0189043 0.0277778
0 0.101474 0.326968 0.239969 0.027392 0.0324074
0 0.105863 0.397955 0.260288 0.0250772 0.0257202
0 0.113385 0.0461034 0.415638 0.0690586 0.0534979
0 0.115615 0.288002 0.758488 0.0266204 0.0478395
0 0.120187 0.260802 0.392747 0.0378086 0.0478395
0 0.120762 0.329282 0.335905 0.0320216 0.0298354
0 0.12108 0.304784 0.0697016 0.0246914 0.029321
0 0.127065 0.19811 0.0113169 0.0466821 0.0226337
0 0.130833 0.1576 0.372685 0.027392 0.0416667
0 0.137201 0.284529 0.353909 0.0343364 0.0452675
0 0.141947 0.291281 0.39429 0.0277778 0.0272634
0 0.165479 0.346451 0.459362 0.0262346 0.0308642
0 0.193581 0.262731 0.183899 0.0216049 0.029321
0 0.239517 0.228781 0.134002 0.0262346 0.0509259
0 0.251062 0.0615355 0.424126 0.0320216 0.0365226
0 0.254792 0.201968 0.182613 0.023534 0.0380658
0 0.283513 0.353202 0.299126 0.0304784 0.034465
0 0.309541 0.267747 0.359825 0.0316358 0.0282922
0 0.346682 0.533179 0.967593 0.0470679 0.0524691
0 0.36005 0.314429 0.462449 0.0246914 0.0308642
0 0.370725 0.122106 0.409979 0.0358796 0.0308642
0 0.401715 0.29321 0.281893 0.0208333 0.0298354
0 0.418094 0.298804 0.344907 0.0165895 0.0365226
0 0.436112 0.359182 0.391204 0.0316358 0.0406379
0 0.500725 0.585648 0.927984 0.0223765 0.0833333
0 0.525472 0.256173 0.410751 0.0239198 0.0262346
0 0.602973 0.315201 0.21785 0.0555556 0.0704733
