0 0.0366177 0.561535 0.797582 0.0173611 0.0262346
0 0.0379068 0.274113 0.193416 0.0266204 0.0432099
0 0.0381739 0.222994 0.688786 0.0270062 0.0627572
0 0.0428919 0.0216049 0.521348 0.0416667 0.0550412
0 0.0598782 0.50135 0.363426 0.0443673 0.0406379
0 0.0607653 0.189622 0.190072 0.0227623 0.034465
0 0.0675225 0.518904 0.811986 0.0347222 0.0478395
0 0.0698301 0.728202 0.732253 0.0227623 0.0324074
0 0.07079 0.687886 0.761831 0.0162037 0.0288066
0 0.0763075 0.582562 0.524434 0.0362654 0.0282922
0 0.0797475 0.402778 0.0511831 0.0486111 0.0478395
0 0.0819312 0.75733 0.679784 0.0308642 0.0334362
0 0.0863971 0.449267 0.460391 0.0335648 0.0329218
0 0.159037 0.75463 0.450874 0.0223765 0.0426955
0 0.187853 0.517361 0.59928 0.0216049 0.0462963
0 0.212646 0.693866 0.516204 0.0412809 0.0385802
0 0.215014 0.193094 0.311471 0.0250772 0.0385802
0 0.24944 0.543017 0.1893 0.0289352 0.0390946
