0 0.0319677 0.155093 0.440072 0.037037 0.0313786
0 0.0329132 0.358796 0.777263 0.0162037 0.0401235
0 0.0337867 0.368056 0.768004 0.0300926 0.0699589
0 0.0347869 0.612461 0.434414 0.0181327 0.0385802
0 0.0359761 0.607639 0.800926 0.0632716 0.0555556
0 0.0401215 0.440394 0.569702 0.0158179 0.0406379
0 0.0432348 0.650463 0.094393 0.0339506 0.029321
0 0.0459879 0.291088 0.412551 0.027392 0.0277778
0 0.055337 0.413966 0.476337 0.0216049 0.031893
0 0.0559646 0.659144 0.552726 0.0173611 0.0272634
0 0.0570475 0.419946 0.743827 0.0135031 0.0329218
0 0.0573484 0.27392 0.520319 0.0393519 0.0601852
0 0.0590611 0.365355 0.734311 0.0177469 0.0272634
0 0.061752 0.625 0.452932 0.0208333 0.029321
0 0.0775343 0.618056 0.441872 0.029321 0.0462963
0 0.0983541 0.63233 0.496399 0.0231481 0.0288066
0 0.111626 0.214892 0.138117 0.0439815 0.0426955
0 0.169917 0.402585 0.771862 0.0489969 0.0365226
0 0.176038 0.416088 0.766461 0.023534 0.031893
0 0.269069 0.436343 0.579733 0.0138889 0.0401235
0 0.535845 0.381752 0.774434 0.0335648 0.0365226
