0 0.0313592 0.317708 0.389661 0.0243056 0.0396091
0 0.0340458 0.19811 0.211677 0.0266204 0.034465
0 0.0395725 0.519869 0.576903 0.03125 0.0622428
0 0.0410451 0.513117 0.556842 0.025463 0.0396091
0 0.0528292 0.235532 0.654321 0.035108 0.0545267
0 0.0538549 0.572531 0.588992 0.0146605 0.0401235
0 0.0729405 0.614005 0.642747 0.0289352 0.0396091
0 0.0739021 0.527971 0.59285 0.023534 0.0354938
0 0.0884852 0.782793 0.983282 0.0393519 0.0334362
0 0.0971772 0.150077 0.761574 0.095679 0.117798
0 0.112855 0.558063 0.525206 0.0219907 0.0288066
0 0.130239 0.731867 0.986625 0.0563272 0.0257202
0 0.298236 0.777585 0.972479 0.0405093 0.0437243
0 0.319828 0.245177 0.646605 0.0165895 0.0452675
0 0.531219 0.217593 0.648148 0.0270062 0.0411523
0 0.678877 0.515432 0.675926 0.0354938 0.0421811
