0 0.030796 0.420125 0.542 0.03125 0.0553333
0 0.0349756 0.393375 0.701333 0.03075 0.038
0 0.0413445 0.552125 0.798333 0.09525 0.126667
0 0.0505424 0.30775 0.9705 0.1095 0.059
0 0.0609509 0.68125 0.193833 0.017 0.039
0 0.0612286 0.41375 0.339167 0.0515 0.101
0 0.0626652 0.33775 0.980333 0.074 0.0393333
0 0.0635746 0.611125 0.516667 0.02825 0.0786667
0 0.0823672 0.140125 0.330333 0.01775 0.0286667
0 0.0945812 0.66375 0.221333 0.033 0.0613333
0 0.104803 0.822875 0.257333 0.03325 0.0613333
0 0.108648 0.806125 0.0633333 0.16575 0.114667
0 0.110211 0.53475 0.7595 0.048 0.0676667
0 0.112848 0.580125 0.7735 0.07225 0.087
0 0.117333 0.732 0.163333 0.021 0.052
0 0.118106 0.696375 0.635667 0.07875 0.0873333
0 0.185797 0.42025 0.532833 0.018 0.043
0 0.19175 0.493625 0.768667 0.02575 0.0693333
0 0.204802 0.489625 0.986833 0.04425 0.0263333
0 0.217216 0.63 0.6285 0.058 0.125
0 0.245319 0.44775 0.683167 0.068 0.101667
0 0.257027 0.43475 0.486 0.032 0.0593333
0 0.345723 0.314875 0.09 0.01825 0.0593333
0 0.372449 0.68725 0.240333 0.049 0.0906667
0 0.386571 0.66075 0.696833 0.048 0.0683333
0 0.41087 0.6575 0.211333 0.023 0.0446667
0 0.48415 0.6345 0.784833 0.059 0.0523333
0 0.505112 0.468125 0.656333 0.05375 0.100667
0 0.523777 0.294 0.0343333 0.0105 0.038
0 0.560642 0.662375 0.640333 0.13975 0.166667
0 0.571385 0.276875 0.964 0.06625 0.072
0 0.572428 0.501125 0.536333 0.03175 0.0753333
0 0.611992 0.415625 0.594833 0.06025 0.0903333
0 0.634694 0.57825 0.240333 0.063 0.0973333
0 0.636199 0.97875 0.3805 0.0425 0.097
0 0.638183 0.433125 0.692833 0.04125 0.0763333
0 0.659154 0.4065 0.377167 0.0625 0.173
0 0.665026 0.762625 0.333833 0.04025 0.067
0 0.678754 0.507625 0.2925 0.05325 0.0716667
0 0.680805 0.59775 0.4145 0.019 0.0483333
0 0.682274 0.38575 0.427167 0.0475 0.0903333
0 0.697944 0.449625 0.306167 0.02325 0.0803333
0 0.721538 0.592625 0.3185 0.03725 0.0743333
0 0.737501 0.534625 0.191833 0.03925 0.081
0 0.748413 0.715625 0.435333 0.03075 0.0646667
0 0.754283 0.38075 0.261167 0.047 0.0743333
0 0.760841 0.52725 0.8775 0.07 0.137
0 0.76408 0.97375 0.512 0.0515 0.0946667
0 0.783195 0.565375 0.560667 0.08175 0.162667
0 0.843817 0.2915 0.4625 0.0675 0.104333
0 0.848086 0.33425 0.314833 0.078 0.099
