0 0.0300667 0.525875 0.616833 0.04675 0.0496667
0 0.0304497 0.753375 0.0528333 0.02425 0.0283333
0 0.0305255 0.530375 0.149833 0.01075 0.0436667
0 0.0306009 0.764125 0.479333 0.03225 0.0293333
0 0.0306381 0.48825 0.442833 0.0265 0.0263333
0 0.0313146 0.511 0.701667 0.048 0.058
0 0.0319057 0.4455 0.665 0.0455 0.0386667
0 0.0320568 0.957375 0.503 0.04525 0.046
0 0.0321218 0.849375 0.4305 0.02425 0.029
0 0.0337474 0.246 0.91 0.03 0.0586667
0 0.0338353 0.130375 0.816333 0.07025 0.0733333
0 0.0343653 0.98025 0.3105 0.0325 0.0376667
0 0.0346213 0.688 0.3475 0.0405 0.0423333
0 0.0347087 0.27075 0.1945 0.0215 0.0356667
0 0.0349566 0.78375 0.498667 0.0385 0.03
0 0.0353315 0.863625 0.624667 0.04825 0.052
0 0.0356558 0.213875 0.0198333 0.03875 0.0376667
0 0.0357295 0.315625 0.1265 0.02075 0.055
0 0.0357433 0.618625 0.332167 0.01775 0.0296667
0 0.0361908 0.980125 0.390333 0.03775 0.0413333
0 0.0366204 0.990375 0.0956667 0.01925 0.0513333
0 0.0368246 0.978 0.326167 0.0325 0.037
0 0.0380386 0.394375 0.0495 0.03125 0.027
0 0.0382766 0.976625 0.595667 0.04375 0.0486667
0 0.0386543 0.4425 0.888167 0.0795 0.0563333
0 0.0387706 0.40925 0.447833 0.0495 0.0423333
0 0.0390017 0.30975 0.134833 0.0295 0.0343333
0 0.0392552 0.10675 0.811167 0.0225 0.0603333
0 0.0394344 0.600625 0.670333 0.03625 0.028
