0 0.0301544 0.592125 0.962 0.04775 0.058
0 0.0301849 0.5515 0.852667 0.0495 0.0386667
0 0.0302932 0.36075 0.446667 0.058 0.0506667
0 0.0304575 0.56475 0.0138333 0.038 0.0223333
0 0.0306752 0.01 0.742167 0.019 0.0603333
0 0.0308454 0.706125 0.279167 0.05925 0.0423333
0 0.0310324 0.678125 0.275 0.02275 0.042
0 0.0315574 0.687375 0.277667 0.04025 0.054
0 0.0315723 0.423 0.745 0.0255 0.0773333
0 0.0315937 0.047375 0.245 0.04375 0.0486667
0 0.0317043 0.063 0.119833 0.0485 0.0516667
0 0.0323989 0.53475 0.9095 0.0285 0.0343333
0 0.032884 0.7165 0.0225 0.037 0.0383333
0 0.0328992 0.02675 0.254833 0.0395 0.0743333
0 0.0333953 0.2145 0.213167 0.0205 0.0216667
0 0.0335931 0.270375 0.253 0.03175 0.0586667
0 0.0336159 0.2155 0.8325 0.0705 0.0876667
0 0.0338466 0.688625 0.5955 0.06675 0.0596667
0 0.0346984 0.537 0.4995 0.03 0.053
0 0.0351151 0.493875 0.905667 0.08275 0.11
0 0.0356058 0.397375 0.234833 0.02775 0.0256667
0 0.035705 0.62325 0.894333 0.0395 0.0353333
0 0.0357898 0.445875 0.350167 0.02975 0.045
0 0.0358327 0.095875 0.588667 0.03625 0.036
0 0.0368174 0.512125 0.691667 0.04225 0.0666667
0 0.0369566 0.444875 0.615167 0.06775 0.0896667
0 0.0372407 0.764625 0.133833 0.01425 0.0363333
0 0.0376561 0.346 0.033 0.0355 0.026
0 0.0377004 0.33 0.289 0.022 0.0326667
0 0.0378051 0.028 0.286833 0.0345 0.0936667
0 0.0381631 0.23825 0.5395 0.0375 0.057
0 0.0386494 0.299375 0.9675 0.03525 0.0643333
0 0.0391575 0.668 0.833833 0.0255 0.0416667
0 0.0397294 0.422125 0.3465 0.02725 0.0563333
0 0.039752 0.626375 0.0646667 0.03025 0.0586667
0 0.0405677 0.511625 0.1045 0.03775 0.033
0 0.0417081 0.777875 0.011 0.04325 0.022
0 0.0417918 0.159125 0.686333 0.05925 0.0313333
0 0.042083 0.66425 0.628833 0.026 0.0336667
0 0.0422946 0.65625 0.857833 0.0405 0.0596667
0 0.0428454 0.267875 0.526 0.02875 0.03
0 0.0432583 0.125125 0.341 0.07125 0.0533333
0 0.0433868 0.334875 0.777333 0.06575 0.04
0 0.0437348 0.50325 0.851167 0.0435 0.0516667
0 0.0441702 0.726125 0.6225 0.04275 0.0376667
0 0.0445015 0.073125 0.6095 0.03175 0.049
0 0.0447137 0.494 0.267167 0.0635 0.071
0 0.0447458 0.299625 0.293167 0.01925 0.0283333
0 0.0449285 0.026 0.887 0.0325 0.0493333
0 0.0457194 0.339375 0.011 0.03325 0.0213333
0 0.0459052 0.302875 0.321333 0.03325 0.0706667
0 0.0460543 0.222125 0.564167 0.02675 0.0236667
0 0.0467081 0.556625 0.0416667 0.03975 0.052
0 0.0473737 0.120625 0.215333 0.06625 0.048
0 0.047413 0.65775 0.373333 0.0385 0.046
0 0.0474429 0.42475 0.727833 0.023 0.0356667
0 0.0481066 0.641 0.609667 0.0365 0.0393333
0 0.048189 0.739125 0.556 0.03625 0.044
0 0.0482625 0.465375 0.919167 0.02625 0.033
0 0.0487921 0.72325 0.0758333 0.021 0.0363333
0 0.0489392 0.118375 0.895333 0.03925 0.0513333
0 0.0503304 0.5155 0.269833 0.035 0.0376667
0 0.0506575 0.7155 0.613167 0.066 0.0463333
0 0.051159 0.24925 0.559167 0.0315 0.0263333
0 0.0515758 0.314 0.979667 0.0405 0.04
0 0.0521625 0.368375 0.432 0.04475 0.0406667
0 0.0524487 0.333875 0.462667 0.04825 0.02
0 0.0527583 0.152 0.816167 0.074 0.0456667
0 0.054086 0.113875 0.594833 0.04825 0.0563333
0 0.0550448 0.34475 0.242167 0.047 0.0636667
0 0.0554516 0.562125 0.463667 0.03875 0.0473333
0 0.0556132 0.058 0.669833 0.0295 0.0336667
0 0.0559082 0.484125 0.0168333 0.04275 0.0276667
0 0.0562237 0.2165 0.576 0.0285 0.0346667
0 0.0571152 0.298625 0.280667 0.04675 0.0493333
0 0.0572893 0.463375 0.929833 0.03725 0.049
0 0.0584606 0.297125 0.117667 0.03775 0.04
0 0.0588674 0.343 0.69 0.036 0.0406667
0 0.0596064 0.211875 0.589333 0.02575 0.044
0 0.0596284 0.2905 0.325333 0.0345 0.0706667
0 0.0598498 0.4955 0.581167 0.043 0.037
0 0.0600707 0.521875 0.924333 0.02525 0.034
0 0.0607113 0.0755 0.351167 0.05 0.0703333
0 0.0607515 0.225 0.5925 0.095 0.053
0 0.0610552 0.038375 0.6115 0.04625 0.0716667
0 0.0620393 0.723625 0.9865 0.03325 0.027
0 0.0620558 0.334875 0.277333 0.02975 0.0553333
0 0.0622371 0.182625 0.794667 0.04625 0.0586667
0 0.0623729 0.010875 0.0895 0.01925 0.037
0 0.0627535 0.5955 0.0383333 0.0335 0.0453333
0 0.0628141 0.238 0.526 0.024 0.032
0 0.0628662 0.646875 0.8635 0.02925 0.0336667
0 0.0632619 0.37725 0.3335 0.0255 0.0303333
0 0.0640453 0.53625 0.51 0.0195 0.0293333
0 0.0641883 0.531625 0.484333 0.06375 0.064
0 0.06605 0.369625 0.806 0.03675 0.04
0 0.0661052 0.0595 0.627167 0.0395 0.069
0 0.066138 0.55725 0.0518333 0.023 0.029
0 0.0662286 0.0575 0.246167 0.025 0.0303333
0 0.0662719 0.179875 0.189667 0.02925 0.036
0 0.0669594 0.255875 0.566333 0.03075 0.0313333
0 0.0683911 0.02225 0.737167 0.0375 0.0423333
0 0.0697096 0.4945 0.764 0.0335 0.062
0 0.0697887 0.4375 0.956667 0.0605 0.076
0 0.0705723 0.18475 0.496333 0.0275 0.044
0 0.0710104 0.385125 0.7545 0.03175 0.0336667
0 0.0736547 0.664 0.377167 0.0245 0.0323333
0 0.073965 0.41375 0.612833 0.032 0.0363333
0 0.0745999 0.289 0.3255 0.03 0.0283333
0 0.0747217 0.434375 0.0381667 0.03125 0.0363333
0 0.0765096 0.170875 0.681667 0.03275 0.032
0 0.0771066 0.527375 0.949333 0.03625 0.0746667
0 0.0772876 0.467125 0.619 0.04225 0.0506667
0 0.0780744 0.765625 0.0131667 0.03225 0.0216667
0 0.082159 0.51275 0.0895 0.0485 0.0456667
0 0.0841888 0.262 0.220667 0.024 0.03
0 0.0850051 0.4935 0.300833 0.0185 0.0363333
0 0.0854782 0.029625 0.226167 0.04375 0.0803333
0 0.0856551 0.629375 0.654833 0.02325 0.033
0 0.0870517 0.05775 0.341833 0.0885 0.103
0 0.0871198 0.509375 0.259667 0.05675 0.048
0 0.0874777 0.4975 0.121667 0.038 0.0513333
0 0.0882867 0.432 0.977833 0.0425 0.0443333
0 0.0900462 0.731 0.4455 0.058 0.047
0 0.0914251 0.13125 0.327833 0.049 0.0443333
0 0.092717 0.324875 0.637667 0.04225 0.0353333
0 0.0928865 0.339625 0.261333 0.02525 0.0226667
0 0.0953083 0.4945 0.072 0.053 0.042
0 0.0957791 0.576125 0.5405 0.02825 0.037
0 0.0977401 0.1945 0.782167 0.0445 0.0663333
0 0.0982924 0.833875 0.470167 0.04175 0.0383333
0 0.103071 0.1255 0.902833 0.032 0.0323333
0 0.10549 0.725125 0.971667 0.03325 0.0553333
0 0.107648 0.427 0.581333 0.0465 0.0446667
0 0.108145 0.423 0.0158333 0.0385 0.0276667
0 0.110573 0.29625 0.342667 0.0275 0.0613333
0 0.113702 0.2875 0.955 0.022 0.034
0 0.114837 0.1755 0.431333 0.033 0.028
0 0.116614 0.44725 0.6455 0.0245 0.0323333
0 0.119926 0.345125 0.4655 0.05875 0.0356667
0 0.1207 0.736 0.458 0.0405 0.044
0 0.121685 0.39925 0.164 0.031 0.0233333
0 0.125563 0.307125 0.100833 0.05425 0.067
0 0.126964 0.578625 0.4405 0.03125 0.0336667
0 0.128988 0.3205 0.088 0.0365 0.066
0 0.131692 0.130375 0.814333 0.04825 0.0426667
0 0.131762 0.632125 0.0753333 0.02475 0.0373333
0 0.135851 0.163 0.672667 0.046 0.054
0 0.139511 0.034 0.202167 0.031 0.0396667
0 0.139801 0.657125 0.4995 0.03325 0.0423333
0 0.142513 0.454375 0.3415 0.02925 0.0396667
0 0.142719 0.05925 0.652333 0.0325 0.0653333
0 0.142778 0.52025 0.0981667 0.035 0.027
0 0.144506 0.101 0.520333 0.0435 0.0493333
0 0.145205 0.83 0.267667 0.0435 0.04
0 0.145693 0.64325 0.357667 0.0465 0.0593333
0 0.145977 0.591 0.5185 0.0305 0.047
0 0.147538 0.528125 0.911 0.03925 0.056
0 0.148454 0.495 0.0251667 0.0595 0.0403333
0 0.151329 0.71 0.374667 0.0495 0.0506667
0 0.154843 0.131375 0.205 0.04325 0.0466667
0 0.16736 0.534625 0.860667 0.08925 0.056
0 0.169513 0.607 0.0371667 0.0505 0.059
0 0.176842 0.92675 0.123667 0.0345 0.052
0 0.17811 0.548 0.470167 0.054 0.0376667
0 0.178424 0.011875 0.472667 0.02125 0.07
0 0.184773 0.017875 0.651 0.03125 0.0626667
0 0.196574 0.46275 0.657167 0.036 0.045
0 0.198947 0.454375 0.474833 0.03575 0.0483333
0 0.199453 0.163875 0.6505 0.04475 0.0436667
0 0.1995 0.306375 0.986167 0.03125 0.0276667
0 0.200546 0.596375 0.19 0.08425 0.0533333
0 0.208702 0.730125 0.372333 0.09475 0.0613333
0 0.215608 0.55525 0.466833 0.031 0.029
0 0.218762 0.50325 0.742667 0.0425 0.0686667
0 0.223192 0.0645 0.485 0.032 0.0346667
0 0.228213 0.428 0.0265 0.0445 0.0476667
0 0.233291 0.280375 0.268 0.03375 0.0346667
0 0.23418 0.702 0.177833 0.044 0.0423333
0 0.241005 0.647375 0.6395 0.05775 0.067
0 0.241213 0.6055 0.974333 0.0265 0.046
0 0.246153 0.338125 0.628167 0.04925 0.0556667
0 0.246558 0.634875 0.347333 0.03025 0.0326667
0 0.267675 0.36925 0.553667 0.054 0.05
0 0.268778 0.420125 0.598667 0.04275 0.068
0 0.277636 0.4235 0.780667 0.029 0.092
0 0.287746 0.4695 0.9415 0.0455 0.0843333
0 0.29353 0.72175 0.959 0.026 0.0373333
0 0.3086 0.763875 0.956167 0.03725 0.0416667
0 0.317909 0.7235 0.111333 0.03 0.0546667
0 0.326536 0.51075 0.868333 0.0635 0.074
0 0.331347 0.30275 0.360667 0.0305 0.048
0 0.3386 0.075 0.114 0.035 0.0433333
0 0.349876 0.46325 0.639833 0.0445 0.0723333
0 0.368405 0.17225 0.490833 0.05 0.055
0 0.368954 0.583125 0.527667 0.03275 0.0486667
0 0.381612 0.0965 0.6005 0.049 0.057
0 0.38436 0.747625 0.547 0.03975 0.046
0 0.393081 0.222375 0.847833 0.04075 0.0863333
0 0.397175 0.228875 0.247167 0.02825 0.0543333
0 0.397257 0.2355 0.807667 0.0545 0.0666667
0 0.421272 0.342875 0.215333 0.06175 0.0453333
0 0.425469 0.269625 0.4135 0.02775 0.0263333
0 0.446567 0.51425 0.715333 0.0575 0.108667
0 0.463291 0.695375 0.579667 0.05525 0.044
0 0.479119 0.19525 0.593167 0.053 0.0483333
0 0.520648 0.610375 0.886667 0.05225 0.0533333
0 0.536833 0.672 0.697667 0.0365 0.042
0 0.553183 0.492625 0.134167 0.03025 0.039
0 0.579099 0.184875 0.288667 0.05825 0.046
0 0.590787 0.0505 0.705833 0.0645 0.047
0 0.594708 0.395625 0.255167 0.03275 0.0703333
0 0.604352 0.915125 0.0248333 0.03125 0.0483333
0 0.619053 0.408625 0.931 0.03875 0.0546667
0 0.625062 0.269125 0.5765 0.04675 0.053
0 0.625734 0.34375 0.3395 0.0375 0.0503333
0 0.633293 0.358125 0.854667 0.03675 0.078
0 0.650796 0.251375 0.0811667 0.03775 0.0703333
