0 0.0307968 0.340375 0.853167 0.03625 0.0536667
0 0.0311021 0.479125 0.077 0.01425 0.028
0 0.0312698 0.858125 0.414167 0.03375 0.0243333
0 0.0321253 0.392375 0.546167 0.01575 0.0303333
0 0.0322046 0.360375 0.9025 0.04325 0.0516667
0 0.0324537 0.9265 0.434333 0.0295 0.0426667
0 0.0327395 0.511 0.199167 0.0135 0.0276667
0 0.0330109 0.925875 0.641667 0.03675 0.0586667
0 0.0331317 0.619 0.358833 0.0445 0.0356667
0 0.0335737 0.40275 0.696333 0.0575 0.0573333
0 0.0336956 0.396125 0.7245 0.06125 0.0416667
0 0.0338032 0.76825 0.965 0.039 0.054
0 0.0338542 0.93825 0.8885 0.038 0.0403333
0 0.034429 0.456 0.289 0.0415 0.0293333
0 0.0345772 0.629 0.971333 0.028 0.022
0 0.0355996 0.409375 0.598167 0.02875 0.0476667
0 0.0362269 0.336375 0.843667 0.02175 0.0293333
0 0.0365026 0.1875 0.473 0.0295 0.0313333
0 0.0365924 0.891 0.442167 0.0245 0.033
0 0.0371738 0.394625 0.532667 0.01975 0.0553333
0 0.0372001 0.380625 0.579 0.02225 0.0386667
0 0.0379901 0.75725 0.237167 0.0175 0.055
0 0.0380624 0.957125 0.870333 0.04325 0.04
0 0.0392857 0.374625 0.907167 0.02275 0.0283333
0 0.0399073 0.945625 0.899 0.04575 0.034
0 0.0423886 0.23825 0.905667 0.035 0.0333333
0 0.0473935 0.433 0.832833 0.0215 0.0276667
0 0.0484397 0.2505 0.822667 0.0495 0.0493333
0 0.0493982 0.370625 0.544333 0.01275 0.0193333
0 0.0506776 0.599375 0.5815 0.01975 0.0336667
0 0.0507235 0.20975 0.975 0.0475 0.05
0 0.0514607 0.7505 0.268 0.025 0.0353333
0 0.0524215 0.39775 0.8745 0.0195 0.0436667
0 0.0528099 0.008875 0.6695 0.01325 0.053
0 0.0541647 0.0105 0.691333 0.016 0.0826667
0 0.0555028 0.8845 0.3255 0.0275 0.053
0 0.0555389 0.599375 0.947167 0.03125 0.035
0 0.056043 0.432375 0.845333 0.02775 0.0446667
0 0.0561864 0.322875 0.899 0.04425 0.0333333
0 0.0565264 0.232875 0.92 0.03225 0.028
0 0.0565989 0.637625 0.287667 0.03825 0.0306667
0 0.0607801 0.356625 0.919333 0.02625 0.026
0 0.0613533 0.73875 0.873167 0.04 0.0456667
0 0.0618999 0.324 0.751167 0.0435 0.0476667
0 0.0645813 0.37525 0.590167 0.0185 0.0316667
0 0.0661317 0.979875 0.471333 0.04025 0.036
0 0.0661499 0.38825 0.818 0.029 0.0466667
0 0.0676889 0.53525 0.098 0.015 0.024
0 0.0683721 0.393625 0.689 0.03225 0.044
0 0.0684402 0.773625 0.835667 0.04325 0.07
0 0.0720111 0.6605 0.961333 0.0215 0.0473333
0 0.0733702 0.843125 0.2445 0.02975 0.0363333
0 0.0745827 0.9185 0.44 0.023 0.0393333
0 0.0762777 0.845625 0.412333 0.05625 0.0386667
0 0.0777237 0.711375 0.351 0.01125 0.028
0 0.084503 0.845625 0.465833 0.02525 0.035
0 0.0885285 0.33925 0.8895 0.0505 0.043
0 0.0900661 0.539125 0.5795 0.03475 0.0436667
0 0.0927102 0.86775 0.514167 0.0245 0.0476667
0 0.100322 0.03275 0.818333 0.0595 0.0506667
0 0.10215 0.37925 0.8765 0.027 0.0476667
0 0.108524 0.765875 0.916167 0.01425 0.049
0 0.112764 0.932875 0.829833 0.02875 0.0356667
0 0.113622 0.386375 0.554833 0.01125 0.029
0 0.114527 0.435125 0.617333 0.01125 0.0286667
0 0.115595 0.408375 0.713 0.07775 0.0566667
0 0.116128 0.363625 0.879333 0.04025 0.0473333
0 0.119288 0.796875 0.375167 0.01225 0.0396667
0 0.119715 0.603625 0.0248333 0.02025 0.0403333
0 0.131593 0.938625 0.655 0.03025 0.0493333
0 0.139061 0.399375 0.521333 0.01575 0.0313333
0 0.141924 0.331625 0.986667 0.05575 0.0266667
0 0.148555 0.8195 0.305833 0.0185 0.0383333
0 0.159422 0.381625 0.494167 0.01725 0.019
0 0.160159 0.50225 0.688 0.0195 0.038
0 0.168977 0.991 0.542 0.017 0.038
0 0.16942 0.434375 0.845 0.02075 0.0266667
0 0.171475 0.4095 0.596667 0.019 0.024
0 0.172934 0.32925 0.897333 0.031 0.0186667
0 0.193669 0.389125 0.682833 0.01775 0.0256667
0 0.207388 0.61925 0.665833 0.026 0.037
0 0.212446 0.364125 0.643333 0.02025 0.0413333
0 0.241094 0.353375 0.875833 0.02625 0.0296667
0 0.241345 0.37725 0.8735 0.0145 0.033
0 0.254272 0.152625 0.853833 0.03625 0.069
0 0.263447 0.399 0.873167 0.0145 0.0243333
0 0.27956 0.471375 0.7985 0.04875 0.0356667
0 0.291521 0.576 0.0611667 0.024 0.033
0 0.299289 0.515125 0.1355 0.01825 0.0316667
0 0.347218 0.235875 0.8165 0.03575 0.0603333
0 0.351965 0.755625 0.249667 0.02675 0.0746667
0 0.411154 0.067375 0.9465 0.04175 0.0623333
0 0.419752 0.045125 0.82 0.04175 0.0366667
0 0.423269 0.709875 0.5965 0.02575 0.0503333
0 0.424083 0.9565 0.884833 0.0625 0.0583333
0 0.428191 0.1695 0.534333 0.0315 0.0373333
0 0.431602 0.422125 0.223167 0.02125 0.043
0 0.462875 0.314625 0.757 0.01775 0.0433333
0 0.490404 0.111 0.5335 0.0295 0.0416667
0 0.506021 0.50925 0.0155 0.019 0.031
0 0.659853 0.26325 0.8795 0.0575 0.0543333
