0 0.0302356 0.521125 0.542667 0.02075 0.02
0 0.0307284 0.49425 0.272333 0.033 0.046
0 0.0309002 0.963875 0.4955 0.03125 0.0303333
0 0.0309876 0.37575 0.479833 0.0155 0.0383333
0 0.0311928 0.098125 0.6145 0.03025 0.0543333
0 0.0314666 0.465625 0.725667 0.02475 0.042
0 0.0315733 0.612375 0.696833 0.03475 0.027
0 0.032112 0.34725 0.435167 0.0275 0.0296667
0 0.0322142 0.57175 0.981 0.047 0.038
0 0.0323053 0.429625 0.857333 0.01875 0.0333333
0 0.0327473 0.990875 0.858833 0.01825 0.0576667
0 0.0334662 0.842625 0.316 0.04075 0.0253333
0 0.0336759 0.747 0.780667 0.0305 0.0326667
0 0.0338576 0.363375 0.551 0.02325 0.0326667
0 0.0341281 0.845375 0.265833 0.04175 0.047
0 0.0344475 0.191875 0.493833 0.01725 0.045
0 0.0345571 0.1685 0.472 0.024 0.0413333
0 0.0345872 0.987625 0.944833 0.02475 0.0443333
0 0.0352057 0.413 0.740833 0.022 0.033
0 0.0352236 0.344125 0.667333 0.02475 0.0453333
0 0.0352394 0.56425 0.685667 0.023 0.0353333
0 0.0357292 0.6925 0.564667 0.032 0.0293333
0 0.0361708 0.514875 0.658833 0.01975 0.043
0 0.036256 0.8605 0.0223333 0.07 0.04
0 0.0364141 0.9495 0.0466667 0.0495 0.0386667
0 0.0365117 0.95425 0.441333 0.05 0.0393333
0 0.036857 0.838625 0.0136667 0.05025 0.0226667
0 0.0370418 0.28425 0.477 0.0185 0.0526667
0 0.0370522 0.60625 0.8525 0.0395 0.047
0 0.0378313 0.138125 0.539833 0.03925 0.051
0 0.0379848 0.921375 0.0145 0.04975 0.0196667
0 0.0380428 0.566 0.302333 0.054 0.0393333
0 0.0382156 0.64875 0.672333 0.024 0.0253333
0 0.0389321 0.83875 0.963833 0.031 0.0416667
0 0.039173 0.84175 0.250833 0.0345 0.0323333
0 0.0391856 0.42725 0.814 0.034 0.04
0 0.0395858 0.452375 0.7225 0.03575 0.061
0 0.0395861 0.629625 0.810667 0.04025 0.0553333
0 0.0395924 0.700125 0.0146667 0.02225 0.0246667
0 0.0401406 0.97075 0.869 0.0365 0.0433333
0 0.040637 0.40325 0.741667 0.029 0.0433333
0 0.0408297 0.629625 0.8405 0.03675 0.0436667
0 0.0411821 0.647375 0.496 0.02725 0.0386667
0 0.0411859 0.759 0.0616667 0.0135 0.0313333
0 0.0413663 0.883875 0.868 0.04525 0.0413333
0 0.0415952 0.169875 0.981667 0.06925 0.0366667
0 0.0422316 0.7175 0.313167 0.031 0.0383333
0 0.0433631 0.71 0.306667 0.0135 0.0273333
0 0.0436189 0.488 0.345667 0.021 0.0386667
0 0.0438223 0.181375 0.5075 0.01875 0.0616667
0 0.0442274 0.918625 0.322833 0.03125 0.0543333
0 0.0442763 0.223125 0.854333 0.04325 0.0613333
0 0.0470724 0.543375 0.970333 0.04775 0.044
0 0.0478969 0.377125 0.495 0.02375 0.0646667
0 0.0482638 0.673625 0.524 0.05625 0.062
0 0.0483379 0.914375 0.0256667 0.08575 0.0426667
0 0.0485248 0.751625 0.334 0.02675 0.034
0 0.0491162 0.74475 0.289333 0.0285 0.028
0 0.0496117 0.546625 0.981167 0.02775 0.0256667
0 0.0497195 0.101875 0.4385 0.04075 0.0403333
0 0.0506261 0.97925 0.858667 0.0415 0.058
0 0.0506901 0.167375 0.499167 0.02775 0.0543333
0 0.0508319 0.86575 0.983833 0.056 0.0323333
0 0.0520813 0.636 0.470333 0.0295 0.0546667
0 0.0528624 0.7405 0.780833 0.046 0.051
0 0.0528962 0.688 0.824833 0.067 0.0356667
0 0.0529735 0.5535 0.284833 0.0205 0.0403333
0 0.0530514 0.43525 0.27 0.0365 0.0573333
0 0.0541989 0.988375 0.389833 0.02025 0.0523333
0 0.0550571 0.509875 0.4655 0.01375 0.029
0 0.0560625 0.8105 0.708833 0.026 0.0563333
0 0.0562681 0.712375 0.201833 0.02325 0.0263333
0 0.0568139 0.76325 0.0161667 0.0345 0.0283333
0 0.0570359 0.90825 0.0158333 0.048 0.027
0 0.0570393 0.7095 0.686167 0.0155 0.045
0 0.0570947 0.4525 0.5225 0.0165 0.0363333
0 0.0577163 0.61325 0.398167 0.02 0.035
0 0.0582449 0.782 0.881833 0.035 0.0363333
0 0.0583654 0.621125 0.8495 0.01775 0.0403333
0 0.0621982 0.8945 0.239167 0.0335 0.0283333
0 0.0627773 0.096625 0.427333 0.06475 0.0466667
0 0.0638899 0.73975 0.818833 0.0625 0.0556667
0 0.0650426 0.147875 0.527 0.04475 0.0626667
0 0.0657032 0.184 0.53 0.0145 0.0453333
0 0.0661079 0.984 0.372667 0.032 0.0666667
0 0.0663479 0.443875 0.295167 0.01825 0.0456667
0 0.067738 0.975625 0.911667 0.04825 0.0553333
0 0.0692339 0.72425 0.377 0.051 0.0506667
0 0.069517 0.898625 0.859833 0.06675 0.0583333
0 0.070148 0.331125 0.642 0.04425 0.074
0 0.0710741 0.830875 0.425 0.01975 0.0286667
0 0.072004 0.54175 0.512 0.02 0.0246667
0 0.0720061 0.55875 0.930333 0.061 0.062
0 0.0726219 0.65625 0.423833 0.0565 0.0303333
0 0.0759824 0.32475 0.477833 0.0425 0.0556667
0 0.0775059 0.83225 0.248333 0.0205 0.0246667
0 0.0783819 0.7045 0.206167 0.036 0.0303333
0 0.0802909 0.560625 0.986167 0.03825 0.0223333
0 0.0803119 0.943375 0.455333 0.03875 0.0586667
0 0.0808271 0.894875 0.376 0.01875 0.04
0 0.0812702 0.876125 0.0281667 0.04125 0.0376667
0 0.0817285 0.743125 0.792833 0.02825 0.0276667
0 0.0832782 0.45075 0.219667 0.0325 0.05
0 0.0847682 0.8695 0.5115 0.0555 0.0376667
0 0.0858823 0.629 0.955667 0.0345 0.05
0 0.0863946 0.62375 0.346833 0.0405 0.0363333
0 0.0882137 0.43575 0.4365 0.0145 0.0276667
0 0.0886909 0.4355 0.986 0.0245 0.028
0 0.0887472 0.837125 0.327 0.03825 0.0306667
0 0.0889878 0.619375 0.702 0.05325 0.0433333
0 0.0902572 0.985125 0.558167 0.02275 0.0703333
0 0.0905781 0.8575 0.789333 0.055 0.038
0 0.0918378 0.36875 0.539833 0.036 0.0536667
0 0.0924842 0.36575 0.4255 0.0245 0.0263333
0 0.0928882 0.81775 0.0981667 0.0395 0.0443333
0 0.0940145 0.7015 0.778333 0.0525 0.0493333
0 0.0943478 0.554625 0.2945 0.03125 0.0443333
0 0.0959312 0.8745 0.431167 0.031 0.033
0 0.0965727 0.6585 0.447 0.024 0.0306667
0 0.0975001 0.93 0.0176667 0.059 0.0353333
0 0.100274 0.527125 0.745167 0.02425 0.0436667
0 0.105314 0.970625 0.504 0.02925 0.036
0 0.109368 0.127375 0.547 0.03525 0.038
0 0.11106 0.384375 0.598 0.02075 0.0513333
0 0.1165 0.30925 0.4525 0.033 0.049
0 0.118312 0.99 0.564333 0.02 0.0473333
0 0.12013 0.979625 0.295833 0.03525 0.033
0 0.125283 0.6795 0.544333 0.035 0.052
0 0.127986 0.725125 0.697 0.02925 0.0326667
0 0.129005 0.316625 0.462167 0.02875 0.053
0 0.134995 0.081375 0.419 0.10975 0.0806667
0 0.136264 0.985625 0.909 0.02875 0.0406667
0 0.136873 0.977375 0.520833 0.02375 0.035
0 0.138465 0.9695 0.0456667 0.061 0.0573333
0 0.143751 0.298375 0.861 0.02025 0.0473333
0 0.149061 0.858375 0.2985 0.02625 0.0276667
0 0.152124 0.19725 0.985333 0.0545 0.0266667
0 0.152302 0.058875 0.404833 0.06925 0.0596667
0 0.152439 0.75925 0.179 0.034 0.0293333
0 0.15289 0.726875 0.922667 0.04425 0.05
0 0.156575 0.269125 0.564333 0.03525 0.05
0 0.157099 0.657375 0.540833 0.02325 0.0276667
0 0.161348 0.4095 0.3205 0.031 0.039
0 0.163949 0.85775 0.726833 0.0365 0.0336667
0 0.16673 0.83025 0.018 0.0645 0.036
0 0.175719 0.440875 0.715833 0.02825 0.0663333
0 0.175922 0.010125 0.19 0.02025 0.125333
0 0.181271 0.754625 0.7635 0.03025 0.0403333
0 0.183331 0.2625 0.479667 0.031 0.0453333
0 0.19829 0.6815 0.559833 0.034 0.029
0 0.20147 0.6125 0.4475 0.016 0.0216667
0 0.203795 0.5085 0.425833 0.0175 0.033
0 0.205023 0.49025 0.969167 0.02 0.0336667
0 0.208431 0.261375 0.637667 0.03025 0.038
0 0.211125 0.617625 0.743833 0.02825 0.021
0 0.215145 0.2275 0.838667 0.0305 0.0486667
0 0.21858 0.68475 0.521667 0.0385 0.042
0 0.220414 0.301625 0.4395 0.02575 0.0356667
0 0.221986 0.660125 0.827833 0.04025 0.043
0 0.227014 0.160125 0.514333 0.02225 0.048
0 0.227187 0.712 0.834833 0.0485 0.041
0 0.228861 0.544625 0.467 0.02475 0.036
0 0.232623 0.92175 0.9235 0.027 0.041
0 0.240564 0.573 0.918167 0.044 0.0643333
0 0.241178 0.277875 0.481333 0.01825 0.0453333
0 0.243054 0.717625 0.695833 0.03125 0.055
0 0.243064 0.40275 0.445167 0.022 0.0276667
0 0.254572 0.853 0.255833 0.0245 0.0303333
0 0.255654 0.34025 0.679667 0.022 0.028
0 0.257821 0.639625 0.4915 0.03425 0.057
0 0.272242 0.73425 0.327167 0.0525 0.0443333
0 0.278634 0.452625 0.205667 0.02725 0.032
0 0.287916 0.444625 0.834167 0.02425 0.035
0 0.293403 0.3885 0.728333 0.038 0.0766667
0 0.297802 0.375375 0.518833 0.04025 0.087
0 0.306461 0.32975 0.795167 0.0305 0.0523333
0 0.312565 0.85525 0.973 0.057 0.0513333
0 0.321878 0.915125 0.312 0.02125 0.038
0 0.343364 0.255875 0.478333 0.01625 0.0386667
0 0.354419 0.535125 0.942333 0.04225 0.0353333
0 0.362867 0.635125 0.473167 0.02025 0.035
0 0.393125 0.219375 0.4975 0.02575 0.047
0 0.393316 0.7545 0.0203333 0.043 0.0406667
0 0.394838 0.977875 0.821167 0.04425 0.0523333
0 0.39812 0.541625 0.598667 0.02775 0.0473333
0 0.399691 0.38275 0.617 0.028 0.07
0 0.403734 0.803 0.704167 0.02 0.0436667
0 0.413728 0.485375 0.260167 0.03725 0.0423333
0 0.443545 0.713375 0.380833 0.02875 0.037
0 0.44612 0.322 0.621667 0.051 0.0426667
0 0.447397 0.433875 0.826167 0.04375 0.0543333
0 0.455186 0.979125 0.349667 0.03875 0.0433333
0 0.480525 0.392375 0.916333 0.03375 0.034
0 0.482847 0.13875 0.920833 0.031 0.0496667
0 0.482853 0.579125 0.417333 0.02775 0.038
0 0.502725 0.632375 0.793833 0.04125 0.0416667
0 0.515189 0.381125 0.365167 0.02575 0.037
0 0.518588 0.53125 0.662 0.045 0.044
0 0.577593 0.87775 0.283833 0.03 0.033
0 0.608018 0.44425 0.256833 0.033 0.053
0 0.610255 0.497875 0.727667 0.02425 0.062
0 0.62758 0.507375 0.892667 0.03475 0.0453333
0 0.634718 0.425875 0.344167 0.04375 0.0636667
