0 0.030601 0.861875 0.698 0.17525 0.134
0 0.0336807 0.844875 0.623833 0.10575 0.121
0 0.0354626 0.848375 0.230167 0.00875 0.0236667
0 0.0358959 0.838125 0.677667 0.02675 0.0266667
0 0.0377551 0.736125 0.235667 0.02025 0.028
0 0.038105 0.76125 0.479333 0.0285 0.0326667
0 0.0388918 0.740625 0.370333 0.02075 0.0253333
0 0.0390887 0.753875 0.491 0.03975 0.0406667
0 0.0393257 0.70425 0.0975 0.0125 0.0316667
0 0.0395417 0.991625 0.623667 0.01675 0.0686667
0 0.0483176 0.925625 0.694833 0.13175 0.163
0 0.0531426 0.789375 0.349 0.06575 0.0706667
0 0.0613019 0.920875 0.548167 0.06975 0.041
0 0.0705846 0.971625 0.8985 0.05675 0.102333
0 0.0874309 0.79675 0.371667 0.0425 0.056
0 0.0900432 0.98725 0.608167 0.025 0.0776667
0 0.0901073 0.936 0.974667 0.0555 0.0453333
0 0.0931797 0.80225 0.374667 0.0295 0.0346667
0 0.101144 0.700125 0.0703333 0.03175 0.0746667
0 0.118161 0.693125 0.266667 0.02175 0.0386667
0 0.124146 0.979375 0.967333 0.04125 0.0653333
0 0.124258 0.707 0.249667 0.036 0.0473333
0 0.126729 0.7945 0.3295 0.057 0.045
0 0.128647 0.652875 0.195 0.02125 0.0326667
0 0.1345 0.820625 0.689833 0.06025 0.093
0 0.138769 0.713625 0.249333 0.02375 0.0293333
0 0.148474 0.822 0.649667 0.067 0.11
0 0.18966 0.952875 0.963167 0.08325 0.0736667
0 0.193532 0.824125 0.708 0.04425 0.0573333
0 0.251043 0.977625 0.8665 0.04425 0.0536667
0 0.356073 0.867625 0.573833 0.04875 0.037
0 0.377166 0.6965 0.246 0.0295 0.0826667
0 0.413179 0.802 0.536167 0.035 0.091
0 0.432727 0.83275 0.592833 0.0545 0.0616667
0 0.484559 0.7705 0.279833 0.031 0.0496667
0 0.489002 0.809 0.6625 0.0615 0.061
0 0.529479 0.774625 0.423333 0.03375 0.0553333
0 0.636684 0.721375 0.300667 0.04275 0.0346667
