0 0.0302195 0.261875 0.451333 0.01125 0.0266667
0 0.0303612 0.375875 0.654167 0.02925 0.0823333
0 0.0303925 0.245875 0.4695 0.01275 0.021
0 0.0306515 0.343625 0.751167 0.03075 0.0683333
0 0.0306923 0.4345 0.543167 0.0195 0.0176667
0 0.0309104 0.007625 0.8635 0.01225 0.0463333
0 0.030967 0.091375 0.393833 0.01875 0.033
0 0.0313912 0.632375 0.7245 0.01225 0.0736667
0 0.0314334 0.098 0.509667 0.028 0.0346667
0 0.0314443 0.28675 0.791333 0.0185 0.0313333
0 0.0317177 0.261625 0.442167 0.01325 0.0256667
0 0.0319123 0.116875 0.203167 0.03975 0.0383333
0 0.0321614 0.059625 0.8745 0.02075 0.0356667
0 0.0324773 0.37375 0.678833 0.0215 0.0403333
0 0.0328865 0.548625 0.205833 0.01725 0.0216667
0 0.0330427 0.42625 0.319833 0.015 0.0323333
0 0.0331134 0.43725 0.705333 0.054 0.0746667
0 0.0336789 0.473375 0.5755 0.01725 0.0256667
0 0.0337295 0.024375 0.311667 0.03325 0.046
0 0.033779 0.398875 0.719333 0.01375 0.0493333
0 0.0342386 0.5745 0.3545 0.015 0.0463333
0 0.0342788 0.85975 0.6785 0.031 0.0523333
0 0.0348333 0.207 0.501 0.0125 0.0146667
0 0.0351948 0.805 0.533667 0.0225 0.0193333
0 0.0364224 0.298 0.7855 0.0395 0.0456667
0 0.036573 0.626375 0.335333 0.03675 0.034
0 0.0370429 0.987625 0.769167 0.02475 0.0883333
0 0.0373403 0.383375 0.603167 0.02875 0.0316667
0 0.0375939 0.15275 0.409833 0.026 0.0263333
0 0.0382902 0.493625 0.388833 0.02125 0.0283333
0 0.0384955 0.39375 0.549 0.027 0.0213333
0 0.0385557 0.141 0.429667 0.024 0.0306667
0 0.0394982 0.14075 0.5065 0.0135 0.0376667
0 0.0398654 0.17825 0.200667 0.016 0.0213333
0 0.0405477 0.081375 0.7355 0.02125 0.045
0 0.0409358 0.265875 0.418333 0.01825 0.0466667
0 0.0410839 0.3935 0.608667 0.0165 0.026
0 0.0415732 0.144625 0.425333 0.03625 0.0493333
0 0.0425894 0.12525 0.7855 0.0155 0.0463333
0 0.0431322 0.421125 0.305167 0.01875 0.037
0 0.0433603 0.0175 0.320833 0.031 0.037
0 0.0440187 0.031 0.7665 0.0385 0.043
0 0.0441151 0.51575 0.2205 0.0205 0.0343333
0 0.0442883 0.136375 0.532333 0.01425 0.032
0 0.0444324 0.437125 0.687667 0.03625 0.036
0 0.0451905 0.984375 0.869667 0.02575 0.0326667
0 0.0456083 0.150875 0.4735 0.02225 0.0563333
0 0.0457704 0.27375 0.342833 0.015 0.0316667
0 0.0464512 0.990375 0.9085 0.01825 0.071
0 0.046934 0.279875 0.456 0.01675 0.0246667
0 0.0472839 0.68875 0.579333 0.015 0.026
0 0.0475248 0.990875 0.794167 0.01825 0.100333
0 0.0475469 0.487125 0.382667 0.02425 0.0306667
0 0.0475637 0.3475 0.770833 0.022 0.0276667
0 0.0477981 0.364125 0.279167 0.01725 0.0716667
0 0.0481098 0.5675 0.632333 0.0275 0.026
0 0.0482971 0.405625 0.5025 0.01075 0.0343333
0 0.0488251 0.149875 0.893 0.07625 0.0906667
0 0.0491721 0.16125 0.4475 0.0155 0.0356667
0 0.0498164 0.125 0.461667 0.0155 0.0293333
0 0.0505438 0.697125 0.2775 0.03625 0.0736667
0 0.0507018 0.35325 0.596 0.013 0.0266667
0 0.0507535 0.372 0.264333 0.013 0.0366667
0 0.0508799 0.221875 0.372333 0.01425 0.0366667
0 0.0514751 0.302125 0.5085 0.01275 0.0236667
0 0.0515798 0.143875 0.506333 0.02475 0.056
0 0.0517284 0.14675 0.4895 0.0225 0.0356667
0 0.0522298 0.9675 0.736833 0.041 0.0576667
0 0.0529263 0.50225 0.598167 0.0135 0.031
0 0.053139 0.17175 0.446667 0.0345 0.05
0 0.0534214 0.5735 0.809 0.0345 0.0386667
0 0.0542437 0.3605 0.257833 0.012 0.033
0 0.0544811 0.01475 0.367167 0.0275 0.0603333
0 0.055379 0.316875 0.564833 0.01525 0.045
0 0.0556741 0.125875 0.410167 0.02225 0.037
0 0.0557479 0.40925 0.565 0.03 0.03
0 0.0562942 0.582625 0.291667 0.01625 0.0306667
0 0.0574809 0.378 0.652333 0.0195 0.036
0 0.0578992 0.519375 0.541 0.01075 0.0426667
0 0.0585158 0.16925 0.153 0.0325 0.0593333
0 0.0640195 0.15525 0.890667 0.048 0.0533333
0 0.0640605 0.1305 0.239833 0.0425 0.0523333
0 0.065231 0.9655 0.937667 0.063 0.0513333
0 0.0655516 0.108 0.2155 0.02 0.0303333
0 0.067734 0.681 0.394167 0.0165 0.021
0 0.0679176 0.860375 0.6815 0.02075 0.035
0 0.0705487 0.206125 0.209833 0.01975 0.0423333
0 0.0718403 0.57725 0.3495 0.0105 0.0303333
0 0.0724383 0.374375 0.683333 0.01225 0.024
0 0.0727431 0.31575 0.313167 0.0195 0.025
0 0.0752691 0.730625 0.432167 0.01975 0.0263333
0 0.0771608 0.308625 0.5585 0.01925 0.0583333
0 0.0774599 0.222875 0.3935 0.01425 0.027
0 0.0781041 0.631625 0.7115 0.01975 0.105667
0 0.0790836 0.062125 0.3305 0.02225 0.027
0 0.0802596 0.6635 0.296 0.0225 0.0373333
0 0.0806219 0.703 0.167833 0.0215 0.041
0 0.0808417 0.2365 0.591167 0.0165 0.0563333
0 0.0814794 0.26175 0.655333 0.038 0.036
0 0.0824746 0.28825 0.314667 0.0535 0.0406667
0 0.0841634 0.36125 0.7125 0.035 0.053
0 0.0859457 0.267875 0.6605 0.02875 0.023
0 0.0861754 0.400625 0.557667 0.03325 0.0273333
0 0.089542 0.94375 0.7955 0.031 0.0256667
0 0.0911727 0.310125 0.585667 0.02325 0.0306667
0 0.0916696 0.178 0.448 0.0205 0.0366667
0 0.0917536 0.230625 0.428167 0.01475 0.0276667
0 0.0941178 0.31775 0.577667 0.023 0.0433333
0 0.0968902 0.69775 0.277 0.021 0.0493333
0 0.0986699 0.3265 0.593833 0.0145 0.029
0 0.0987316 0.0105 0.785833 0.0185 0.0576667
0 0.0995659 0.5855 0.284333 0.0275 0.0413333
0 0.103448 0.109375 0.213167 0.02875 0.0483333
0 0.106563 0.559125 0.627333 0.03425 0.028
0 0.108675 0.01 0.504 0.018 0.0413333
0 0.109865 0.15425 0.4675 0.0185 0.033
0 0.109936 0.231 0.573167 0.021 0.0523333
0 0.111576 0.269875 0.604 0.02175 0.024
0 0.112209 0.321375 0.589833 0.02675 0.029
0 0.112786 0.143875 0.497333 0.01575 0.032
0 0.113054 0.822875 0.469167 0.01575 0.0323333
0 0.114778 0.478875 0.139333 0.01525 0.0306667
0 0.115489 0.123625 0.190833 0.03375 0.025
0 0.118038 0.768625 0.4025 0.05625 0.0376667
0 0.120717 0.4075 0.292833 0.027 0.0543333
0 0.120957 0.327375 0.483833 0.01325 0.0263333
0 0.12151 0.469875 0.246 0.01725 0.0246667
0 0.124609 0.117125 0.4115 0.05125 0.0436667
0 0.12524 0.984625 0.888667 0.02975 0.062
0 0.127314 0.307625 0.547667 0.01175 0.04
0 0.132591 0.60725 0.6635 0.011 0.0283333
0 0.134747 0.02 0.372833 0.0285 0.0343333
0 0.137087 0.2775 0.077 0.0165 0.0353333
0 0.141056 0.9195 0.979667 0.0285 0.0266667
0 0.161516 0.372625 0.694333 0.01425 0.044
0 0.165519 0.351875 0.7735 0.03375 0.045
0 0.1742 0.017125 0.778333 0.03425 0.0573333
0 0.175251 0.3725 0.709667 0.0185 0.0626667
0 0.19039 0.303125 0.4625 0.01625 0.0283333
0 0.207341 0.3415 0.713167 0.0245 0.0243333
0 0.209007 0.2835 0.709333 0.028 0.034
0 0.215893 0.216375 0.546833 0.02825 0.057
0 0.223395 0.6345 0.665833 0.021 0.047
0 0.225182 0.592375 0.273667 0.02775 0.046
0 0.235301 0.53025 0.267833 0.0315 0.031
0 0.242405 0.40625 0.287833 0.0195 0.0316667
0 0.260597 0.191 0.281167 0.0435 0.059
0 0.261363 0.478875 0.367333 0.02875 0.0373333
0 0.284221 0.9595 0.724833 0.027 0.0443333
0 0.289783 0.1605 0.525667 0.0155 0.0313333
0 0.290917 0.262875 0.418 0.01575 0.0286667
0 0.2953 0.746125 0.0936667 0.02775 0.0426667
0 0.307212 0.9885 0.8255 0.023 0.043
0 0.329499 0.237125 0.582 0.01175 0.0333333
0 0.332136 0.452125 0.132667 0.01975 0.036
0 0.332776 0.99 0.747833 0.0195 0.0476667
0 0.334715 0.81925 0.623167 0.023 0.0276667
0 0.340438 0.36625 0.314 0.013 0.0253333
0 0.34404 0.137625 0.2515 0.03075 0.0363333
0 0.380804 0.927625 0.201 0.05925 0.052
0 0.386376 0.412 0.738667 0.027 0.0673333
0 0.388002 0.135125 0.42 0.02925 0.034
0 0.392217 0.0615 0.813667 0.0405 0.0573333
0 0.409156 0.456875 0.2945 0.01925 0.045
0 0.413636 0.09675 0.400167 0.0185 0.0356667
0 0.437819 0.464375 0.728833 0.02425 0.0483333
0 0.469681 0.511375 0.677333 0.02875 0.0393333
0 0.559728 0.039 0.305833 0.037 0.0583333
0 0.567526 0.315375 0.669833 0.01825 0.0503333
