0 0.5775 0.8825 0.045 0.0725
0 0.563125 0.96375 0.03125 0.0325
0 0.46 0.92625 0.035 0.0375
0 0.40875 0.97875 0.04 0.0425
0 0.4625 0.7475 0.03 0.06
0 0.413125 0.631875 0.02625 0.03375
0 0.28875 0.44125 0.035 0.0325
0 0.470625 0.269375 0.03625 0.03625
0 0.563125 0.3375 0.03125 0.0525
0 0.606875 0.328125 0.04125 0.03375
0 0.61375 0.540625 0.0275 0.03125
0 0.631875 0.201875 0.06375 0.06125
0 0.84625 0.060625 0.0325 0.05875
0 0.930625 0.4525 0.02875 0.04
0 0.920625 0.21625 0.02125 0.0275
0 0.976875 0.803125 0.04625 0.09125
0 0.40625 0.375 0.04 0.03
0 0.64 0.36875 0.01 0.02
0 0.540625 0.694375 0.03125 0.03875
0 0.78625 0.728125 0.015 0.02625
0 0.803125 0.6825 0.03375 0.0375
0 0.85125 0.648125 0.0175 0.02625
0 0.765 0.64625 0.0125 0.0375
0 0.805625 0.505625 0.02375 0.02625
0 0.726875 0.383125 0.00875 0.01125
