0 0.14125 0.256875 0.0475 0.05625
0 0.319375 0.155625 0.02875 0.04125
0 0.30875 0.286875 0.0325 0.03875
0 0.353125 0.26875 0.05625 0.0875
0 0.400625 0.269375 0.04125 0.04125
0 0.414375 0.35125 0.03625 0.0575
0 0.435 0.323125 0.065 0.09125
0 0.23125 0.311875 0.025 0.03875
0 0.2225 0.2725 0.0075 0.03
0 0.21 0.38875 0.025 0.0575
0 0.238125 0.393125 0.03875 0.09375
0 0.25125 0.336875 0.01 0.02875
0 0.26875 0.41625 0.02 0.0375
0 0.3125 0.43125 0.0275 0.025
0 0.260625 0.6125 0.02625 0.0275
0 0.283125 0.64625 0.02375 0.035
0 0.298125 0.6175 0.00875 0.02
0 0.31 0.615 0.0125 0.0225
0 0.306875 0.63875 0.02125 0.0225
0 0.309375 0.55 0.01375 0.025
0 0.335 0.4925 0.035 0.045
0 0.359375 0.550625 0.02125 0.03375
0 0.37375 0.5225 0.0275 0.035
0 0.399375 0.555 0.05875 0.055
0 0.40875 0.5175 0.015 0.025
0 0.436875 0.51125 0.01375 0.03
0 0.45375 0.48875 0.025 0.045
0 0.465 0.459375 0.005 0.02875
0 0.474375 0.435 0.04125 0.0375
0 0.31375 0.730625 0.01 0.02125
0 0.35125 0.790625 0.0675 0.08125
0 0.3925 0.751875 0.035 0.05375
0 0.3975 0.70125 0.035 0.0575
0 0.438125 0.7 0.02625 0.045
0 0.42875 0.76125 0.0125 0.0175
0 0.48 0.67875 0.005 0.0225
0 0.505625 0.681875 0.00875 0.01875
0 0.528125 0.6725 0.01625 0.0225
0 0.540625 0.675 0.00625 0.025
0 0.554375 0.676875 0.01375 0.02125
0 0.5725 0.624375 0.045 0.04375
0 0.37625 0.97625 0.0875 0.0475
0 0.404375 0.939375 0.06625 0.03375
0 0.389375 0.906875 0.01625 0.03375
0 0.446875 0.906875 0.03875 0.05625
0 0.43125 0.85875 0.025 0.0375
0 0.480625 0.886875 0.06375 0.06625
0 0.2175 0.789375 0.0425 0.04875
0 0.166875 0.92125 0.03875 0.0625
0 0.0575 0.64375 0.05 0.0625
0 0.11625 0.606875 0.0475 0.13375
0 0.156875 0.568125 0.02625 0.12375
0 0.174375 0.593125 0.08625 0.07375
0 0.15 0.495625 0.07 0.06375
0 0.15375 0.44625 0.055 0.045
0 0.190625 0.4525 0.01625 0.035
0 0.139375 0.394375 0.08125 0.09125
0 0.631875 0.875 0.02125 0.0275
0 0.654375 0.8825 0.02125 0.025
0 0.73 0.701875 0.0225 0.03375
0 0.758125 0.693125 0.02875 0.04125
0 0.705 0.609375 0.0225 0.02875
0 0.748125 0.58 0.02375 0.045
0 0.590625 0.57375 0.01625 0.0475
0 0.60375 0.519375 0.015 0.06375
0 0.62375 0.548125 0.04 0.06375
0 0.714375 0.4175 0.05125 0.05
0 0.580625 0.46125 0.06625 0.0725
0 0.024375 0.76125 0.04375 0.0725
0 0.4675 0.02 0.0375 0.02
