0 0.473125 0.268125 0.01375 0.04125
0 0.478125 0.35125 0.01625 0.045
0 0.541875 0.315625 0.01375 0.01875
0 0.51625 0.378125 0.0225 0.06375
0 0.540625 0.349375 0.00875 0.01625
0 0.375 0.369375 0.04 0.04625
0 0.318125 0.370625 0.01125 0.03125
0 0.300625 0.4075 0.01375 0.025
0 0.31125 0.395 0.0175 0.03
0 0.294375 0.436875 0.01375 0.02625
0 0.26375 0.525625 0.03 0.03625
0 0.299375 0.48875 0.01375 0.02
0 0.333125 0.515625 0.00875 0.02375
0 0.348125 0.5075 0.01125 0.02
0 0.368125 0.500625 0.01875 0.04875
0 0.39 0.478125 0.005 0.01625
0 0.395 0.50875 0.0025 0.0125
0 0.34875 0.55375 0.035 0.0425
0 0.3875 0.54875 0.02 0.0525
0 0.436875 0.39625 0.01375 0.035
0 0.444375 0.424375 0.02375 0.02875
0 0.46375 0.44125 0.02 0.045
0 0.43375 0.4875 0.0175 0.03
0 0.5725 0.345625 0.0075 0.02625
0 0.523125 0.605625 0.00625 0.01875
0 0.54625 0.759375 0.0425 0.07625
0 0.544375 0.855625 0.04125 0.04625
0 0.445 0.750625 0.0225 0.05625
0 0.48 0.685 0.0175 0.0375
0 0.4425 0.655625 0.0125 0.03875
0 0.415 0.69125 0.01 0.02
0 0.38125 0.680625 0.0325 0.03125
0 0.33875 0.738125 0.025 0.02625
0 0.369375 0.79375 0.03125 0.065
0 0.255625 0.819375 0.04125 0.07125
0 0.300625 0.83375 0.05125 0.0475
0 0.333125 0.83 0.00625 0.025
0 0.5025 0.973125 0.0175 0.02875
0 0.439375 0.963125 0.01125 0.05625
0 0.450625 0.908125 0.00875 0.02875
0 0.534375 0.441875 0.02625 0.05125
0 0.53375 0.48875 0.0125 0.0225
0 0.495 0.488125 0.005 0.01375
0 0.485 0.533125 0.0075 0.01875
0 0.500625 0.525 0.00625 0.02
0 0.54875 0.539375 0.0275 0.06125
0 0.5825 0.530625 0.015 0.03375
0 0.936875 0.5 0.04375 0.0675
0 0.74875 0.55375 0.05 0.0325
0 0.66375 0.5275 0.005 0.01
0 0.626875 0.633125 0.02375 0.03625
0 0.656875 0.626875 0.03875 0.03125
0 0.643125 0.6775 0.03125 0.05
0 0.673125 0.66 0.02625 0.025
0 0.701875 0.625 0.01625 0.035
0 0.71 0.656875 0.03 0.04375
0 0.7225 0.704375 0.025 0.02625
0 0.62375 0.7575 0.025 0.0175
0 0.633125 0.7775 0.02125 0.025
0 0.600625 0.713125 0.02125 0.01875
0 0.64625 0.85 0.0225 0.05
0 0.65625 0.88125 0.0225 0.0175
0 0.66 0.910625 0.01 0.01875
0 0.68125 0.930625 0.015 0.01875
0 0.69 0.86875 0.0175 0.0225
0 0.6725 0.8425 0.0275 0.0425
0 0.768125 0.801875 0.01625 0.02375
0 0.80375 0.8025 0.025 0.0275
0 0.773125 0.840625 0.01625 0.01875
0 0.800625 0.849375 0.02125 0.04875
0 0.83875 0.85875 0.06 0.0275
0 0.884375 0.85 0.05625 0.035
0 0.83875 0.815 0.025 0.02
0 0.829375 0.90875 0.04875 0.0325
0 0.835625 0.938125 0.02875 0.01625
0 0.8175 0.879375 0.035 0.01875
0 0.953125 0.89875 0.07375 0.04
0 0.966875 0.871875 0.04125 0.01375
0 0.969375 0.92375 0.03375 0.0175
0 0.31625 0.770625 0.01 0.01875
0 0.46375 0.5875 0.005 0.02
0 0.435625 0.58375 0.03625 0.0575
