0 0.281625 0.596667 0.010250 0.015333
0 0.304875 0.597167 0.033250 0.067667
0 0.322625 0.615500 0.027750 0.045667
0 0.373625 0.370333 0.029250 0.066667
0 0.353000 0.199333 0.024500 0.046000
0 0.354500 0.239333 0.013000 0.022000
0 0.379750 0.223833 0.037500 0.047667
0 0.297875 0.135667 0.023750 0.066000
0 0.313750 0.039667 0.019000 0.030000
0 0.421625 0.067333 0.017750 0.036667
0 0.637500 0.134667 0.021500 0.035333
0 0.426625 0.115333 0.025250 0.040000
0 0.514500 0.057333 0.009000 0.022667
0 0.694000 0.292833 0.031500 0.047667
0 0.816875 0.182167 0.012750 0.026333
0 0.814375 0.491167 0.024750 0.037000
0 0.846000 0.486333 0.036500 0.040000
0 0.856250 0.460167 0.041000 0.027000
0 0.673500 0.528667 0.031000 0.035333
0 0.671375 0.566167 0.025250 0.053000
0 0.659875 0.631000 0.027250 0.038000
0 0.715125 0.607333 0.032250 0.042667
0 0.714250 0.580000 0.014500 0.022667
0 0.730000 0.564333 0.031000 0.034000
0 0.746125 0.593667 0.027750 0.032000
0 0.810875 0.717167 0.022250 0.053667
0 0.540750 0.660167 0.015000 0.015000
0 0.153000 0.596333 0.033000 0.026667
0 0.761375 0.041000 0.024250 0.024667
0 0.765125 0.066000 0.026250 0.026667
0 0.785125 0.045833 0.018750 0.045667
0 0.823750 0.131167 0.008000 0.016333
